2 0.9015306122448979 0.44372294372294374 0.003061224489795918 0.0021645021645021645
2 0.9015306122448979 0.44985569985569984 0.003061224489795918 0.0021645021645021645
2 0.9015306122448979 0.6388888888888888 0.003061224489795918 0.0021645021645021645
2 0.9015306122448979 0.6446608946608947 0.003061224489795918 0.0021645021645021645
2 0.9015306122448979 0.5256132756132756 0.003061224489795918 0.0021645021645021645
2 0.9015306122448979 0.5315656565656566 0.003061224489795918 0.0018037518037518038
2 0.9015306122448979 0.7204184704184704 0.003061224489795918 0.0021645021645021645
2 0.9015306122448979 0.7265512265512265 0.003061224489795918 0.0021645021645021645
2 0.9015306122448979 0.33946608946608947 0.003061224489795918 0.0021645021645021645
2 0.9015306122448979 0.34559884559884557 0.003061224489795918 0.0021645021645021645
2 0.9015306122448979 0.22637085137085136 0.003061224489795918 0.0018037518037518038
2 0.9015306122448979 0.23232323232323232 0.003061224489795918 0.0021645021645021645
2 0.9015306122448979 0.14466089466089466 0.003061224489795918 0.0021645021645021645
2 0.9015306122448979 0.15043290043290045 0.003061224489795918 0.0021645021645021645
2 0.9015306122448979 0.06277056277056277 0.003061224489795918 0.0021645021645021645
2 0.9015306122448979 0.0689033189033189 0.003061224489795918 0.0021645021645021645
2 0.9015306122448979 0.8023088023088023 0.003061224489795918 0.0021645021645021645
2 0.9015306122448979 0.8082611832611832 0.003061224489795918 0.0018037518037518038
134 0.4997448979591837 0.06583694083694083 0.9045918367346939 0.024170274170274172
1 0.6178571428571429 0.2113997113997114 0.012244897959183673 0.0007215007215007215
1 0.17806122448979592 0.2113997113997114 0.012244897959183673 0.0007215007215007215
134 0.4997448979591837 0.22925685425685427 0.9045918367346939 0.024170274170274172
134 0.4997448979591837 0.6415945165945166 0.9045918367346939 0.024170274170274172
1 0.6178571428571429 0.7056277056277056 0.012244897959183673 0.0007215007215007215
134 0.4997448979591837 0.7234848484848485 0.9045918367346939 0.024170274170274172
1 0.6178571428571429 0.7873376623376623 0.012244897959183673 0.0010822510822510823
134 0.4997448979591837 0.8053751803751804 0.9045918367346939 0.024170274170274172
1 0.8446428571428571 0.36038961038961037 0.012755102040816327 0.0007215007215007215
1 0.7956632653061224 0.36038961038961037 0.012755102040816327 0.0007215007215007215
1 0.7956632653061224 0.36634199134199136 0.012755102040816327 0.0010822510822510823
1 0.7581632653061224 0.36038961038961037 0.012244897959183673 0.0007215007215007215
1 0.7581632653061224 0.36634199134199136 0.012244897959183673 0.0010822510822510823
1 0.7262755102040817 0.36038961038961037 0.012755102040816327 0.0007215007215007215
1 0.7262755102040817 0.36634199134199136 0.012755102040816327 0.0010822510822510823
1 0.6775510204081633 0.36038961038961037 0.012244897959183673 0.0007215007215007215
1 0.6775510204081633 0.36634199134199136 0.012244897959183673 0.0010822510822510823
1 0.6479591836734694 0.36038961038961037 0.012244897959183673 0.0007215007215007215
1 0.6479591836734694 0.36634199134199136 0.012244897959183673 0.0010822510822510823
1 0.6178571428571429 0.36038961038961037 0.012244897959183673 0.0007215007215007215
1 0.6178571428571429 0.36634199134199136 0.012244897959183673 0.0010822510822510823
1 0.1239795918367347 0.36038961038961037 0.012244897959183673 0.0007215007215007215
134 0.4997448979591837 0.3425324675324675 0.9045918367346939 0.024170274170274172
134 0.4997448979591837 0.4467893217893218 0.9045918367346939 0.024170274170274172
134 0.4997448979591837 0.5284992784992785 0.9045918367346939 0.023809523809523808
1 0.8145408163265306 0.0477994227994228 0.012755102040816327 0.0010822510822510823
1 0.7956632653061224 0.0477994227994228 0.012755102040816327 0.0010822510822510823
1 0.7262755102040817 0.04184704184704185 0.012755102040816327 0.0007215007215007215
1 0.7262755102040817 0.0477994227994228 0.012755102040816327 0.0010822510822510823
1 0.6775510204081633 0.04184704184704185 0.012244897959183673 0.0007215007215007215
1 0.6775510204081633 0.0477994227994228 0.012244897959183673 0.0010822510822510823
1 0.6198979591836735 0.0477994227994228 0.018367346938775512 0.0010822510822510823
1 0.46479591836734696 0.0477994227994228 0.012244897959183673 0.0010822510822510823
1 0.39107142857142857 0.0477994227994228 0.012755102040816327 0.0010822510822510823
1 0.36122448979591837 0.0477994227994228 0.012244897959183673 0.0010822510822510823
1 0.3198979591836735 0.0477994227994228 0.012244897959183673 0.0010822510822510823
134 0.4997448979591837 0.14754689754689754 0.9045918367346939 0.023809523809523808
41 0.7224489795918367 0.6504329004329005 0.0010204081632653062 0.021645021645021644
63 0.7150510204081633 0.5373376623376623 0.007653061224489796 0.01479076479076479
41 0.7298469387755102 0.525974025974026 0.0005102040816326531 0.01875901875901876
41 0.7224489795918367 0.23106060606060605 0.0010204081632653062 0.025613275613275612
63 0.7150510204081633 0.2231240981240981 0.007653061224489796 0.01479076479076479
41 0.7298469387755102 0.3475829725829726 0.0005102040816326531 0.03932178932178932
41 0.7298469387755102 0.4383116883116883 0.0005102040816326531 0.01875901875901876
41 0.7543367346938775 0.15458152958152957 0.0005102040816326531 0.021284271284271284
63 0.746938775510204 0.05357142857142857 0.007142857142857143 0.01479076479076479
41 0.7543367346938775 0.06313131313131314 0.0005102040816326531 0.01443001443001443
86 0.7571428571428571 0.8026695526695526 0.007142857142857143 0.015151515151515152
86 0.7571428571428571 0.7207792207792207 0.007142857142857143 0.015151515151515152
86 0.7571428571428571 0.6390692640692641 0.007142857142857143 0.01479076479076479
86 0.7571428571428571 0.525974025974026 0.007142857142857143 0.015151515151515152
24 0.7581632653061224 0.05375180375180375 0.00816326530612245 0.005772005772005772
86 0.7571428571428571 0.4440836940836941 0.007142857142857143 0.015151515151515152
24 0.7576530612244898 0.3484848484848485 0.007142857142857143 0.005772005772005772
26 0.75 0.1444805194805195 0.00816326530612245 0.005411255411255411
24 0.7581632653061224 0.1415945165945166 0.00816326530612245 0.005411255411255411
24 0.7586734693877552 0.2233044733044733 0.007142857142857143 0.005772005772005772
24 0.7581632653061224 0.21735209235209235 0.00816326530612245 0.005411255411255411
26 0.7581632653061224 0.3694083694083694 0.00816326530612245 0.005772005772005772
41 0.7224489795918367 0.7337662337662337 0.0010204081632653062 0.01875901875901876
41 0.7224489795918367 0.8156565656565656 0.0010204081632653062 0.01875901875901876
41 0.7619897959183674 0.3481240981240981 0.0005102040816326531 0.04040404040404041
41 0.7543367346938775 0.23106060606060605 0.0005102040816326531 0.025613275613275612
86 0.6471938775510204 0.525974025974026 0.007653061224489796 0.015151515151515152
41 0.6441326530612245 0.22835497835497837 0.0005102040816326531 0.025252525252525252
41 0.6441326530612245 0.15512265512265513 0.0005102040816326531 0.024531024531024532
86 0.6471938775510204 0.8026695526695526 0.007653061224489796 0.015151515151515152
86 0.6471938775510204 0.7207792207792207 0.007653061224489796 0.015151515151515152
86 0.6471938775510204 0.6390692640692641 0.007653061224489796 0.01479076479076479
86 0.6471938775510204 0.4440836940836941 0.007653061224489796 0.015151515151515152
24 0.6474489795918368 0.3484848484848485 0.007142857142857143 0.005772005772005772
26 0.6479591836734694 0.3694083694083694 0.00816326530612245 0.005772005772005772
26 0.6479591836734694 0.21446608946608947 0.00816326530612245 0.005411255411255411
26 0.6479591836734694 0.22041847041847043 0.00816326530612245 0.005772005772005772
24 0.6479591836734694 0.1415945165945166 0.00816326530612245 0.005411255411255411
24 0.6479591836734694 0.14754689754689754 0.00816326530612245 0.005772005772005772
41 0.6517857142857143 0.3481240981240981 0.0005102040816326531 0.04040404040404041
41 0.614030612244898 0.65007215007215 0.0005102040816326531 0.01875901875901876
41 0.6216836734693878 0.5232683982683982 0.0005102040816326531 0.01911976911976912
120 0.27346938775510204 0.2031024531024531 0.17653061224489797 0.016594516594516596
41 0.614030612244898 0.7958152958152959 0.0005102040816326531 0.01875901875901876
41 0.614030612244898 0.713924963924964 0.0005102040816326531 0.01875901875901876
26 0.7178571428571429 0.1444805194805195 0.007142857142857143 0.005411255411255411
26 0.7262755102040817 0.03896103896103896 0.007653061224489796 0.005772005772005772
24 0.7262755102040817 0.1415945165945166 0.007653061224489796 0.005411255411255411
24 0.7262755102040817 0.7234848484848485 0.007653061224489796 0.005411255411255411
41 0.7224489795918367 0.05266955266955267 0.0010204081632653062 0.025974025974025976
24 0.7262755102040817 0.8051948051948052 0.007653061224489796 0.005772005772005772
26 0.7262755102040817 0.6387085137085137 0.007653061224489796 0.005411255411255411
24 0.7183673469387755 0.6417748917748918 0.00816326530612245 0.005772005772005772
26 0.7262755102040817 0.5375180375180375 0.007653061224489796 0.005772005772005772
26 0.7262755102040817 0.4496753246753247 0.007653061224489796 0.005411255411255411
24 0.7262755102040817 0.3484848484848485 0.007653061224489796 0.005772005772005772
26 0.7262755102040817 0.3694083694083694 0.007653061224489796 0.005772005772005772
24 0.7262755102040817 0.21735209235209235 0.007653061224489796 0.005411255411255411
24 0.7260204081632653 0.2233044733044733 0.00816326530612245 0.005772005772005772
24 0.6775510204081633 0.1415945165945166 0.00816326530612245 0.005411255411255411
86 0.676530612244898 0.8026695526695526 0.007142857142857143 0.015151515151515152
86 0.6767857142857143 0.7207792207792207 0.007653061224489796 0.015151515151515152
86 0.6767857142857143 0.6390692640692641 0.007653061224489796 0.01479076479076479
86 0.676530612244898 0.525974025974026 0.007142857142857143 0.015151515151515152
86 0.676530612244898 0.4440836940836941 0.007142857142857143 0.015151515151515152
24 0.6770408163265306 0.3484848484848485 0.007142857142857143 0.005772005772005772
26 0.6775510204081633 0.3694083694083694 0.00816326530612245 0.005772005772005772
26 0.6775510204081633 0.21446608946608947 0.00816326530612245 0.005411255411255411
26 0.6780612244897959 0.22041847041847043 0.007142857142857143 0.005772005772005772
41 0.6737244897959184 0.05303030303030303 0.0005102040816326531 0.025252525252525252
24 0.6780612244897959 0.14754689754689754 0.007142857142857143 0.005772005772005772
26 0.6775510204081633 0.03896103896103896 0.00816326530612245 0.005772005772005772
41 0.6813775510204082 0.3481240981240981 0.0005102040816326531 0.04040404040404041
41 0.7224489795918367 0.15386002886002886 0.0010204081632653062 0.022727272727272728
41 0.6737244897959184 0.22817460317460317 0.0005102040816326531 0.025613275613275612
41 0.6737244897959184 0.15494227994227994 0.0005102040816326531 0.024891774891774892
69 0.9443877551020409 0.4347041847041847 0.007142857142857143 0.015151515151515152
68 0.926530612244898 0.810966810966811 0.006122448979591836 0.015873015873015872
68 0.9329081632653061 0.801948051948052 0.005612244897959183 0.015873015873015872
69 0.9443877551020409 0.7992424242424242 0.007142857142857143 0.01479076479076479
68 0.926530612244898 0.7290764790764791 0.006122448979591836 0.015873015873015872
68 0.9329081632653061 0.7202380952380952 0.005612244897959183 0.015512265512265512
69 0.9443877551020409 0.7173520923520924 0.007142857142857143 0.01479076479076479
68 0.926530612244898 0.6443001443001443 0.006122448979591836 0.015873015873015872
68 0.9329081632653061 0.6356421356421357 0.005612244897959183 0.015873015873015872
69 0.9443877551020409 0.6325757575757576 0.007142857142857143 0.01479076479076479
68 0.926530612244898 0.5281385281385281 0.006122448979591836 0.015873015873015872
68 0.9329081632653061 0.5193001443001443 0.005612244897959183 0.015512265512265512
69 0.9443877551020409 0.5164141414141414 0.007142857142857143 0.01479076479076479
68 0.926530612244898 0.4466089466089466 0.006122448979591836 0.015873015873015872
68 0.9329081632653061 0.4375901875901876 0.005612244897959183 0.015873015873015872
68 0.926530612244898 0.23484848484848486 0.006122448979591836 0.015873015873015872
68 0.9329081632653061 0.2261904761904762 0.005612244897959183 0.015873015873015872
69 0.9443877551020409 0.2231240981240981 0.007142857142857143 0.01479076479076479
68 0.926530612244898 0.1471861471861472 0.006122448979591836 0.015873015873015872
68 0.9329081632653061 0.13816738816738816 0.005612244897959183 0.015873015873015872
69 0.9443877551020409 0.13546176046176045 0.007142857142857143 0.01479076479076479
68 0.926530612244898 0.0652958152958153 0.006122448979591836 0.015873015873015872
68 0.9329081632653061 0.05663780663780664 0.005612244897959183 0.015873015873015872
69 0.9443877551020409 0.05357142857142857 0.007142857142857143 0.01479076479076479
86 0.8739795918367347 0.8026695526695526 0.007142857142857143 0.015151515151515152
86 0.8739795918367347 0.7207792207792207 0.007142857142857143 0.015151515151515152
86 0.8739795918367347 0.6390692640692641 0.007142857142857143 0.01479076479076479
86 0.8739795918367347 0.525974025974026 0.007142857142857143 0.015151515151515152
86 0.8739795918367347 0.4440836940836941 0.007142857142857143 0.015151515151515152
84 0.4122448979591837 0.5241702741702742 0.011224489795918367 0.002886002886002886
122 0.3405612244897959 0.040223665223665224 0.029081632653061223 0.003246753246753247
122 0.3410714285714286 0.12788600288600288 0.02806122448979592 0.003246753246753247
84 0.4122448979591837 0.24296536796536797 0.011224489795918367 0.003246753246753247
84 0.4122448979591837 0.33225108225108224 0.011224489795918367 0.002886002886002886
84 0.4122448979591837 0.44246031746031744 0.011224489795918367 0.003246753246753247
120 0.336734693877551 0.15007215007215008 0.03469387755102041 0.004329004329004329
84 0.4122448979591837 0.6374458874458875 0.011224489795918367 0.002886002886002886
84 0.4122448979591837 0.7191558441558441 0.011224489795918367 0.003246753246753247
84 0.4122448979591837 0.801046176046176 0.011224489795918367 0.003246753246753247
120 0.25255102040816324 0.1277056277056277 0.07142857142857142 0.00937950937950938
84 0.29081632653061223 0.24296536796536797 0.011224489795918367 0.003246753246753247
84 0.29081632653061223 0.33225108225108224 0.011224489795918367 0.002886002886002886
84 0.29081632653061223 0.44246031746031744 0.011224489795918367 0.003246753246753247
121 0.39974489795918366 0.06637806637806638 0.025 0.002886002886002886
84 0.29081632653061223 0.5241702741702742 0.011224489795918367 0.002886002886002886
84 0.29081632653061223 0.6374458874458875 0.011224489795918367 0.002886002886002886
84 0.29081632653061223 0.7191558441558441 0.011224489795918367 0.003246753246753247
84 0.29081632653061223 0.801046176046176 0.011224489795918367 0.003246753246753247
122 0.7020408163265306 0.03409090909090909 0.036734693877551024 0.003246753246753247
122 0.5609693877551021 0.13924963924963926 0.09948979591836735 0.004329004329004329
121 0.7635204081632653 0.07124819624819625 0.018877551020408164 0.003246753246753247
121 0.8012755102040816 0.06637806637806638 0.018877551020408164 0.002886002886002886
121 0.40408163265306124 0.16486291486291485 0.0163265306122449 0.002886002886002886
121 0.45051020408163267 0.06872294372294373 0.02040816326530612 0.005411255411255411
121 0.45051020408163267 0.1625180375180375 0.02040816326530612 0.005411255411255411
120 0.560204081632653 0.12716450216450217 0.11428571428571428 0.010461760461760462
84 0.5280612244897959 0.24296536796536797 0.011224489795918367 0.003246753246753247
84 0.5280612244897959 0.33225108225108224 0.011224489795918367 0.002886002886002886
84 0.5280612244897959 0.44246031746031744 0.011224489795918367 0.003246753246753247
86 0.8739795918367347 0.32792207792207795 0.007142857142857143 0.015151515151515152
84 0.5280612244897959 0.5241702741702742 0.011224489795918367 0.002886002886002886
84 0.5280612244897959 0.6374458874458875 0.011224489795918367 0.002886002886002886
84 0.5280612244897959 0.7191558441558441 0.011224489795918367 0.003246753246753247
84 0.5280612244897959 0.801046176046176 0.011224489795918367 0.003246753246753247
26 0.8451530612244897 0.6446608946608947 0.0066326530612244895 0.005772005772005772
24 0.8446428571428571 0.5344516594516594 0.007653061224489796 0.005411255411255411
24 0.8446428571428571 0.4527417027417027 0.007653061224489796 0.005772005772005772
24 0.8441326530612245 0.3484848484848485 0.0066326530612244895 0.005772005772005772
24 0.8446428571428571 0.36038961038961037 0.007653061224489796 0.005772005772005772
26 0.8446428571428571 0.22041847041847043 0.007653061224489796 0.005772005772005772
24 0.8446428571428571 0.1415945165945166 0.007653061224489796 0.005411255411255411
24 0.8451530612244897 0.14754689754689754 0.0066326530612244895 0.005772005772005772
26 0.8446428571428571 0.050865800865800864 0.007653061224489796 0.005772005772005772
41 0.799234693877551 0.3475829725829726 0.0005102040816326531 0.03932178932178932
41 0.8109693877551021 0.05627705627705628 0.0005102040816326531 0.01875901875901876
26 0.8145408163265306 0.04491341991341991 0.007653061224489796 0.005411255411255411
26 0.7956632653061224 0.3694083694083694 0.007653061224489796 0.005772005772005772
24 0.7956632653061224 0.21735209235209235 0.007653061224489796 0.005411255411255411
24 0.7961734693877551 0.2233044733044733 0.0066326530612244895 0.005772005772005772
24 0.7956632653061224 0.1415945165945166 0.007653061224489796 0.005411255411255411
26 0.7875 0.1444805194805195 0.007653061224489796 0.005411255411255411
24 0.7956632653061224 0.0477994227994228 0.007653061224489796 0.005411255411255411
24 0.7956632653061224 0.3484848484848485 0.007653061224489796 0.005772005772005772
41 0.7732142857142857 0.061507936507936505 0.0005102040816326531 0.017676767676767676
26 0.7770408163265307 0.050865800865800864 0.00816326530612245 0.005772005772005772
41 0.7920918367346939 0.23106060606060605 0.0005102040816326531 0.025613275613275612
41 0.7920918367346939 0.15386002886002886 0.0005102040816326531 0.022727272727272728
26 0.8446428571428571 0.6387085137085137 0.007653061224489796 0.005411255411255411
41 0.7920918367346939 0.05772005772005772 0.0005102040816326531 0.018037518037518036
86 0.7948979591836735 0.8026695526695526 0.007142857142857143 0.015151515151515152
86 0.7948979591836735 0.7207792207792207 0.007142857142857143 0.015151515151515152
86 0.7948979591836735 0.6390692640692641 0.007142857142857143 0.01479076479076479
86 0.7948979591836735 0.525974025974026 0.007142857142857143 0.015151515151515152
86 0.7948979591836735 0.4440836940836941 0.007142857142857143 0.015151515151515152
41 0.8410714285714286 0.726010101010101 0.0005102040816326531 0.0183982683982684
41 0.8410714285714286 0.6515151515151515 0.0005102040816326531 0.023809523809523808
41 0.8482142857142857 0.5236291486291487 0.0005102040816326531 0.01984126984126984
86 0.8739795918367347 0.23845598845598845 0.007142857142857143 0.015151515151515152
86 0.8739795918367347 0.13293650793650794 0.007142857142857143 0.01479076479076479
86 0.8739795918367347 0.06313131313131314 0.007142857142857143 0.015151515151515152
41 0.8410714285714286 0.8077200577200577 0.0005102040816326531 0.01875901875901876
41 0.8410714285714286 0.23106060606060605 0.0005102040816326531 0.01984126984126984
41 0.8410714285714286 0.15494227994227994 0.0005102040816326531 0.024891774891774892
41 0.8410714285714286 0.061507936507936505 0.0005102040816326531 0.01984126984126984
26 0.8446428571428571 0.7963564213564214 0.007653061224489796 0.005411255411255411
26 0.8446428571428571 0.7144660894660895 0.007653061224489796 0.005411255411255411
41 0.8482142857142857 0.44191919191919193 0.0005102040816326531 0.01948051948051948
41 0.8482142857142857 0.3437950937950938 0.0005102040816326531 0.031746031746031744
41 0.21377551020408164 0.1396103896103896 0.0010204081632653062 0.01948051948051948
41 0.20637755102040817 0.07106782106782107 0.0005102040816326531 0.01875901875901876
86 0.20918367346938777 0.5198412698412699 0.007142857142857143 0.015151515151515152
86 0.20918367346938777 0.4440836940836941 0.007142857142857143 0.015151515151515152
86 0.20918367346938777 0.32792207792207795 0.007142857142857143 0.015151515151515152
86 0.20918367346938777 0.22077922077922077 0.007142857142857143 0.015151515151515152
26 0.21020408163265306 0.21446608946608947 0.00816326530612245 0.005411255411255411
86 0.20918367346938777 0.15079365079365079 0.007142857142857143 0.015151515151515152
93 0.20892857142857144 0.12644300144300144 0.008673469387755102 0.007575757575757576
26 0.21020408163265306 0.15043290043290045 0.00816326530612245 0.005772005772005772
63 0.1989795918367347 0.21428571428571427 0.007142857142857143 0.015151515151515152
93 0.20892857142857144 0.08802308802308802 0.008673469387755102 0.007215007215007215
41 0.21377551020408164 0.20652958152958154 0.0010204081632653062 0.01406926406926407
24 0.21020408163265306 0.059704184704184704 0.00816326530612245 0.005411255411255411
41 0.29158163265306125 0.1341991341991342 0.0005102040816326531 0.016594516594516596
41 0.29158163265306125 0.2085137085137085 0.0005102040816326531 0.013708513708513708
24 0.28801020408163264 0.21735209235209235 0.007653061224489796 0.005411255411255411
86 0.2872448979591837 0.15079365079365079 0.007142857142857143 0.015151515151515152
26 0.28801020408163264 0.1444805194805195 0.007653061224489796 0.005411255411255411
26 0.2576530612244898 0.21446608946608947 0.00816326530612245 0.005411255411255411
41 0.2614795918367347 0.13690476190476192 0.0005102040816326531 0.0183982683982684
41 0.2538265306122449 0.06222943722943723 0.0005102040816326531 0.0183982683982684
86 0.2566326530612245 0.15079365079365079 0.007142857142857143 0.015151515151515152
24 0.2576530612244898 0.14754689754689754 0.00816326530612245 0.005772005772005772
30 0.2596938775510204 0.050865800865800864 0.012244897959183673 0.005772005772005772
41 0.2614795918367347 0.20652958152958154 0.0005102040816326531 0.01406926406926407
61 0.24693877551020407 0.1471861471861472 0.006122448979591836 0.015873015873015872
5 0.06505102040816327 0.44733044733044736 0.020918367346938777 0.03535353535353535
6 0.0653061224489796 0.6417748917748918 0.02142857142857143 0.023088023088023088
67 0.0875 0.5265151515151515 0.007653061224489796 0.013347763347763348
67 0.09540816326530613 0.5176767676767676 0.007142857142857143 0.012987012987012988
5 0.06505102040816327 0.5292207792207793 0.020918367346938777 0.03535353535353535
67 0.0875 0.44462481962481964 0.007653061224489796 0.013347763347763348
67 0.09540816326530613 0.4357864357864358 0.007142857142857143 0.012987012987012988
67 0.0875 0.6426767676767676 0.007653061224489796 0.013347763347763348
67 0.09540816326530613 0.6338383838383839 0.007142857142857143 0.012987012987012988
5 0.06505102040816327 0.3430735930735931 0.020918367346938777 0.03535353535353535
67 0.0875 0.23322510822510822 0.007653061224489796 0.013347763347763348
67 0.09540816326530613 0.22438672438672438 0.007142857142857143 0.012987012987012988
8 0.06505102040816327 0.2261904761904762 0.020918367346938777 0.015151515151515152
67 0.0875 0.8091630591630592 0.007653061224489796 0.012987012987012988
67 0.09566326530612244 0.8001443001443002 0.007653061224489796 0.012987012987012988
26 0.1239795918367347 0.13257575757575757 0.00816326530612245 0.005411255411255411
26 0.1239795918367347 0.050865800865800864 0.00816326530612245 0.005772005772005772
10 0.06198979591836735 0.8216089466089466 0.005612244897959183 0.005411255411255411
8 0.06505102040816327 0.801948051948052 0.020918367346938777 0.015151515151515152
67 0.0875 0.7274531024531025 0.007653061224489796 0.013347763347763348
67 0.09540816326530613 0.7186147186147186 0.007142857142857143 0.012987012987012988
8 0.06505102040816327 0.7204184704184704 0.020918367346938777 0.015151515151515152
0 0.02959183673469388 0.4875541125541126 0.00816326530612245 0.1056998556998557
67 0.0875 0.1453823953823954 0.007653061224489796 0.012987012987012988
67 0.09540816326530613 0.13672438672438672 0.007142857142857143 0.012987012987012988
5 0.06505102040816327 0.14826839826839827 0.020918367346938777 0.03535353535353535
67 0.0875 0.06367243867243867 0.007653061224489796 0.013347763347763348
67 0.09540816326530613 0.05483405483405483 0.007142857142857143 0.012987012987012988
5 0.06505102040816327 0.06637806637806638 0.020918367346938777 0.03535353535353535
24 0.1239795918367347 0.14754689754689754 0.00816326530612245 0.005772005772005772
86 0.17729591836734693 0.32792207792207795 0.007653061224489796 0.015151515151515152
7 0.15229591836734693 0.2233044733044733 0.01683673469387755 0.01875901875901876
86 0.17729591836734693 0.22095959595959597 0.007653061224489796 0.01479076479076479
93 0.17704081632653063 0.19318181818181818 0.009183673469387756 0.007575757575757576
24 0.17806122448979592 0.2113997113997114 0.00816326530612245 0.005772005772005772
86 0.17729591836734693 0.16378066378066378 0.007653061224489796 0.012987012987012988
86 0.17729591836734693 0.15079365079365079 0.007653061224489796 0.015151515151515152
86 0.17729591836734693 0.06313131313131314 0.007653061224489796 0.015151515151515152
86 0.17729591836734693 0.4440836940836941 0.007653061224489796 0.015151515151515152
41 0.1201530612244898 0.8077200577200577 0.0005102040816326531 0.01875901875901876
41 0.1201530612244898 0.7258297258297258 0.0005102040816326531 0.01875901875901876
41 0.1818877551020408 0.20364357864357865 0.0005102040816326531 0.01406926406926407
41 0.1201530612244898 0.65007215007215 0.0005102040816326531 0.01875901875901876
85 0.17959183673469387 0.8035714285714286 0.011224489795918367 0.003246753246753247
85 0.17959183673469387 0.7218614718614719 0.011224489795918367 0.002886002886002886
85 0.17959183673469387 0.63997113997114 0.011224489795918367 0.002886002886002886
86 0.17729591836734693 0.5198412698412699 0.007653061224489796 0.015151515151515152
41 0.1201530612244898 0.061507936507936505 0.0005102040816326531 0.01984126984126984
41 0.1201530612244898 0.15782828282828282 0.0005102040816326531 0.01911976911976912
41 0.1278061224489796 0.12481962481962482 0.0005102040816326531 0.013708513708513708
26 0.1239795918367347 0.7963564213564214 0.00816326530612245 0.005411255411255411
26 0.1239795918367347 0.7144660894660895 0.00816326530612245 0.005411255411255411
26 0.1239795918367347 0.6387085137085137 0.00816326530612245 0.005411255411255411
24 0.1239795918367347 0.5284992784992785 0.00816326530612245 0.005772005772005772
26 0.1239795918367347 0.4318181818181818 0.00816326530612245 0.005772005772005772
26 0.12346938775510204 0.33946608946608947 0.007142857142857143 0.005772005772005772
24 0.1239795918367347 0.36038961038961037 0.00816326530612245 0.005772005772005772
26 0.1239795918367347 0.22041847041847043 0.00816326530612245 0.005772005772005772
41 0.1201530612244898 0.5387806637806638 0.0005102040816326531 0.01911976911976912
41 0.1201530612244898 0.44246031746031744 0.0005102040816326531 0.01984126984126984
41 0.1278061224489796 0.3401875901875902 0.0005102040816326531 0.03896103896103896
41 0.1278061224489796 0.2113997113997114 0.0005102040816326531 0.015873015873015872
61 0.49056122448979594 0.13816738816738816 0.005612244897959183 0.015873015873015872
63 0.4897959183673469 0.2231240981240981 0.007142857142857143 0.01479076479076479
41 0.5048469387755102 0.21338383838383837 0.0005102040816326531 0.015512265512265512
40 0.5150510204081633 0.13852813852813853 0.0035714285714285713 0.0021645021645021645
41 0.49744897959183676 0.15386002886002886 0.0010204081632653062 0.027056277056277056
40 0.5150510204081633 0.14466089466089466 0.0035714285714285713 0.0021645021645021645
41 0.46096938775510204 0.058261183261183264 0.0005102040816326531 0.016955266955266956
26 0.46479591836734696 0.1444805194805195 0.00816326530612245 0.005411255411255411
24 0.46479591836734696 0.0477994227994228 0.00816326530612245 0.005411255411255411
41 0.4477040816326531 0.21103896103896103 0.0005102040816326531 0.015151515151515152
41 0.44005102040816324 0.15818903318903318 0.0005102040816326531 0.011904761904761904
30 0.503061224489796 0.13852813852813853 0.012244897959183673 0.005772005772005772
41 0.49744897959183676 0.06168831168831169 0.0010204081632653062 0.01948051948051948
24 0.5010204081632653 0.2233044733044733 0.00816326530612245 0.005772005772005772
28 0.503061224489796 0.14754689754689754 0.012244897959183673 0.005772005772005772
26 0.5010204081632653 0.050865800865800864 0.00816326530612245 0.005772005772005772
41 0.46096938775510204 0.15295815295815296 0.0005102040816326531 0.015151515151515152
41 0.614030612244898 0.15097402597402598 0.0005102040816326531 0.03282828282828283
41 0.614030612244898 0.05627705627705628 0.0005102040816326531 0.01875901875901876
93 0.6165816326530612 0.8252164502164502 0.008673469387755102 0.007575757575757576
26 0.6178571428571429 0.7844516594516594 0.00816326530612245 0.005411255411255411
93 0.6165816326530612 0.7433261183261183 0.008673469387755102 0.007575757575757576
26 0.6178571428571429 0.7025613275613276 0.00816326530612245 0.005411255411255411
93 0.6165816326530612 0.6668470418470418 0.008673469387755102 0.007575757575757576
26 0.6178571428571429 0.6387085137085137 0.00816326530612245 0.005411255411255411
93 0.6165816326530612 0.5483405483405484 0.008673469387755102 0.007215007215007215
24 0.6178571428571429 0.5344516594516594 0.00816326530612245 0.005411255411255411
41 0.6216836734693878 0.43614718614718617 0.0005102040816326531 0.018037518037518036
41 0.6216836734693878 0.3477633477633478 0.0005102040816326531 0.03968253968253968
93 0.6165816326530612 0.4666305916305916 0.008673469387755102 0.007575757575757576
41 0.614030612244898 0.22276334776334777 0.0005102040816326531 0.024891774891774892
24 0.5612244897959183 0.2233044733044733 0.00816326530612245 0.005772005772005772
26 0.5612244897959183 0.050865800865800864 0.00816326530612245 0.005772005772005772
41 0.5352040816326531 0.21374458874458874 0.0010204081632653062 0.016233766233766232
41 0.5573979591836735 0.061507936507936505 0.0005102040816326531 0.01984126984126984
24 0.5316326530612245 0.2233044733044733 0.00816326530612245 0.005772005772005772
86 0.5306122448979592 0.06313131313131314 0.007142857142857143 0.015151515151515152
24 0.6178571428571429 0.14754689754689754 0.00816326530612245 0.005772005772005772
24 0.6178571428571429 0.4467893217893218 0.00816326530612245 0.005411255411255411
93 0.6165816326530612 0.37987012987012986 0.008673469387755102 0.007215007215007215
24 0.6178571428571429 0.3484848484848485 0.00816326530612245 0.005772005772005772
26 0.6178571428571429 0.3694083694083694 0.00816326530612245 0.005772005772005772
8 0.585969387755102 0.22546897546897546 0.01683673469387755 0.012265512265512266
93 0.6165816326530612 0.2490981240981241 0.008673469387755102 0.007575757575757576
26 0.6178571428571429 0.20833333333333334 0.00816326530612245 0.005411255411255411
26 0.6178571428571429 0.21446608946608947 0.00816326530612245 0.005411255411255411
26 0.6178571428571429 0.13257575757575757 0.00816326530612245 0.005411255411255411
30 0.6198979591836735 0.04491341991341991 0.012244897959183673 0.006132756132756133
41 0.5650510204081632 0.2141053391053391 0.0005102040816326531 0.016955266955266956
41 0.3650510204081633 0.21103896103896103 0.0005102040816326531 0.015151515151515152
41 0.35739795918367345 0.1527777777777778 0.0005102040816326531 0.01911976911976912
41 0.3650510204081633 0.12445887445887446 0.0005102040816326531 0.012987012987012988
24 0.3198979591836735 0.21735209235209235 0.00816326530612245 0.005411255411255411
41 0.31607142857142856 0.15566378066378067 0.0005102040816326531 0.01911976911976912
41 0.3237244897959184 0.12427849927849928 0.0005102040816326531 0.012626262626262626
41 0.31607142857142856 0.05591630591630592 0.0005102040816326531 0.01948051948051948
26 0.3198979591836735 0.1444805194805195 0.00816326530612245 0.005411255411255411
93 0.31887755102040816 0.1718975468975469 0.009183673469387756 0.007575757575757576
26 0.3198979591836735 0.13257575757575757 0.00816326530612245 0.005411255411255411
26 0.3198979591836735 0.04491341991341991 0.00816326530612245 0.005411255411255411
61 0.27729591836734696 0.21717171717171718 0.005612244897959183 0.015873015873015872
41 0.35739795918367345 0.056096681096681096 0.0005102040816326531 0.01911976911976912
26 0.36122448979591837 0.22041847041847043 0.00816326530612245 0.005772005772005772
24 0.36122448979591837 0.1415945165945166 0.00816326530612245 0.005411255411255411
26 0.36122448979591837 0.13257575757575757 0.00816326530612245 0.005411255411255411
26 0.36122448979591837 0.04491341991341991 0.00816326530612245 0.005411255411255411
59 0.3086734693877551 0.21536796536796537 0.007142857142857143 0.012987012987012988
41 0.3237244897959184 0.20905483405483405 0.0005102040816326531 0.01479076479076479
63 0.3086734693877551 0.1444805194805195 0.007142857142857143 0.01479076479076479
41 0.4119897959183674 0.05952380952380952 0.0005102040816326531 0.01443001443001443
24 0.41581632653061223 0.14754689754689754 0.00816326530612245 0.005772005772005772
26 0.41581632653061223 0.050865800865800864 0.00816326530612245 0.005772005772005772
41 0.4119897959183674 0.15674603174603174 0.0005102040816326531 0.016955266955266956
41 0.39566326530612245 0.15494227994227994 0.0005102040816326531 0.0183982683982684
26 0.44387755102040816 0.22041847041847043 0.00816326530612245 0.005772005772005772
63 0.4326530612244898 0.05375180375180375 0.007142857142857143 0.015151515151515152
41 0.44005102040816324 0.06295093795093795 0.0005102040816326531 0.01479076479076479
72 0.4474489795918367 0.20093795093795094 0.003061224489795918 0.0021645021645021645
41 0.39464285714285713 0.21085858585858586 0.0005102040816326531 0.01479076479076479
26 0.44387755102040816 0.15043290043290045 0.00816326530612245 0.005772005772005772
86 0.44285714285714284 0.13293650793650794 0.007142857142857143 0.01479076479076479
24 0.44387755102040816 0.05375180375180375 0.00816326530612245 0.005772005772005772
41 0.38724489795918365 0.057178932178932176 0.0010204081632653062 0.016955266955266956
72 0.3948979591836735 0.20093795093795094 0.003061224489795918 0.0021645021645021645
26 0.39107142857142857 0.22041847041847043 0.007653061224489796 0.005772005772005772
26 0.39948979591836736 0.1444805194805195 0.00816326530612245 0.005411255411255411
24 0.39107142857142857 0.0477994227994228 0.007653061224489796 0.005411255411255411
24 0.39107142857142857 0.1415945165945166 0.007653061224489796 0.005411255411255411
41 0.39464285714285713 0.1322150072150072 0.0005102040816326531 0.016955266955266956