134 0.4997448979591837 0.07016594516594517 0.9045918367346939 0.024170274170274172
134 0.4997448979591837 0.5312049062049062 0.9045918367346939 0.024170274170274172
1 0.8571428571428571 0.549062049062049 0.0163265306122449 0.0007215007215007215
1 0.8571428571428571 0.5548340548340548 0.0163265306122449 0.0007215007215007215
1 0.13239795918367347 0.549062049062049 0.015816326530612244 0.0007215007215007215
134 0.4997448979591837 0.1516955266955267 0.9045918367346939 0.024170274170274172
134 0.4997448979591837 0.7252886002886003 0.9045918367346939 0.024170274170274172
1 0.8915816326530612 0.05212842712842713 0.015816326530612244 0.0010822510822510823
1 0.8579081632653062 0.046176046176046176 0.01479591836734694 0.0007215007215007215
1 0.8571428571428571 0.05212842712842713 0.0163265306122449 0.0010822510822510823
1 0.8244897959183674 0.05212842712842713 0.0163265306122449 0.0010822510822510823
1 0.7910714285714285 0.05212842712842713 0.015816326530612244 0.0010822510822510823
1 0.5341836734693878 0.046176046176046176 0.014285714285714285 0.0007215007215007215
1 0.5334183673469388 0.05212842712842713 0.015816326530612244 0.0010822510822510823
1 0.5084183673469388 0.05212842712842713 0.015816326530612244 0.0010822510822510823
1 0.4487244897959184 0.046176046176046176 0.015816326530612244 0.0007215007215007215
1 0.4487244897959184 0.05212842712842713 0.015816326530612244 0.0010822510822510823
1 0.4278061224489796 0.05212842712842713 0.015816326530612244 0.0010822510822510823
1 0.3834183673469388 0.05212842712842713 0.015816326530612244 0.0010822510822510823
134 0.4997448979591837 0.23322510822510822 0.9045918367346939 0.024170274170274172
134 0.4997448979591837 0.4496753246753247 0.9045918367346939 0.024170274170274172
1 0.3625 0.21518759018759018 0.015816326530612244 0.0010822510822510823
134 0.4997448979591837 0.8068181818181818 0.9045918367346939 0.024170274170274172
134 0.4997448979591837 0.6437590187590188 0.9045918367346939 0.024170274170274172
134 0.4997448979591837 0.3457792207792208 0.9045918367346939 0.024170274170274172
41 0.7619897959183674 0.4401154401154401 0.0005102040816326531 0.01443001443001443
41 0.7619897959183674 0.5335497835497836 0.0005102040816326531 0.01443001443001443
41 0.7961734693877551 0.5310245310245311 0.0005102040816326531 0.013708513708513708
61 0.7456632653061225 0.5431096681096681 0.005612244897959183 0.017676767676767676
87 0.6089285714285714 0.22186147186147187 0.007653061224489796 0.010822510822510822
41 0.7520408163265306 0.06385281385281386 0.0010204081632653062 0.01443001443001443
41 0.7619897959183674 0.14772727272727273 0.0005102040816326531 0.015512265512265512
41 0.7619897959183674 0.2278138528138528 0.0005102040816326531 0.012626262626262626
53 0.7571428571428571 0.6544011544011544 0.00816326530612245 0.01443001443001443
26 0.7913265306122449 0.15458152958152957 0.01020408163265306 0.006132756132756133
24 0.7913265306122449 0.05212842712842713 0.01020408163265306 0.006132756132756133
41 0.7961734693877551 0.22510822510822512 0.0005102040816326531 0.011544011544011544
24 0.7913265306122449 0.23322510822510822 0.01020408163265306 0.006132756132756133
26 0.7913265306122449 0.45256132756132755 0.01020408163265306 0.006132756132756133
26 0.7913265306122449 0.54004329004329 0.01020408163265306 0.005772005772005772
87 0.789795918367347 0.6325757575757576 0.00816326530612245 0.010461760461760462
87 0.789795918367347 0.726010101010101 0.00816326530612245 0.010461760461760462
87 0.789795918367347 0.8075396825396826 0.00816326530612245 0.010461760461760462
41 0.7864795918367347 0.06132756132756133 0.0005102040816326531 0.015873015873015872
41 0.7961734693877551 0.14574314574314573 0.0005102040816326531 0.015151515151515152
41 0.7520408163265306 0.6545815295815296 0.0010204081632653062 0.0183982683982684
41 0.7520408163265306 0.7305194805194806 0.0010204081632653062 0.01875901875901876
53 0.7566326530612245 0.7317821067821068 0.009183673469387756 0.016233766233766232
41 0.7961734693877551 0.4420995670995671 0.0005102040816326531 0.0183982683982684
41 0.7520408163265306 0.812049062049062 0.0010204081632653062 0.01875901875901876
53 0.7566326530612245 0.8133116883116883 0.009183673469387756 0.016233766233766232
86 0.6405612244897959 0.1387085137085137 0.008673469387755102 0.016955266955266956
86 0.6405612244897959 0.22023809523809523 0.008673469387755102 0.016955266955266956
24 0.6423469387755102 0.4435425685425685 0.01020408163265306 0.006132756132756133
24 0.6423469387755102 0.536976911976912 0.01020408163265306 0.006132756132756133
26 0.6423469387755102 0.6527777777777778 0.01020408163265306 0.006132756132756133
26 0.6423469387755102 0.7224025974025974 0.01020408163265306 0.006132756132756133
26 0.6423469387755102 0.8039321789321789 0.01020408163265306 0.006132756132756133
41 0.6375 0.4531024531024531 0.0005102040816326531 0.016594516594516596
59 0.6301020408163265 0.4401154401154401 0.007142857142857143 0.01443001443001443
121 0.18214285714285713 0.4366883116883117 0.02040816326530612 0.006132756132756133
121 0.18214285714285713 0.44155844155844154 0.019387755102040816 0.005772005772005772
121 0.18214285714285713 0.4462481962481962 0.019387755102040816 0.005772005772005772
26 0.610204081632653 0.4466089466089466 0.01020408163265306 0.005772005772005772
87 0.6089285714285714 0.5317460317460317 0.007653061224489796 0.010822510822510822
87 0.6089285714285714 0.6325757575757576 0.007653061224489796 0.010461760461760462
87 0.6089285714285714 0.726010101010101 0.007653061224489796 0.010461760461760462
87 0.6089285714285714 0.8075396825396826 0.007653061224489796 0.010461760461760462
40 0.6535714285714286 0.5340909090909091 0.003061224489795918 0.0025252525252525255
41 0.6053571428571428 0.45526695526695526 0.0005102040816326531 0.01443001443001443
87 0.7073979591836734 0.14033189033189034 0.007653061224489796 0.010822510822510822
87 0.7073979591836734 0.22186147186147187 0.007653061224489796 0.010822510822510822
24 0.7086734693877551 0.45544733044733043 0.01020408163265306 0.006132756132756133
72 0.7086734693877551 0.4466089466089466 0.003061224489795918 0.0021645021645021645
24 0.7086734693877551 0.6437590187590188 0.01020408163265306 0.006132756132756133
41 0.7038265306122449 0.4633838383838384 0.0005102040816326531 0.013347763347763348
41 0.7038265306122449 0.6544011544011544 0.0005102040816326531 0.01875901875901876
53 0.7086734693877551 0.6553030303030303 0.009183673469387756 0.016233766233766232
26 0.7568877551020409 0.055014430014430016 0.010714285714285714 0.006132756132756133
24 0.7568877551020409 0.15746753246753248 0.010714285714285714 0.006132756132756133
26 0.7568877551020409 0.2361111111111111 0.010714285714285714 0.006132756132756133
24 0.7568877551020409 0.4496753246753247 0.010714285714285714 0.006132756132756133
24 0.7568877551020409 0.5431096681096681 0.010714285714285714 0.006132756132756133
24 0.7568877551020409 0.6437590187590188 0.010714285714285714 0.006132756132756133
24 0.7568877551020409 0.7195165945165946 0.010714285714285714 0.006132756132756133
61 0.6308673469387756 0.7224025974025974 0.005612244897959183 0.017676767676767676
41 0.6471938775510204 0.525974025974026 0.0005102040816326531 0.01948051948051948
41 0.6471938775510204 0.6417748917748918 0.0005102040816326531 0.01948051948051948
40 0.6535714285714286 0.7224025974025974 0.003061224489795918 0.0025252525252525255
41 0.6375 0.7334054834054834 0.0005102040816326531 0.01948051948051948
24 0.7568877551020409 0.801046176046176 0.010714285714285714 0.006132756132756133
40 0.6535714285714286 0.8039321789321789 0.003061224489795918 0.0025252525252525255
41 0.6375 0.814935064935065 0.0005102040816326531 0.01948051948051948
61 0.6308673469387756 0.8039321789321789 0.005612244897959183 0.017676767676767676
26 0.676530612244898 0.4466089466089466 0.01020408163265306 0.005772005772005772
41 0.6716836734693877 0.45670995670995673 0.0005102040816326531 0.017316017316017316
41 0.9283163265306122 0.22673160173160173 0.0005102040816326531 0.020562770562770564
26 0.9232142857142858 0.16035353535353536 0.010714285714285714 0.006132756132756133
24 0.9232142857142858 0.058261183261183264 0.010714285714285714 0.006132756132756133
72 0.9232142857142858 0.05248917748917749 0.002551020408163265 0.0018037518037518038
24 0.9232142857142858 0.23899711399711399 0.010714285714285714 0.006132756132756133
72 0.9283163265306122 0.2124819624819625 0.002551020408163265 0.0021645021645021645
87 0.9219387755102041 0.45021645021645024 0.00816326530612245 0.010822510822510822
87 0.9219387755102041 0.5317460317460317 0.00816326530612245 0.010822510822510822
87 0.9219387755102041 0.6325757575757576 0.00816326530612245 0.010461760461760462
87 0.9219387755102041 0.726010101010101 0.00816326530612245 0.010461760461760462
87 0.9219387755102041 0.8075396825396826 0.00816326530612245 0.010461760461760462
41 0.9183673469387755 0.0670995670995671 0.0010204081632653062 0.015151515151515152
41 0.9283163265306122 0.1488095238095238 0.0005102040816326531 0.020562770562770564
121 0.7857142857142857 0.07052669552669552 0.0673469387755102 0.003246753246753247
121 0.5543367346938776 0.46446608946608947 0.10153061224489796 0.005411255411255411
120 0.5920918367346939 0.43885281385281383 0.16785714285714284 0.01479076479076479
121 0.6704081632653062 0.4666305916305916 0.0663265306122449 0.00974025974025974
120 0.7165816326530612 0.5496031746031746 0.14846938775510204 0.010461760461760462
120 0.6790816326530612 0.6405122655122655 0.05714285714285714 0.011904761904761904
120 0.6994897959183674 0.7113997113997114 0.11428571428571428 0.00937950937950938
120 0.6994897959183674 0.7929292929292929 0.11428571428571428 0.00937950937950938
84 0.6125 0.3356782106782107 0.01173469387755102 0.003246753246753247
120 0.8237244897959184 0.041666666666666664 0.13418367346938775 0.01406926406926407
121 0.7956632653061224 0.13672438672438672 0.06785714285714285 0.005772005772005772
120 0.8288265306122449 0.12950937950937952 0.13418367346938775 0.008658008658008658
121 0.7956632653061224 0.21825396825396826 0.06785714285714285 0.005772005772005772
120 0.8288265306122449 0.20977633477633478 0.13418367346938775 0.011183261183261184
121 0.7788265306122449 0.43235930735930733 0.034183673469387756 0.003246753246753247
120 0.7737244897959183 0.4606782106782107 0.034183673469387756 0.006493506493506494
121 0.7788265306122449 0.5245310245310245 0.034183673469387756 0.002886002886002886
84 0.6125 0.24693362193362192 0.01173469387755102 0.003246753246753247
120 0.5198979591836734 0.03932178932178932 0.024489795918367346 0.007215007215007215
121 0.5158163265306123 0.0652958152958153 0.02346938775510204 0.0021645021645021645
121 0.5158163265306123 0.06998556998556998 0.02346938775510204 0.0021645021645021645
121 0.5160714285714286 0.07485569985569986 0.025 0.0018037518037518038
120 0.43673469387755104 0.04256854256854257 0.02040816326530612 0.006493506493506494
121 0.4331632653061224 0.0652958152958153 0.019387755102040816 0.0021645021645021645
121 0.4331632653061224 0.06998556998556998 0.019387755102040816 0.0021645021645021645
121 0.4331632653061224 0.07485569985569986 0.02040816326530612 0.0018037518037518038
121 0.4 0.2011183261183261 0.0653061224489796 0.003968253968253968
121 0.3903061224489796 0.17153679653679654 0.0653061224489796 0.003968253968253968
120 0.37142857142857144 0.045454545454545456 0.02040816326530612 0.006493506493506494
121 0.3678571428571429 0.06583694083694083 0.019387755102040816 0.003246753246753247
121 0.3678571428571429 0.0707070707070707 0.019387755102040816 0.002886002886002886
121 0.3681122448979592 0.07539682539682539 0.020918367346938777 0.002886002886002886
120 0.30918367346938774 0.4603174603174603 0.02040816326530612 0.006493506493506494
121 0.3125 0.43073593073593075 0.020918367346938777 0.005772005772005772
121 0.3127551020408163 0.43542568542568544 0.019387755102040816 0.005772005772005772
121 0.3127551020408163 0.44047619047619047 0.019387755102040816 0.005772005772005772
120 0.24387755102040817 0.4621212121212121 0.02040816326530612 0.006493506493506494
121 0.24744897959183673 0.43073593073593075 0.02040816326530612 0.005772005772005772
121 0.24744897959183673 0.43542568542568544 0.019387755102040816 0.005772005772005772
121 0.24744897959183673 0.44047619047619047 0.019387755102040816 0.005772005772005772
120 0.17831632653061225 0.4657287157287157 0.020918367346938777 0.005772005772005772
121 0.8951530612244898 0.2132034632034632 0.06581632653061224 0.007936507936507936
121 0.8951530612244898 0.13564213564213565 0.06581632653061224 0.007936507936507936
121 0.8852040816326531 0.07305194805194805 0.0663265306122449 0.005411255411255411
24 0.8571428571428571 0.04635642135642136 0.01020408163265306 0.006132756132756133
26 0.8571428571428571 0.14844877344877344 0.01020408163265306 0.006132756132756133
24 0.8571428571428571 0.2270923520923521 0.01020408163265306 0.006132756132756133
86 0.8553571428571428 0.44877344877344877 0.008673469387755102 0.016594516594516596
24 0.8571428571428571 0.55501443001443 0.01020408163265306 0.006132756132756133
24 0.8571428571428571 0.6556637806637806 0.01020408163265306 0.006132756132756133
24 0.8571428571428571 0.7252886002886003 0.01020408163265306 0.006132756132756133
24 0.8571428571428571 0.8068181818181818 0.01020408163265306 0.006132756132756133
41 0.852295918367347 0.059343434343434344 0.0005102040816326531 0.023448773448773448
87 0.8232142857142857 0.726010101010101 0.007653061224489796 0.010461760461760462
26 0.8244897959183674 0.04924242424242424 0.01020408163265306 0.006132756132756133
24 0.8244897959183674 0.1516955266955267 0.01020408163265306 0.006132756132756133
26 0.8244897959183674 0.22997835497835498 0.01020408163265306 0.006132756132756133
87 0.8232142857142857 0.45021645021645024 0.007653061224489796 0.010822510822510822
87 0.8232142857142857 0.5317460317460317 0.007653061224489796 0.010822510822510822
87 0.8232142857142857 0.6325757575757576 0.007653061224489796 0.010461760461760462
87 0.8232142857142857 0.8075396825396826 0.007653061224489796 0.010461760461760462
41 0.8196428571428571 0.06024531024531025 0.0005102040816326531 0.01948051948051948
41 0.8293367346938776 0.14267676767676768 0.0005102040816326531 0.015512265512265512
41 0.8293367346938776 0.22258297258297258 0.0005102040816326531 0.012265512265512266
41 0.8864795918367347 0.06204906204906205 0.0005102040816326531 0.021645021645021644
87 0.8900510204081633 0.8075396825396826 0.007653061224489796 0.010461760461760462
87 0.8900510204081633 0.726010101010101 0.007653061224489796 0.010461760461760462
87 0.8900510204081633 0.6325757575757576 0.007653061224489796 0.010461760461760462
87 0.8900510204081633 0.5317460317460317 0.007653061224489796 0.010822510822510822
26 0.8913265306122449 0.22997835497835498 0.01020408163265306 0.006132756132756133
24 0.8913265306122449 0.1516955266955267 0.01020408163265306 0.006132756132756133
26 0.8913265306122449 0.04924242424242424 0.01020408163265306 0.006132756132756133
53 0.8573979591836735 0.8176406926406926 0.008673469387755102 0.01479076479076479
41 0.852295918367347 0.8174603174603174 0.0005102040816326531 0.01875901875901876
53 0.8573979591836735 0.7361111111111112 0.008673469387755102 0.01479076479076479
41 0.8961734693877551 0.14303751803751805 0.0005102040816326531 0.01479076479076479
41 0.8961734693877551 0.22113997113997114 0.0005102040816326531 0.015151515151515152
59 0.8448979591836735 0.04256854256854257 0.007142857142857143 0.01443001443001443
41 0.8619897959183673 0.13997113997113997 0.0005102040816326531 0.01443001443001443
59 0.8448979591836735 0.14502164502164502 0.007142857142857143 0.01443001443001443
41 0.8619897959183673 0.21825396825396826 0.0005102040816326531 0.015151515151515152
59 0.8448979591836735 0.22348484848484848 0.007142857142857143 0.01479076479076479
41 0.8619897959183673 0.5425685425685426 0.0005102040816326531 0.022366522366522368
47 0.8658163265306122 0.5402236652236653 0.007142857142857143 0.017676767676767676
41 0.8619897959183673 0.6446608946608947 0.0005102040816326531 0.01948051948051948
47 0.8658163265306122 0.6441197691197691 0.007142857142857143 0.017676767676767676
41 0.852295918367347 0.7359307359307359 0.0005102040816326531 0.01875901875901876
87 0.23061224489795917 0.14033189033189034 0.00816326530612245 0.010822510822510822
87 0.23061224489795917 0.8075396825396826 0.00816326530612245 0.010461760461760462
87 0.23061224489795917 0.726010101010101 0.00816326530612245 0.010461760461760462
87 0.23061224489795917 0.6325757575757576 0.00816326530612245 0.010461760461760462
87 0.23061224489795917 0.5317460317460317 0.00816326530612245 0.010822510822510822
26 0.23188775510204082 0.4586940836940837 0.010714285714285714 0.006132756132756133
87 0.23061224489795917 0.22186147186147187 0.00816326530612245 0.010822510822510822
87 0.23061224489795917 0.0707070707070707 0.00816326530612245 0.010822510822510822
88 0.20535714285714285 0.4531024531024531 0.010714285714285714 0.016594516594516596
41 0.23698979591836736 0.44498556998557 0.0005102040816326531 0.024170274170274172
87 0.1653061224489796 0.5317460317460317 0.00816326530612245 0.010822510822510822
87 0.1653061224489796 0.6325757575757576 0.00816326530612245 0.010461760461760462
87 0.1653061224489796 0.726010101010101 0.00816326530612245 0.010461760461760462
87 0.1653061224489796 0.8075396825396826 0.00816326530612245 0.010461760461760462
41 0.17168367346938776 0.4491341991341991 0.0005102040816326531 0.020202020202020204
61 0.15535714285714286 0.4615800865800866 0.005612244897959183 0.017676767676767676
24 0.1875 0.45544733044733043 0.010714285714285714 0.006132756132756133
41 0.19260204081632654 0.44462481962481964 0.0005102040816326531 0.01911976911976912
41 0.3022959183673469 0.4431818181818182 0.0005102040816326531 0.020562770562770564
86 0.2954081632653061 0.8059163059163059 0.00816326530612245 0.016594516594516596
86 0.2954081632653061 0.7243867243867244 0.00816326530612245 0.016594516594516596
87 0.6089285714285714 0.14033189033189034 0.007653061224489796 0.010822510822510822
41 0.25790816326530613 0.43975468975468973 0.0005102040816326531 0.021645021645021644
26 0.2528061224489796 0.45256132756132755 0.010714285714285714 0.006132756132756133
24 0.16683673469387755 0.4615800865800866 0.01020408163265306 0.006132756132756133
88 0.27066326530612245 0.4531024531024531 0.010714285714285714 0.016594516594516596
87 0.29591836734693877 0.0707070707070707 0.00816326530612245 0.010822510822510822
87 0.29591836734693877 0.14033189033189034 0.00816326530612245 0.010822510822510822
87 0.29591836734693877 0.22186147186147187 0.00816326530612245 0.010822510822510822
24 0.2971938775510204 0.45544733044733043 0.010714285714285714 0.006132756132756133
86 0.2954081632653061 0.5303030303030303 0.00816326530612245 0.016594516594516596
86 0.2954081632653061 0.6309523809523809 0.00816326530612245 0.016594516594516596
5 0.06505102040816327 0.06926406926406926 0.020918367346938777 0.04329004329004329
8 0.06505102040816327 0.23015873015873015 0.02193877551020408 0.018037518037518036
67 0.08775510204081632 0.1479076479076479 0.007142857142857143 0.01443001443001443
67 0.09540816326530613 0.13906926406926406 0.007142857142857143 0.01479076479076479
67 0.10306122448979592 0.15097402597402598 0.007142857142857143 0.01479076479076479
5 0.06505102040816327 0.15079365079365079 0.020918367346938777 0.04329004329004329
67 0.08775510204081632 0.06637806637806638 0.007142857142857143 0.01443001443001443
67 0.09540816326530613 0.057539682539682536 0.007142857142857143 0.01479076479076479
67 0.10306122448979592 0.06944444444444445 0.007142857142857143 0.01479076479076479
67 0.08775510204081632 0.2353896103896104 0.007142857142857143 0.01479076479076479
67 0.09540816326530613 0.22655122655122656 0.007142857142857143 0.01443001443001443
67 0.10306122448979592 0.23845598845598845 0.007142857142857143 0.01443001443001443
84 0.8441326530612245 0.3356782106782107 0.01173469387755102 0.003246753246753247
84 0.8441326530612245 0.24693362193362192 0.01173469387755102 0.003246753246753247
84 0.8441326530612245 0.16540404040404041 0.01173469387755102 0.003246753246753247
84 0.2971938775510204 0.24693362193362192 0.01173469387755102 0.003246753246753247
5 0.06505102040816327 0.34523809523809523 0.020918367346938777 0.04329004329004329
5 0.06505102040816327 0.44877344877344877 0.020918367346938777 0.04329004329004329
67 0.08775510204081632 0.4458874458874459 0.007142857142857143 0.01443001443001443
67 0.09540816326530613 0.4370490620490621 0.007142857142857143 0.01479076479076479
67 0.10306122448979592 0.44895382395382394 0.007142857142857143 0.01479076479076479
5 0.06505102040816327 0.5303030303030303 0.020918367346938777 0.04329004329004329
67 0.08775510204081632 0.5274170274170275 0.007142857142857143 0.01443001443001443
67 0.09540816326530613 0.5185786435786436 0.007142857142857143 0.01479076479076479
67 0.10306122448979592 0.5304834054834054 0.007142857142857143 0.01479076479076479
0 0.029846938775510205 0.49044011544011545 0.008673469387755102 0.10642135642135642
120 0.11989795918367346 0.7085137085137085 0.025510204081632654 0.0036075036075036075
120 0.11989795918367346 0.79004329004329 0.025510204081632654 0.0036075036075036075
122 0.11683673469387755 0.46284271284271283 0.0163265306122449 0.002886002886002886
84 0.2971938775510204 0.3356782106782107 0.01173469387755102 0.003246753246753247
41 0.1375 0.44715007215007213 0.0005102040816326531 0.0183982683982684
47 0.1413265306122449 0.4467893217893218 0.007142857142857143 0.017676767676767676
41 0.1375 0.5405844155844156 0.0005102040816326531 0.0183982683982684
47 0.1413265306122449 0.5402236652236653 0.007142857142857143 0.017676767676767676
41 0.12755102040816327 0.6545815295815296 0.0010204081632653062 0.0183982683982684
53 0.13214285714285715 0.6553030303030303 0.009183673469387756 0.016233766233766232
41 0.12755102040816327 0.7274531024531025 0.0010204081632653062 0.01911976911976912
53 0.13214285714285715 0.7287157287157288 0.009183673469387756 0.016594516594516596
41 0.12755102040816327 0.808982683982684 0.0010204081632653062 0.01911976911976912
53 0.13214285714285715 0.8102453102453102 0.009183673469387756 0.016594516594516596
6 0.06581632653061224 0.6437590187590188 0.022448979591836733 0.023448773448773448
67 0.08775510204081632 0.6432178932178932 0.007142857142857143 0.01443001443001443
67 0.09540816326530613 0.6341991341991342 0.007142857142857143 0.01443001443001443
67 0.10306122448979592 0.6461038961038961 0.007142857142857143 0.01443001443001443
8 0.06505102040816327 0.7224025974025974 0.02193877551020408 0.0183982683982684
67 0.08775510204081632 0.7276334776334776 0.007142857142857143 0.01443001443001443
67 0.09540816326530613 0.7187950937950938 0.007142857142857143 0.01479076479076479
67 0.10306122448979592 0.7306998556998557 0.007142857142857143 0.01479076479076479
8 0.06505102040816327 0.8037518037518038 0.02193877551020408 0.018037518037518036
10 0.0625 0.823051948051948 0.005612244897959183 0.005411255411255411
67 0.08775510204081632 0.8091630591630592 0.007142857142857143 0.01443001443001443
67 0.09540816326530613 0.8003246753246753 0.007142857142857143 0.01479076479076479
67 0.10306122448979592 0.8122294372294372 0.007142857142857143 0.01479076479076479
86 0.1306122448979592 0.06926406926406926 0.00816326530612245 0.016594516594516596
86 0.1306122448979592 0.1387085137085137 0.00816326530612245 0.016955266955266956
86 0.1306122448979592 0.22023809523809523 0.00816326530612245 0.016955266955266956
26 0.13239795918367347 0.4586940836940837 0.010714285714285714 0.006132756132756133
26 0.13239795918367347 0.5521284271284271 0.010714285714285714 0.006132756132756133
24 0.13239795918367347 0.6437590187590188 0.010714285714285714 0.006132756132756133
26 0.13239795918367347 0.7162698412698413 0.010714285714285714 0.006132756132756133
26 0.13239795918367347 0.7977994227994228 0.010714285714285714 0.006132756132756133
41 0.5033163265306122 0.4603174603174603 0.0005102040816326531 0.011544011544011544
41 0.5135204081632653 0.2113997113997114 0.0005102040816326531 0.015873015873015872
47 0.5170918367346938 0.2124819624819625 0.0066326530612244895 0.017316017316017316
61 0.4971938775510204 0.22113997113997114 0.005612244897959183 0.018037518037518036
61 0.49668367346938774 0.45256132756132755 0.005612244897959183 0.017676767676767676
86 0.5066326530612245 0.8059163059163059 0.00816326530612245 0.016594516594516596
88 0.46658163265306124 0.0735930735930736 0.010714285714285714 0.016594516594516596
26 0.5084183673469388 0.04924242424242424 0.010714285714285714 0.006132756132756133
24 0.5089285714285714 0.15746753246753248 0.009693877551020408 0.006132756132756133
26 0.5084183673469388 0.13654401154401155 0.010714285714285714 0.006132756132756133
72 0.5084183673469388 0.13095238095238096 0.002551020408163265 0.0021645021645021645
24 0.5084183673469388 0.22132034632034633 0.010714285714285714 0.006132756132756133
72 0.513265306122449 0.20093795093795094 0.003061224489795918 0.0021645021645021645
26 0.5084183673469388 0.45256132756132755 0.010714285714285714 0.006132756132756133
86 0.5066326530612245 0.5303030303030303 0.00816326530612245 0.016594516594516596
86 0.5066326530612245 0.6309523809523809 0.00816326530612245 0.016594516594516596
86 0.5066326530612245 0.7243867243867244 0.00816326530612245 0.016594516594516596
41 0.5033163265306122 0.06259018759018758 0.0005102040816326531 0.024170274170274172
41 0.5033163265306122 0.15692640692640691 0.0005102040816326531 0.03823953823953824
53 0.5081632653061224 0.16756854256854256 0.009183673469387756 0.016233766233766232
59 0.5214285714285715 0.03968253968253968 0.007142857142857143 0.01443001443001443
88 0.5512755102040816 0.0735930735930736 0.010714285714285714 0.016594516594516596
87 0.576530612244898 0.0707070707070707 0.00816326530612245 0.010822510822510822
87 0.576530612244898 0.14033189033189034 0.00816326530612245 0.010822510822510822
87 0.576530612244898 0.22186147186147187 0.00816326530612245 0.010822510822510822
24 0.5778061224489796 0.4496753246753247 0.010714285714285714 0.006132756132756133
41 0.5729591836734694 0.45725108225108224 0.0010204081632653062 0.012626262626262626
85 0.6112244897959184 0.06818181818181818 0.012244897959183673 0.0036075036075036075
26 0.5336734693877551 0.04310966810966811 0.01020408163265306 0.006132756132756133
41 0.5285714285714286 0.05952380952380952 0.0010204081632653062 0.030303030303030304
41 0.3676020408163265 0.2068903318903319 0.0005102040816326531 0.012626262626262626
61 0.350765306122449 0.14267676767676768 0.005612244897959183 0.017676767676767676
26 0.3834183673469388 0.04924242424242424 0.010714285714285714 0.006132756132756133
41 0.37831632653061226 0.06259018759018758 0.0005102040816326531 0.024170274170274172
88 0.40127551020408164 0.0735930735930736 0.010714285714285714 0.016594516594516596
24 0.4278061224489796 0.05212842712842713 0.010714285714285714 0.006132756132756133
26 0.42831632653061225 0.15458152958152957 0.009693877551020408 0.006132756132756133
24 0.4278061224489796 0.1397907647907648 0.010714285714285714 0.006132756132756133
72 0.4278061224489796 0.134018759018759 0.002551020408163265 0.0018037518037518038
72 0.3625 0.13672438672438672 0.002551020408163265 0.0021645021645021645
24 0.3181122448979592 0.4496753246753247 0.010714285714285714 0.006132756132756133
41 0.32321428571428573 0.43867243867243866 0.0005102040816326531 0.01948051948051948
88 0.33596938775510204 0.4531024531024531 0.010714285714285714 0.016594516594516596
26 0.3625 0.055014430014430016 0.010714285714285714 0.006132756132756133
24 0.36301020408163265 0.1516955266955267 0.009693877551020408 0.006132756132756133
26 0.3625 0.14267676767676768 0.010714285714285714 0.006132756132756133
24 0.3625 0.21518759018759018 0.010714285714285714 0.006132756132756133
72 0.3673469387755102 0.19642857142857142 0.003061224489795918 0.0018037518037518038
7 0.34183673469387754 0.22727272727272727 0.018367346938775512 0.01875901875901876
87 0.36122448979591837 0.45021645021645024 0.00816326530612245 0.010822510822510822
41 0.35739795918367345 0.06601731601731602 0.0005102040816326531 0.01948051948051948
41 0.35739795918367345 0.1571067821067821 0.0005102040816326531 0.026334776334776336
24 0.44846938775510203 0.04635642135642136 0.01020408163265306 0.006132756132756133
72 0.4326530612244898 0.19823232323232323 0.003061224489795918 0.0018037518037518038
41 0.42270408163265305 0.15656565656565657 0.0005102040816326531 0.031024531024531024
87 0.4262755102040816 0.726010101010101 0.007653061224489796 0.010461760461760462
87 0.4262755102040816 0.8075396825396826 0.007653061224489796 0.010461760461760462
41 0.42270408163265305 0.06403318903318904 0.0005102040816326531 0.021284271284271284
87 0.4262755102040816 0.6325757575757576 0.007653061224489796 0.010461760461760462
87 0.42653061224489797 0.5317460317460317 0.00816326530612245 0.010822510822510822
26 0.4278061224489796 0.21807359307359309 0.010714285714285714 0.006132756132756133
41 0.44362244897959185 0.061147186147186144 0.0005102040816326531 0.027056277056277056
87 0.42653061224489797 0.45021645021645024 0.00816326530612245 0.010822510822510822
41 0.4326530612244898 0.20959595959595959 0.0010204081632653062 0.01443001443001443