134 0.49948979591836734 0.770021645021645 0.9040816326530612 0.024170274170274172
1 0.685204081632653 0.1259018759018759 0.02142857142857143 0.0007215007215007215
1 0.685204081632653 0.13203463203463203 0.02142857142857143 0.0007215007215007215
1 0.37295918367346936 0.1259018759018759 0.02142857142857143 0.0007215007215007215
1 0.37295918367346936 0.13203463203463203 0.02142857142857143 0.0007215007215007215
1 0.37295918367346936 0.1378066378066378 0.02142857142857143 0.0007215007215007215
1 0.10459183673469388 0.1259018759018759 0.02142857142857143 0.0007215007215007215
1 0.10459183673469388 0.13203463203463203 0.02142857142857143 0.0007215007215007215
134 0.4997448979591837 0.6823593073593074 0.9045918367346939 0.024170274170274172
1 0.6831632653061225 0.3556998556998557 0.015306122448979591 0.0007215007215007215
134 0.4997448979591837 0.5674603174603174 0.9045918367346939 0.023809523809523808
134 0.4997448979591837 0.22294372294372294 0.9045918367346939 0.023809523809523808
1 0.760969387755102 0.7002164502164502 0.015816326530612244 0.0007215007215007215
1 0.635969387755102 0.7002164502164502 0.015816326530612244 0.0007215007215007215
1 0.13239795918367347 0.7002164502164502 0.015816326530612244 0.0007215007215007215
1 0.13239795918367347 0.7061688311688312 0.015816326530612244 0.0010822510822510823
1 0.10255102040816326 0.7002164502164502 0.015306122448979591 0.0007215007215007215
134 0.4997448979591837 0.45256132756132755 0.9045918367346939 0.024170274170274172
134 0.4997448979591837 0.33784271284271283 0.9045918367346939 0.024170274170274172
134 0.4997448979591837 0.10804473304473304 0.9045918367346939 0.024170274170274172
24 0.6831632653061225 0.3556998556998557 0.01020408163265306 0.006493506493506494
26 0.5035714285714286 0.6794733044733045 0.01020408163265306 0.006132756132756133
24 0.6831632653061225 0.23484848484848486 0.01020408163265306 0.006493506493506494
34 0.685204081632653 0.4615800865800866 0.014285714285714285 0.006132756132756133
30 0.6836734693877551 0.5762987012987013 0.011224489795918367 0.006132756132756133
26 0.6831632653061225 0.6852453102453102 0.01020408163265306 0.006132756132756133
41 0.6408163265306123 0.33315295815295815 0.0010204081632653062 0.024170274170274172
41 0.6408163265306123 0.6875901875901876 0.0010204081632653062 0.022366522366522368
34 0.685204081632653 0.09902597402597403 0.014285714285714285 0.006132756132756133
32 0.685204081632653 0.13185425685425686 0.014285714285714285 0.006132756132756133
32 0.685204081632653 0.11994949494949494 0.014285714285714285 0.006132756132756133
34 0.685204081632653 0.11129148629148629 0.014285714285714285 0.006132756132756133
34 0.685204081632653 0.10515873015873016 0.014285714285714285 0.006132756132756133
26 0.5035714285714286 0.3407287157287157 0.01020408163265306 0.006132756132756133
121 0.15433673469387754 0.6774891774891775 0.09438775510204081 0.0021645021645021645
41 0.6890306122448979 0.5652958152958153 0.0005102040816326531 0.01948051948051948
41 0.6880102040816326 0.22402597402597402 0.0005102040816326531 0.01948051948051948
24 0.6362244897959184 0.7002164502164502 0.01020408163265306 0.006493506493506494
47 0.6926020408163265 0.22276334776334777 0.008673469387755102 0.016955266955266956
26 0.5035714285714286 0.5705266955266955 0.01020408163265306 0.006132756132756133
41 0.6880102040816326 0.3448773448773449 0.0005102040816326531 0.01948051948051948
47 0.6926020408163265 0.3436147186147186 0.008673469387755102 0.016955266955266956
41 0.5584183673469387 0.32702020202020204 0.0005102040816326531 0.011904761904761904
41 0.5084183673469388 0.32936507936507936 0.0005102040816326531 0.020923520923520924
41 0.5584183673469387 0.676948051948052 0.0005102040816326531 0.013347763347763348
41 0.5084183673469388 0.5595238095238095 0.0005102040816326531 0.01948051948051948
41 0.5084183673469388 0.6713564213564214 0.0005102040816326531 0.013708513708513708
26 0.5964285714285714 0.21987734487734487 0.01020408163265306 0.006132756132756133
24 0.5535714285714286 0.21085858585858586 0.01020408163265306 0.006132756132756133
26 0.5535714285714286 0.3347763347763348 0.01020408163265306 0.006493506493506494
26 0.5535714285714286 0.6852453102453102 0.01020408163265306 0.006132756132756133
41 0.5487244897959184 0.22420634920634921 0.0005102040816326531 0.024170274170274172
41 0.6012755102040817 0.681998556998557 0.0005102040816326531 0.015512265512265512
26 0.6362244897959184 0.22601010101010102 0.01020408163265306 0.006132756132756133
26 0.6362244897959184 0.3466810966810967 0.01020408163265306 0.006493506493506494
41 0.6313775510204082 0.23376623376623376 0.0005102040816326531 0.013708513708513708
41 0.4987244897959184 0.2287157287157287 0.0005102040816326531 0.01443001443001443
26 0.5964285714285714 0.3407287157287157 0.01020408163265306 0.006132756132756133
86 0.5946428571428571 0.566017316017316 0.007653061224489796 0.017316017316017316
26 0.5964285714285714 0.6913780663780664 0.01020408163265306 0.006132756132756133
41 0.5915816326530612 0.2296176046176046 0.0005102040816326531 0.016955266955266956
41 0.6012755102040817 0.33080808080808083 0.0005102040816326531 0.018037518037518036
41 0.9288265306122448 0.6767676767676768 0.0005102040816326531 0.01443001443001443
87 0.9237244897959184 0.22366522366522368 0.009693877551020408 0.010822510822510822
41 0.8943877551020408 0.6809163059163059 0.0010204081632653062 0.024170274170274172
87 0.9237244897959184 0.3383838383838384 0.009693877551020408 0.010822510822510822
26 0.9239795918367347 0.6852453102453102 0.01020408163265306 0.006132756132756133
121 0.5650510204081632 0.23827561327561328 0.13214285714285715 0.006854256854256854
121 0.7441326530612244 0.6735209235209235 0.11173469387755101 0.007936507936507936
121 0.5747448979591837 0.6704545454545454 0.13214285714285715 0.01406926406926407
121 0.5747448979591837 0.31998556998557 0.13214285714285715 0.004329004329004329
121 0.8813775510204082 0.6668470418470418 0.09438775510204081 0.006854256854256854
84 0.5084183673469388 0.7656926406926406 0.010714285714285714 0.003246753246753247
121 0.42525510204081635 0.6655844155844156 0.09846938775510204 0.0021645021645021645
121 0.28188775510204084 0.6679292929292929 0.0923469387755102 0.006854256854256854
30 0.7316326530612245 0.22601010101010102 0.011224489795918367 0.006132756132756133
28 0.7316326530612245 0.34974747474747475 0.011224489795918367 0.006132756132756133
24 0.7311224489795919 0.6942640692640693 0.01020408163265306 0.006132756132756133
40 0.7436224489795918 0.22601010101010102 0.0035714285714285713 0.0025252525252525255
41 0.736734693877551 0.215007215007215 0.0010204081632653062 0.01948051948051948
40 0.7436224489795918 0.34686147186147187 0.0035714285714285713 0.0025252525252525255
41 0.736734693877551 0.33874458874458874 0.0010204081632653062 0.01948051948051948
41 0.6880102040816326 0.6774891774891775 0.0005102040816326531 0.013708513708513708
41 0.735969387755102 0.6832611832611832 0.0005102040816326531 0.020202020202020204
41 0.8344387755102041 0.5591630591630592 0.0005102040816326531 0.01875901875901876
41 0.8344387755102041 0.670995670995671 0.0005102040816326531 0.012987012987012988
26 0.8295918367346938 0.6794733044733045 0.01020408163265306 0.006132756132756133
26 0.8596938775510204 0.6852453102453102 0.01020408163265306 0.006132756132756133
41 0.8645408163265306 0.6753246753246753 0.0005102040816326531 0.018037518037518036
86 0.8880102040816327 0.566017316017316 0.007653061224489796 0.017316017316017316
24 0.889795918367347 0.6942640692640693 0.01020408163265306 0.006132756132756133
24 0.7612244897959184 0.7002164502164502 0.01020408163265306 0.006493506493506494
41 0.7660714285714286 0.6868686868686869 0.0005102040816326531 0.024531024531024532
24 0.7954081632653062 0.6942640692640693 0.01020408163265306 0.006132756132756133
41 0.8002551020408163 0.6848845598845599 0.0005102040816326531 0.016955266955266956
26 0.8295918367346938 0.5705266955266955 0.01020408163265306 0.006132756132756133
41 0.09770408163265307 0.4550865800865801 0.0005102040816326531 0.0183982683982684
41 0.09770408163265307 0.56998556998557 0.0005102040816326531 0.01875901875901876
41 0.10739795918367347 0.6895743145743146 0.0005102040816326531 0.024170274170274172
26 0.13239795918367347 0.709054834054834 0.009693877551020408 0.006132756132756133
41 0.13724489795918368 0.6928210678210678 0.0010204081632653062 0.030663780663780664
28 0.10280612244897959 0.33170995670995673 0.010714285714285714 0.006132756132756133
26 0.10255102040816326 0.4435425685425685 0.01020408163265306 0.006132756132756133
26 0.10255102040816326 0.5586219336219336 0.01020408163265306 0.006132756132756133
26 0.10255102040816326 0.7032828282828283 0.01020408163265306 0.006132756132756133
40 0.11505102040816327 0.22601010101010102 0.0035714285714285713 0.0025252525252525255
41 0.10790816326530613 0.21735209235209235 0.0005102040816326531 0.0183982683982684
40 0.11505102040816327 0.3288239538239538 0.0035714285714285713 0.0025252525252525255
41 0.09770408163265307 0.3427128427128427 0.0005102040816326531 0.01948051948051948
24 0.23112244897959183 0.6823593073593074 0.01020408163265306 0.006132756132756133
26 0.19668367346938775 0.6971500721500722 0.009693877551020408 0.006132756132756133
41 0.20127551020408163 0.6868686868686869 0.0005102040816326531 0.01875901875901876
28 0.23137755102040816 0.4586940836940837 0.010714285714285714 0.006132756132756133
28 0.23137755102040816 0.5734126984126984 0.010714285714285714 0.006132756132756133
41 0.2364795918367347 0.4476911976911977 0.0005102040816326531 0.01948051948051948
26 0.5035714285714286 0.21987734487734487 0.01020408163265306 0.006132756132756133
41 0.2364795918367347 0.5624098124098124 0.0005102040816326531 0.01948051948051948
24 0.16683673469387755 0.45256132756132755 0.01020408163265306 0.006132756132756133
24 0.16683673469387755 0.5674603174603174 0.01020408163265306 0.006493506493506494
26 0.16683673469387755 0.6913780663780664 0.01020408163265306 0.006132756132756133
41 0.16198979591836735 0.463023088023088 0.0005102040816326531 0.0183982683982684
41 0.16198979591836735 0.577922077922078 0.0005102040816326531 0.01875901875901876
41 0.17168367346938776 0.6838023088023089 0.0005102040816326531 0.012626262626262626
84 0.21556122448979592 0.7656926406926406 0.010714285714285714 0.003246753246753247
84 0.8084183673469387 0.7656926406926406 0.010714285714285714 0.003246753246753247
5 0.06683673469387755 0.10678210678210678 0.022448979591836733 0.044733044733044736
10 0.06505102040816327 0.1322150072150072 0.005612244897959183 0.005411255411255411
5 0.06683673469387755 0.2215007215007215 0.022448979591836733 0.044733044733044736
0 0.04056122448979592 0.7261904761904762 0.008673469387755102 0.11183261183261184
8 0.0663265306122449 0.7680375180375181 0.02346938775510204 0.020202020202020204
34 0.10459183673469388 0.1349206349206349 0.014285714285714285 0.006493506493506494
34 0.10459183673469388 0.12319624819624819 0.014285714285714285 0.006132756132756133
34 0.10459183673469388 0.11706349206349206 0.014285714285714285 0.006132756132756133
32 0.10459183673469388 0.10822510822510822 0.014285714285714285 0.005772005772005772
32 0.10459183673469388 0.1020923520923521 0.014285714285714285 0.006493506493506494
34 0.10459183673469388 0.09307359307359307 0.014285714285714285 0.006493506493506494
28 0.10280612244897959 0.2288961038961039 0.010714285714285714 0.006132756132756133
5 0.06683673469387755 0.3363997113997114 0.022448979591836733 0.044372294372294376
8 0.0663265306122449 0.4505772005772006 0.02346938775510204 0.020202020202020204
8 0.0663265306122449 0.5656565656565656 0.02346938775510204 0.020202020202020204
10 0.0635204081632653 0.5838744588744589 0.005612244897959183 0.005411255411255411
5 0.06683673469387755 0.6810966810966811 0.022448979591836733 0.044733044733044736
41 0.3767857142857143 0.5591630591630592 0.0005102040816326531 0.01875901875901876
26 0.3709183673469388 0.6913780663780664 0.01020408163265306 0.006132756132756133
41 0.36607142857142855 0.2222222222222222 0.0005102040816326531 0.01875901875901876
41 0.36607142857142855 0.34595959595959597 0.0005102040816326531 0.01875901875901876
26 0.4051020408163265 0.6852453102453102 0.01020408163265306 0.006132756132756133
41 0.40994897959183674 0.674963924963925 0.0005102040816326531 0.01875901875901876
26 0.4392857142857143 0.6794733044733045 0.01020408163265306 0.006132756132756133
41 0.4441326530612245 0.6718975468975469 0.0005102040816326531 0.012626262626262626
26 0.46938775510204084 0.6913780663780664 0.01020408163265306 0.006132756132756133
41 0.474234693877551 0.6778499278499278 0.0005102040816326531 0.024531024531024532
41 0.37576530612244896 0.6778499278499278 0.0005102040816326531 0.024531024531024532
53 0.3229591836734694 0.34884559884559885 0.007142857142857143 0.015873015873015872
41 0.31862244897959185 0.34884559884559885 0.0005102040816326531 0.018037518037518036
53 0.3229591836734694 0.22853535353535354 0.007142857142857143 0.016233766233766232
41 0.31862244897959185 0.22835497835497837 0.0005102040816326531 0.01875901875901876
24 0.32346938775510203 0.6883116883116883 0.01020408163265306 0.006493506493506494
24 0.32346938775510203 0.33784271284271283 0.01020408163265306 0.006132756132756133
24 0.32346938775510203 0.21699134199134198 0.01020408163265306 0.006132756132756133
87 0.29056122448979593 0.22366522366522368 0.009693877551020408 0.010822510822510822
41 0.29566326530612247 0.681998556998557 0.0005102040816326531 0.026334776334776336
87 0.29056122448979593 0.3383838383838384 0.009693877551020408 0.010822510822510822
26 0.29081632653061223 0.6971500721500722 0.01020408163265306 0.006132756132756133
34 0.37295918367346936 0.11706349206349206 0.014285714285714285 0.006132756132756133
34 0.37295918367346936 0.11129148629148629 0.014285714285714285 0.006132756132756133
34 0.37295918367346936 0.10515873015873016 0.014285714285714285 0.006132756132756133
32 0.37295918367346936 0.09613997113997114 0.014285714285714285 0.006132756132756133
32 0.37295918367346936 0.1259018759018759 0.014285714285714285 0.006493506493506494
41 0.2357142857142857 0.6735209235209235 0.0010204081632653062 0.015151515151515152
28 0.37142857142857144 0.21085858585858586 0.011224489795918367 0.006132756132756133
105 0.37142857142857144 0.2032828282828283 0.018367346938775512 0.006132756132756133
30 0.37142857142857144 0.3347763347763348 0.011224489795918367 0.006493506493506494
34 0.37295918367346936 0.4556277056277056 0.014285714285714285 0.006493506493506494
30 0.37142857142857144 0.5705266955266955 0.011224489795918367 0.006132756132756133
41 0.32831632653061227 0.6789321789321789 0.0005102040816326531 0.016594516594516596
41 0.2655612244897959 0.6767676767676768 0.0005102040816326531 0.01875901875901876
24 0.26071428571428573 0.6883116883116883 0.01020408163265306 0.006493506493506494
32 0.37295918367346936 0.1378066378066378 0.014285714285714285 0.006493506493506494