134 0.49948979591836734 0.251984126984127 0.9040816326530612 0.024170274170274172
134 0.4989795918367347 0.1919191919191919 0.9030612244897959 0.023809523809523808
134 0.4997448979591837 0.057900432900432904 0.9045918367346939 0.024170274170274172
1 0.31887755102040816 0.039862914862914864 0.012244897959183673 0.0010822510822510823
1 0.28877551020408165 0.039862914862914864 0.012244897959183673 0.0010822510822510823
134 0.4997448979591837 0.11778499278499278 0.9045918367346939 0.024170274170274172
41 0.6579081632653061 0.12012987012987013 0.0005102040816326531 0.01875901875901876
41 0.6334183673469388 0.12427849927849928 0.0005102040816326531 0.020562770562770564
26 0.6125 0.1148989898989899 0.007653061224489796 0.005411255411255411
41 0.6089285714285714 0.12445887445887446 0.0005102040816326531 0.017316017316017316
24 0.6372448979591837 0.11183261183261184 0.00816326530612245 0.005772005772005772
86 0.6607142857142857 0.04329004329004329 0.007142857142857143 0.015151515151515152
26 0.661734693877551 0.10894660894660894 0.00816326530612245 0.005772005772005772
24 0.661734693877551 0.1919191919191919 0.00816326530612245 0.005772005772005772
41 0.7561224489795918 0.06818181818181818 0.0010204081632653062 0.01875901875901876
85 0.7612244897959184 0.25018037518037517 0.011224489795918367 0.003246753246753247
24 0.7596938775510204 0.18596681096681097 0.00816326530612245 0.005411255411255411
26 0.7599489795918367 0.10894660894660894 0.007653061224489796 0.005772005772005772
24 0.7596938775510204 0.05772005772005772 0.00816326530612245 0.005772005772005772
41 0.7313775510204081 0.19895382395382397 0.0005102040816326531 0.016955266955266956
26 0.735204081632653 0.18885281385281386 0.00816326530612245 0.005411255411255411
41 0.6579081632653061 0.2011183261183261 0.0005102040816326531 0.016955266955266956
41 0.7068877551020408 0.20075757575757575 0.0005102040816326531 0.01406926406926407
24 0.7107142857142857 0.1919191919191919 0.00816326530612245 0.005772005772005772
41 0.6823979591836735 0.20238095238095238 0.0005102040816326531 0.011544011544011544
26 0.6862244897959183 0.19480519480519481 0.00816326530612245 0.005772005772005772
41 0.561734693877551 0.12373737373737374 0.0010204081632653062 0.021645021645021644
41 0.561734693877551 0.059704184704184704 0.0010204081632653062 0.01984126984126984
30 0.5673469387755102 0.255050505050505 0.012244897959183673 0.005772005772005772
24 0.565561224489796 0.1919191919191919 0.007653061224489796 0.005772005772005772
6 0.5267857142857143 0.11778499278499278 0.01683673469387755 0.0183982683982684
24 0.5653061224489796 0.11183261183261184 0.00816326530612245 0.005772005772005772
26 0.5653061224489796 0.04888167388167388 0.00816326530612245 0.005411255411255411
41 0.5176020408163265 0.18704906204906205 0.0005102040816326531 0.011183261183261184
26 0.514030612244898 0.19480519480519481 0.007653061224489796 0.005772005772005772
121 0.17525510204081632 0.12734487734487734 0.07193877551020408 0.006493506493506494
121 0.17551020408163265 0.1322150072150072 0.07346938775510205 0.006854256854256854
41 0.5841836734693877 0.12608225108225107 0.0010204081632653062 0.01406926406926407
24 0.5877551020408164 0.11778499278499278 0.00816326530612245 0.005411255411255411
41 0.5732142857142857 0.24386724386724387 0.0005102040816326531 0.01948051948051948
41 0.561734693877551 0.20220057720057721 0.0010204081632653062 0.01911976911976912
63 0.5543367346938776 0.11165223665223666 0.007653061224489796 0.01479076479076479
41 0.9280612244897959 0.2050865800865801 0.0010204081632653062 0.0183982683982684
41 0.9280612244897959 0.06132756132756133 0.0010204081632653062 0.016594516594516596
26 0.9316326530612244 0.19480519480519481 0.00816326530612245 0.005772005772005772
24 0.9316326530612244 0.05176767676767677 0.00816326530612245 0.005411255411255411
122 0.6135204081632653 0.18542568542568544 0.0923469387755102 0.004329004329004329
122 0.19158163265306122 0.03787878787878788 0.08622448979591837 0.004329004329004329
122 0.19158163265306122 0.20382395382395382 0.09438775510204081 0.004329004329004329
121 0.2760204081632653 0.058261183261183264 0.07653061224489796 0.003246753246753247
121 0.2760204081632653 0.0633116883116883 0.07857142857142857 0.003246753246753247
121 0.28341836734693876 0.18055555555555555 0.07806122448979592 0.003246753246753247
121 0.28341836734693876 0.18524531024531024 0.0770408163265306 0.003246753246753247
122 0.2913265306122449 0.10515873015873016 0.09795918367346938 0.003968253968253968
121 0.37551020408163266 0.13185425685425686 0.07244897959183673 0.006132756132756133
121 0.37551020408163266 0.13654401154401155 0.07346938775510205 0.006132756132756133
122 0.39132653061224487 0.20454545454545456 0.09387755102040816 0.004329004329004329
121 0.4688775510204082 0.09758297258297258 0.04897959183673469 0.006854256854256854
121 0.48112244897959183 0.18055555555555555 0.07346938775510205 0.003246753246753247
121 0.4813775510204082 0.18524531024531024 0.07295918367346939 0.003246753246753247
121 0.5974489795918367 0.1296897546897547 0.07142857142857142 0.0018037518037518038
121 0.5974489795918367 0.13455988455988455 0.07142857142857142 0.0021645021645021645
121 0.6948979591836735 0.20436507936507936 0.07346938775510205 0.003246753246753247
121 0.6948979591836735 0.20923520923520925 0.07346938775510205 0.002886002886002886
122 0.7107142857142857 0.1038961038961039 0.08571428571428572 0.004329004329004329
121 0.7931122448979592 0.12734487734487734 0.07193877551020408 0.006493506493506494
121 0.7928571428571428 0.1322150072150072 0.07346938775510205 0.006854256854256854
122 0.8089285714285714 0.17929292929292928 0.09438775510204081 0.004329004329004329
121 0.9237244897959184 0.06493506493506493 0.008673469387755102 0.0021645021645021645
121 0.8913265306122449 0.06908369408369408 0.07346938775510205 0.003246753246753247
121 0.8915816326530612 0.20743145743145744 0.07295918367346939 0.006493506493506494
121 0.8913265306122449 0.2123015873015873 0.07346938775510205 0.006854256854256854
41 0.7808673469387755 0.12121212121212122 0.0005102040816326531 0.020202020202020204
41 0.8298469387755102 0.12554112554112554 0.0005102040816326531 0.017316017316017316
26 0.8336734693877551 0.1148989898989899 0.00816326530612245 0.005411255411255411
41 0.8053571428571429 0.12337662337662338 0.0005102040816326531 0.01875901875901876
24 0.8091836734693878 0.11183261183261184 0.00816326530612245 0.005772005772005772
26 0.7844387755102041 0.10894660894660894 0.007653061224489796 0.005772005772005772
41 0.7561224489795918 0.1967893217893218 0.0010204081632653062 0.01984126984126984
41 0.9033163265306122 0.2031024531024531 0.0005102040816326531 0.01948051948051948
24 0.9071428571428571 0.1919191919191919 0.00816326530612245 0.005772005772005772
41 0.8788265306122449 0.20093795093795094 0.0005102040816326531 0.020923520923520924
26 0.8826530612244898 0.18885281385281386 0.00816326530612245 0.005411255411255411
41 0.8543367346938775 0.1985930735930736 0.0005102040816326531 0.022005772005772004
41 0.7561224489795918 0.11958874458874459 0.0010204081632653062 0.01984126984126984
41 0.8543367346938775 0.12301587301587301 0.0005102040816326531 0.01875901875901876
41 0.8543367346938775 0.05952380952380952 0.0005102040816326531 0.018037518037518036
40 0.8678571428571429 0.04888167388167388 0.003061224489795918 0.0018037518037518038
24 0.8581632653061224 0.18596681096681097 0.00816326530612245 0.005411255411255411
24 0.8581632653061224 0.11183261183261184 0.00816326530612245 0.005772005772005772
26 0.8581632653061224 0.04888167388167388 0.00816326530612245 0.005411255411255411
41 0.23698979591836736 0.054292929292929296 0.0005102040816326531 0.0183982683982684
24 0.24056122448979592 0.2638888888888889 0.007653061224489796 0.005411255411255411
26 0.24056122448979592 0.19480519480519481 0.007653061224489796 0.005772005772005772
24 0.24056122448979592 0.11183261183261184 0.007653061224489796 0.005772005772005772
26 0.24056122448979592 0.04292929292929293 0.007653061224489796 0.005772005772005772
41 0.21224489795918366 0.125 0.0010204081632653062 0.0183982683982684
26 0.21581632653061225 0.1148989898989899 0.00816326530612245 0.005411255411255411
41 0.1875 0.12301587301587301 0.0005102040816326531 0.01948051948051948
24 0.1913265306122449 0.11183261183261184 0.00816326530612245 0.005772005772005772
41 0.16301020408163266 0.12085137085137085 0.0005102040816326531 0.020923520923520924
26 0.16683673469387755 0.10894660894660894 0.00816326530612245 0.005772005772005772
41 0.1461734693877551 0.24675324675324675 0.0005102040816326531 0.01875901875901876
24 0.28877551020408165 0.20382395382395382 0.00816326530612245 0.005772005772005772
24 0.28877551020408165 0.039862914862914864 0.00816326530612245 0.005411255411255411
41 0.2604591836734694 0.053932178932178935 0.0005102040816326531 0.0183982683982684
26 0.2642857142857143 0.2068903318903319 0.00816326530612245 0.005411255411255411
26 0.2642857142857143 0.04292929292929293 0.00816326530612245 0.005772005772005772
41 0.2441326530612245 0.25306637806637805 0.0005102040816326531 0.01984126984126984
41 0.2441326530612245 0.18704906204906205 0.0005102040816326531 0.01406926406926407
41 0.23698979591836736 0.12247474747474747 0.0005102040816326531 0.01984126984126984
122 0.12168367346938776 0.10191197691197691 0.010714285714285714 0.0018037518037518038
7 0.0653061224489796 0.18578643578643578 0.02142857142857143 0.023088023088023088
69 0.08775510204081632 0.12067099567099566 0.007142857142857143 0.01479076479076479
69 0.09540816326530613 0.1296897546897547 0.007142857142857143 0.01479076479076479
69 0.10306122448979592 0.11778499278499278 0.007142857142857143 0.01479076479076479
69 0.11071428571428571 0.1266233766233766 0.007142857142857143 0.015151515151515152
69 0.0875 0.06060606060606061 0.007653061224489796 0.015151515151515152
69 0.09540816326530613 0.06962481962481963 0.007142857142857143 0.015151515151515152
69 0.10306122448979592 0.05772005772005772 0.007142857142857143 0.015151515151515152
69 0.11071428571428571 0.06655844155844155 0.007142857142857143 0.01479076479076479
69 0.0875 0.1976911976911977 0.007653061224489796 0.015151515151515152
69 0.09540816326530613 0.18578643578643578 0.007142857142857143 0.015151515151515152
69 0.10306122448979592 0.19480519480519481 0.007142857142857143 0.015151515151515152
69 0.11071428571428571 0.18272005772005773 0.007142857142857143 0.01479076479076479
122 0.12627551020408162 0.261002886002886 0.01989795918367347 0.0025252525252525255
0 0.04005102040816327 0.22186147186147187 0.008673469387755102 0.0836940836940837
0 0.04030612244897959 0.08766233766233766 0.00816326530612245 0.0836940836940837
24 0.14234693877551022 0.25793650793650796 0.00816326530612245 0.005772005772005772
41 0.1461734693877551 0.18362193362193363 0.0005102040816326531 0.01875901875901876
61 0.13188775510204082 0.1056998556998557 0.005612244897959183 0.015873015873015872
41 0.1385204081632653 0.1185064935064935 0.0005102040816326531 0.022005772005772004
63 0.13112244897959183 0.04274891774891775 0.007142857142857143 0.01479076479076479
41 0.1385204081632653 0.05411255411255411 0.0005102040816326531 0.01875901875901876
41 0.26785714285714285 0.19318181818181818 0.0010204081632653062 0.025613275613275612
26 0.14234693877551022 0.19480519480519481 0.00816326530612245 0.005772005772005772
24 0.14234693877551022 0.10588023088023088 0.00816326530612245 0.005411255411255411
26 0.14234693877551022 0.04292929292929293 0.00816326530612245 0.005772005772005772
69 0.0875 0.24585137085137085 0.007653061224489796 0.01479076479076479
69 0.09540816326530613 0.25487012987012986 0.007142857142857143 0.01479076479076479
69 0.10306122448979592 0.24296536796536797 0.007142857142857143 0.01479076479076479
69 0.11071428571428571 0.2518037518037518 0.007142857142857143 0.015151515151515152
8 0.06505102040816327 0.24873737373737373 0.020918367346938777 0.015512265512265512
24 0.4160714285714286 0.11778499278499278 0.007653061224489796 0.005411255411255411
61 0.4298469387755102 0.045454545454545456 0.005612244897959183 0.015873015873015872
41 0.4364795918367347 0.056998556998557 0.0005102040816326531 0.01875901875901876
24 0.4403061224489796 0.25793650793650796 0.00816326530612245 0.005772005772005772
24 0.4403061224489796 0.19787157287157287 0.00816326530612245 0.005411255411255411
26 0.4403061224489796 0.12085137085137085 0.00816326530612245 0.005772005772005772
24 0.4403061224489796 0.045815295815295816 0.00816326530612245 0.005772005772005772
41 0.4125 0.12860750360750361 0.0005102040816326531 0.01984126984126984
41 0.3877551020408163 0.12644300144300144 0.0010204081632653062 0.021284271284271284
26 0.39158163265306123 0.1148989898989899 0.007653061224489796 0.005411255411255411
41 0.28494897959183674 0.05176767676767677 0.0005102040816326531 0.022005772005772004
24 0.36683673469387756 0.11183261183261184 0.00816326530612245 0.005772005772005772
26 0.46479591836734696 0.20075757575757575 0.00816326530612245 0.005411255411255411
41 0.4931122448979592 0.18813131313131312 0.0005102040816326531 0.015512265512265512
41 0.4931122448979592 0.10245310245310245 0.0005102040816326531 0.01443001443001443
24 0.48928571428571427 0.19787157287157287 0.00816326530612245 0.005411255411255411
24 0.48928571428571427 0.11183261183261184 0.00816326530612245 0.005772005772005772
41 0.4686224489795918 0.1902958152958153 0.0005102040816326531 0.01911976911976912
41 0.36301020408163265 0.1240981240981241 0.0005102040816326531 0.023088023088023088
41 0.4441326530612245 0.24711399711399712 0.0005102040816326531 0.01948051948051948
41 0.4441326530612245 0.18903318903318903 0.0005102040816326531 0.015873015873015872
41 0.4441326530612245 0.10984848484848485 0.0005102040816326531 0.01984126984126984
41 0.3385204081632653 0.060064935064935064 0.0005102040816326531 0.01911976911976912
26 0.3423469387755102 0.26082251082251084 0.00816326530612245 0.005772005772005772
24 0.3423469387755102 0.19787157287157287 0.00816326530612245 0.005411255411255411
24 0.3423469387755102 0.11183261183261184 0.00816326530612245 0.005772005772005772
26 0.3423469387755102 0.04888167388167388 0.00816326530612245 0.005411255411255411
63 0.3076530612244898 0.20075757575757575 0.007142857142857143 0.01479076479076479
41 0.3227040816326531 0.19011544011544013 0.0005102040816326531 0.018037518037518036
41 0.31505102040816324 0.050505050505050504 0.0005102040816326531 0.023809523809523808
26 0.31887755102040816 0.20075757575757575 0.00816326530612245 0.005411255411255411
26 0.31887755102040816 0.036976911976911976 0.00816326530612245 0.005411255411255411
41 0.2926020408163265 0.1919191919191919 0.0005102040816326531 0.022366522366522368
41 0.3385204081632653 0.12355699855699856 0.0005102040816326531 0.022005772005772004
41 0.3461734693877551 0.18704906204906205 0.0005102040816326531 0.01984126984126984
41 0.3461734693877551 0.25018037518037517 0.0005102040816326531 0.01984126984126984
134 0.4989795918367347 0.3997113997113997 0.9030612244897959 0.023809523809523808
134 0.4997448979591837 0.5939754689754689 0.9045918367346939 0.024170274170274172
134 0.4997448979591837 0.5337301587301587 0.9045918367346939 0.024170274170274172
1 0.49668367346938774 0.6118326118326118 0.01173469387755102 0.0007215007215007215
134 0.4997448979591837 0.4597763347763348 0.9045918367346939 0.024170274170274172
40 0.7331632653061224 0.46284271284271283 0.003061224489795918 0.0021645021645021645
24 0.7232142857142857 0.4657287157287157 0.007653061224489796 0.005772005772005772
24 0.7232142857142857 0.5937950937950938 0.007653061224489796 0.005772005772005772
41 0.7270408163265306 0.39195526695526695 0.0010204081632653062 0.01984126984126984
41 0.7270408163265306 0.454004329004329 0.0010204081632653062 0.022005772005772004
26 0.6775510204081633 0.4686147186147186 0.00816326530612245 0.005772005772005772
26 0.7232142857142857 0.4027777777777778 0.007653061224489796 0.005411255411255411
41 0.6737244897959184 0.4072871572871573 0.0005102040816326531 0.017316017316017316
41 0.6966836734693878 0.4089105339105339 0.0005102040816326531 0.01479076479076479
24 0.7005102040816327 0.3997113997113997 0.00816326530612245 0.005772005772005772
47 0.6849489795918368 0.4512987012987013 0.005612244897959183 0.006493506493506494
41 0.6813775510204082 0.457972582972583 0.0005102040816326531 0.01984126984126984
41 0.7732142857142857 0.5858585858585859 0.0005102040816326531 0.01875901875901876
41 0.7961734693877551 0.5871212121212122 0.0005102040816326531 0.022005772005772004
41 0.7961734693877551 0.4514790764790765 0.0005102040816326531 0.01911976911976912
24 0.7923469387755102 0.5997474747474747 0.00816326530612245 0.005411255411255411
26 0.7923469387755102 0.46266233766233766 0.00816326530612245 0.005411255411255411
26 0.7693877551020408 0.5968614718614719 0.00816326530612245 0.005411255411255411
41 0.7502551020408164 0.5838744588744589 0.0005102040816326531 0.016955266955266956
24 0.7464285714285714 0.5937950937950938 0.00816326530612245 0.005772005772005772
41 0.7270408163265306 0.5831529581529582 0.0010204081632653062 0.01984126984126984
24 0.5811224489795919 0.5997474747474747 0.00816326530612245 0.005411255411255411
41 0.5614795918367347 0.5914502164502164 0.0005102040816326531 0.0183982683982684
26 0.5576530612244898 0.6028138528138528 0.00816326530612245 0.005772005772005772
41 0.5846938775510204 0.5896464646464646 0.0010204081632653062 0.0183982683982684
41 0.5364795918367347 0.5950577200577201 0.0005102040816326531 0.023448773448773448
121 0.20127551020408163 0.4155844155844156 0.007653061224489796 0.0021645021645021645
121 0.1711734693877551 0.41973304473304474 0.06989795918367347 0.003968253968253968
41 0.650765306122449 0.40566378066378067 0.0005102040816326531 0.01984126984126984
24 0.6545918367346939 0.39375901875901875 0.00816326530612245 0.005411255411255411
61 0.6206632653061225 0.5936147186147186 0.005612244897959183 0.015512265512265512
41 0.6278061224489796 0.6047979797979798 0.0005102040816326531 0.017676767676767676
26 0.6775510204081633 0.39664502164502163 0.00816326530612245 0.005411255411255411
41 0.6278061224489796 0.4071067821067821 0.0005102040816326531 0.016233766233766232
24 0.6313775510204082 0.5937950937950938 0.007653061224489796 0.005772005772005772
26 0.6313775510204082 0.3968253968253968 0.007653061224489796 0.005772005772005772
41 0.6079081632653062 0.5862193362193362 0.0005102040816326531 0.018037518037518036
26 0.6040816326530613 0.5968614718614719 0.00816326530612245 0.005411255411255411
41 0.9410714285714286 0.5901875901875901 0.0005102040816326531 0.022366522366522368
26 0.9372448979591836 0.6028138528138528 0.00816326530612245 0.005772005772005772
41 0.9252551020408163 0.591991341991342 0.0005102040816326531 0.024531024531024532
41 0.9252551020408163 0.3935786435786436 0.0005102040816326531 0.020923520923520924
24 0.9214285714285714 0.6056998556998557 0.00816326530612245 0.005772005772005772
24 0.9214285714285714 0.40566378066378067 0.00816326530612245 0.005411255411255411
121 0.7614795918367347 0.44246031746031744 0.06887755102040816 0.003246753246753247
121 0.7915816326530613 0.4466089466089466 0.008673469387755102 0.0021645021645021645
121 0.20127551020408163 0.4668109668109668 0.007653061224489796 0.0021645021645021645
121 0.1711734693877551 0.47113997113997114 0.06989795918367347 0.002886002886002886
122 0.18852040816326532 0.5465367965367965 0.0933673469387755 0.004329004329004329
121 0.1903061224489796 0.5854978354978355 0.04591836734693878 0.006493506493506494
121 0.19056122448979593 0.5901875901875901 0.044387755102040814 0.006493506493506494
121 0.2755102040816326 0.51497113997114 0.06938775510204082 0.006132756132756133
121 0.2755102040816326 0.5198412698412699 0.0673469387755102 0.005772005772005772
122 0.28341836734693876 0.6064213564213564 0.08826530612244898 0.004329004329004329
121 0.3676020408163265 0.5818903318903319 0.06887755102040816 0.0021645021645021645
121 0.3676020408163265 0.5867604617604618 0.06785714285714285 0.0018037518037518038
121 0.4627551020408163 0.3796897546897547 0.07448979591836735 0.003968253968253968
121 0.4954081632653061 0.3838383838383838 0.00816326530612245 0.0021645021645021645
121 0.4627551020408163 0.586038961038961 0.07448979591836735 0.007575757575757576
121 0.4627551020408163 0.5909090909090909 0.07346938775510205 0.007936507936507936
121 0.5721938775510204 0.5800865800865801 0.07091836734693878 0.007936507936507936
121 0.5721938775510204 0.5847763347763347 0.07091836734693878 0.007936507936507936
122 0.5821428571428572 0.3878066378066378 0.09489795918367347 0.004329004329004329
121 0.6622448979591836 0.41215728715728717 0.06938775510204082 0.003246753246753247
121 0.6622448979591836 0.417027417027417 0.06938775510204082 0.002886002886002886
122 0.6772959183673469 0.5873015873015873 0.08826530612244898 0.004329004329004329
121 0.7614795918367347 0.5744949494949495 0.06887755102040816 0.00468975468975469
121 0.7614795918367347 0.5793650793650794 0.06887755102040816 0.005050505050505051
122 0.7721938775510204 0.39375901875901875 0.08316326530612245 0.003968253968253968
121 0.8721938775510204 0.3823953823953824 0.10561224489795919 0.002886002886002886
121 0.872704081632653 0.38726551226551226 0.10459183673469388 0.003246753246753247
121 0.8326530612244898 0.577922077922078 0.026530612244897958 0.0036075036075036075
121 0.8326530612244898 0.5829725829725829 0.024489795918367346 0.0036075036075036075
121 0.8326530612244898 0.5876623376623377 0.024489795918367346 0.0036075036075036075
121 0.8696428571428572 0.577922077922078 0.015816326530612244 0.0036075036075036075
121 0.8698979591836735 0.5829725829725829 0.014285714285714285 0.0036075036075036075
121 0.8698979591836735 0.5876623376623377 0.014285714285714285 0.0036075036075036075
121 0.9170918367346939 0.5781024531024531 0.047448979591836735 0.003968253968253968
121 0.9176020408163266 0.5827922077922078 0.04642857142857143 0.003968253968253968
121 0.9176020408163266 0.5876623376623377 0.04642857142857143 0.0036075036075036075
41 0.8619897959183673 0.3903318903318903 0.0005102040816326531 0.015873015873015872
24 0.8581632653061224 0.5997474747474747 0.00816326530612245 0.005411255411255411
24 0.8581632653061224 0.3997113997113997 0.00816326530612245 0.005772005772005772
63 0.8311224489795919 0.6026334776334776 0.007142857142857143 0.01479076479076479
41 0.8459183673469388 0.5901875901875901 0.0010204081632653062 0.022366522366522368
26 0.8423469387755103 0.6028138528138528 0.00816326530612245 0.005772005772005772
41 0.8193877551020409 0.588023088023088 0.0010204081632653062 0.021645021645021644
41 0.8119897959183674 0.47059884559884557 0.0005102040816326531 0.017676767676767676
41 0.8193877551020409 0.39195526695526695 0.0010204081632653062 0.01984126984126984
24 0.8158163265306122 0.5997474747474747 0.00816326530612245 0.005411255411255411
24 0.8158163265306122 0.4597763347763348 0.00816326530612245 0.005411255411255411
26 0.815561224489796 0.4027777777777778 0.007653061224489796 0.005411255411255411
26 0.889795918367347 0.4027777777777778 0.00816326530612245 0.005411255411255411
41 0.9094387755102041 0.5896464646464646 0.0005102040816326531 0.023448773448773448
26 0.9056122448979592 0.6028138528138528 0.00816326530612245 0.005772005772005772
41 0.8936224489795919 0.5878427128427128 0.0005102040816326531 0.021284271284271284
41 0.8936224489795919 0.39231601731601734 0.0005102040816326531 0.01911976911976912
24 0.889795918367347 0.5997474747474747 0.00816326530612245 0.005411255411255411
41 0.8778061224489796 0.5901875901875901 0.0005102040816326531 0.022366522366522368
26 0.8739795918367347 0.6028138528138528 0.00816326530612245 0.005772005772005772
41 0.8619897959183673 0.588023088023088 0.0005102040816326531 0.021645021645021644
61 0.8474489795918367 0.39935064935064934 0.006122448979591836 0.015873015873015872
41 0.2058673469387755 0.46356421356421357 0.0005102040816326531 0.015873015873015872
41 0.2058673469387755 0.41089466089466087 0.0005102040816326531 0.01875901875901876
41 0.2135204081632653 0.5921717171717171 0.0005102040816326531 0.017676767676767676
26 0.2372448979591837 0.4027777777777778 0.00816326530612245 0.005411255411255411
26 0.2372448979591837 0.45670995670995673 0.00816326530612245 0.005772005772005772
24 0.2372448979591837 0.5398629148629148 0.00816326530612245 0.005411255411255411
26 0.2096938775510204 0.6028138528138528 0.00816326530612245 0.005772005772005772
24 0.2096938775510204 0.4538239538239538 0.00816326530612245 0.005772005772005772
24 0.2096938775510204 0.3997113997113997 0.00816326530612245 0.005772005772005772
41 0.19056122448979593 0.5948773448773449 0.0005102040816326531 0.01875901875901876
24 0.186734693877551 0.6056998556998557 0.00816326530612245 0.005772005772005772
41 0.1673469387755102 0.5977633477633477 0.0010204081632653062 0.01948051948051948
26 0.16377551020408163 0.6087662337662337 0.00816326530612245 0.005411255411255411
41 0.2869897959183674 0.5247113997113997 0.0005102040816326531 0.020562770562770564
26 0.28316326530612246 0.5367965367965368 0.00816326530612245 0.005772005772005772
41 0.26403061224489793 0.5270562770562771 0.0005102040816326531 0.022366522366522368
24 0.2602040816326531 0.5398629148629148 0.00816326530612245 0.005411255411255411
41 0.24107142857142858 0.5885642135642135 0.0005102040816326531 0.01911976911976912
41 0.24107142857142858 0.5281385281385281 0.0005102040816326531 0.021645021645021644
61 0.22653061224489796 0.45634920634920634 0.006122448979591836 0.015873015873015872
41 0.23341836734693877 0.4677128427128427 0.0005102040816326531 0.01984126984126984
41 0.24107142857142858 0.39195526695526695 0.0005102040816326531 0.01984126984126984
24 0.2372448979591837 0.5997474747474747 0.00816326530612245 0.005411255411255411
69 0.0875 0.4025974025974026 0.007653061224489796 0.015151515151515152
69 0.09540816326530613 0.41143578643578643 0.007142857142857143 0.01479076479076479
69 0.10306122448979592 0.3995310245310245 0.007142857142857143 0.01479076479076479
69 0.11071428571428571 0.40854978354978355 0.007142857142857143 0.01479076479076479
6 0.0653061224489796 0.4597763347763348 0.02142857142857143 0.023448773448773448
69 0.0875 0.45075757575757575 0.007653061224489796 0.01479076479076479
69 0.09540816326530613 0.4595959595959596 0.007142857142857143 0.015151515151515152
69 0.10306122448979592 0.4476911976911977 0.007142857142857143 0.015151515151515152
69 0.11071428571428571 0.45670995670995673 0.007142857142857143 0.015151515151515152
7 0.0653061224489796 0.5277777777777778 0.02142857142857143 0.023088023088023088
69 0.0875 0.5396825396825397 0.007653061224489796 0.015151515151515152
69 0.09540816326530613 0.5277777777777778 0.007142857142857143 0.015151515151515152
69 0.10306122448979592 0.5366161616161617 0.007142857142857143 0.01479076479076479
69 0.11071428571428571 0.5247113997113997 0.007142857142857143 0.01479076479076479
8 0.06505102040816327 0.5905483405483406 0.020918367346938777 0.015151515151515152
69 0.0875 0.5878427128427128 0.007653061224489796 0.01479076479076479
69 0.09540816326530613 0.5966810966810967 0.007142857142857143 0.015151515151515152
69 0.10306122448979592 0.5847763347763347 0.007142857142857143 0.015151515151515152
69 0.11071428571428571 0.5937950937950938 0.007142857142857143 0.015151515151515152
84 0.7346938775510204 0.5295815295815296 0.011224489795918367 0.002886002886002886
0 0.04005102040816327 0.5638528138528138 0.008673469387755102 0.0836940836940837
0 0.04030612244897959 0.4296536796536797 0.00816326530612245 0.0836940836940837
41 0.14362244897959184 0.5283189033189033 0.0005102040816326531 0.0183982683982684
41 0.13622448979591836 0.461038961038961 0.0010204081632653062 0.01875901875901876
40 0.15 0.4509379509379509 0.003061224489795918 0.0021645021645021645
41 0.13622448979591836 0.408008658008658 0.0010204081632653062 0.020923520923520924
40 0.15 0.3968253968253968 0.003061224489795918 0.0021645021645021645
88 0.14005102040816325 0.5963203463203464 0.008673469387755102 0.015151515151515152
24 0.14005102040816325 0.5398629148629148 0.007653061224489796 0.005411255411255411
26 0.14005102040816325 0.45075757575757575 0.007653061224489796 0.005411255411255411
26 0.14005102040816325 0.3968253968253968 0.007653061224489796 0.005772005772005772
41 0.4711734693877551 0.5966810966810967 0.0005102040816326531 0.01948051948051948
26 0.4676020408163265 0.6087662337662337 0.007653061224489796 0.005411255411255411
41 0.44821428571428573 0.5943362193362194 0.0005102040816326531 0.0183982683982684
24 0.4443877551020408 0.6056998556998557 0.00816326530612245 0.005772005772005772
41 0.42525510204081635 0.5921717171717171 0.0005102040816326531 0.017676767676767676
41 0.42525510204081635 0.39087301587301587 0.0005102040816326531 0.01984126984126984
40 0.43112244897959184 0.4025974025974026 0.003061224489795918 0.0021645021645021645
86 0.42066326530612247 0.5310245310245311 0.007653061224489796 0.015151515151515152
26 0.42142857142857143 0.4027777777777778 0.00816326530612245 0.005411255411255411
63 0.48520408163265305 0.6116522366522367 0.007142857142857143 0.01479076479076479
41 0.5364795918367347 0.4603174603174603 0.0005102040816326531 0.01875901875901876
40 0.5423469387755102 0.4686147186147186 0.003061224489795918 0.0021645021645021645
41 0.5288265306122449 0.4078282828282828 0.0005102040816326531 0.01911976911976912
26 0.5326530612244897 0.6087662337662337 0.00816326530612245 0.005411255411255411
24 0.5326530612244897 0.4716810966810967 0.00816326530612245 0.005411255411255411
26 0.5326530612244897 0.39664502164502163 0.00816326530612245 0.005411255411255411
26 0.42142857142857143 0.6028138528138528 0.00816326530612245 0.005772005772005772
41 0.5002551020408164 0.5995670995670995 0.0005102040816326531 0.020923520923520924
41 0.5002551020408164 0.38852813852813856 0.0005102040816326531 0.01875901875901876
24 0.49642857142857144 0.6116522366522367 0.00816326530612245 0.005411255411255411
24 0.49642857142857144 0.3997113997113997 0.00816326530612245 0.005772005772005772
41 0.3538265306122449 0.5928932178932179 0.0005102040816326531 0.021284271284271284
24 0.35025510204081634 0.6058802308802309 0.007653061224489796 0.005411255411255411
26 0.32933673469387753 0.5367965367965368 0.007653061224489796 0.005772005772005772
24 0.32933673469387753 0.5997474747474747 0.007653061224489796 0.005411255411255411
41 0.33290816326530615 0.5905483405483406 0.0005102040816326531 0.016594516594516596
41 0.33290816326530615 0.3943001443001443 0.0005102040816326531 0.01875901875901876
41 0.40229591836734696 0.5901875901875901 0.0005102040816326531 0.015873015873015872
41 0.33290816326530615 0.5261544011544012 0.0005102040816326531 0.01984126984126984
63 0.3181122448979592 0.4054834054834055 0.007653061224489796 0.015151515151515152
41 0.32576530612244897 0.4707792207792208 0.0005102040816326531 0.017316017316017316
24 0.30612244897959184 0.5337301587301587 0.00816326530612245 0.005411255411255411
41 0.30994897959183676 0.5229076479076479 0.0005102040816326531 0.01984126984126984
41 0.3793367346938776 0.5887445887445888 0.0005102040816326531 0.012987012987012988
26 0.37551020408163266 0.5968614718614719 0.00816326530612245 0.005411255411255411
24 0.32933673469387753 0.40566378066378067 0.007653061224489796 0.005411255411255411
24 0.39846938775510204 0.5997474747474747 0.00816326530612245 0.005411255411255411
28 0.33137755102040817 0.4597763347763348 0.01173469387755102 0.006132756132756133
134 0.4997448979591837 0.7415223665223665 0.9045918367346939 0.024170274170274172
134 0.4997448979591837 0.9357864357864358 0.9045918367346939 0.023809523809523808
134 0.4997448979591837 0.8017676767676768 0.9045918367346939 0.024170274170274172
134 0.4997448979591837 0.8757215007215007 0.9045918367346939 0.024170274170274172
24 0.7563775510204082 0.8697691197691197 0.007653061224489796 0.005772005772005772
24 0.7563775510204082 0.8077200577200577 0.007653061224489796 0.005772005772005772
26 0.7563775510204082 0.7386363636363636 0.007653061224489796 0.005411255411255411
61 0.6729591836734694 0.9356060606060606 0.006122448979591836 0.015512265512265512
41 0.735969387755102 0.9296536796536796 0.0005102040816326531 0.020923520923520924
61 0.7214285714285714 0.8665223665223665 0.006122448979591836 0.015873015873015872
41 0.7283163265306123 0.8780663780663781 0.0005102040816326531 0.01875901875901876
24 0.7321428571428571 0.9417388167388168 0.00816326530612245 0.005411255411255411
26 0.7321428571428571 0.8667027417027418 0.00816326530612245 0.005411255411255411
41 0.7114795918367347 0.9283910533910534 0.0005102040816326531 0.016955266955266956
26 0.7076530612244898 0.9386724386724387 0.00816326530612245 0.005772005772005772
41 0.7844387755102041 0.7308802308802309 0.0005102040816326531 0.018037518037518036
24 0.7806122448979592 0.7417027417027418 0.00816326530612245 0.005772005772005772
41 0.7599489795918367 0.9327200577200577 0.0005102040816326531 0.01984126984126984
26 0.7563775510204082 0.9448051948051948 0.007653061224489796 0.005772005772005772
41 0.7528061224489796 0.8807720057720058 0.0005102040816326531 0.020562770562770564
40 0.7663265306122449 0.8668831168831169 0.003061224489795918 0.0021645021645021645
41 0.7599489795918367 0.7988816738816739 0.0005102040816326531 0.015512265512265512
41 0.7599489795918367 0.7283549783549783 0.0005102040816326531 0.01875901875901876
41 0.5780612244897959 0.7397186147186147 0.0010204081632653062 0.017676767676767676
24 0.6306122448979592 0.7357503607503607 0.00816326530612245 0.005411255411255411
41 0.602295918367347 0.7424242424242424 0.0005102040816326531 0.015873015873015872
26 0.6061224489795919 0.7326839826839827 0.00816326530612245 0.005772005772005772
61 0.5711734693877552 0.7294372294372294 0.005612244897959183 0.015873015873015872
41 0.6267857142857143 0.7449494949494949 0.0005102040816326531 0.016594516594516596
24 0.5816326530612245 0.7297979797979798 0.00816326530612245 0.005772005772005772
121 0.18239795918367346 0.7218614718614719 0.075 0.007936507936507936
121 0.18214285714285713 0.7267316017316018 0.07346938775510205 0.007575757575757576
41 0.6869897959183674 0.9265873015873016 0.0005102040816326531 0.01406926406926407
24 0.6834183673469387 0.9357864357864358 0.007653061224489796 0.005772005772005772
41 0.6584183673469388 0.9274891774891775 0.0005102040816326531 0.01875901875901876
41 0.6510204081632653 0.8757215007215007 0.0010204081632653062 0.021284271284271284
40 0.664795918367347 0.8607503607503607 0.003061224489795918 0.0021645021645021645
41 0.6510204081632653 0.7496392496392497 0.0010204081632653062 0.01948051948051948
26 0.6545918367346939 0.9386724386724387 0.00816326530612245 0.005772005772005772
24 0.6545918367346939 0.8638167388167388 0.00816326530612245 0.005411255411255411
26 0.6545918367346939 0.7386363636363636 0.00816326530612245 0.005411255411255411
41 0.9323979591836735 0.73989898989899 0.0005102040816326531 0.017316017316017316
26 0.9285714285714286 0.7505411255411255 0.00816326530612245 0.005411255411255411
41 0.9081632653061225 0.7963564213564214 0.0010204081632653062 0.01479076479076479
41 0.9081632653061225 0.738997113997114 0.0010204081632653062 0.015512265512265512
26 0.9045918367346939 0.8046536796536796 0.00816326530612245 0.005411255411255411
122 0.19081632653061226 0.9484126984126984 0.09591836734693877 0.004329004329004329
121 0.28316326530612246 0.9154040404040404 0.07755102040816327 0.006854256854256854
121 0.28316326530612246 0.9202741702741702 0.07551020408163266 0.006493506493506494
122 0.29183673469387755 0.7290764790764791 0.09795918367346938 0.004329004329004329
121 0.37551020408163266 0.7555916305916306 0.07142857142857142 0.006132756132756133
121 0.3752551020408163 0.7604617604617605 0.07295918367346939 0.005772005772005772
121 0.4747448979591837 0.7507215007215007 0.0760204081632653 0.007936507936507936
121 0.4747448979591837 0.7554112554112554 0.0770408163265306 0.007936507936507936
121 0.5086734693877552 0.9516594516594516 0.00816326530612245 0.0021645021645021645
121 0.4747448979591837 0.9558080808080808 0.0770408163265306 0.003968253968253968
121 0.588265306122449 0.7456709956709957 0.07653061224489796 0.007936507936507936
121 0.5880102040816326 0.7507215007215007 0.0770408163265306 0.007936507936507936
122 0.6558673469387755 0.8143939393939394 0.19744897959183674 0.00468975468975469
122 0.6040816326530613 0.9476911976911977 0.09795918367346938 0.004329004329004329
121 0.7237244897959184 0.8827561327561327 0.008673469387755102 0.0021645021645021645
121 0.6895408163265306 0.887085137085137 0.0770408163265306 0.002886002886002886
121 0.6971938775510204 0.9184704184704184 0.0770408163265306 0.002886002886002886
121 0.6971938775510204 0.9233405483405484 0.0770408163265306 0.003246753246753247
122 0.7056122448979592 0.7297979797979798 0.09795918367346938 0.004329004329004329
24 0.9043367346938775 0.7476551226551227 0.007653061224489796 0.005411255411255411
121 0.7966836734693877 0.7213203463203464 0.07295918367346939 0.006854256854256854
121 0.7961734693877551 0.726010101010101 0.07193877551020408 0.006854256854256854
121 0.8341836734693877 0.7896825396825397 0.14795918367346939 0.004329004329004329
121 0.8209183673469388 0.8888888888888888 0.00816326530612245 0.0021645021645021645
121 0.789030612244898 0.8930375180375181 0.07295918367346939 0.003246753246753247
121 0.7844387755102041 0.920995670995671 0.04846938775510204 0.005772005772005772
121 0.8951530612244898 0.7297979797979798 0.075 0.0021645021645021645
121 0.8954081632653061 0.7344877344877345 0.07448979591836735 0.0021645021645021645
41 0.825765306122449 0.8841991341991342 0.0005102040816326531 0.01875901875901876
41 0.8329081632653061 0.7346681096681097 0.0005102040816326531 0.021284271284271284
26 0.8293367346938776 0.8728354978354979 0.007653061224489796 0.005411255411255411
24 0.8293367346938776 0.7476551226551227 0.007653061224489796 0.005411255411255411
41 0.8089285714285714 0.9282106782106783 0.0005102040816326531 0.018037518037518036
41 0.8089285714285714 0.7997835497835498 0.0005102040816326531 0.01875901875901876
41 0.8089285714285714 0.7326839826839827 0.0005102040816326531 0.020923520923520924
26 0.8051020408163265 0.9388528138528138 0.00816326530612245 0.005411255411255411
26 0.8051020408163265 0.8106060606060606 0.00816326530612245 0.005772005772005772
41 0.8839285714285714 0.7362914862914863 0.0005102040816326531 0.012987012987012988
26 0.8801020408163265 0.7445887445887446 0.00816326530612245 0.005772005772005772
41 0.8573979591836735 0.9393939393939394 0.0005102040816326531 0.01875901875901876
41 0.8497448979591836 0.8863636363636364 0.0005102040816326531 0.018037518037518036
26 0.8051020408163265 0.7445887445887446 0.00816326530612245 0.005772005772005772
41 0.8573979591836735 0.7977994227994228 0.0005102040816326531 0.016233766233766232
41 0.8573979591836735 0.7391774891774892 0.0005102040816326531 0.01875901875901876
26 0.8535714285714285 0.9507575757575758 0.00816326530612245 0.005411255411255411
24 0.8535714285714285 0.8757215007215007 0.00816326530612245 0.005411255411255411
24 0.8535714285714285 0.8077200577200577 0.00816326530612245 0.005772005772005772
26 0.8535714285714285 0.7505411255411255 0.00816326530612245 0.005411255411255411
41 0.24464285714285713 0.9291125541125541 0.0005102040816326531 0.022005772005772004
41 0.23698979591836736 0.7471139971139971 0.0005102040816326531 0.01875901875901876
24 0.24081632653061225 0.9417388167388168 0.00816326530612245 0.005411255411255411
24 0.24081632653061225 0.7357503607503607 0.00816326530612245 0.005411255411255411
26 0.26479591836734695 0.9386724386724387 0.00816326530612245 0.005772005772005772
41 0.21964285714285714 0.7278138528138528 0.0005102040816326531 0.017676767676767676
26 0.21607142857142858 0.7386363636363636 0.007653061224489796 0.005411255411255411
41 0.19566326530612244 0.7305194805194806 0.0005102040816326531 0.01875901875901876
24 0.19183673469387755 0.7417027417027418 0.00816326530612245 0.005772005772005772
41 0.1711734693877551 0.7328643578643579 0.0005102040816326531 0.01984126984126984
26 0.1673469387755102 0.7445887445887446 0.00816326530612245 0.005772005772005772
26 0.31785714285714284 0.9327200577200577 0.00816326530612245 0.005411255411255411
40 0.3525510204081633 0.7987012987012987 0.003061224489795918 0.0021645021645021645
41 0.33903061224489794 0.748015873015873 0.0005102040816326531 0.020562770562770564
41 0.5568877551020408 0.9274891774891775 0.0005102040816326531 0.01875901875901876
24 0.3426020408163265 0.8017676767676768 0.007653061224489796 0.005411255411255411
24 0.3426020408163265 0.7357503607503607 0.007653061224489796 0.005411255411255411
41 0.32168367346938775 0.9226190476190477 0.0005102040816326531 0.0183982683982684
61 0.28316326530612246 0.9354256854256854 0.006122448979591836 0.015873015873015872
41 0.29744897959183675 0.9247835497835498 0.0010204081632653062 0.01984126984126984
24 0.2938775510204082 0.9357864357864358 0.00816326530612245 0.005772005772005772
41 0.2686224489795918 0.9273088023088023 0.0005102040816326531 0.021284271284271284
69 0.08775510204081632 0.8814935064935064 0.007142857142857143 0.01479076479076479
69 0.09540816326530613 0.8695887445887446 0.007142857142857143 0.01479076479076479
69 0.10306122448979592 0.8786075036075036 0.007142857142857143 0.01479076479076479
69 0.11071428571428571 0.8667027417027418 0.007142857142857143 0.01479076479076479
7 0.0653061224489796 0.8697691197691197 0.02142857142857143 0.023088023088023088
69 0.0875 0.7925685425685426 0.007653061224489796 0.015151515151515152
69 0.09540816326530613 0.8015873015873016 0.007142857142857143 0.015151515151515152
69 0.10306122448979592 0.7895021645021645 0.007142857142857143 0.01479076479076479
69 0.11071428571428571 0.7985209235209235 0.007142857142857143 0.01479076479076479
6 0.0653061224489796 0.8015873015873016 0.02142857142857143 0.023088023088023088
69 0.08775510204081632 0.7444083694083694 0.007142857142857143 0.01479076479076479
69 0.09540816326530613 0.7534271284271284 0.007142857142857143 0.01479076479076479
69 0.10306122448979592 0.7415223665223665 0.007142857142857143 0.01479076479076479
69 0.11071428571428571 0.7505411255411255 0.007142857142857143 0.01479076479076479
84 0.325 0.8713924963924964 0.011224489795918367 0.003246753246753247
0 0.04030612244897959 0.9058441558441559 0.00816326530612245 0.0836940836940837
0 0.04005102040816327 0.7716450216450217 0.008673469387755102 0.0836940836940837
41 0.14464285714285716 0.9303751803751804 0.0005102040816326531 0.01875901875901876
61 0.13035714285714287 0.7983405483405484 0.005612244897959183 0.015873015873015872
41 0.13724489795918368 0.8097041847041847 0.0010204081632653062 0.01911976911976912
61 0.13035714285714287 0.7503607503607503 0.005612244897959183 0.015873015873015872
24 0.3426020408163265 0.9298340548340548 0.007653061224489796 0.005411255411255411
41 0.14464285714285716 0.7368326118326118 0.0005102040816326531 0.023448773448773448
24 0.14081632653061224 0.9417388167388168 0.00816326530612245 0.005411255411255411
30 0.14285714285714285 0.7987012987012987 0.012244897959183673 0.005772005772005772
26 0.14081632653061224 0.7505411255411255 0.00816326530612245 0.005411255411255411
69 0.0875 0.9296536796536796 0.007653061224489796 0.015151515151515152
69 0.09540816326530613 0.9386724386724387 0.007142857142857143 0.015151515151515152
69 0.10306122448979592 0.9265873015873016 0.007142857142857143 0.01479076479076479
69 0.11071428571428571 0.9356060606060606 0.007142857142857143 0.01479076479076479
8 0.06505102040816327 0.9325396825396826 0.020918367346938777 0.015151515151515152
47 0.4959183673469388 0.7873376623376623 0.006122448979591836 0.006854256854256854
41 0.5135204081632653 0.946969696969697 0.0005102040816326531 0.01875901875901876
61 0.5066326530612245 0.7294372294372294 0.006122448979591836 0.015873015873015872
41 0.5135204081632653 0.7418831168831169 0.0005102040816326531 0.020562770562770564
24 0.5173469387755102 0.9357864357864358 0.00816326530612245 0.005772005772005772
24 0.5173469387755102 0.7296176046176046 0.00816326530612245 0.005411255411255411
41 0.49209183673469387 0.7932900432900433 0.0005102040816326531 0.01875901875901876
41 0.48494897959183675 0.7445887445887446 0.0005102040816326531 0.01948051948051948
26 0.4885204081632653 0.8046536796536796 0.007653061224489796 0.005411255411255411
26 0.4885204081632653 0.7326839826839827 0.007653061224489796 0.005772005772005772
41 0.33903061224489794 0.812049062049062 0.0005102040816326531 0.01875901875901876
41 0.4604591836734694 0.7469336219336219 0.0005102040816326531 0.01911976911976912
41 0.549234693877551 0.8863636363636364 0.0005102040816326531 0.018037518037518036
41 0.5609693877551021 0.7961760461760462 0.0005102040816326531 0.01875901875901876
41 0.549234693877551 0.737914862914863 0.0005102040816326531 0.01911976911976912
26 0.5530612244897959 0.9386724386724387 0.00816326530612245 0.005772005772005772
24 0.5530612244897959 0.8757215007215007 0.00816326530612245 0.005411255411255411
28 0.5551020408163265 0.8077200577200577 0.012244897959183673 0.005772005772005772
26 0.5530612244897959 0.7267316017316018 0.00816326530612245 0.005411255411255411
26 0.43979591836734694 0.7386363636363636 0.00816326530612245 0.005411255411255411
41 0.4119897959183674 0.7530663780663781 0.0005102040816326531 0.0183982683982684
24 0.41556122448979593 0.7417027417027418 0.007653061224489796 0.005772005772005772
41 0.3875 0.7507215007215007 0.0005102040816326531 0.020202020202020204
26 0.39132653061224487 0.7386363636363636 0.00816326530612245 0.005411255411255411
24 0.4642857142857143 0.7357503607503607 0.00816326530612245 0.005411255411255411
41 0.36301020408163265 0.7483766233766234 0.0005102040816326531 0.022727272727272728
24 0.36683673469387756 0.7357503607503607 0.00816326530612245 0.005411255411255411
41 0.33903061224489794 0.9406565656565656 0.0005102040816326531 0.01984126984126984
40 0.44948979591836735 0.9329004329004329 0.003061224489795918 0.0021645021645021645
41 0.435969387755102 0.7489177489177489 0.0005102040816326531 0.01875901875901876
41 0.435969387755102 0.9444444444444444 0.0005102040816326531 0.020202020202020204
26 0.43979591836734694 0.9327200577200577 0.00816326530612245 0.005411255411255411