1 0.8862244897959184 0.49422799422799424 0.02142857142857143 0.0007215007215007215
1 0.8862244897959184 0.5003607503607503 0.02142857142857143 0.0007215007215007215
1 0.8862244897959184 0.5063131313131313 0.02142857142857143 0.0010822510822510823
1 0.8862244897959184 0.5122655122655123 0.02142857142857143 0.0007215007215007215
1 0.8025510204081633 0.49422799422799424 0.02142857142857143 0.0007215007215007215
1 0.8025510204081633 0.5003607503607503 0.02142857142857143 0.0007215007215007215
1 0.8025510204081633 0.5063131313131313 0.02142857142857143 0.0010822510822510823
1 0.8025510204081633 0.5122655122655123 0.02142857142857143 0.0007215007215007215
1 0.7188775510204082 0.49422799422799424 0.02142857142857143 0.0007215007215007215
1 0.7188775510204082 0.5003607503607503 0.02142857142857143 0.0007215007215007215
1 0.7188775510204082 0.5063131313131313 0.02142857142857143 0.0010822510822510823
1 0.7188775510204082 0.5122655122655123 0.02142857142857143 0.0007215007215007215
1 0.6352040816326531 0.49422799422799424 0.02142857142857143 0.0007215007215007215
1 0.6352040816326531 0.5003607503607503 0.02142857142857143 0.0007215007215007215
1 0.6352040816326531 0.5063131313131313 0.02142857142857143 0.0010822510822510823
1 0.6352040816326531 0.5122655122655123 0.02142857142857143 0.0007215007215007215
134 0.4997448979591837 0.6185064935064936 0.9045918367346939 0.024170274170274172
1 0.8862244897959184 0.6006493506493507 0.02142857142857143 0.0007215007215007215
134 0.4997448979591837 0.5539321789321789 0.9045918367346939 0.024170274170274172
134 0.4997448979591837 0.4763708513708514 0.9045918367346939 0.024170274170274172
1 0.551530612244898 0.6654040404040404 0.02142857142857143 0.0010822510822510823
1 0.46785714285714286 0.6654040404040404 0.02142857142857143 0.0010822510822510823
134 0.4997448979591837 0.41179653679653677 0.9045918367346939 0.024170274170274172
134 0.4997448979591837 0.356962481962482 0.9045918367346939 0.024170274170274172
134 0.4997448979591837 0.30212842712842713 0.9045918367346939 0.024170274170274172
1 0.551530612244898 0.2842712842712843 0.02142857142857143 0.0007215007215007215
1 0.46785714285714286 0.2842712842712843 0.02142857142857143 0.0007215007215007215
134 0.4997448979591837 0.931998556998557 0.9045918367346939 0.024170274170274172
134 0.4997448979591837 0.8672438672438673 0.9045918367346939 0.023809523809523808
1 0.8862244897959184 0.8374819624819625 0.02142857142857143 0.0010822510822510823
1 0.8862244897959184 0.8434343434343434 0.02142857142857143 0.0007215007215007215
1 0.8862244897959184 0.8493867243867244 0.02142857142857143 0.0010822510822510823
1 0.8025510204081633 0.8374819624819625 0.02142857142857143 0.0010822510822510823
1 0.8025510204081633 0.8434343434343434 0.02142857142857143 0.0007215007215007215
1 0.8025510204081633 0.8493867243867244 0.02142857142857143 0.0010822510822510823
1 0.7188775510204082 0.8374819624819625 0.02142857142857143 0.0010822510822510823
1 0.7188775510204082 0.8434343434343434 0.02142857142857143 0.0007215007215007215
1 0.7188775510204082 0.8493867243867244 0.02142857142857143 0.0010822510822510823
1 0.6352040816326531 0.8374819624819625 0.02142857142857143 0.0010822510822510823
1 0.6352040816326531 0.8434343434343434 0.02142857142857143 0.0007215007215007215
1 0.6352040816326531 0.8493867243867244 0.02142857142857143 0.0010822510822510823
1 0.551530612244898 0.8315295815295816 0.02142857142857143 0.0007215007215007215
1 0.551530612244898 0.8374819624819625 0.02142857142857143 0.0010822510822510823
1 0.551530612244898 0.8434343434343434 0.02142857142857143 0.0007215007215007215
1 0.551530612244898 0.8493867243867244 0.02142857142857143 0.0010822510822510823
1 0.46785714285714286 0.8315295815295816 0.02142857142857143 0.0007215007215007215
1 0.46785714285714286 0.8374819624819625 0.02142857142857143 0.0010822510822510823
1 0.46785714285714286 0.8434343434343434 0.02142857142857143 0.0007215007215007215
1 0.46785714285714286 0.8493867243867244 0.02142857142857143 0.0010822510822510823
1 0.40229591836734696 0.8374819624819625 0.01683673469387755 0.0010822510822510823
1 0.40229591836734696 0.8434343434343434 0.01683673469387755 0.0007215007215007215
1 0.40229591836734696 0.8493867243867244 0.01683673469387755 0.0010822510822510823
1 0.35612244897959183 0.8374819624819625 0.015306122448979591 0.0010822510822510823
1 0.35535714285714287 0.8434343434343434 0.01683673469387755 0.0007215007215007215
1 0.35535714285714287 0.8493867243867244 0.01683673469387755 0.0010822510822510823
1 0.29183673469387755 0.8434343434343434 0.015306122448979591 0.0007215007215007215
1 0.2910714285714286 0.8493867243867244 0.01683673469387755 0.0010822510822510823
1 0.24464285714285713 0.8434343434343434 0.01683673469387755 0.0007215007215007215
1 0.24464285714285713 0.8493867243867244 0.01683673469387755 0.0010822510822510823
1 0.18392857142857144 0.8434343434343434 0.01683673469387755 0.0007215007215007215
1 0.18392857142857144 0.8493867243867244 0.01683673469387755 0.0010822510822510823
1 0.15255102040816326 0.8374819624819625 0.015306122448979591 0.0010822510822510823
1 0.15255102040816326 0.8434343434343434 0.015306122448979591 0.0007215007215007215
1 0.15255102040816326 0.8493867243867244 0.015306122448979591 0.0010822510822510823
1 0.1211734693877551 0.8374819624819625 0.015816326530612244 0.0010822510822510823
1 0.1211734693877551 0.8434343434343434 0.015816326530612244 0.0007215007215007215
1 0.1211734693877551 0.8493867243867244 0.015816326530612244 0.0010822510822510823
134 0.4997448979591837 0.06259018759018758 0.9045918367346939 0.024170274170274172
134 0.4997448979591837 0.8026695526695526 0.9045918367346939 0.023809523809523808
134 0.4997448979591837 0.737914862914863 0.9045918367346939 0.024170274170274172
134 0.4997448979591837 0.6832611832611832 0.9045918367346939 0.023809523809523808
134 0.4997448979591837 0.11742424242424243 0.9045918367346939 0.024170274170274172
134 0.4997448979591837 0.23755411255411255 0.9045918367346939 0.024170274170274172
134 0.4997448979591837 0.181998556998557 0.9045918367346939 0.024170274170274172
1 0.551530612244898 0.044733044733044736 0.02142857142857143 0.0007215007215007215
1 0.46785714285714286 0.044733044733044736 0.02142857142857143 0.0007215007215007215
34 0.6352040816326531 0.2287157287157287 0.014285714285714285 0.006493506493506494
34 0.8025510204081633 0.8344155844155844 0.014285714285714285 0.006493506493506494
32 0.8025510204081633 0.8434343434343434 0.014285714285714285 0.006493506493506494
32 0.8025510204081633 0.5539321789321789 0.014285714285714285 0.006132756132756133
32 0.8025510204081633 0.7321428571428571 0.014285714285714285 0.006132756132756133
32 0.8025510204081633 0.6067821067821068 0.014285714285714285 0.006493506493506494
34 0.8025510204081633 0.6682900432900433 0.014285714285714285 0.006132756132756133
95 0.6278061224489796 0.2606421356421356 0.017857142857142856 0.01406926406926407
93 0.6375 0.2620851370851371 0.01479591836734694 0.00974025974025974
32 0.6352040816326531 0.11742424242424243 0.014285714285714285 0.006132756132756133
120 0.15331632653061225 0.5340909090909091 0.06275510204081633 0.009018759018759018
34 0.8025510204081633 0.047619047619047616 0.014285714285714285 0.006493506493506494
34 0.8025510204081633 0.49134199134199136 0.014285714285714285 0.006493506493506494
32 0.8025510204081633 0.5122655122655123 0.014285714285714285 0.006493506493506494
32 0.8025510204081633 0.351010101010101 0.014285714285714285 0.006493506493506494
34 0.8025510204081633 0.28733766233766234 0.014285714285714285 0.006132756132756133
34 0.8025510204081633 0.2287157287157287 0.014285714285714285 0.006493506493506494
95 0.6278061224489796 0.1405122655122655 0.017857142857142856 0.01406926406926407
93 0.6375 0.1415945165945166 0.01479591836734694 0.00974025974025974
32 0.8025510204081633 0.11742424242424243 0.014285714285714285 0.006132756132756133
32 0.8025510204081633 0.05663780663780664 0.014285714285714285 0.006493506493506494
95 0.6278061224489796 0.577020202020202 0.017857142857142856 0.01406926406926407
93 0.6375 0.5784632034632035 0.01479591836734694 0.00974025974025974
32 0.6352040816326531 0.351010101010101 0.014285714285714285 0.006493506493506494
32 0.6352040816326531 0.6067821067821068 0.014285714285714285 0.006493506493506494
32 0.6352040816326531 0.5539321789321789 0.014285714285714285 0.006132756132756133
95 0.6278061224489796 0.6415945165945166 0.017857142857142856 0.01406926406926407
93 0.6375 0.6430375180375181 0.01479591836734694 0.00974025974025974
34 0.6352040816326531 0.6682900432900433 0.014285714285714285 0.006132756132756133
32 0.6352040816326531 0.5122655122655123 0.014285714285714285 0.006493506493506494
34 0.6352040816326531 0.49134199134199136 0.014285714285714285 0.006493506493506494
95 0.6278061224489796 0.380050505050505 0.017857142857142856 0.01406926406926407
93 0.6375 0.3814935064935065 0.01479591836734694 0.00974025974025974
95 0.628061224489796 0.5284992784992785 0.018367346938775512 0.013708513708513708
93 0.6375 0.5297619047619048 0.01479591836734694 0.00974025974025974
32 0.6352040816326531 0.8434343434343434 0.014285714285714285 0.006493506493506494
34 0.6352040816326531 0.8344155844155844 0.014285714285714285 0.006493506493506494
95 0.6278061224489796 0.32521645021645024 0.017857142857142856 0.01406926406926407
93 0.6375 0.32665945165945165 0.01479591836734694 0.00974025974025974
34 0.6352040816326531 0.28733766233766234 0.014285714285714285 0.006132756132756133
95 0.628061224489796 0.8903318903318903 0.018367346938775512 0.013708513708513708
93 0.6375 0.8915945165945166 0.01479591836734694 0.00974025974025974
95 0.6278061224489796 0.761002886002886 0.017857142857142856 0.01406926406926407
93 0.6375 0.7624458874458875 0.01479591836734694 0.00974025974025974
32 0.6352040816326531 0.7321428571428571 0.014285714285714285 0.006132756132756133
95 0.6278061224489796 0.7061688311688312 0.017857142857142856 0.01406926406926407
93 0.6375 0.7076118326118326 0.01479591836734694 0.00974025974025974
32 0.7188775510204082 0.5539321789321789 0.014285714285714285 0.006132756132756133
34 0.7188775510204082 0.8344155844155844 0.014285714285714285 0.006493506493506494
32 0.7188775510204082 0.8434343434343434 0.014285714285714285 0.006493506493506494
32 0.7188775510204082 0.7321428571428571 0.014285714285714285 0.006132756132756133
34 0.7188775510204082 0.6682900432900433 0.014285714285714285 0.006132756132756133
32 0.7188775510204082 0.6067821067821068 0.014285714285714285 0.006493506493506494
34 0.7188775510204082 0.49134199134199136 0.014285714285714285 0.006493506493506494
32 0.7188775510204082 0.5122655122655123 0.014285714285714285 0.006493506493506494
32 0.7188775510204082 0.351010101010101 0.014285714285714285 0.006493506493506494
34 0.7188775510204082 0.28733766233766234 0.014285714285714285 0.006132756132756133
34 0.7188775510204082 0.2287157287157287 0.014285714285714285 0.006493506493506494
32 0.7188775510204082 0.11742424242424243 0.014285714285714285 0.006132756132756133
34 0.7188775510204082 0.047619047619047616 0.014285714285714285 0.006493506493506494
32 0.7188775510204082 0.05663780663780664 0.014285714285714285 0.006493506493506494
95 0.6278061224489796 0.08567821067821067 0.017857142857142856 0.01406926406926407
93 0.6375 0.08694083694083694 0.01479591836734694 0.010101010101010102
84 0.6512755102040816 0.9274891774891775 0.010714285714285714 0.002886002886002886
120 0.7188775510204082 0.037337662337662336 0.1673469387755102 0.007575757575757576
84 0.6512755102040816 0.17766955266955267 0.010714285714285714 0.003246753246753247
84 0.6512755102040816 0.40764790764790765 0.010714285714285714 0.002886002886002886
84 0.6512755102040816 0.7983405483405484 0.010714285714285714 0.002886002886002886
122 0.6770408163265306 0.06313131313131314 0.07959183673469387 0.004329004329004329
122 0.6770408163265306 0.039502164502164504 0.07959183673469387 0.003968253968253968
122 0.6770408163265306 0.11075036075036075 0.07959183673469387 0.004329004329004329
122 0.6770408163265306 0.22348484848484848 0.0653061224489796 0.003968253968253968
122 0.6770408163265306 0.2822871572871573 0.0653061224489796 0.003968253968253968
122 0.6770408163265306 0.3445165945165945 0.07959183673469387 0.004329004329004329
122 0.6770408163265306 0.5203823953823954 0.08061224489795918 0.003968253968253968
122 0.6770408163265306 0.4823232323232323 0.07959183673469387 0.004329004329004329
122 0.6770408163265306 0.5474386724386724 0.07959183673469387 0.003968253968253968
122 0.6770408163265306 0.6001082251082251 0.07959183673469387 0.003968253968253968
122 0.6770408163265306 0.6632395382395382 0.0653061224489796 0.003968253968253968
124 0.5729591836734694 0.5766594516594516 0.058163265306122446 0.008297258297258298
122 0.5096938775510204 0.84992784992785 0.07959183673469387 0.004329004329004329
122 0.5099489795918367 0.8248556998556998 0.08010204081632653 0.003968253968253968
124 0.5729591836734694 0.08513708513708514 0.058163265306122446 0.007936507936507936
124 0.5729591836734694 0.1397907647907648 0.058163265306122446 0.008297258297258298
84 0.5676020408163265 0.17766955266955267 0.010714285714285714 0.003246753246753247
124 0.5729591836734694 0.2602813852813853 0.058163265306122446 0.008297258297258298
124 0.5729591836734694 0.32485569985569984 0.058163265306122446 0.008297258297258298
124 0.5729591836734694 0.3796897546897547 0.058163265306122446 0.008297258297258298
84 0.5676020408163265 0.40764790764790765 0.010714285714285714 0.002886002886002886
124 0.5729591836734694 0.527958152958153 0.058163265306122446 0.008297258297258298
122 0.6770408163265306 0.7254689754689755 0.07959183673469387 0.004329004329004329
124 0.5729591836734694 0.6412337662337663 0.058163265306122446 0.008297258297258298
124 0.5729591836734694 0.7058080808080808 0.058163265306122446 0.008297258297258298
124 0.5729591836734694 0.7606421356421357 0.058163265306122446 0.008297258297258298
84 0.5676020408163265 0.7983405483405484 0.010714285714285714 0.002886002886002886
124 0.5729591836734694 0.8897907647907648 0.058163265306122446 0.008297258297258298
84 0.5676020408163265 0.9274891774891775 0.010714285714285714 0.002886002886002886
122 0.7604591836734694 0.6001082251082251 0.08010204081632653 0.003968253968253968
122 0.7607142857142857 0.6632395382395382 0.0653061224489796 0.003968253968253968
122 0.7607142857142857 0.7254689754689755 0.07959183673469387 0.004329004329004329
122 0.7604591836734694 0.8515512265512265 0.08010204081632653 0.003968253968253968
122 0.7604591836734694 0.8262987012987013 0.08010204081632653 0.003968253968253968
124 0.8237244897959184 0.08261183261183261 0.05765306122448979 0.007936507936507936
84 0.8183673469387756 0.17766955266955267 0.01020408163265306 0.003246753246753247
84 0.8183673469387756 0.40764790764790765 0.01020408163265306 0.002886002886002886
122 0.7607142857142857 0.5474386724386724 0.07959183673469387 0.003968253968253968
84 0.8183673469387756 0.7983405483405484 0.01020408163265306 0.002886002886002886
124 0.8237244897959184 0.8872655122655123 0.05765306122448979 0.008297258297258298
84 0.8183673469387756 0.9274891774891775 0.01020408163265306 0.002886002886002886
122 0.8443877551020408 0.06313131313131314 0.07959183673469387 0.004329004329004329
122 0.8441326530612245 0.03968253968253968 0.08010204081632653 0.004329004329004329
122 0.8443877551020408 0.11075036075036075 0.07959183673469387 0.004329004329004329
122 0.7607142857142857 0.03968253968253968 0.07959183673469387 0.004329004329004329
122 0.6770408163265306 0.8515512265512265 0.08061224489795918 0.003968253968253968
122 0.6770408163265306 0.8262987012987013 0.07959183673469387 0.003968253968253968
84 0.7346938775510204 0.17766955266955267 0.01020408163265306 0.003246753246753247
84 0.7346938775510204 0.40764790764790765 0.01020408163265306 0.002886002886002886
84 0.7346938775510204 0.7983405483405484 0.01020408163265306 0.002886002886002886
84 0.7346938775510204 0.9274891774891775 0.01020408163265306 0.002886002886002886
122 0.7607142857142857 0.06313131313131314 0.07959183673469387 0.004329004329004329
122 0.5096938775510204 0.7254689754689755 0.07959183673469387 0.004329004329004329
122 0.7607142857142857 0.11075036075036075 0.07959183673469387 0.004329004329004329
122 0.7607142857142857 0.22366522366522368 0.0653061224489796 0.004329004329004329
122 0.7607142857142857 0.2822871572871573 0.0653061224489796 0.003968253968253968
122 0.7607142857142857 0.3445165945165945 0.07959183673469387 0.004329004329004329
122 0.7607142857142857 0.5203823953823954 0.08061224489795918 0.003968253968253968
122 0.7607142857142857 0.4823232323232323 0.07959183673469387 0.004329004329004329
124 0.30459183673469387 0.7032828282828283 0.03877551020408163 0.008297258297258298
122 0.30153061224489797 0.48917748917748916 0.10714285714285714 0.004329004329004329
124 0.30459183673469387 0.08261183261183261 0.03877551020408163 0.007936507936507936
124 0.30459183673469387 0.25775613275613274 0.03877551020408163 0.008297258297258298
124 0.30459183673469387 0.32233044733044736 0.03877551020408163 0.008297258297258298
124 0.30459183673469387 0.37896825396825395 0.03877551020408163 0.008297258297258298
124 0.30459183673469387 0.5741341991341992 0.03877551020408163 0.008297258297258298
124 0.30459183673469387 0.6424963924963925 0.03877551020408163 0.007936507936507936
124 0.30459183673469387 0.7599206349206349 0.03877551020408163 0.008297258297258298
124 0.30459183673469387 0.8872655122655123 0.03877551020408163 0.008297258297258298
122 0.32321428571428573 0.048701298701298704 0.049489795918367344 0.0036075036075036075
122 0.32346938775510203 0.54004329004329 0.04897959183673469 0.0036075036075036075
120 0.32729591836734695 0.6064213564213564 0.14846938775510204 0.011544011544011544
120 0.15306122448979592 0.6067821067821068 0.06224489795918367 0.00937950937950938
120 0.15306122448979592 0.6632395382395382 0.06224489795918367 0.009018759018759018
120 0.15331632653061225 0.7180735930735931 0.06275510204081633 0.009018759018759018
120 0.15331632653061225 0.8293650793650794 0.06275510204081633 0.00937950937950938
124 0.29566326530612247 0.13744588744588745 0.05663265306122449 0.007936507936507936
84 0.2780612244897959 0.17766955266955267 0.01020408163265306 0.003246753246753247
120 0.32755102040816325 0.21717171717171718 0.1489795918367347 0.008658008658008658
120 0.3229591836734694 0.28084415584415584 0.15714285714285714 0.010461760461760462
120 0.32321428571428573 0.33946608946608947 0.1576530612244898 0.008658008658008658
84 0.2780612244897959 0.40764790764790765 0.01020408163265306 0.002886002886002886
124 0.29566326530612247 0.498015873015873 0.05663265306122449 0.008297258297258298
120 0.3229591836734694 0.6617965367965368 0.15714285714285714 0.010461760461760462
120 0.32321428571428573 0.7204184704184704 0.1576530612244898 0.008658008658008658
84 0.2780612244897959 0.7983405483405484 0.01020408163265306 0.002886002886002886
120 0.3229591836734694 0.8284632034632035 0.15714285714285714 0.011183261183261184
84 0.2780612244897959 0.9274891774891775 0.01020408163265306 0.002886002886002886
122 0.30153061224489797 0.10551948051948051 0.10714285714285714 0.00468975468975469
124 0.5015306122448979 0.7606421356421357 0.0336734693877551 0.008297258297258298
84 0.48392857142857143 0.7983405483405484 0.010714285714285714 0.002886002886002886
124 0.5015306122448979 0.8897907647907648 0.0336734693877551 0.008297258297258298
84 0.48392857142857143 0.9274891774891775 0.010714285714285714 0.002886002886002886
122 0.5096938775510204 0.06313131313131314 0.07959183673469387 0.004329004329004329
122 0.5099489795918367 0.038059163059163056 0.08010204081632653 0.003968253968253968
122 0.5096938775510204 0.10533910533910534 0.07959183673469387 0.004329004329004329
122 0.5096938775510204 0.22510822510822512 0.07959183673469387 0.004329004329004329
124 0.5015306122448979 0.7058080808080808 0.0336734693877551 0.008297258297258298
122 0.5096938775510204 0.2777777777777778 0.07959183673469387 0.004329004329004329
122 0.5096938775510204 0.3445165945165945 0.07959183673469387 0.004329004329004329
122 0.5096938775510204 0.4963924963924964 0.0653061224489796 0.004329004329004329
122 0.5099489795918367 0.5422077922077922 0.08010204081632653 0.004329004329004329
122 0.5096938775510204 0.6046176046176046 0.0653061224489796 0.004329004329004329
122 0.5096938775510204 0.6587301587301587 0.07959183673469387 0.004329004329004329
124 0.5015306122448979 0.08513708513708514 0.0336734693877551 0.007936507936507936
84 0.386734693877551 0.17766955266955267 0.01020408163265306 0.003246753246753247
84 0.386734693877551 0.40764790764790765 0.01020408163265306 0.002886002886002886
84 0.386734693877551 0.7983405483405484 0.01020408163265306 0.002886002886002886
84 0.386734693877551 0.9274891774891775 0.01020408163265306 0.002886002886002886
120 0.5096938775510204 0.03499278499278499 0.0836734693877551 0.006493506493506494
124 0.5015306122448979 0.13997113997113997 0.0336734693877551 0.007936507936507936
84 0.48392857142857143 0.17766955266955267 0.010714285714285714 0.003246753246753247
124 0.5015306122448979 0.2602813852813853 0.0336734693877551 0.008297258297258298
124 0.5015306122448979 0.32485569985569984 0.0336734693877551 0.008297258297258298
124 0.5015306122448979 0.3796897546897547 0.0336734693877551 0.008297258297258298
84 0.48392857142857143 0.40764790764790765 0.010714285714285714 0.002886002886002886
124 0.5015306122448979 0.527958152958153 0.0336734693877551 0.008297258297258298
124 0.5015306122448979 0.5764790764790765 0.0336734693877551 0.007936507936507936
124 0.5015306122448979 0.6412337662337663 0.0336734693877551 0.008297258297258298
34 0.8862244897959184 0.28733766233766234 0.014285714285714285 0.006132756132756133
34 0.8862244897959184 0.22276334776334777 0.014285714285714285 0.006132756132756133
34 0.8862244897959184 0.2287157287157287 0.014285714285714285 0.006493506493506494
32 0.8862244897959184 0.11742424242424243 0.014285714285714285 0.006132756132756133
34 0.8862244897959184 0.047619047619047616 0.014285714285714285 0.006493506493506494
32 0.8862244897959184 0.05663780663780664 0.014285714285714285 0.006493506493506494
32 0.8862244897959184 0.351010101010101 0.014285714285714285 0.006493506493506494
34 0.8862244897959184 0.8344155844155844 0.014285714285714285 0.006493506493506494
32 0.8862244897959184 0.8434343434343434 0.014285714285714285 0.006493506493506494
32 0.8862244897959184 0.7321428571428571 0.014285714285714285 0.006132756132756133
34 0.8862244897959184 0.6682900432900433 0.014285714285714285 0.006132756132756133
32 0.8862244897959184 0.6004689754689755 0.014285714285714285 0.006132756132756133
32 0.8862244897959184 0.6067821067821068 0.014285714285714285 0.006493506493506494
32 0.8862244897959184 0.5539321789321789 0.014285714285714285 0.006132756132756133
34 0.8862244897959184 0.49134199134199136 0.014285714285714285 0.006493506493506494
32 0.8862244897959184 0.5122655122655123 0.014285714285714285 0.006493506493506494
122 0.8443877551020408 0.2822871572871573 0.0653061224489796 0.003968253968253968
122 0.8443877551020408 0.3445165945165945 0.07959183673469387 0.004329004329004329
122 0.8441326530612245 0.5203823953823954 0.08010204081632653 0.003968253968253968
122 0.8443877551020408 0.4823232323232323 0.07959183673469387 0.004329004329004329
122 0.8441326530612245 0.5474386724386724 0.08010204081632653 0.003968253968253968
122 0.8405612244897959 0.6001082251082251 0.07295918367346939 0.003968253968253968
122 0.8443877551020408 0.6632395382395382 0.0653061224489796 0.003968253968253968
122 0.8443877551020408 0.7254689754689755 0.07959183673469387 0.004329004329004329
122 0.8441326530612245 0.8515512265512265 0.08010204081632653 0.003968253968253968
122 0.8441326530612245 0.8264790764790765 0.08010204081632653 0.004329004329004329
94 0.23775510204081632 0.7052669552669553 0.014285714285714285 0.006493506493506494
93 0.24974489795918367 0.7065295815295816 0.01479591836734694 0.00974025974025974
41 0.23903061224489797 0.06782106782106782 0.0005102040816326531 0.01875901875901876
94 0.23775510204081632 0.8869047619047619 0.014285714285714285 0.006132756132756133
93 0.24974489795918367 0.8883477633477633 0.01479591836734694 0.00974025974025974
28 0.2443877551020408 0.8434343434343434 0.011224489795918367 0.006493506493506494
94 0.23775510204081632 0.7599206349206349 0.014285714285714285 0.006132756132756133
93 0.24974489795918367 0.7613636363636364 0.01479591836734694 0.00974025974025974
28 0.2443877551020408 0.7321428571428571 0.011224489795918367 0.006132756132756133
28 0.2443877551020408 0.6773088023088023 0.011224489795918367 0.006132756132756133
94 0.23775510204081632 0.6383477633477633 0.014285714285714285 0.006132756132756133
93 0.24974489795918367 0.6397907647907648 0.01479591836734694 0.00974025974025974
30 0.2443877551020408 0.6217532467532467 0.011224489795918367 0.006132756132756133
94 0.23775510204081632 0.575937950937951 0.014285714285714285 0.006132756132756133
93 0.24974489795918367 0.5773809523809523 0.01479591836734694 0.00974025974025974
28 0.2443877551020408 0.5481601731601732 0.011224489795918367 0.006132756132756133
94 0.2392857142857143 0.49855699855699853 0.014285714285714285 0.006493506493506494
93 0.2517857142857143 0.49981962481962483 0.01479591836734694 0.00974025974025974
32 0.24591836734693878 0.4825036075036075 0.014285714285714285 0.006132756132756133
94 0.23775510204081632 0.37896825396825395 0.014285714285714285 0.006132756132756133
93 0.24974489795918367 0.3804112554112554 0.01479591836734694 0.00974025974025974
28 0.2443877551020408 0.35119047619047616 0.011224489795918367 0.006132756132756133
94 0.23775510204081632 0.32431457431457433 0.014285714285714285 0.006493506493506494
93 0.24974489795918367 0.3255772005772006 0.01479591836734694 0.00974025974025974
28 0.2443877551020408 0.2963564213564214 0.011224489795918367 0.006132756132756133
94 0.23775510204081632 0.2573953823953824 0.014285714285714285 0.006132756132756133
93 0.24974489795918367 0.25865800865800864 0.01479591836734694 0.010101010101010102
41 0.23903061224489797 0.3621933621933622 0.0005102040816326531 0.01948051948051948
41 0.23903061224489797 0.30735930735930733 0.0005102040816326531 0.01948051948051948
28 0.2443877551020408 0.24368686868686867 0.011224489795918367 0.006132756132756133
41 0.24974489795918367 0.2326839826839827 0.0005102040816326531 0.01948051948051948
28 0.18418367346938774 0.6185064935064936 0.011224489795918367 0.006132756132756133
41 0.1788265306122449 0.36544011544011545 0.0005102040816326531 0.01875901875901876
41 0.1788265306122449 0.3106060606060606 0.0005102040816326531 0.01875901875901876
41 0.1895408163265306 0.2352092352092352 0.0005102040816326531 0.01875901875901876
30 0.18418367346938774 0.8403679653679653 0.011224489795918367 0.006132756132756133
30 0.18418367346938774 0.7290764790764791 0.011224489795918367 0.006493506493506494
30 0.18418367346938774 0.6744227994227994 0.011224489795918367 0.006132756132756133
30 0.18418367346938774 0.5450937950937951 0.011224489795918367 0.006493506493506494
30 0.18418367346938774 0.3540764790764791 0.011224489795918367 0.006132756132756133
30 0.18418367346938774 0.29924242424242425 0.011224489795918367 0.006132756132756133
30 0.18418367346938774 0.24657287157287158 0.011224489795918367 0.006132756132756133
41 0.14770408163265306 0.8533549783549783 0.0005102040816326531 0.027777777777777776
41 0.14770408163265306 0.7375541125541125 0.0005102040816326531 0.0183982683982684
94 0.2392857142857143 0.137987012987013 0.014285714285714285 0.006132756132756133
93 0.2517857142857143 0.13924963924963926 0.01479591836734694 0.010101010101010102
34 0.24591836734693878 0.11435786435786435 0.014285714285714285 0.006493506493506494
94 0.23775510204081632 0.0845959595959596 0.014285714285714285 0.006132756132756133
93 0.24974489795918367 0.08585858585858586 0.01479591836734694 0.010101010101010102
28 0.2443877551020408 0.05663780663780664 0.011224489795918367 0.006493506493506494
41 0.1788265306122449 0.8544372294372294 0.0005102040816326531 0.025613275613275612
41 0.1788265306122449 0.73989898989899 0.0005102040816326531 0.01948051948051948
41 0.1788265306122449 0.6854256854256854 0.0005102040816326531 0.01948051948051948
41 0.1788265306122449 0.628968253968254 0.0005102040816326531 0.0183982683982684
41 0.1788265306122449 0.5559163059163059 0.0005102040816326531 0.01948051948051948
30 0.2910714285714286 0.5450937950937951 0.010714285714285714 0.006493506493506494
41 0.29617346938775513 0.22907647907647907 0.0005102040816326531 0.018037518037518036
59 0.2785714285714286 0.05032467532467533 0.007142857142857143 0.01479076479076479
41 0.28596938775510206 0.06511544011544011 0.0005102040816326531 0.0183982683982684
30 0.2910714285714286 0.8403679653679653 0.010714285714285714 0.006132756132756133
30 0.2910714285714286 0.73502886002886 0.010714285714285714 0.006132756132756133
30 0.2910714285714286 0.6744227994227994 0.010714285714285714 0.006132756132756133
28 0.2910714285714286 0.6185064935064936 0.010714285714285714 0.006132756132756133
30 0.2910714285714286 0.3540764790764791 0.010714285714285714 0.006132756132756133
30 0.2910714285714286 0.2934704184704185 0.010714285714285714 0.006132756132756133
30 0.2910714285714286 0.24062049062049062 0.010714285714285714 0.006493506493506494
30 0.2910714285714286 0.05357142857142857 0.010714285714285714 0.006132756132756133
41 0.28596938775510206 0.5559163059163059 0.0005102040816326531 0.01948051948051948
41 0.28596938775510206 0.6854256854256854 0.0005102040816326531 0.01948051948051948
59 0.2785714285714286 0.6152597402597403 0.007142857142857143 0.01479076479076479
34 0.6352040816326531 0.047619047619047616 0.014285714285714285 0.006493506493506494
41 0.28596938775510206 0.628968253968254 0.0005102040816326531 0.0183982683982684
59 0.2785714285714286 0.5418470418470418 0.007142857142857143 0.015151515151515152
41 0.28596938775510206 0.36507936507936506 0.0005102040816326531 0.01948051948051948
59 0.2785714285714286 0.29004329004329005 0.007142857142857143 0.015151515151515152
41 0.28596938775510206 0.3041125541125541 0.0005102040816326531 0.01948051948051948
59 0.2785714285714286 0.23737373737373738 0.007142857142857143 0.015151515151515152
41 0.24974489795918367 0.6107503607503607 0.0005102040816326531 0.01948051948051948
41 0.23903061224489797 0.5591630591630592 0.0005102040816326531 0.01948051948051948
41 0.23903061224489797 0.8558802308802309 0.0005102040816326531 0.022727272727272728
41 0.23903061224489797 0.7431457431457431 0.0005102040816326531 0.01948051948051948
41 0.23903061224489797 0.6883116883116883 0.0005102040816326531 0.01948051948051948
84 0.9020408163265307 0.40764790764790765 0.01020408163265306 0.002886002886002886
69 0.08954081632653062 0.10533910533910534 0.008673469387755102 0.017316017316017316
5 0.06683673469387755 0.11616161616161616 0.022448979591836733 0.044733044733044736
69 0.08954081632653062 0.050505050505050504 0.008673469387755102 0.017316017316017316
5 0.06683673469387755 0.06132756132756133 0.022448979591836733 0.044733044733044736
84 0.9020408163265307 0.9274891774891775 0.01020408163265306 0.002886002886002886
84 0.9020408163265307 0.7983405483405484 0.01020408163265306 0.002886002886002886
84 0.9020408163265307 0.17766955266955267 0.01020408163265306 0.003246753246753247
84 0.1635204081632653 0.9274891774891775 0.010714285714285714 0.002886002886002886
84 0.1635204081632653 0.7983405483405484 0.010714285714285714 0.002886002886002886
84 0.1635204081632653 0.40764790764790765 0.010714285714285714 0.002886002886002886
84 0.1635204081632653 0.17766955266955267 0.010714285714285714 0.003246753246753247
122 0.10433673469387755 0.4855699855699856 0.01989795918367347 0.002886002886002886
122 0.1086734693877551 0.10840548340548341 0.025510204081632654 0.003246753246753247
122 0.10510204081632653 0.04924242424242424 0.018367346938775512 0.0025252525252525255
5 0.06683673469387755 0.3556998556998557 0.022448979591836733 0.044733044733044736
67 0.08877551020408163 0.47925685425685427 0.007142857142857143 0.01479076479076479
8 0.0663265306122449 0.4743867243867244 0.02346938775510204 0.020202020202020204
69 0.08954081632653062 0.3998917748917749 0.008673469387755102 0.017676767676767676
5 0.06683673469387755 0.41053391053391053 0.022448979591836733 0.044733044733044736
69 0.08954081632653062 0.34505772005772006 0.008673469387755102 0.017676767676767676
69 0.08954081632653062 0.2904040404040404 0.008673469387755102 0.017316017316017316
5 0.06683673469387755 0.3008658008658009 0.022448979591836733 0.044733044733044736
5 0.06683673469387755 0.2362914862914863 0.022448979591836733 0.044733044733044736
67 0.08877551020408163 0.1847041847041847 0.007142857142857143 0.015151515151515152
8 0.0663265306122449 0.18001443001443002 0.02346938775510204 0.020202020202020204
5 0.06683673469387755 0.5526695526695526 0.022448979591836733 0.044733044733044736
41 0.11658163265306122 0.6798340548340548 0.0005102040816326531 0.0183982683982684
41 0.11658163265306122 0.6242784992784993 0.0005102040816326531 0.0183982683982684
41 0.11658163265306122 0.5506854256854257 0.0005102040816326531 0.0183982683982684
41 0.11658163265306122 0.36273448773448774 0.0005102040816326531 0.0183982683982684
41 0.11658163265306122 0.3079004329004329 0.0005102040816326531 0.0183982683982684
41 0.12678571428571428 0.23214285714285715 0.0005102040816326531 0.0183982683982684
24 0.15255102040816326 0.726010101010101 0.01020408163265306 0.006132756132756133
41 0.14770408163265306 0.6827200577200577 0.0005102040816326531 0.0183982683982684
41 0.14770408163265306 0.6271645021645021 0.0005102040816326531 0.0183982683982684
41 0.14770408163265306 0.5535714285714286 0.0005102040816326531 0.0183982683982684
24 0.15255102040816326 0.8374819624819625 0.01020408163265306 0.006132756132756133
24 0.15255102040816326 0.6711760461760462 0.01020408163265306 0.006132756132756133
26 0.15255102040816326 0.6156204906204906 0.01020408163265306 0.006132756132756133
24 0.15255102040816326 0.5420274170274171 0.01020408163265306 0.006132756132756133
41 0.11658163265306122 0.8520923520923521 0.0005102040816326531 0.030303030303030304
41 0.11658163265306122 0.7346681096681097 0.0005102040816326531 0.0183982683982684
5 0.06683673469387755 0.7366522366522367 0.022448979591836733 0.044733044733044736
67 0.08877551020408163 0.863997113997114 0.007142857142857143 0.015151515151515152
5 0.06683673469387755 0.8658008658008658 0.022448979591836733 0.044733044733044736
69 0.08954081632653062 0.7907647907647908 0.008673469387755102 0.017316017316017316
5 0.06683673469387755 0.8012265512265512 0.022448979591836733 0.044733044733044736
69 0.08954081632653062 0.7261904761904762 0.008673469387755102 0.017316017316017316
5 0.06683673469387755 0.9305555555555556 0.022448979591836733 0.044372294372294376
69 0.08954081632653062 0.6713564213564214 0.008673469387755102 0.017316017316017316
5 0.06683673469387755 0.6818181818181818 0.022448979591836733 0.044733044733044736
69 0.08954081632653062 0.6067821067821068 0.008673469387755102 0.017316017316017316
69 0.09872448979591837 0.6156204906204906 0.008673469387755102 0.017676767676767676
5 0.06683673469387755 0.6172438672438673 0.022448979591836733 0.044733044733044736
69 0.08954081632653062 0.5420274170274171 0.008673469387755102 0.017676767676767676
32 0.12321428571428572 0.4825036075036075 0.013775510204081633 0.006132756132756133
26 0.1211734693877551 0.8345959595959596 0.009693877551020408 0.006132756132756133
26 0.12142857142857143 0.7231240981240982 0.01020408163265306 0.006132756132756133
26 0.1211734693877551 0.6682900432900433 0.009693877551020408 0.006132756132756133
24 0.12142857142857143 0.6127344877344877 0.01020408163265306 0.006132756132756133
26 0.12142857142857143 0.5391414141414141 0.01020408163265306 0.006132756132756133
28 0.12168367346938776 0.35119047619047616 0.010714285714285714 0.006132756132756133
28 0.12168367346938776 0.2963564213564214 0.010714285714285714 0.006132756132756133
28 0.12168367346938776 0.24368686868686867 0.010714285714285714 0.006132756132756133
34 0.12346938775510204 0.11435786435786435 0.014285714285714285 0.006493506493506494
34 0.12346938775510204 0.05357142857142857 0.014285714285714285 0.006132756132756133
67 0.08877551020408163 0.9287518037518038 0.007142857142857143 0.01479076479076479
32 0.551530612244898 0.28445165945165946 0.014285714285714285 0.006132756132756133
32 0.551530612244898 0.23178210678210678 0.014285714285714285 0.006132756132756133
34 0.551530612244898 0.11435786435786435 0.014285714285714285 0.006493506493506494
32 0.551530612244898 0.044733044733044736 0.014285714285714285 0.006493506493506494
32 0.551530612244898 0.05663780663780664 0.014285714285714285 0.006493506493506494
95 0.46224489795918366 0.8903318903318903 0.018367346938775512 0.013708513708513708
95 0.47091836734693876 0.8903318903318903 0.018367346938775512 0.013708513708513708
32 0.46785714285714286 0.8315295815295816 0.014285714285714285 0.006493506493506494
32 0.46785714285714286 0.8434343434343434 0.014285714285714285 0.006493506493506494
32 0.551530612244898 0.351010101010101 0.014285714285714285 0.006493506493506494
32 0.6352040816326531 0.05663780663780664 0.014285714285714285 0.006493506493506494
32 0.551530612244898 0.8315295815295816 0.014285714285714285 0.006493506493506494
32 0.551530612244898 0.8434343434343434 0.014285714285714285 0.006493506493506494
32 0.551530612244898 0.7321428571428571 0.014285714285714285 0.006132756132756133
32 0.551530612244898 0.6654040404040404 0.014285714285714285 0.006132756132756133
34 0.551530612244898 0.6096681096681097 0.014285714285714285 0.006493506493506494
34 0.551530612244898 0.551046176046176 0.014285714285714285 0.006132756132756133
34 0.551530612244898 0.49134199134199136 0.014285714285714285 0.006493506493506494
41 0.35025510204081634 0.3625541125541126 0.0005102040816326531 0.01875901875901876
61 0.3436224489795918 0.2904040404040404 0.005612244897959183 0.017316017316017316
41 0.35025510204081634 0.30176767676767674 0.0005102040816326531 0.0183982683982684
59 0.34285714285714286 0.2343073593073593 0.007142857142857143 0.01479076479076479
95 0.46224489795918366 0.761002886002886 0.018367346938775512 0.01406926406926407
95 0.47066326530612246 0.761002886002886 0.017857142857142856 0.01406926406926407
41 0.35025510204081634 0.6827200577200577 0.0005102040816326531 0.0183982683982684
61 0.3436224489795918 0.6156204906204906 0.005612244897959183 0.017676767676767676
41 0.35025510204081634 0.6271645021645021 0.0005102040816326531 0.0183982683982684
59 0.2785714285714286 0.8371212121212122 0.007142857142857143 0.01479076479076479
28 0.3556122448979592 0.8374819624819625 0.011224489795918367 0.006132756132756133
28 0.3556122448979592 0.7321428571428571 0.011224489795918367 0.006132756132756133
28 0.3556122448979592 0.6713564213564214 0.011224489795918367 0.006493506493506494
30 0.3556122448979592 0.6156204906204906 0.011224489795918367 0.006132756132756133
34 0.35714285714285715 0.5450937950937951 0.014285714285714285 0.006493506493506494
32 0.35714285714285715 0.4825036075036075 0.014285714285714285 0.006132756132756133
28 0.3556122448979592 0.35119047619047616 0.011224489795918367 0.006132756132756133
28 0.3556122448979592 0.2902236652236652 0.011224489795918367 0.006132756132756133
28 0.3556122448979592 0.23755411255411255 0.011224489795918367 0.006132756132756133
34 0.35714285714285715 0.11435786435786435 0.014285714285714285 0.006493506493506494
34 0.35714285714285715 0.05357142857142857 0.014285714285714285 0.006132756132756133
41 0.28596938775510206 0.8544372294372294 0.0005102040816326531 0.025613275613275612
41 0.28596938775510206 0.746031746031746 0.0005102040816326531 0.01948051948051948
59 0.2785714285714286 0.670995670995671 0.007142857142857143 0.015151515151515152
41 0.35025510204081634 0.24801587301587302 0.0005102040816326531 0.0183982683982684
41 0.39668367346938777 0.6239177489177489 0.0005102040816326531 0.01911976911976912
59 0.3892857142857143 0.7258297258297258 0.007142857142857143 0.015151515151515152
41 0.39668367346938777 0.7402597402597403 0.0005102040816326531 0.01875901875901876
41 0.39668367346938777 0.6794733044733045 0.0005102040816326531 0.01911976911976912
59 0.3892857142857143 0.3448773448773449 0.007142857142857143 0.015151515151515152
41 0.39668367346938777 0.2985209235209235 0.0005102040816326531 0.01911976911976912
32 0.46785714285714286 0.28445165945165946 0.014285714285714285 0.006132756132756133
32 0.46785714285714286 0.7321428571428571 0.014285714285714285 0.006132756132756133
95 0.46224489795918366 0.7061688311688312 0.018367346938775512 0.01406926406926407
95 0.47066326530612246 0.7061688311688312 0.017857142857142856 0.01406926406926407
32 0.46785714285714286 0.6654040404040404 0.014285714285714285 0.006132756132756133
95 0.46224489795918366 0.6415945165945166 0.018367346938775512 0.01406926406926407
95 0.47066326530612246 0.6415945165945166 0.017857142857142856 0.01406926406926407
34 0.46785714285714286 0.6096681096681097 0.014285714285714285 0.006493506493506494
95 0.46224489795918366 0.577020202020202 0.018367346938775512 0.01406926406926407
95 0.47066326530612246 0.577020202020202 0.017857142857142856 0.01406926406926407
34 0.46785714285714286 0.551046176046176 0.014285714285714285 0.006132756132756133
95 0.46224489795918366 0.5284992784992785 0.018367346938775512 0.013708513708513708
95 0.47091836734693876 0.5284992784992785 0.018367346938775512 0.013708513708513708
34 0.46785714285714286 0.49134199134199136 0.014285714285714285 0.006493506493506494
95 0.46224489795918366 0.380050505050505 0.018367346938775512 0.01406926406926407
95 0.47066326530612246 0.380050505050505 0.017857142857142856 0.01406926406926407
32 0.46785714285714286 0.351010101010101 0.014285714285714285 0.006493506493506494
95 0.46224489795918366 0.32521645021645024 0.018367346938775512 0.01406926406926407
95 0.47066326530612246 0.32521645021645024 0.017857142857142856 0.01406926406926407
41 0.39668367346938777 0.3593073593073593 0.0005102040816326531 0.01875901875901876
95 0.46224489795918366 0.2606421356421356 0.018367346938775512 0.01406926406926407
95 0.47066326530612246 0.2606421356421356 0.017857142857142856 0.01406926406926407
32 0.46785714285714286 0.23178210678210678 0.014285714285714285 0.006132756132756133
95 0.46224489795918366 0.1405122655122655 0.018367346938775512 0.01406926406926407
95 0.47066326530612246 0.1405122655122655 0.017857142857142856 0.01406926406926407
34 0.46785714285714286 0.11435786435786435 0.014285714285714285 0.006493506493506494
95 0.46224489795918366 0.08567821067821067 0.018367346938775512 0.01406926406926407
95 0.47066326530612246 0.08567821067821067 0.017857142857142856 0.01406926406926407
32 0.46785714285714286 0.044733044733044736 0.014285714285714285 0.006493506493506494
32 0.46785714285714286 0.05663780663780664 0.014285714285714285 0.006493506493506494
41 0.39668367346938777 0.8517316017316018 0.0005102040816326531 0.031024531024531024
59 0.34285714285714286 0.8342352092352092 0.007142857142857143 0.01479076479076479
41 0.35025510204081634 0.852994227994228 0.0005102040816326531 0.0284992784992785
41 0.35025510204081634 0.7431457431457431 0.0005102040816326531 0.01948051948051948
61 0.3436224489795918 0.6713564213564214 0.005612244897959183 0.017316017316017316
30 0.4020408163265306 0.6682900432900433 0.011224489795918367 0.006132756132756133
28 0.4020408163265306 0.6127344877344877 0.011224489795918367 0.006132756132756133
30 0.4020408163265306 0.7290764790764791 0.011224489795918367 0.006493506493506494
30 0.4020408163265306 0.8345959595959596 0.011224489795918367 0.006132756132756133
41 0.39668367346938777 0.24585137085137085 0.0005102040816326531 0.01911976911976912
30 0.4020408163265306 0.3481240981240981 0.011224489795918367 0.006493506493506494
30 0.4020408163265306 0.28733766233766234 0.011224489795918367 0.006132756132756133
30 0.4020408163265306 0.23466810966810966 0.011224489795918367 0.006132756132756133