134 0.4997448979591837 0.057900432900432904 0.9045918367346939 0.024170274170274172
134 0.4997448979591837 0.13582251082251082 0.9045918367346939 0.024170274170274172
134 0.4997448979591837 0.2916666666666667 0.9045918367346939 0.024170274170274172
134 0.4997448979591837 0.21374458874458874 0.9045918367346939 0.024170274170274172
1 0.7915816326530613 0.3097041847041847 0.015816326530612244 0.0010822510822510823
1 0.6959183673469388 0.3097041847041847 0.0163265306122449 0.0010822510822510823
1 0.6125 0.3097041847041847 0.015816326530612244 0.0010822510822510823
1 0.5176020408163265 0.3097041847041847 0.015816326530612244 0.0010822510822510823
1 0.38290816326530613 0.3097041847041847 0.015816326530612244 0.0010822510822510823
1 0.27653061224489794 0.268037518037518 0.0163265306122449 0.0007215007215007215
1 0.27653061224489794 0.27380952380952384 0.0163265306122449 0.0007215007215007215
1 0.24770408163265306 0.268037518037518 0.015816326530612244 0.0007215007215007215
1 0.24770408163265306 0.27380952380952384 0.015816326530612244 0.0007215007215007215
1 0.22678571428571428 0.268037518037518 0.015816326530612244 0.0007215007215007215
1 0.22678571428571428 0.27380952380952384 0.015816326530612244 0.0007215007215007215
1 0.20484693877551022 0.27380952380952384 0.015816326530612244 0.0007215007215007215
134 0.4997448979591837 0.35894660894660896 0.9045918367346939 0.023809523809523808
41 0.6818877551020408 0.2813852813852814 0.0005102040816326531 0.010101010101010102
26 0.6959183673469388 0.21699134199134198 0.01020408163265306 0.006132756132756133
24 0.6959183673469388 0.04599567099567099 0.01020408163265306 0.006132756132756133
26 0.6959183673469388 0.13906926406926406 0.01020408163265306 0.006132756132756133
24 0.6959183673469388 0.3097041847041847 0.01020408163265306 0.006132756132756133
26 0.6959183673469388 0.36778499278499277 0.01020408163265306 0.006132756132756133
26 0.6954081632653061 0.362012987012987 0.009183673469387756 0.006132756132756133
41 0.6910714285714286 0.056998556998557 0.0005102040816326531 0.01948051948051948
41 0.700765306122449 0.12788600288600288 0.0005102040816326531 0.01911976911976912
41 0.6510204081632653 0.22420634920634921 0.0010204081632653062 0.011904761904761904
41 0.6609693877551021 0.2878787878787879 0.0005102040816326531 0.015151515151515152
41 0.6510204081632653 0.36904761904761907 0.0010204081632653062 0.023088023088023088
26 0.6770408163265306 0.04310966810966811 0.01020408163265306 0.006132756132756133
26 0.6770408163265306 0.21085858585858586 0.01020408163265306 0.006132756132756133
26 0.6770408163265306 0.2887806637806638 0.01020408163265306 0.006132756132756133
41 0.6721938775510204 0.05357142857142857 0.0005102040816326531 0.0183982683982684
41 0.6721938775510204 0.21951659451659453 0.0005102040816326531 0.01479076479076479
41 0.7344387755102041 0.2222222222222222 0.0005102040816326531 0.01875901875901876
26 0.7395408163265306 0.36778499278499277 0.010714285714285714 0.006132756132756133
26 0.7387755102040816 0.362012987012987 0.009183673469387756 0.006132756132756133
41 0.7344387755102041 0.060425685425685424 0.0005102040816326531 0.0183982683982684
41 0.522704081632653 0.35245310245310246 0.0005102040816326531 0.026695526695526696
41 0.7443877551020408 0.13077200577200576 0.0010204081632653062 0.01911976911976912
26 0.7395408163265306 0.2949134199134199 0.010714285714285714 0.006132756132756133
121 0.13826530612244897 0.27435064935064934 0.06326530612244897 0.012626262626262626
41 0.7443877551020408 0.28625541125541126 0.0010204081632653062 0.01406926406926407
41 0.7443877551020408 0.3538961038961039 0.0010204081632653062 0.025252525252525252
41 0.700765306122449 0.2058080808080808 0.0005102040816326531 0.01911976911976912
41 0.700765306122449 0.2972582972582973 0.0005102040816326531 0.022366522366522368
41 0.700765306122449 0.3538961038961039 0.0005102040816326531 0.025252525252525252
24 0.7176020408163265 0.30357142857142855 0.010714285714285714 0.006132756132756133
41 0.7227040816326531 0.29274891774891776 0.0005102040816326531 0.01911976911976912
26 0.7395408163265306 0.04888167388167388 0.010714285714285714 0.006132756132756133
24 0.7395408163265306 0.14195526695526695 0.010714285714285714 0.006132756132756133
26 0.7395408163265306 0.21085858585858586 0.010714285714285714 0.006132756132756133
24 0.5614795918367347 0.35299422799422797 0.010714285714285714 0.006132756132756133
26 0.6122448979591837 0.04888167388167388 0.01020408163265306 0.006132756132756133
28 0.6127551020408163 0.14195526695526695 0.011224489795918367 0.006132756132756133
26 0.6122448979591837 0.21085858585858586 0.01020408163265306 0.006132756132756133
24 0.6122448979591837 0.3097041847041847 0.01020408163265306 0.006132756132756133
26 0.6127551020408163 0.362012987012987 0.009183673469387756 0.006132756132756133
26 0.6122448979591837 0.3558802308802309 0.01020408163265306 0.006132756132756133
41 0.6073979591836735 0.060064935064935064 0.0005102040816326531 0.01911976911976912
26 0.5614795918367347 0.2949134199134199 0.010714285714285714 0.006132756132756133
41 0.6181122448979591 0.13077200577200576 0.0005102040816326531 0.01911976911976912
26 0.5614795918367347 0.22276334776334777 0.010714285714285714 0.006132756132756133
41 0.5663265306122449 0.284992784992785 0.0010204081632653062 0.016594516594516596
41 0.5563775510204082 0.36183261183261184 0.0005102040816326531 0.015151515151515152
41 0.5663265306122449 0.21176046176046176 0.0010204081632653062 0.01948051948051948
24 0.5831632653061225 0.28589466089466087 0.01020408163265306 0.006132756132756133
24 0.5831632653061225 0.34686147186147187 0.01020408163265306 0.006132756132756133
41 0.5880102040816326 0.2784992784992785 0.0005102040816326531 0.012265512265512266
41 0.5783163265306123 0.356962481962482 0.0005102040816326531 0.017676767676767676
41 0.5563775510204082 0.06349206349206349 0.0005102040816326531 0.01875901875901876
41 0.639030612244898 0.29274891774891776 0.0005102040816326531 0.016955266955266956
41 0.5446428571428571 0.29004329004329005 0.0005102040816326531 0.017316017316017316
26 0.5395408163265306 0.30068542568542567 0.010714285714285714 0.006132756132756133
24 0.6341836734693878 0.30357142857142855 0.01020408163265306 0.006132756132756133
24 0.6558673469387755 0.04599567099567099 0.010714285714285714 0.006132756132756133
26 0.6558673469387755 0.21699134199134198 0.010714285714285714 0.006132756132756133
24 0.6558673469387755 0.2977994227994228 0.010714285714285714 0.006132756132756133
26 0.6558673469387755 0.362012987012987 0.010714285714285714 0.006132756132756133
26 0.6558673469387755 0.3558802308802309 0.010714285714285714 0.006132756132756133
41 0.6510204081632653 0.05555555555555555 0.0010204081632653062 0.016594516594516596
41 0.6073979591836735 0.22186147186147187 0.0005102040816326531 0.01948051948051948
24 0.5614795918367347 0.05212842712842713 0.010714285714285714 0.006132756132756133
41 0.6170918367346939 0.2977994227994228 0.0005102040816326531 0.021284271284271284
41 0.6073979591836735 0.36886724386724384 0.0005102040816326531 0.023448773448773448
41 0.9221938775510204 0.2876984126984127 0.0005102040816326531 0.016233766233766232
26 0.9170918367346939 0.3501082251082251 0.010714285714285714 0.006132756132756133
41 0.9119897959183674 0.06024531024531025 0.0005102040816326531 0.01875901875901876
41 0.9221938775510204 0.1305916305916306 0.0005102040816326531 0.01875901875901876
41 0.9221938775510204 0.2085137085137085 0.0005102040816326531 0.01875901875901876
24 0.9170918367346939 0.2977994227994228 0.010714285714285714 0.006132756132756133
41 0.9119897959183674 0.36165223665223667 0.0005102040816326531 0.020562770562770564
26 0.936734693877551 0.2887806637806638 0.01020408163265306 0.006132756132756133
26 0.936734693877551 0.3558802308802309 0.01020408163265306 0.006132756132756133
41 0.9418367346938775 0.2813852813852814 0.0010204081632653062 0.012265512265512266
41 0.8706632653061225 0.36706349206349204 0.0005102040816326531 0.023448773448773448
41 0.8806122448979592 0.13383838383838384 0.0010204081632653062 0.01948051948051948
41 0.8706632653061225 0.22474747474747475 0.0005102040816326531 0.017316017316017316
41 0.8806122448979592 0.2949134199134199 0.0010204081632653062 0.020562770562770564
26 0.8974489795918368 0.30068542568542567 0.01020408163265306 0.006132756132756133
41 0.9022959183673469 0.29094516594516595 0.0005102040816326531 0.016955266955266956
26 0.9170918367346939 0.04888167388167388 0.010714285714285714 0.006132756132756133
24 0.9170918367346939 0.14195526695526695 0.010714285714285714 0.006132756132756133
24 0.9170918367346939 0.21987734487734487 0.010714285714285714 0.006132756132756133
121 0.48392857142857143 0.2288961038961039 0.02193877551020408 0.005411255411255411
121 0.9219387755102041 0.3739177489177489 0.019387755102040816 0.005411255411255411
121 0.9112244897959184 0.27994227994227994 0.061224489795918366 0.011544011544011544
121 0.8410714285714286 0.2288961038961039 0.02193877551020408 0.005411255411255411
121 0.8290816326530612 0.281024531024531 0.0653061224489796 0.013708513708513708
121 0.7336734693877551 0.27976190476190477 0.0653061224489796 0.01406926406926407
121 0.6614795918367347 0.2287157287157287 0.020918367346938777 0.005772005772005772
121 0.6614795918367347 0.0633116883116883 0.020918367346938777 0.003246753246753247
121 0.6497448979591837 0.281024531024531 0.06479591836734694 0.013708513708513708
121 0.5673469387755102 0.36796536796536794 0.02142857142857143 0.005772005772005772
121 0.5556122448979591 0.2775974025974026 0.0653061224489796 0.015512265512265512
121 0.4719387755102041 0.2748917748917749 0.0653061224489796 0.013708513708513708
121 0.3977040816326531 0.343975468975469 0.01989795918367347 0.005411255411255411
121 0.38010204081632654 0.2828282828282828 0.05510204081632653 0.005772005772005772
121 0.2979591836734694 0.3008658008658009 0.053061224489795916 0.010101010101010102
121 0.23214285714285715 0.37445887445887444 0.02040816326530612 0.006493506493506494
121 0.2114795918367347 0.29238816738816736 0.06173469387755102 0.003246753246753247
121 0.16020408163265307 0.1268037518037518 0.019387755102040816 0.005411255411255411
121 0.15025510204081632 0.07539682539682539 0.01989795918367347 0.002886002886002886
41 0.9318877551020408 0.36634199134199136 0.0005102040816326531 0.0183982683982684
41 0.7864795918367347 0.2222222222222222 0.0005102040816326531 0.01875901875901876
41 0.7966836734693877 0.29743867243867245 0.0005102040816326531 0.020562770562770564
41 0.7864795918367347 0.36922799422799424 0.0005102040816326531 0.022727272727272728
26 0.7612244897959184 0.2887806637806638 0.01020408163265306 0.006132756132756133
41 0.7660714285714286 0.28084415584415584 0.0005102040816326531 0.013347763347763348
26 0.7915816326530613 0.055014430014430016 0.010714285714285714 0.006132756132756133
28 0.7918367346938775 0.14195526695526695 0.011224489795918367 0.006132756132756133
26 0.7915816326530613 0.21085858585858586 0.010714285714285714 0.006132756132756133
24 0.7915816326530613 0.3097041847041847 0.010714285714285714 0.006132756132756133
26 0.7915816326530613 0.362012987012987 0.010714285714285714 0.006132756132756133
26 0.7915816326530613 0.3558802308802309 0.010714285714285714 0.006132756132756133
41 0.7864795918367347 0.06601731601731602 0.0005102040816326531 0.01948051948051948
41 0.7971938775510204 0.13077200577200576 0.0005102040816326531 0.01911976911976912
41 0.8303571428571429 0.3694083694083694 0.0005102040816326531 0.022366522366522368
26 0.8568877551020408 0.21085858585858586 0.010714285714285714 0.006132756132756133
26 0.8568877551020408 0.2887806637806638 0.010714285714285714 0.006132756132756133
41 0.8520408163265306 0.21951659451659453 0.0010204081632653062 0.01479076479076479
41 0.8619897959183673 0.2813852813852814 0.0005102040816326531 0.012265512265512266
24 0.8755102040816326 0.05212842712842713 0.01020408163265306 0.006132756132756133
26 0.8755102040816326 0.14484126984126985 0.01020408163265306 0.006132756132756133
24 0.8755102040816326 0.21374458874458874 0.01020408163265306 0.006132756132756133
26 0.875765306122449 0.3068181818181818 0.010714285714285714 0.006132756132756133
24 0.8755102040816326 0.3587662337662338 0.01020408163265306 0.006132756132756133
24 0.8755102040816326 0.35299422799422797 0.01020408163265306 0.006132756132756133
41 0.8706632653061225 0.06313131313131314 0.0005102040816326531 0.01948051948051948
26 0.835204081632653 0.3558802308802309 0.01020408163265306 0.006132756132756133
24 0.813265306122449 0.30357142857142855 0.01020408163265306 0.006132756132756133
41 0.8181122448979592 0.29274891774891776 0.0005102040816326531 0.01911976911976912
26 0.835204081632653 0.055014430014430016 0.01020408163265306 0.006132756132756133
26 0.835204081632653 0.21699134199134198 0.01020408163265306 0.006132756132756133
24 0.835204081632653 0.2977994227994228 0.01020408163265306 0.006132756132756133
26 0.835204081632653 0.362012987012987 0.01020408163265306 0.006132756132756133
41 0.8303571428571429 0.06601731601731602 0.0005102040816326531 0.01948051948051948
41 0.8303571428571429 0.22438672438672438 0.0005102040816326531 0.012265512265512266
41 0.8400510204081633 0.2878787878787879 0.0005102040816326531 0.017316017316017316
24 0.22678571428571428 0.3587662337662338 0.010714285714285714 0.006132756132756133
41 0.19005102040816327 0.3522727272727273 0.0005102040816326531 0.026334776334776336
24 0.20510204081632652 0.273989898989899 0.01020408163265306 0.006132756132756133
41 0.2002551020408163 0.2837301587301587 0.0005102040816326531 0.016955266955266956
26 0.22678571428571428 0.04888167388167388 0.010714285714285714 0.006132756132756133
24 0.22678571428571428 0.14195526695526695 0.010714285714285714 0.006132756132756133
26 0.22678571428571428 0.26497113997113997 0.010714285714285714 0.006132756132756133
41 0.22168367346938775 0.060064935064935064 0.0005102040816326531 0.01911976911976912
41 0.23188775510204082 0.13095238095238096 0.0005102040816326531 0.01948051948051948
41 0.22168367346938775 0.27904040404040403 0.0005102040816326531 0.025613275613275612
24 0.18520408163265306 0.3587662337662338 0.01020408163265306 0.006132756132756133
41 0.17015306122448978 0.2765151515151515 0.0005102040816326531 0.01406926406926407
24 0.18520408163265306 0.05212842712842713 0.01020408163265306 0.006132756132756133
26 0.18520408163265306 0.15097402597402598 0.01020408163265306 0.006132756132756133
26 0.18520408163265306 0.2768759018759019 0.01020408163265306 0.006132756132756133
26 0.18520408163265306 0.36778499278499277 0.01020408163265306 0.006132756132756133
41 0.22168367346938775 0.3685064935064935 0.0005102040816326531 0.016233766233766232
41 0.18035714285714285 0.06313131313131314 0.0005102040816326531 0.01948051948051948
41 0.19005102040816327 0.13997113997113997 0.0005102040816326531 0.01948051948051948
41 0.18035714285714285 0.28535353535353536 0.0005102040816326531 0.01443001443001443
41 0.27168367346938777 0.2833694083694084 0.0005102040816326531 0.026334776334776336
26 0.24744897959183673 0.26497113997113997 0.01020408163265306 0.006132756132756133
26 0.24770408163265306 0.3501082251082251 0.010714285714285714 0.006132756132756133
41 0.24260204081632653 0.27886002886002886 0.0005102040816326531 0.025252525252525252
41 0.24260204081632653 0.36165223665223667 0.0005102040816326531 0.020562770562770564
41 0.17015306122448978 0.13726551226551226 0.0005102040816326531 0.016955266955266956
34 0.27933673469387754 0.055014430014430016 0.015816326530612244 0.006132756132756133
94 0.2788265306122449 0.07756132756132757 0.015816326530612244 0.007215007215007215
34 0.27933673469387754 0.13906926406926406 0.015816326530612244 0.006132756132756133
94 0.2788265306122449 0.15548340548340547 0.015816326530612244 0.007215007215007215
34 0.27933673469387754 0.21699134199134198 0.015816326530612244 0.006132756132756133
94 0.2727040816326531 0.2334054834054834 0.015816326530612244 0.007215007215007215
93 0.2844387755102041 0.2352092352092352 0.015816326530612244 0.010101010101010102
24 0.27653061224489794 0.26785714285714285 0.01020408163265306 0.006132756132756133
95 0.2714285714285714 0.31547619047619047 0.017346938775510204 0.01479076479076479
95 0.28214285714285714 0.31565656565656564 0.017346938775510204 0.015151515151515152
26 0.2770408163265306 0.3558802308802309 0.009183673469387756 0.006132756132756133
24 0.27653061224489794 0.34686147186147187 0.01020408163265306 0.006132756132756133
5 0.06505102040816327 0.2911255411255411 0.020918367346938777 0.04329004329004329
8 0.06505102040816327 0.3560606060606061 0.02193877551020408 0.018037518037518036
8 0.06505102040816327 0.21085858585858586 0.02193877551020408 0.0183982683982684
24 0.10178571428571428 0.05212842712842713 0.010714285714285714 0.006132756132756133
24 0.10178571428571428 0.13582251082251082 0.010714285714285714 0.006132756132756133
32 0.10459183673469388 0.21987734487734487 0.0163265306122449 0.006132756132756133
26 0.10178571428571428 0.3068181818181818 0.010714285714285714 0.006132756132756133
24 0.10229591836734694 0.3587662337662338 0.009693877551020408 0.006132756132756133
26 0.10178571428571428 0.3501082251082251 0.010714285714285714 0.006132756132756133
41 0.09668367346938775 0.06313131313131314 0.0005102040816326531 0.01948051948051948
41 0.09668367346938775 0.1462842712842713 0.0005102040816326531 0.0183982683982684
0 0.04056122448979592 0.3253968253968254 0.007653061224489796 0.09163059163059163
5 0.06505102040816327 0.05735930735930736 0.020918367346938777 0.04329004329004329
5 0.06505102040816327 0.13528138528138528 0.020918367346938777 0.04329004329004329
41 0.15025510204081632 0.13257575757575757 0.0005102040816326531 0.01406926406926407
41 0.15025510204081632 0.281024531024531 0.0005102040816326531 0.016594516594516596
41 0.1405612244897959 0.06800144300144301 0.0005102040816326531 0.015512265512265512
41 0.1405612244897959 0.3656204906204906 0.0005102040816326531 0.026334776334776336
26 0.16505102040816327 0.055014430014430016 0.010714285714285714 0.006132756132756133
24 0.16505102040816327 0.14772727272727273 0.010714285714285714 0.006132756132756133
24 0.16505102040816327 0.28589466089466087 0.010714285714285714 0.006132756132756133
41 0.16020408163265307 0.06547619047619048 0.0010204081632653062 0.0183982683982684
41 0.10688775510204082 0.29274891774891776 0.0005102040816326531 0.025613275613275612
41 0.09668367346938775 0.36507936507936506 0.0005102040816326531 0.027417027417027416
24 0.12346938775510204 0.2977994227994228 0.01020408163265306 0.006132756132756133
41 0.12857142857142856 0.28643578643578643 0.0010204081632653062 0.020202020202020204
24 0.14540816326530612 0.057900432900432904 0.01020408163265306 0.006132756132756133
24 0.14540816326530612 0.14195526695526695 0.01020408163265306 0.006132756132756133
24 0.14540816326530612 0.2916666666666667 0.01020408163265306 0.006132756132756133
24 0.14540816326530612 0.3587662337662338 0.01020408163265306 0.006132756132756133
26 0.14540816326530612 0.3501082251082251 0.01020408163265306 0.006132756132756133
41 0.4392857142857143 0.35263347763347763 0.0010204081632653062 0.027056277056277056
26 0.4561224489795918 0.30068542568542567 0.01020408163265306 0.006132756132756133
41 0.46096938775510204 0.28823953823953824 0.0005102040816326531 0.022366522366522368
24 0.47806122448979593 0.05212842712842713 0.01020408163265306 0.006132756132756133
24 0.47806122448979593 0.21374458874458874 0.01020408163265306 0.006132756132756133
26 0.4344387755102041 0.3068181818181818 0.010714285714285714 0.006132756132756133
26 0.4344387755102041 0.36778499278499277 0.010714285714285714 0.006132756132756133
24 0.4344387755102041 0.3587662337662338 0.010714285714285714 0.006132756132756133
41 0.42933673469387756 0.06349206349206349 0.0005102040816326531 0.01875901875901876
41 0.44005102040816324 0.1275252525252525 0.0005102040816326531 0.0183982683982684
26 0.47806122448979593 0.2949134199134199 0.01020408163265306 0.006132756132756133
41 0.42933673469387756 0.21933621933621933 0.0005102040816326531 0.01875901875901876
41 0.4392857142857143 0.29329004329004327 0.0010204081632653062 0.024531024531024532
41 0.5048469387755102 0.2766955266955267 0.0005102040816326531 0.01443001443001443
26 0.5178571428571429 0.055014430014430016 0.01020408163265306 0.006132756132756133
30 0.5181122448979592 0.14484126984126985 0.010714285714285714 0.006132756132756133
26 0.5178571428571429 0.21699134199134198 0.01020408163265306 0.006132756132756133
24 0.5178571428571429 0.3097041847041847 0.01020408163265306 0.006132756132756133
26 0.5178571428571429 0.36778499278499277 0.01020408163265306 0.006132756132756133
24 0.5178571428571429 0.35894660894660896 0.01020408163265306 0.005772005772005772
41 0.5130102040816327 0.06601731601731602 0.0005102040816326531 0.01948051948051948
41 0.5232142857142857 0.13365800865800867 0.0005102040816326531 0.01911976911976912
41 0.522704081632653 0.2058080808080808 0.0005102040816326531 0.01911976911976912
41 0.522704081632653 0.29653679653679654 0.0005102040816326531 0.023809523809523808
26 0.47806122448979593 0.36778499278499277 0.01020408163265306 0.006132756132756133
24 0.4775510204081633 0.35894660894660896 0.009183673469387756 0.005772005772005772
41 0.4732142857142857 0.06313131313131314 0.0005102040816326531 0.01948051948051948
41 0.4732142857142857 0.22276334776334777 0.0005102040816326531 0.015512265512265512
41 0.4829081632653061 0.2831890331890332 0.0005102040816326531 0.020202020202020204
41 0.4829081632653061 0.3528138528138528 0.0005102040816326531 0.027417027417027416
24 0.4997448979591837 0.20797258297258298 0.010714285714285714 0.006132756132756133
24 0.4997448979591837 0.28589466089466087 0.010714285714285714 0.006132756132756133
41 0.49464285714285716 0.21807359307359309 0.0005102040816326531 0.017676767676767676
41 0.3068877551020408 0.3629148629148629 0.0005102040816326531 0.027417027417027416
26 0.32933673469387753 0.2887806637806638 0.010714285714285714 0.006132756132756133
41 0.324234693877551 0.2972582972582973 0.0005102040816326531 0.01443001443001443
24 0.34770408163265304 0.2977994227994228 0.010714285714285714 0.006132756132756133
26 0.3482142857142857 0.3558802308802309 0.009693877551020408 0.006132756132756133
24 0.34770408163265304 0.34686147186147187 0.010714285714285714 0.006132756132756133
24 0.4344387755102041 0.20797258297258298 0.010714285714285714 0.006132756132756133
41 0.3426020408163265 0.36237373737373735 0.0005102040816326531 0.0284992784992785
41 0.27168367346938777 0.36237373737373735 0.0005102040816326531 0.0284992784992785
41 0.3528061224489796 0.2887806637806638 0.0005102040816326531 0.015512265512265512
26 0.2941326530612245 0.2768759018759019 0.010714285714285714 0.006132756132756133
41 0.28903061224489796 0.2886002886002886 0.0005102040816326531 0.020923520923520924
26 0.31173469387755104 0.2828282828282828 0.01020408163265306 0.005772005772005772
26 0.31173469387755104 0.3558802308802309 0.01020408163265306 0.006132756132756133
24 0.31173469387755104 0.34686147186147187 0.01020408163265306 0.006132756132756133
41 0.3068877551020408 0.2931096681096681 0.0005102040816326531 0.017676767676767676
41 0.4073979591836735 0.3556998556998557 0.0005102040816326531 0.01948051948051948
41 0.38801020408163267 0.35119047619047616 0.0005102040816326531 0.017676767676767676
24 0.3653061224489796 0.30357142857142855 0.01020408163265306 0.006132756132756133
41 0.4073979591836735 0.2931096681096681 0.0005102040816326531 0.016233766233766232
26 0.40255102040816326 0.36778499278499277 0.01020408163265306 0.006132756132756133
24 0.40255102040816326 0.30357142857142855 0.01020408163265306 0.006132756132756133
30 0.4346938775510204 0.13906926406926406 0.011224489795918367 0.006132756132756133
41 0.3701530612244898 0.29238816738816736 0.0005102040816326531 0.01984126984126984
41 0.38801020408163267 0.29563492063492064 0.0005102040816326531 0.024170274170274172
24 0.4344387755102041 0.05212842712842713 0.010714285714285714 0.006132756132756133
24 0.38290816326530613 0.3097041847041847 0.010714285714285714 0.006132756132756133
26 0.38290816326530613 0.362012987012987 0.010714285714285714 0.006132756132756133
134 0.4997448979591837 0.5921717171717171 0.9045918367346939 0.024170274170274172
134 0.4997448979591837 0.748015873015873 0.9045918367346939 0.024170274170274172
1 0.9390306122448979 0.7961760461760462 0.015816326530612244 0.0007215007215007215
1 0.9390306122448979 0.801948051948052 0.015816326530612244 0.0007215007215007215
1 0.9390306122448979 0.8080808080808081 0.015816326530612244 0.0007215007215007215
1 0.9178571428571428 0.801948051948052 0.0163265306122449 0.0007215007215007215
1 0.9178571428571428 0.8080808080808081 0.0163265306122449 0.0007215007215007215
1 0.7971938775510204 0.8437950937950938 0.015816326530612244 0.0007215007215007215
1 0.624234693877551 0.8437950937950938 0.015816326530612244 0.0007215007215007215
1 0.5971938775510204 0.7961760461760462 0.015816326530612244 0.0007215007215007215
1 0.5971938775510204 0.801948051948052 0.015816326530612244 0.0007215007215007215
1 0.5971938775510204 0.8080808080808081 0.015816326530612244 0.0007215007215007215
1 0.575765306122449 0.801948051948052 0.015816326530612244 0.0007215007215007215
1 0.575765306122449 0.8080808080808081 0.015816326530612244 0.0007215007215007215
1 0.5543367346938776 0.8080808080808081 0.015816326530612244 0.0007215007215007215
1 0.45051020408163267 0.8437950937950938 0.0163265306122449 0.0007215007215007215
1 0.27346938775510204 0.8437950937950938 0.0163265306122449 0.0007215007215007215
1 0.18061224489795918 0.8437950937950938 0.0163265306122449 0.0007215007215007215
1 0.10178571428571428 0.8437950937950938 0.015816326530612244 0.0007215007215007215
134 0.4997448979591837 0.825937950937951 0.9045918367346939 0.024170274170274172
134 0.4997448979591837 0.8930375180375181 0.9045918367346939 0.024170274170274172
134 0.4997448979591837 0.6700937950937951 0.9045918367346939 0.024170274170274172
1 0.9178571428571428 0.687950937950938 0.0163265306122449 0.0007215007215007215
1 0.39693877551020407 0.5743145743145743 0.0163265306122449 0.0007215007215007215
26 0.7053571428571429 0.5831529581529582 0.010714285714285714 0.006132756132756133
24 0.6872448979591836 0.586038961038961 0.01020408163265306 0.006132756132756133
26 0.6872448979591836 0.823051948051948 0.01020408163265306 0.006132756132756133
41 0.6823979591836735 0.5955988455988456 0.0005102040816326531 0.016594516594516596
41 0.6920918367346939 0.8156565656565656 0.0005102040816326531 0.012265512265512266
26 0.6668367346938775 0.5892857142857143 0.01020408163265306 0.006132756132756133
26 0.6668367346938775 0.6791125541125541 0.01020408163265306 0.006132756132756133
26 0.6668367346938775 0.8288239538239538 0.01020408163265306 0.006132756132756133
26 0.6668367346938775 0.9020562770562771 0.01020408163265306 0.006132756132756133
26 0.6663265306122449 0.8959235209235209 0.009183673469387756 0.006132756132756133
41 0.6619897959183674 0.5977633477633477 0.0005102040816326531 0.01443001443001443
41 0.6716836734693877 0.6681096681096681 0.0005102040816326531 0.01948051948051948
41 0.6716836734693877 0.8208874458874459 0.0005102040816326531 0.013347763347763348
41 0.6716836734693877 0.887987012987013 0.0005102040816326531 0.025613275613275612
41 0.7528061224489796 0.6616161616161617 0.0005102040816326531 0.01875901875901876
41 0.7313775510204081 0.8212481962481962 0.0005102040816326531 0.016233766233766232
24 0.7479591836734694 0.586038961038961 0.01020408163265306 0.006132756132756133
26 0.7479591836734694 0.672979797979798 0.01020408163265306 0.006132756132756133
24 0.7479591836734694 0.825937950937951 0.01020408163265306 0.006132756132756133
26 0.7479591836734694 0.8901515151515151 0.01020408163265306 0.006132756132756133
41 0.7431122448979591 0.597041847041847 0.0005102040816326531 0.01948051948051948
24 0.726530612244898 0.8317099567099567 0.01020408163265306 0.006132756132756133
41 0.7528061224489796 0.8172799422799423 0.0005102040816326531 0.01479076479076479
41 0.7431122448979591 0.8998917748917749 0.0005102040816326531 0.016955266955266956
41 0.7002551020408163 0.759018759018759 0.0005102040816326531 0.017316017316017316
28 0.7056122448979592 0.748015873015873 0.011224489795918367 0.006132756132756133
24 0.7053571428571429 0.8378427128427128 0.010714285714285714 0.006132756132756133
24 0.7053571428571429 0.8991702741702742 0.010714285714285714 0.006132756132756133
26 0.7045918367346938 0.8901515151515151 0.009183673469387756 0.006132756132756133
41 0.7002551020408163 0.5941558441558441 0.0005102040816326531 0.01948051948051948
41 0.710204081632653 0.6648629148629148 0.0010204081632653062 0.01875901875901876
24 0.7053571428571429 0.6758658008658008 0.010714285714285714 0.006132756132756133
41 0.710204081632653 0.825937950937951 0.0010204081632653062 0.021284271284271284
41 0.710204081632653 0.8845598845598845 0.0010204081632653062 0.026695526695526696
41 0.5808673469387755 0.6648629148629148 0.0005102040816326531 0.01875901875901876
41 0.5706632653061224 0.8154761904761905 0.0005102040816326531 0.022727272727272728
41 0.5706632653061224 0.9042207792207793 0.0005102040816326531 0.012626262626262626
26 0.5969387755102041 0.7931096681096681 0.01020408163265306 0.006132756132756133
24 0.5969387755102041 0.8872655122655123 0.01020408163265306 0.006132756132756133
41 0.5920918367346939 0.8106060606060606 0.0005102040816326531 0.032467532467532464
41 0.5920918367346939 0.8973665223665224 0.0005102040816326531 0.017676767676767676
121 0.10688775510204082 0.5975829725829725 0.01989795918367347 0.003246753246753247
41 0.5380102040816327 0.6675685425685426 0.0005102040816326531 0.0183982683982684
41 0.5283163265306122 0.8228715728715729 0.0005102040816326531 0.012987012987012988
41 0.5380102040816327 0.8933982683982684 0.0005102040816326531 0.024170274170274172
24 0.5545918367346939 0.8079004329004329 0.01020408163265306 0.006132756132756133
41 0.5494897959183673 0.8187229437229437 0.0010204081632653062 0.01911976911976912
26 0.575765306122449 0.5892857142857143 0.010714285714285714 0.006132756132756133
24 0.575765306122449 0.6758658008658008 0.010714285714285714 0.006132756132756133
24 0.575765306122449 0.8021284271284271 0.010714285714285714 0.006132756132756133
26 0.575765306122449 0.8959235209235209 0.010714285714285714 0.006132756132756133
41 0.5706632653061224 0.6001082251082251 0.0005102040816326531 0.01911976911976912
41 0.6293367346938775 0.8313492063492064 0.0005102040816326531 0.020562770562770564
41 0.6293367346938775 0.8874458874458875 0.0005102040816326531 0.024531024531024532
24 0.6456632653061225 0.8378427128427128 0.010714285714285714 0.006132756132756133
26 0.6244897959183674 0.5831529581529582 0.01020408163265306 0.006132756132756133
26 0.624234693877551 0.672979797979798 0.010714285714285714 0.006132756132756133
30 0.6247448979591836 0.7451298701298701 0.010714285714285714 0.006132756132756133
24 0.624234693877551 0.8439754689754689 0.010714285714285714 0.006132756132756133
26 0.6244897959183674 0.9020562770562771 0.01020408163265306 0.006132756132756133
26 0.624234693877551 0.8959235209235209 0.010714285714285714 0.006132756132756133
41 0.6193877551020408 0.5941558441558441 0.0010204081632653062 0.01948051948051948
41 0.650765306122449 0.8273809523809523 0.0005102040816326531 0.0183982683982684
41 0.6293367346938775 0.661976911976912 0.0005102040816326531 0.01948051948051948
41 0.6193877551020408 0.7563131313131313 0.0010204081632653062 0.01911976911976912
24 0.9178571428571428 0.687950937950938 0.01020408163265306 0.005772005772005772
24 0.9178571428571428 0.8021284271284271 0.01020408163265306 0.006132756132756133
26 0.9178571428571428 0.8901515151515151 0.01020408163265306 0.006132756132756133
41 0.922704081632653 0.676948051948052 0.0005102040816326531 0.01911976911976912
41 0.9130102040816327 0.8147546897546898 0.0005102040816326531 0.022727272727272728
41 0.8936224489795919 0.8203463203463204 0.0005102040816326531 0.01443001443001443
41 0.9130102040816327 0.8998917748917749 0.0005102040816326531 0.016955266955266956
24 0.9390306122448979 0.795995670995671 0.010714285714285714 0.006132756132756133
26 0.9390306122448979 0.884018759018759 0.010714285714285714 0.006132756132756133
41 0.9341836734693878 0.8115079365079365 0.0010204081632653062 0.0284992784992785
26 0.877295918367347 0.6848845598845599 0.010714285714285714 0.006132756132756133
26 0.877295918367347 0.8169191919191919 0.010714285714285714 0.006132756132756133
26 0.878061224489796 0.8959235209235209 0.009183673469387756 0.006132756132756133
26 0.877295918367347 0.8901515151515151 0.010714285714285714 0.006132756132756133
41 0.8823979591836735 0.6738816738816739 0.0005102040816326531 0.01948051948051948
41 0.8724489795918368 0.8243145743145743 0.0010204081632653062 0.012265512265512266
41 0.8724489795918368 0.9031385281385281 0.0010204081632653062 0.023448773448773448
26 0.8987244897959183 0.6791125541125541 0.010714285714285714 0.006132756132756133
26 0.8987244897959183 0.8111471861471862 0.010714285714285714 0.006132756132756133
41 0.9038265306122449 0.6686507936507936 0.0005102040816326531 0.0183982683982684
121 0.5599489795918368 0.829004329004329 0.06377551020408163 0.005772005772005772
121 0.923469387755102 0.9081890331890332 0.02142857142857143 0.005411255411255411
121 0.9033163265306122 0.8284632034632035 0.06173469387755102 0.006854256854256854
121 0.8928571428571429 0.6612554112554112 0.02142857142857143 0.005772005772005772
121 0.8329081632653061 0.814935064935065 0.06173469387755102 0.013708513708513708
121 0.8329081632653061 0.6581890331890332 0.06173469387755102 0.0018037518037518038
121 0.7535714285714286 0.9081890331890332 0.02142857142857143 0.005411255411255411
121 0.7420918367346939 0.810064935064935 0.06377551020408163 0.011904761904761904
121 0.6721938775510204 0.6046176046176046 0.01989795918367347 0.002886002886002886
121 0.6607142857142857 0.8151154401154401 0.06224489795918367 0.01406926406926407
121 0.5813775510204081 0.9085497835497836 0.020918367346938777 0.006854256854256854
121 0.4982142857142857 0.5986652236652237 0.01989795918367347 0.003246753246753247
121 0.48698979591836733 0.8143939393939394 0.06275510204081633 0.012626262626262626
121 0.4114795918367347 0.884018759018759 0.018877551020408164 0.005411255411255411
121 0.39005102040816325 0.8086219336219336 0.06173469387755102 0.012626262626262626
121 0.31045918367346936 0.8138528138528138 0.06377551020408163 0.013708513708513708
121 0.2288265306122449 0.9087301587301587 0.020918367346938777 0.006493506493506494
121 0.21760204081632653 0.8143939393939394 0.06377551020408163 0.012626262626262626
121 0.1375 0.814935064935065 0.06173469387755102 0.013708513708513708
41 0.9341836734693878 0.8957431457431457 0.0010204081632653062 0.020923520923520924
41 0.8022959183673469 0.6677489177489178 0.0005102040816326531 0.01875901875901876
41 0.8022959183673469 0.8315295815295816 0.0005102040816326531 0.020923520923520924
41 0.7920918367346939 0.9034992784992785 0.0005102040816326531 0.022727272727272728
34 0.8 0.5892857142857143 0.0163265306122449 0.006132756132756133
24 0.7691326530612245 0.8198051948051948 0.010714285714285714 0.006132756132756133
26 0.7691326530612245 0.884018759018759 0.010714285714285714 0.006132756132756133
41 0.7742346938775511 0.8118686868686869 0.0005102040816326531 0.013347763347763348
41 0.764030612244898 0.8957431457431457 0.0005102040816326531 0.020923520923520924
26 0.7971938775510204 0.6791125541125541 0.010714285714285714 0.006132756132756133
95 0.7974489795918367 0.6937229437229437 0.017346938775510204 0.015151515151515152
34 0.8 0.7509018759018758 0.0163265306122449 0.006132756132756133
24 0.7971938775510204 0.8439754689754689 0.010714285714285714 0.006132756132756133
26 0.7971938775510204 0.8959235209235209 0.010714285714285714 0.006132756132756133
26 0.7971938775510204 0.8901515151515151 0.010714285714285714 0.006132756132756133
41 0.8426020408163265 0.6691919191919192 0.0005102040816326531 0.021645021645021644
41 0.8426020408163265 0.8216089466089466 0.0005102040816326531 0.016233766233766232
41 0.8326530612244898 0.9033189033189033 0.0010204081632653062 0.023088023088023088
26 0.8375 0.8901515151515151 0.010714285714285714 0.006132756132756133
24 0.8589285714285714 0.6758658008658008 0.010714285714285714 0.006132756132756133
26 0.8589285714285714 0.823051948051948 0.010714285714285714 0.006132756132756133
41 0.864030612244898 0.6664862914862915 0.0005102040816326531 0.016233766233766232
41 0.864030612244898 0.8156565656565656 0.0005102040816326531 0.012265512265512266
41 0.8232142857142857 0.6645021645021645 0.0005102040816326531 0.012265512265512266
26 0.8183673469387756 0.672979797979798 0.01020408163265306 0.006132756132756133
24 0.8183673469387756 0.8378427128427128 0.01020408163265306 0.006132756132756133
41 0.8232142857142857 0.8268398268398268 0.0005102040816326531 0.01948051948051948
24 0.8375 0.681998556998557 0.010714285714285714 0.006132756132756133
24 0.8375 0.8318903318903319 0.010714285714285714 0.005772005772005772
26 0.8375 0.8959235209235209 0.010714285714285714 0.006132756132756133
41 0.20688775510204083 0.8275613275613276 0.0005102040816326531 0.022366522366522368
24 0.22321428571428573 0.8317099567099567 0.010714285714285714 0.006132756132756133
24 0.22321428571428573 0.8930375180375181 0.010714285714285714 0.006132756132756133
41 0.22831632653061223 0.8217893217893217 0.0005102040816326531 0.017316017316017316
41 0.2181122448979592 0.9024170274170275 0.0005102040816326531 0.016233766233766232
26 0.2017857142857143 0.8407287157287158 0.010714285714285714 0.006132756132756133
24 0.2443877551020408 0.825937950937951 0.01020408163265306 0.006132756132756133
26 0.2443877551020408 0.884018759018759 0.01020408163265306 0.006132756132756133
41 0.249234693877551 0.8170995670995671 0.0005102040816326531 0.015151515151515152
41 0.23954081632653063 0.8957431457431457 0.0005102040816326531 0.020923520923520924
41 0.17576530612244898 0.7507215007215007 0.0005102040816326531 0.018037518037518036
28 0.18086734693877551 0.6700937950937951 0.010714285714285714 0.006132756132756133
30 0.18086734693877551 0.738997113997114 0.010714285714285714 0.006132756132756133
26 0.18061224489795918 0.8468614718614719 0.01020408163265306 0.006132756132756133
24 0.18061224489795918 0.9049422799422799 0.01020408163265306 0.006132756132756133
24 0.18010204081632653 0.8991702741702742 0.009183673469387756 0.006132756132756133
41 0.17576530612244898 0.5977633477633477 0.0005102040816326531 0.018037518037518036
41 0.17576530612244898 0.6807359307359307 0.0005102040816326531 0.018037518037518036
41 0.1854591836734694 0.8327922077922078 0.0005102040816326531 0.025613275613275612
41 0.1854591836734694 0.8910533910533911 0.0005102040816326531 0.025252525252525252
41 0.2783163265306122 0.8306277056277056 0.0005102040816326531 0.021284271284271284
41 0.2686224489795918 0.8971861471861472 0.0005102040816326531 0.027417027417027416
24 0.29489795918367345 0.8378427128427128 0.01020408163265306 0.006132756132756133
24 0.27346938775510204 0.5802669552669553 0.01020408163265306 0.006132756132756133
30 0.2739795918367347 0.6672077922077922 0.011224489795918367 0.006132756132756133
28 0.2739795918367347 0.7361111111111112 0.011224489795918367 0.006132756132756133
24 0.27346938775510204 0.8439754689754689 0.01020408163265306 0.006132756132756133
26 0.27346938775510204 0.8901515151515151 0.01020408163265306 0.006132756132756133
24 0.27346938775510204 0.8811327561327561 0.01020408163265306 0.006132756132756133
41 0.2686224489795918 0.5912698412698413 0.0005102040816326531 0.01948051948051948
28 0.18086734693877551 0.586038961038961 0.010714285714285714 0.006132756132756133
41 0.2686224489795918 0.6783910533910534 0.0005102040816326531 0.01911976911976912
41 0.2686224489795918 0.7472943722943723 0.0005102040816326531 0.01911976911976912
5 0.06505102040816327 0.8252164502164502 0.020918367346938777 0.04292929292929293
8 0.06505102040816327 0.88997113997114 0.02193877551020408 0.018037518037518036
8 0.06505102040816327 0.7449494949494949 0.02193877551020408 0.018037518037518036
26 0.10178571428571428 0.5773809523809523 0.010714285714285714 0.006132756132756133
30 0.10204081632653061 0.6672077922077922 0.011224489795918367 0.006132756132756133
30 0.10204081632653061 0.7451298701298701 0.011224489795918367 0.006132756132756133
24 0.10178571428571428 0.8439754689754689 0.010714285714285714 0.006132756132756133
26 0.10229591836734694 0.8959235209235209 0.009693877551020408 0.006132756132756133
26 0.10178571428571428 0.8901515151515151 0.010714285714285714 0.006132756132756133
41 0.09668367346938775 0.5876623376623377 0.0005102040816326531 0.018037518037518036
0 0.04056122448979592 0.8596681096681097 0.007653061224489796 0.09163059163059163
5 0.06505102040816327 0.5912698412698413 0.020918367346938777 0.04329004329004329
5 0.06505102040816327 0.6691919191919192 0.020918367346938777 0.04329004329004329
26 0.14234693877551022 0.5831529581529582 0.01020408163265306 0.006132756132756133
24 0.14234693877551022 0.8318903318903319 0.01020408163265306 0.005772005772005772
26 0.14285714285714285 0.8959235209235209 0.009183673469387756 0.006132756132756133
26 0.14234693877551022 0.8901515151515151 0.01020408163265306 0.006132756132756133
41 0.1375 0.5941558441558441 0.0005102040816326531 0.01948051948051948
41 0.1471938775510204 0.821969696969697 0.0005102040816326531 0.016955266955266956
41 0.1375 0.9031385281385281 0.0005102040816326531 0.023448773448773448
26 0.1635204081632653 0.823051948051948 0.010714285714285714 0.006132756132756133
41 0.16862244897959183 0.8156565656565656 0.0005102040816326531 0.012265512265512266
41 0.09668367346938775 0.6783910533910534 0.0005102040816326531 0.01911976911976912
41 0.09668367346938775 0.7563131313131313 0.0005102040816326531 0.01911976911976912
41 0.10688775510204082 0.8317099567099567 0.0005102040816326531 0.021284271284271284
41 0.09668367346938775 0.9031385281385281 0.0005102040816326531 0.023448773448773448
24 0.12193877551020409 0.5802669552669553 0.01020408163265306 0.006132756132756133
24 0.12193877551020409 0.8378427128427128 0.01020408163265306 0.006132756132756133
41 0.11709183673469388 0.5896464646464646 0.0005102040816326531 0.016233766233766232
41 0.12678571428571428 0.827020202020202 0.0005102040816326531 0.01911976911976912
41 0.45535714285714285 0.8308080808080808 0.0005102040816326531 0.021645021645021644
41 0.45535714285714285 0.8933982683982684 0.0005102040816326531 0.024170274170274172
26 0.45051020408163267 0.9020562770562771 0.01020408163265306 0.006132756132756133
41 0.42117346938775513 0.8944805194805194 0.0005102040816326531 0.016955266955266956
26 0.45051020408163267 0.5773809523809523 0.01020408163265306 0.006132756132756133
26 0.45051020408163267 0.6672077922077922 0.01020408163265306 0.006132756132756133
41 0.2997448979591837 0.8262987012987013 0.0005102040816326531 0.020562770562770564
32 0.45331632653061227 0.7418831168831169 0.015816326530612244 0.006132756132756133
93 0.45102040816326533 0.7691197691197691 0.0163265306122449 0.010101010101010102
24 0.45051020408163267 0.8439754689754689 0.01020408163265306 0.006132756132756133
94 0.44387755102040816 0.8544372294372294 0.0163265306122449 0.006854256854256854
93 0.4556122448979592 0.8560606060606061 0.0163265306122449 0.010101010101010102
26 0.45051020408163267 0.9078282828282829 0.01020408163265306 0.006132756132756133
94 0.44387755102040816 0.9186507936507936 0.0163265306122449 0.006854256854256854
93 0.4556122448979592 0.9202741702741702 0.0163265306122449 0.010101010101010102
41 0.44566326530612244 0.5882034632034632 0.0005102040816326531 0.01911976911976912
41 0.44566326530612244 0.6782106782106783 0.0005102040816326531 0.01948051948051948
41 0.4982142857142857 0.8937590187590188 0.0005102040816326531 0.024891774891774892
26 0.513265306122449 0.5831529581529582 0.01020408163265306 0.006132756132756133
26 0.513265306122449 0.823051948051948 0.01020408163265306 0.006132756132756133
41 0.5084183673469388 0.5916305916305916 0.0005102040816326531 0.01443001443001443
41 0.5181122448979592 0.8156565656565656 0.0005102040816326531 0.012265512265512266
24 0.5331632653061225 0.586038961038961 0.01020408163265306 0.006132756132756133
26 0.5331632653061225 0.6791125541125541 0.01020408163265306 0.006132756132756133
24 0.5331632653061225 0.814033189033189 0.01020408163265306 0.006132756132756133
26 0.5331632653061225 0.9078282828282829 0.01020408163265306 0.006132756132756133
26 0.5331632653061225 0.9020562770562771 0.01020408163265306 0.006132756132756133
41 0.5283163265306122 0.597041847041847 0.0005102040816326531 0.01948051948051948
26 0.4931122448979592 0.8288239538239538 0.010714285714285714 0.006132756132756133
26 0.4716836734693878 0.83495670995671 0.010714285714285714 0.006132756132756133
41 0.4767857142857143 0.825036075036075 0.0005102040816326531 0.017316017316017316
24 0.4931122448979592 0.5802669552669553 0.010714285714285714 0.006132756132756133
26 0.4931122448979592 0.672979797979798 0.010714285714285714 0.006132756132756133
94 0.45 0.6953463203463204 0.0163265306122449 0.006854256854256854
26 0.4931122448979592 0.9078282828282829 0.010714285714285714 0.006132756132756133
26 0.4931122448979592 0.9020562770562771 0.010714285714285714 0.006132756132756133
41 0.48801020408163265 0.5896464646464646 0.0005102040816326531 0.016233766233766232
41 0.4982142857142857 0.661976911976912 0.0005102040816326531 0.01948051948051948
41 0.4982142857142857 0.8201659451659452 0.0005102040816326531 0.01479076479076479
26 0.35433673469387755 0.5773809523809523 0.010714285714285714 0.006132756132756133
28 0.35459183673469385 0.663961038961039 0.011224489795918367 0.006132756132756133
30 0.35459183673469385 0.738997113997114 0.011224489795918367 0.006132756132756133
26 0.35433673469387755 0.8407287157287158 0.010714285714285714 0.006132756132756133
24 0.3551020408163265 0.8930375180375181 0.009183673469387756 0.006132756132756133
26 0.35433673469387755 0.884018759018759 0.010714285714285714 0.006132756132756133
41 0.3494897959183674 0.5882034632034632 0.0010204081632653062 0.01911976911976912
41 0.3494897959183674 0.6753246753246753 0.0010204081632653062 0.01875901875901876
41 0.3494897959183674 0.7501803751803752 0.0010204081632653062 0.01911976911976912
41 0.3594387755102041 0.8268398268398268 0.0005102040816326531 0.025252525252525252
41 0.3494897959183674 0.898989898989899 0.0010204081632653062 0.027417027417027416
41 0.3211734693877551 0.8194444444444444 0.0005102040816326531 0.01479076479076479
24 0.31607142857142856 0.5802669552669553 0.010714285714285714 0.006132756132756133
26 0.31607142857142856 0.8288239538239538 0.010714285714285714 0.006132756132756133
26 0.3165816326530612 0.8901515151515151 0.009693877551020408 0.006132756132756133
24 0.31607142857142856 0.8811327561327561 0.010714285714285714 0.006132756132756133
41 0.310969387755102 0.5912698412698413 0.0005102040816326531 0.01948051948051948
41 0.310969387755102 0.8966450216450217 0.0005102040816326531 0.0284992784992785
26 0.33724489795918366 0.823051948051948 0.01020408163265306 0.006132756132756133
41 0.3420918367346939 0.8151154401154401 0.0005102040816326531 0.013347763347763348
41 0.4017857142857143 0.8896103896103896 0.0005102040816326531 0.01443001443001443
24 0.39693877551020407 0.5741341991341992 0.01020408163265306 0.006132756132756133
24 0.39693877551020407 0.825937950937951 0.01020408163265306 0.006132756132756133
24 0.39693877551020407 0.8991702741702742 0.01020408163265306 0.006132756132756133
41 0.3920918367346939 0.5851370851370852 0.0005102040816326531 0.01948051948051948
41 0.4017857142857143 0.8156565656565656 0.0005102040816326531 0.018037518037518036
24 0.4160714285714286 0.8198051948051948 0.010714285714285714 0.006132756132756133
24 0.4160714285714286 0.9049422799422799 0.010714285714285714 0.006132756132756133
41 0.42117346938775513 0.810966810966811 0.0005102040816326531 0.015151515151515152
41 0.3808673469387755 0.8201659451659452 0.0005102040816326531 0.01984126984126984
24 0.37576530612244896 0.8317099567099567 0.010714285714285714 0.006132756132756133