134 0.4997448979591837 0.06475468975468976 0.9045918367346939 0.024170274170274172
1 0.6418367346938776 0.04076479076479077 0.018367346938775512 0.0007215007215007215
1 0.6418367346938776 0.046897546897546896 0.018367346938775512 0.0007215007215007215
1 0.5872448979591837 0.04076479076479077 0.012244897959183673 0.0007215007215007215
1 0.5872448979591837 0.046897546897546896 0.012244897959183673 0.0007215007215007215
1 0.5206632653061225 0.04076479076479077 0.01683673469387755 0.0007215007215007215
1 0.5198979591836734 0.046897546897546896 0.018367346938775512 0.0007215007215007215
1 0.4887755102040816 0.04076479076479077 0.012244897959183673 0.0007215007215007215
1 0.4887755102040816 0.046897546897546896 0.012244897959183673 0.0007215007215007215
1 0.4596938775510204 0.04076479076479077 0.012244897959183673 0.0007215007215007215
1 0.4596938775510204 0.046897546897546896 0.012244897959183673 0.0007215007215007215
1 0.4362244897959184 0.046897546897546896 0.012244897959183673 0.0007215007215007215
1 0.41275510204081634 0.046897546897546896 0.012244897959183673 0.0007215007215007215
1 0.25816326530612244 0.046897546897546896 0.018367346938775512 0.0007215007215007215
1 0.19438775510204082 0.046897546897546896 0.012244897959183673 0.0007215007215007215
134 0.4997448979591837 0.19246031746031747 0.9045918367346939 0.024170274170274172
1 0.7188775510204082 0.14646464646464646 0.012244897959183673 0.0007215007215007215
134 0.4997448979591837 0.12860750360750361 0.9045918367346939 0.024170274170274172
1 0.48903061224489797 0.1746031746031746 0.01173469387755102 0.0007215007215007215
134 0.4997448979591837 0.2563131313131313 0.9045918367346939 0.024170274170274172
86 0.7178571428571429 0.06204906204906205 0.007142857142857143 0.015151515151515152
59 0.6803571428571429 0.18145743145743146 0.007653061224489796 0.012987012987012988
24 0.639795918367347 0.1865079365079365 0.00816326530612245 0.005772005772005772
30 0.6938775510204082 0.18362193362193363 0.012244897959183673 0.005772005772005772
24 0.7188775510204082 0.14646464646464646 0.00816326530612245 0.005772005772005772
30 0.6418367346938776 0.12554112554112554 0.012244897959183673 0.005772005772005772
59 0.6283163265306122 0.18434343434343434 0.007653061224489796 0.012987012987012988
41 0.635969387755102 0.19624819624819625 0.0005102040816326531 0.018037518037518036
41 0.6880102040816326 0.19444444444444445 0.0005102040816326531 0.01948051948051948
87 0.6627551020408163 0.19264069264069264 0.007142857142857143 0.010101010101010102
41 0.635969387755102 0.053932178932178935 0.0005102040816326531 0.021284271284271284
41 0.635969387755102 0.13654401154401155 0.0005102040816326531 0.01911976911976912
41 0.7839285714285714 0.18398268398268397 0.0005102040816326531 0.01875901875901876
59 0.7650510204081633 0.19336219336219337 0.007653061224489796 0.012987012987012988
41 0.7798469387755103 0.2597402597402597 0.0005102040816326531 0.01875901875901876
94 0.7724489795918368 0.28066378066378067 0.011224489795918367 0.005772005772005772
95 0.7821428571428571 0.28084415584415584 0.009183673469387756 0.009018759018759018
26 0.7762755102040816 0.06168831168831169 0.007653061224489796 0.005772005772005772
94 0.7724489795918368 0.08892496392496392 0.011224489795918367 0.005411255411255411
95 0.7821428571428571 0.08928571428571429 0.009183673469387756 0.009018759018759018
26 0.7762755102040816 0.1314935064935065 0.007653061224489796 0.005411255411255411
94 0.7724489795918368 0.14917027417027418 0.011224489795918367 0.005411255411255411
95 0.7818877551020408 0.14935064935064934 0.008673469387755102 0.008658008658008658
30 0.7783163265306122 0.19552669552669552 0.01173469387755102 0.005772005772005772
94 0.7739795918367347 0.21121933621933622 0.011224489795918367 0.005411255411255411
93 0.7836734693877551 0.2123015873015873 0.009183673469387756 0.007575757575757576
26 0.7762755102040816 0.2712842712842713 0.007653061224489796 0.005772005772005772
41 0.7227040816326531 0.13582251082251082 0.0005102040816326531 0.01984126984126984
41 0.772704081632653 0.07233044733044733 0.0005102040816326531 0.01984126984126984
41 0.7798469387755103 0.12067099567099566 0.0005102040816326531 0.01984126984126984
24 0.5872448979591837 0.19246031746031747 0.00816326530612245 0.005411255411255411
41 0.514030612244898 0.2031024531024531 0.0005102040816326531 0.018037518037518036
41 0.525765306122449 0.25685425685425683 0.0005102040816326531 0.01875901875901876
24 0.5872448979591837 0.04076479076479077 0.00816326530612245 0.005772005772005772
26 0.5872448979591837 0.12554112554112554 0.00816326530612245 0.005772005772005772
34 0.5913265306122449 0.2593795093795094 0.0163265306122449 0.005772005772005772
41 0.5834183673469387 0.05321067821067821 0.0005102040816326531 0.022727272727272728
28 0.5198979591836734 0.26821789321789324 0.012244897959183673 0.006132756132756133
124 0.24872448979591838 0.08477633477633478 0.26785714285714285 0.007936507936507936
59 0.4775510204081633 0.17243867243867245 0.007142857142857143 0.012987012987012988
28 0.5198979591836734 0.04076479076479077 0.012244897959183673 0.005772005772005772
30 0.5198979591836734 0.14357864357864358 0.012244897959183673 0.005772005772005772
28 0.5198979591836734 0.19246031746031747 0.012244897959183673 0.006132756132756133
41 0.5834183673469387 0.13582251082251082 0.0005102040816326531 0.0183982683982684
41 0.514030612244898 0.05339105339105339 0.0005102040816326531 0.022366522366522368
59 0.5066326530612245 0.038780663780663784 0.007142857142857143 0.013347763347763348
41 0.525765306122449 0.1323953823953824 0.0005102040816326531 0.01948051948051948
41 0.6068877551020408 0.13636363636363635 0.0005102040816326531 0.017316017316017316
26 0.6104591836734694 0.12554112554112554 0.007653061224489796 0.005772005772005772
26 0.6104591836734694 0.1893939393939394 0.007653061224489796 0.005772005772005772
41 0.6068877551020408 0.1984126984126984 0.0005102040816326531 0.015873015873015872
41 0.5834183673469387 0.2011183261183261 0.0005102040816326531 0.015512265512265512
28 0.6418367346938776 0.04076479076479077 0.012244897959183673 0.005772005772005772
87 0.9318877551020408 0.06493506493506493 0.007653061224489796 0.010101010101010102
87 0.9318877551020408 0.12878787878787878 0.007653061224489796 0.010101010101010102
87 0.9318877551020408 0.19264069264069264 0.007653061224489796 0.010101010101010102
24 0.9089285714285714 0.19246031746031747 0.007653061224489796 0.005411255411255411
26 0.9089285714285714 0.2591991341991342 0.007653061224489796 0.005411255411255411
41 0.9053571428571429 0.07395382395382395 0.0005102040816326531 0.01443001443001443
41 0.9053571428571429 0.134018759018759 0.0005102040816326531 0.0183982683982684
53 0.9089285714285714 0.13997113997113997 0.0066326530612244895 0.006493506493506494
41 0.9053571428571429 0.2011183261183261 0.0005102040816326531 0.015512265512265512
41 0.9125 0.2483766233766234 0.0005102040816326531 0.01984126984126984
121 0.2135204081632653 0.1994949494949495 0.044387755102040814 0.0021645021645021645
121 0.21377551020408164 0.20436507936507936 0.04591836734693878 0.0018037518037518038
121 0.6096938775510204 0.20743145743145744 0.05204081632653061 0.005772005772005772
121 0.5951530612244897 0.1453823953823954 0.02295918367346939 0.0021645021645021645
121 0.44693877551020406 0.19660894660894662 0.07551020408163266 0.007936507936507936
121 0.44693877551020406 0.0652958152958153 0.07551020408163266 0.002886002886002886
121 0.3413265306122449 0.20634920634920634 0.030612244897959183 0.005772005772005772
121 0.3413265306122449 0.21121933621933622 0.03163265306122449 0.006132756132756133
121 0.3413265306122449 0.13997113997113997 0.03163265306122449 0.002886002886002886
121 0.3125 0.24675324675324675 0.10459183673469388 0.006493506493506494
121 0.2755102040816326 0.20436507936507936 0.044897959183673466 0.0018037518037518038
121 0.2755102040816326 0.20923520923520925 0.04591836734693878 0.0021645021645021645
124 0.2568877551020408 0.22168109668109667 0.251530612244898 0.008297258297258298
124 0.24897959183673468 0.2819264069264069 0.2673469387755102 0.008297258297258298
121 0.17576530612244898 0.24801587301587302 0.10459183673469388 0.006854256854256854
121 0.1451530612244898 0.19895382395382397 0.05765306122448979 0.003246753246753247
121 0.1451530612244898 0.20382395382395382 0.058673469387755105 0.002886002886002886
124 0.24897959183673468 0.15241702741702742 0.2673469387755102 0.008297258297258298
121 0.16811224489795917 0.137987012987013 0.10459183673469388 0.006854256854256854
24 0.9089285714285714 0.12265512265512266 0.007653061224489796 0.005772005772005772
121 0.8778061224489796 0.24494949494949494 0.02295918367346939 0.002886002886002886
121 0.8818877551020409 0.20743145743145744 0.04642857142857143 0.005772005772005772
121 0.8818877551020409 0.07972582972582973 0.04642857142857143 0.005772005772005772
121 0.8313775510204081 0.2509018759018759 0.02295918367346939 0.003246753246753247
121 0.8237244897959184 0.07124819624819625 0.02295918367346939 0.003246753246753247
26 0.8392857142857143 0.055735930735930736 0.00816326530612245 0.005411255411255411
87 0.8390306122448979 0.12878787878787878 0.007653061224489796 0.010101010101010102
24 0.8392857142857143 0.26821789321789324 0.00816326530612245 0.005411255411255411
41 0.8354591836734694 0.06403318903318904 0.0005102040816326531 0.01479076479076479
41 0.8431122448979592 0.2588383838383838 0.0005102040816326531 0.016955266955266956
24 0.8622448979591837 0.0588023088023088 0.00816326530612245 0.005772005772005772
24 0.8158163265306122 0.05284992784992785 0.00816326530612245 0.005411255411255411
24 0.8158163265306122 0.1167027417027417 0.00816326530612245 0.005411255411255411
26 0.8158163265306122 0.2711038961038961 0.00816326530612245 0.005411255411255411
41 0.8119897959183674 0.06204906204906205 0.0005102040816326531 0.016594516594516596
86 0.8612244897959184 0.1259018759018759 0.007142857142857143 0.015151515151515152
41 0.8119897959183674 0.1275252525252525 0.0005102040816326531 0.01984126984126984
53 0.8158163265306122 0.134018759018759 0.007142857142857143 0.006854256854256854
41 0.8196428571428571 0.26082251082251084 0.0005102040816326531 0.01875901875901876
41 0.8818877551020409 0.19913419913419914 0.0005102040816326531 0.015873015873015872
26 0.8857142857142857 0.06168831168831169 0.00816326530612245 0.005772005772005772
26 0.8857142857142857 0.1893939393939394 0.00816326530612245 0.005772005772005772
24 0.8857142857142857 0.26226551226551226 0.00816326530612245 0.005772005772005772
41 0.8818877551020409 0.07088744588744589 0.0005102040816326531 0.016955266955266956
41 0.8895408163265306 0.25306637806637805 0.0005102040816326531 0.016955266955266956
24 0.9089285714285714 0.06475468975468976 0.007653061224489796 0.005411255411255411
24 0.8622448979591837 0.1865079365079365 0.00816326530612245 0.005772005772005772
26 0.8622448979591837 0.26515151515151514 0.00816326530612245 0.005772005772005772
41 0.8584183673469388 0.06854256854256854 0.0005102040816326531 0.018037518037518036
41 0.8584183673469388 0.19624819624819625 0.0005102040816326531 0.018037518037518036
59 0.8510204081632653 0.18434343434343434 0.007142857142857143 0.012987012987012988
41 0.8660714285714286 0.255050505050505 0.0005102040816326531 0.01875901875901876
41 0.1982142857142857 0.2554112554112554 0.0005102040816326531 0.016594516594516596
24 0.21020408163265306 0.18055555555555555 0.00816326530612245 0.005411255411255411
41 0.20637755102040817 0.1928210678210678 0.0005102040816326531 0.022727272727272728
26 0.22448979591836735 0.12554112554112554 0.00816326530612245 0.005772005772005772
26 0.22448979591836735 0.1893939393939394 0.00816326530612245 0.005772005772005772
24 0.22448979591836735 0.26226551226551226 0.00816326530612245 0.005772005772005772
41 0.22066326530612246 0.13347763347763347 0.0005102040816326531 0.013708513708513708
59 0.16709183673469388 0.18434343434343434 0.007653061224489796 0.012987012987012988
24 0.19438775510204082 0.04671717171717172 0.00816326530612245 0.005411255411255411
24 0.19438775510204082 0.12265512265512266 0.00816326530612245 0.005772005772005772
26 0.19438775510204082 0.18344155844155843 0.00816326530612245 0.005411255411255411
26 0.19438775510204082 0.26515151515151514 0.00816326530612245 0.005772005772005772
41 0.19056122448979593 0.057539682539682536 0.0005102040816326531 0.01984126984126984
41 0.22066326530612246 0.19733044733044733 0.0005102040816326531 0.013708513708513708
41 0.19056122448979593 0.13113275613275613 0.0005102040816326531 0.015512265512265512
41 0.19056122448979593 0.19426406926406928 0.0005102040816326531 0.01984126984126984
41 0.25229591836734694 0.13654401154401155 0.0005102040816326531 0.01911976911976912
41 0.25229591836734694 0.1967893217893218 0.0005102040816326531 0.024170274170274172
41 0.2599489795918367 0.2509018759018759 0.0005102040816326531 0.012626262626262626
41 0.48494897959183675 0.18488455988455987 0.0005102040816326531 0.016955266955266956
24 0.27040816326530615 0.19246031746031747 0.00816326530612245 0.005411255411255411
41 0.26658163265306123 0.2011183261183261 0.0005102040816326531 0.015512265512265512
41 0.2364795918367347 0.19624819624819625 0.0005102040816326531 0.015873015873015872
41 0.22831632653061223 0.2536075036075036 0.0005102040816326531 0.015873015873015872
24 0.2403061224489796 0.1865079365079365 0.00816326530612245 0.005772005772005772
28 0.25816326530612244 0.046897546897546896 0.012244897959183673 0.005772005772005772
26 0.25612244897959185 0.12554112554112554 0.00816326530612245 0.005772005772005772
26 0.25612244897959185 0.18344155844155843 0.00816326530612245 0.005411255411255411
26 0.25612244897959185 0.2591991341991342 0.00816326530612245 0.005411255411255411
41 0.25229591836734694 0.05772005772005772 0.0005102040816326531 0.01948051948051948
5 0.06505102040816327 0.193001443001443 0.020918367346938777 0.03535353535353535
67 0.0875 0.19047619047619047 0.007653061224489796 0.012987012987012988
8 0.06505102040816327 0.25306637806637805 0.020918367346938777 0.015512265512265512
67 0.0875 0.2601010101010101 0.007653061224489796 0.012987012987012988
24 0.11938775510204082 0.05284992784992785 0.00816326530612245 0.005411255411255411
24 0.11938775510204082 0.1167027417027417 0.00816326530612245 0.005411255411255411
26 0.11938775510204082 0.18344155844155843 0.00816326530612245 0.005411255411255411
26 0.11938775510204082 0.2712842712842713 0.00816326530612245 0.005772005772005772
41 0.11556122448979592 0.06367243867243867 0.0005102040816326531 0.01984126984126984
41 0.11556122448979592 0.1266233766233766 0.0005102040816326531 0.018037518037518036
5 0.06505102040816327 0.0652958152958153 0.020918367346938777 0.03535353535353535
67 0.0875 0.06259018759018758 0.007653061224489796 0.013347763347763348
5 0.06505102040816327 0.12914862914862915 0.020918367346938777 0.03535353535353535
67 0.0875 0.12644300144300144 0.007653061224489796 0.013347763347763348
26 0.15153061224489797 0.11958874458874459 0.00816326530612245 0.005411255411255411
26 0.15153061224489797 0.1774891774891775 0.00816326530612245 0.005772005772005772
24 0.15153061224489797 0.26821789321789324 0.00816326530612245 0.005411255411255411
41 0.14770408163265306 0.12878787878787878 0.0005102040816326531 0.016594516594516596
41 0.14770408163265306 0.19101731601731603 0.0005102040816326531 0.025613275613275612
41 0.15535714285714286 0.25811688311688313 0.0005102040816326531 0.0183982683982684
24 0.17831632653061225 0.1865079365079365 0.007653061224489796 0.005772005772005772
41 0.1747448979591837 0.19570707070707072 0.0005102040816326531 0.016955266955266956
41 0.11556122448979592 0.1937229437229437 0.0005102040816326531 0.01875901875901876
59 0.10816326530612246 0.18145743145743146 0.007142857142857143 0.012987012987012988
41 0.12321428571428572 0.2602813852813853 0.0005102040816326531 0.01984126984126984
24 0.13545918367346937 0.18055555555555555 0.007653061224489796 0.005411255411255411
41 0.13188775510204082 0.19246031746031747 0.0005102040816326531 0.022005772005772004
26 0.4596938775510204 0.1314935064935065 0.00816326530612245 0.005411255411255411
95 0.41403061224489796 0.283008658008658 0.008673469387755102 0.009018759018759018
26 0.4596938775510204 0.1774891774891775 0.00816326530612245 0.005772005772005772
41 0.4091836734693878 0.056818181818181816 0.0010204081632653062 0.017676767676767676
30 0.4147959183673469 0.2712842712842713 0.012244897959183673 0.005772005772005772
41 0.41658163265306125 0.12608225108225107 0.0005102040816326531 0.0183982683982684
88 0.37729591836734694 0.19498556998556998 0.008673469387755102 0.01479076479076479
41 0.4091836734693878 0.1919191919191919 0.0010204081632653062 0.01443001443001443
24 0.41275510204081634 0.04671717171717172 0.00816326530612245 0.005411255411255411
41 0.4558673469387755 0.053932178932178935 0.0005102040816326531 0.022005772005772004
26 0.41275510204081634 0.13744588744588745 0.00816326530612245 0.005772005772005772
95 0.4119897959183674 0.15331890331890333 0.008673469387755102 0.008658008658008658
26 0.41275510204081634 0.18344155844155843 0.00816326530612245 0.005411255411255411
95 0.43545918367346936 0.2132034632034632 0.008673469387755102 0.008658008658008658
26 0.4362244897959184 0.04383116883116883 0.00816326530612245 0.005411255411255411
95 0.43239795918367346 0.08531746031746032 0.008673469387755102 0.009018759018759018
95 0.4385204081632653 0.08531746031746032 0.008673469387755102 0.009018759018759018
24 0.4362244897959184 0.18055555555555555 0.00816326530612245 0.005411255411255411
41 0.43239795918367346 0.055014430014430016 0.0005102040816326531 0.020562770562770564
41 0.43239795918367346 0.1893939393939394 0.0005102040816326531 0.015873015873015872
59 0.40153061224489794 0.18145743145743146 0.007142857142857143 0.012987012987012988
24 0.4596938775510204 0.04076479076479077 0.00816326530612245 0.005772005772005772
41 0.42066326530612247 0.2601010101010101 0.0005102040816326531 0.01948051948051948
41 0.48494897959183675 0.05212842712842713 0.0005102040816326531 0.024891774891774892
24 0.32908163265306123 0.12265512265512266 0.00816326530612245 0.005772005772005772
26 0.32908163265306123 0.19534632034632035 0.00816326530612245 0.005411255411255411
26 0.32908163265306123 0.26515151515151514 0.00816326530612245 0.005772005772005772
41 0.3252551020408163 0.13185425685425686 0.0005102040816326531 0.016955266955266956
24 0.4887755102040816 0.1746031746031746 0.00816326530612245 0.005772005772005772
41 0.3252551020408163 0.20472582972582973 0.0005102040816326531 0.016955266955266956
41 0.3650510204081633 0.25793650793650796 0.0005102040816326531 0.017316017316017316
41 0.2900510204081633 0.2532467532467532 0.0005102040816326531 0.01443001443001443
26 0.28622448979591836 0.1893939393939394 0.00816326530612245 0.005772005772005772
24 0.28622448979591836 0.26226551226551226 0.00816326530612245 0.005772005772005772
41 0.2823979591836735 0.19967532467532467 0.0005102040816326531 0.0183982683982684
26 0.4887755102040816 0.03787878787878788 0.00816326530612245 0.005772005772005772
24 0.3022959183673469 0.1865079365079365 0.007653061224489796 0.005772005772005772
41 0.29872448979591837 0.19805194805194806 0.0005102040816326531 0.021645021645021644
59 0.31785714285714284 0.19336219336219337 0.007142857142857143 0.012987012987012988
26 0.36122448979591837 0.11958874458874459 0.00816326530612245 0.005411255411255411
26 0.36122448979591837 0.1893939393939394 0.00816326530612245 0.005772005772005772
24 0.36122448979591837 0.26821789321789324 0.00816326530612245 0.005411255411255411
41 0.35739795918367345 0.12987012987012986 0.0005102040816326531 0.01875901875901876
41 0.4558673469387755 0.18686868686868688 0.0005102040816326531 0.017316017316017316
41 0.35739795918367345 0.19985569985569984 0.0005102040816326531 0.01875901875901876
41 0.463265306122449 0.12067099567099566 0.0010204081632653062 0.01984126984126984
41 0.33290816326530615 0.25613275613275616 0.0005102040816326531 0.016594516594516596
24 0.3451530612244898 0.19246031746031747 0.007653061224489796 0.005411255411255411
41 0.34158163265306124 0.20220057720057721 0.0005102040816326531 0.017676767676767676
134 0.4997448979591837 0.39556277056277056 0.9045918367346939 0.024170274170274172
1 0.9076530612244897 0.47745310245310246 0.018367346938775512 0.0010822510822510823
134 0.4997448979591837 0.5234487734487735 0.9045918367346939 0.023809523809523808
134 0.4997448979591837 0.5873015873015873 0.9045918367346939 0.023809523809523808
1 0.8201530612244898 0.5413059163059163 0.012755102040816327 0.0010822510822510823
1 0.7831632653061225 0.5413059163059163 0.012244897959183673 0.0010822510822510823
134 0.4997448979591837 0.4595959595959596 0.9045918367346939 0.023809523809523808
121 0.22423469387755102 0.44516594516594515 0.05765306122448979 0.008658008658008658
41 0.7125 0.4550865800865801 0.0005102040816326531 0.016955266955266956
41 0.7125 0.523989898989899 0.0005102040816326531 0.0183982683982684
121 0.42831632653061225 0.538961038961039 0.06173469387755102 0.006493506493506494
59 0.6974489795918367 0.5331890331890332 0.007142857142857143 0.012987012987012988
121 0.5650510204081632 0.4110750360750361 0.055612244897959184 0.006854256854256854
41 0.7051020408163265 0.5952380952380952 0.0010204081632653062 0.01948051948051948
24 0.7086734693877551 0.46554834054834054 0.00816326530612245 0.005411255411255411
26 0.6709183673469388 0.4684343434343434 0.00816326530612245 0.005411255411255411
41 0.6747448979591837 0.38997113997113997 0.0005102040816326531 0.01443001443001443
41 0.6747448979591837 0.4601370851370851 0.0005102040816326531 0.01479076479076479
24 0.7089285714285715 0.39574314574314573 0.007653061224489796 0.005772005772005772
24 0.7086734693877551 0.5353535353535354 0.00816326530612245 0.005772005772005772
26 0.7086734693877551 0.5842352092352092 0.00816326530612245 0.005411255411255411
41 0.7051020408163265 0.40440115440115443 0.0010204081632653062 0.015873015873015872
121 0.2165816326530612 0.41053391053391053 0.05765306122448979 0.010101010101010102
24 0.7459183673469387 0.4595959595959596 0.00816326530612245 0.005772005772005772
24 0.7459183673469387 0.5353535353535354 0.00816326530612245 0.005772005772005772
24 0.7459183673469387 0.5932539682539683 0.00816326530612245 0.005411255411255411
41 0.7423469387755102 0.3997113997113997 0.0010204081632653062 0.018037518037518036
41 0.7497448979591836 0.4512987012987013 0.0005102040816326531 0.01443001443001443
24 0.7459183673469387 0.3897907647907648 0.00816326530612245 0.005411255411255411
41 0.7497448979591836 0.5247113997113997 0.0005102040816326531 0.01984126984126984
41 0.7497448979591836 0.5824314574314574 0.0005102040816326531 0.01984126984126984
87 0.7645408163265306 0.3959235209235209 0.007653061224489796 0.00974025974025974
87 0.7645408163265306 0.4597763347763348 0.007653061224489796 0.00974025974025974
26 0.7275510204081632 0.3926767676767677 0.00816326530612245 0.005411255411255411
26 0.7275510204081632 0.4624819624819625 0.00816326530612245 0.005772005772005772
41 0.7237244897959184 0.4013347763347763 0.0005102040816326531 0.015512265512265512
41 0.7313775510204081 0.4538239538239538 0.0005102040816326531 0.015873015873015872
41 0.5818877551020408 0.579004329004329 0.0005102040816326531 0.01875901875901876
121 0.14872448979591837 0.4440836940836941 0.055612244897959184 0.006493506493506494
24 0.5966836734693878 0.3897907647907648 0.007653061224489796 0.005411255411255411
24 0.5966836734693878 0.4595959595959596 0.007653061224489796 0.005772005772005772
41 0.5931122448979592 0.3997113997113997 0.0005102040816326531 0.018037518037518036
41 0.6002551020408163 0.4512987012987013 0.0005102040816326531 0.01443001443001443
26 0.6155612244897959 0.38672438672438675 0.007653061224489796 0.005772005772005772
26 0.6155612244897959 0.4565295815295815 0.007653061224489796 0.005411255411255411
26 0.6153061224489796 0.5324675324675324 0.00816326530612245 0.005772005772005772
26 0.6153061224489796 0.5963203463203464 0.00816326530612245 0.005772005772005772
41 0.611734693877551 0.39736652236652237 0.0010204081632653062 0.01984126984126984
41 0.574234693877551 0.4022366522366522 0.0005102040816326531 0.015873015873015872
41 0.5630102040816326 0.45526695526695526 0.0005102040816326531 0.015873015873015872
26 0.5780612244897959 0.3926767676767677 0.00816326530612245 0.005411255411255411
26 0.5780612244897959 0.4624819624819625 0.00816326530612245 0.005772005772005772
26 0.5780612244897959 0.5322871572871573 0.00816326530612245 0.005411255411255411
26 0.5780612244897959 0.5901875901875901 0.00816326530612245 0.005772005772005772
53 0.6155612244897959 0.40404040404040403 0.0066326530612244895 0.006493506493506494
121 0.14107142857142857 0.409992784992785 0.055612244897959184 0.006854256854256854
41 0.5818877551020408 0.4538239538239538 0.0005102040816326531 0.015873015873015872
41 0.5818877551020408 0.5214646464646465 0.0005102040816326531 0.01984126984126984
24 0.6520408163265307 0.4016955266955267 0.00816326530612245 0.005411255411255411
24 0.6520408163265307 0.4715007215007215 0.00816326530612245 0.005772005772005772
24 0.6520408163265307 0.5353535353535354 0.00816326530612245 0.005772005772005772
86 0.6512755102040816 0.5845959595959596 0.007653061224489796 0.01479076479076479
41 0.6558673469387755 0.39231601731601734 0.0005102040816326531 0.016955266955266956
41 0.6558673469387755 0.4623015873015873 0.0005102040816326531 0.016955266955266956
41 0.6558673469387755 0.5247113997113997 0.0005102040816326531 0.01984126984126984
59 0.6408163265306123 0.5331890331890332 0.007142857142857143 0.012987012987012988
41 0.611734693877551 0.46735209235209235 0.0010204081632653062 0.01984126984126984
53 0.6155612244897959 0.47384559884559885 0.0066326530612244895 0.006854256854256854
41 0.6191326530612244 0.5214646464646465 0.0005102040816326531 0.01984126984126984
41 0.6191326530612244 0.5853174603174603 0.0005102040816326531 0.01984126984126984
26 0.6709183673469388 0.3986291486291486 0.00816326530612245 0.005772005772005772
87 0.6339285714285714 0.3959235209235209 0.007653061224489796 0.00974025974025974
87 0.6339285714285714 0.4597763347763348 0.007653061224489796 0.00974025974025974
87 0.8875 0.3959235209235209 0.007653061224489796 0.00974025974025974
95 0.8803571428571428 0.41648629148629146 0.008673469387755102 0.009018759018759018
95 0.886734693877551 0.41648629148629146 0.009183673469387756 0.009018759018759018
95 0.8931122448979592 0.41648629148629146 0.008673469387755102 0.009018759018759018
87 0.8875 0.4597763347763348 0.007653061224489796 0.00974025974025974
95 0.8803571428571428 0.48647186147186144 0.008673469387755102 0.009018759018759018
95 0.886734693877551 0.48647186147186144 0.009183673469387756 0.009018759018759018
95 0.8931122448979592 0.48647186147186144 0.008673469387755102 0.009018759018759018
87 0.8875 0.5874819624819625 0.007653061224489796 0.00974025974025974
28 0.9079081632653061 0.4016955266955267 0.01173469387755102 0.006132756132756133
28 0.9079081632653061 0.47745310245310246 0.01173469387755102 0.006132756132756133
30 0.9079081632653061 0.5144300144300145 0.01173469387755102 0.005772005772005772
30 0.9079081632653061 0.5901875901875901 0.01173469387755102 0.005772005772005772
40 0.9198979591836735 0.3986291486291486 0.003061224489795918 0.0021645021645021645
41 0.9135204081632653 0.3906926406926407 0.0005102040816326531 0.01948051948051948
121 0.7313775510204081 0.44462481962481964 0.037244897959183676 0.005411255411255411
41 0.872704081632653 0.5788239538239538 0.0005102040816326531 0.0183982683982684
47 0.8762755102040817 0.5728715728715729 0.0066326530612244895 0.006493506493506494
124 0.7762755102040816 0.5537518037518038 0.1433673469387755 0.007936507936507936
121 0.8145408163265306 0.45111832611832614 0.055612244897959184 0.006854256854256854
121 0.8145408163265306 0.3813131313131313 0.055612244897959184 0.006493506493506494
40 0.9198979591836735 0.4743867243867244 0.003061224489795918 0.0021645021645021645
41 0.9135204081632653 0.46645021645021645 0.0005102040816326531 0.01948051948051948
40 0.9198979591836735 0.5144300144300145 0.003061224489795918 0.0021645021645021645
41 0.9020408163265307 0.5254329004329005 0.0010204081632653062 0.01911976911976912
124 0.7762755102040816 0.41774891774891776 0.1433673469387755 0.007936507936507936
59 0.8943877551020408 0.5126262626262627 0.007142857142857143 0.012987012987012988
40 0.9198979591836735 0.5901875901875901 0.003061224489795918 0.0021645021645021645
41 0.9135204081632653 0.5793650793650794 0.0005102040816326531 0.01948051948051948
124 0.7762755102040816 0.6091269841269841 0.1433673469387755 0.008297258297258298
63 0.7716836734693877 0.5413059163059163 0.007653061224489796 0.01479076479076479
41 0.7864795918367347 0.5878427128427128 0.0005102040816326531 0.0183982683982684
24 0.801530612244898 0.4016955266955267 0.00816326530612245 0.005411255411255411
24 0.801530612244898 0.4715007215007215 0.00816326530612245 0.005772005772005772
41 0.8053571428571429 0.3915945165945166 0.0005102040816326531 0.0183982683982684
41 0.8053571428571429 0.4613997113997114 0.0005102040816326531 0.01875901875901876
26 0.8198979591836735 0.3986291486291486 0.00816326530612245 0.005772005772005772
26 0.8201530612244898 0.4684343434343434 0.007653061224489796 0.005411255411255411
24 0.8201530612244898 0.5413059163059163 0.007653061224489796 0.005411255411255411
86 0.8191326530612245 0.5845959595959596 0.007653061224489796 0.01479076479076479
41 0.8237244897959184 0.38924963924963923 0.0005102040816326531 0.017316017316017316
41 0.7864795918367347 0.39321789321789324 0.0005102040816326531 0.01875901875901876
121 0.5724489795918367 0.44516594516594515 0.05612244897959184 0.006493506493506494
26 0.7826530612244897 0.4045815295815296 0.00816326530612245 0.005411255411255411
26 0.7826530612244897 0.4745670995670996 0.00816326530612245 0.005411255411255411
24 0.7826530612244897 0.5413059163059163 0.00816326530612245 0.005411255411255411
24 0.7826530612244897 0.5992063492063492 0.00816326530612245 0.005772005772005772
121 0.6653061224489796 0.3832972582972583 0.018367346938775512 0.003246753246753247
41 0.7864795918367347 0.46374458874458874 0.0005102040816326531 0.01984126984126984
121 0.6653061224489796 0.45292207792207795 0.018367346938775512 0.003246753246753247
41 0.7864795918367347 0.5304834054834054 0.0005102040816326531 0.01984126984126984
53 0.8693877551020408 0.409992784992785 0.006122448979591836 0.006854256854256854
26 0.8691326530612244 0.3926767676767677 0.007653061224489796 0.005411255411255411
26 0.8688775510204082 0.4624819624819625 0.00816326530612245 0.005772005772005772
86 0.8681122448979591 0.5207431457431457 0.007653061224489796 0.01479076479076479
95 0.860969387755102 0.5546536796536796 0.008673469387755102 0.009018759018759018
95 0.8673469387755102 0.5546536796536796 0.009183673469387756 0.009018759018759018
95 0.8737244897959183 0.5546536796536796 0.008673469387755102 0.009018759018759018
26 0.8688775510204082 0.5901875901875901 0.00816326530612245 0.005772005772005772
95 0.8619897959183673 0.61002886002886 0.008673469387755102 0.008658008658008658
95 0.8683673469387755 0.61002886002886 0.009183673469387756 0.008658008658008658
95 0.8747448979591836 0.61002886002886 0.008673469387755102 0.008658008658008658
41 0.8653061224489796 0.4034992784992785 0.0010204081632653062 0.01984126984126984
121 0.7237244897959184 0.41053391053391053 0.037244897959183676 0.005772005772005772
41 0.872704081632653 0.4518398268398268 0.0005102040816326531 0.01984126984126984
47 0.8762755102040817 0.44516594516594515 0.0066326530612244895 0.006493506493506494
41 0.8237244897959184 0.45905483405483405 0.0005102040816326531 0.016955266955266956
41 0.8237244897959184 0.5304834054834054 0.0005102040816326531 0.01984126984126984
124 0.7854591836734693 0.4834054834054834 0.125 0.007936507936507936
24 0.8387755102040816 0.39574314574314573 0.00816326530612245 0.005772005772005772
24 0.8387755102040816 0.46554834054834054 0.00816326530612245 0.005411255411255411
41 0.8426020408163265 0.3869047619047619 0.0005102040816326531 0.015512265512265512
41 0.8426020408163265 0.4568903318903319 0.0005102040816326531 0.015512265512265512
41 0.21403061224489797 0.45526695526695526 0.0005102040816326531 0.017316017316017316
41 0.1951530612244898 0.5909090909090909 0.0005102040816326531 0.01875901875901876
24 0.21020408163265306 0.39574314574314573 0.00816326530612245 0.005772005772005772
24 0.21020408163265306 0.46554834054834054 0.00816326530612245 0.005411255411255411
41 0.20637755102040817 0.4042207792207792 0.0005102040816326531 0.015512265512265512
26 0.22857142857142856 0.3926767676767677 0.00816326530612245 0.005411255411255411
26 0.22857142857142856 0.4624819624819625 0.00816326530612245 0.005772005772005772
24 0.22857142857142856 0.5294011544011544 0.00816326530612245 0.005411255411255411
26 0.22857142857142856 0.5901875901875901 0.00816326530612245 0.005772005772005772
41 0.225 0.4015151515151515 0.0010204081632653062 0.015873015873015872
26 0.1913265306122449 0.6022727272727273 0.00816326530612245 0.005411255411255411
41 0.1767857142857143 0.45526695526695526 0.0005102040816326531 0.017316017316017316
26 0.1913265306122449 0.3986291486291486 0.00816326530612245 0.005772005772005772
26 0.1913265306122449 0.4684343434343434 0.00816326530612245 0.005411255411255411
26 0.1913265306122449 0.5263347763347763 0.00816326530612245 0.005772005772005772
41 0.18775510204081633 0.4071067821067821 0.0010204081632653062 0.01479076479076479
41 0.1951530612244898 0.45815295815295815 0.0005102040816326531 0.01875901875901876
41 0.1951530612244898 0.5156926406926406 0.0005102040816326531 0.01984126984126984
41 0.2813775510204082 0.4704184704184704 0.0005102040816326531 0.018037518037518036
24 0.28520408163265304 0.3897907647907648 0.00816326530612245 0.005411255411255411
24 0.28520408163265304 0.4595959595959596 0.00816326530612245 0.005772005772005772
30 0.2872448979591837 0.5263347763347763 0.012244897959183673 0.005772005772005772
34 0.28903061224489796 0.6022727272727273 0.015816326530612244 0.005411255411255411
41 0.2813775510204082 0.4006132756132756 0.0005102040816326531 0.01984126984126984
41 0.29285714285714287 0.5155122655122655 0.0010204081632653062 0.01948051948051948
41 0.23239795918367348 0.4531024531024531 0.0005102040816326531 0.017316017316017316
41 0.23239795918367348 0.5185786435786436 0.0005102040816326531 0.01984126984126984
41 0.23239795918367348 0.5795454545454546 0.0005102040816326531 0.01984126984126984
41 0.1691326530612245 0.40494227994227994 0.0005102040816326531 0.01479076479076479
24 0.24948979591836734 0.3838383838383838 0.00816326530612245 0.005772005772005772
26 0.24948979591836734 0.4565295815295815 0.00816326530612245 0.005411255411255411
41 0.24566326530612245 0.39556277056277056 0.0005102040816326531 0.022005772005772004
41 0.25331632653061226 0.44877344877344877 0.0005102040816326531 0.013708513708513708
5 0.06505102040816327 0.4603174603174603 0.020918367346938777 0.03535353535353535
67 0.0875 0.4574314574314574 0.007653061224489796 0.012987012987012988
5 0.06505102040816327 0.5241702741702742 0.020918367346938777 0.03535353535353535
67 0.0875 0.5212842712842712 0.007653061224489796 0.012987012987012988
8 0.06505102040816327 0.584054834054834 0.020918367346938777 0.015151515151515152
67 0.0875 0.5912698412698413 0.007653061224489796 0.012987012987012988
26 0.11683673469387755 0.38672438672438675 0.00816326530612245 0.005772005772005772
26 0.11683673469387755 0.4565295815295815 0.00816326530612245 0.005411255411255411
24 0.11683673469387755 0.5234487734487735 0.00816326530612245 0.005772005772005772
24 0.11683673469387755 0.5992063492063492 0.00816326530612245 0.005772005772005772
41 0.11301020408163265 0.39754689754689754 0.0005102040816326531 0.020202020202020204
122 0.9293367346938776 0.4852092352092352 0.039285714285714285 0.0036075036075036075
122 0.9326530612244898 0.40476190476190477 0.0326530612244898 0.0036075036075036075
41 0.12066326530612245 0.44877344877344877 0.0005102040816326531 0.013708513708513708
122 0.9326530612244898 0.5097402597402597 0.0326530612244898 0.0036075036075036075
122 0.9293367346938776 0.5963203463203464 0.039285714285714285 0.0036075036075036075
5 0.06505102040816327 0.39646464646464646 0.020918367346938777 0.03535353535353535
67 0.0875 0.3935786435786436 0.007653061224489796 0.012987012987012988
26 0.1540816326530612 0.4624819624819625 0.00816326530612245 0.005772005772005772
26 0.1540816326530612 0.5263347763347763 0.00816326530612245 0.005772005772005772
26 0.1540816326530612 0.5901875901875901 0.00816326530612245 0.005772005772005772
41 0.15025510204081632 0.4022366522366522 0.0005102040816326531 0.016594516594516596
41 0.15790816326530613 0.45346320346320346 0.0005102040816326531 0.016594516594516596
26 0.1540816326530612 0.3926767676767677 0.00816326530612245 0.005411255411255411
41 0.15790816326530613 0.5156926406926406 0.0005102040816326531 0.01984126984126984
59 0.14285714285714285 0.5243506493506493 0.007142857142857143 0.013347763347763348
41 0.15790816326530613 0.5795454545454546 0.0005102040816326531 0.01984126984126984
24 0.17295918367346938 0.39574314574314573 0.00816326530612245 0.005772005772005772
24 0.17295918367346938 0.46554834054834054 0.00816326530612245 0.005411255411255411
24 0.1357142857142857 0.3897907647907648 0.00816326530612245 0.005411255411255411
41 0.11301020408163265 0.5337301587301587 0.0005102040816326531 0.01911976911976912
41 0.12066326530612245 0.5885642135642135 0.0005102040816326531 0.01984126984126984
24 0.1357142857142857 0.4595959595959596 0.00816326530612245 0.005772005772005772
41 0.13188775510204082 0.3998917748917749 0.0005102040816326531 0.0183982683982684
41 0.13954081632653062 0.4509379509379509 0.0005102040816326531 0.015151515151515152
30 0.4897959183673469 0.5144300144300145 0.012244897959183673 0.005772005772005772
24 0.463265306122449 0.5174963924963925 0.00816326530612245 0.005411255411255411
41 0.45943877551020407 0.5274170274170275 0.0005102040816326531 0.018037518037518036
59 0.4517857142857143 0.5155122655122655 0.007653061224489796 0.012987012987012988
30 0.4897959183673469 0.3986291486291486 0.012244897959183673 0.005772005772005772
30 0.4897959183673469 0.45670995670995673 0.012244897959183673 0.005772005772005772
30 0.4897959183673469 0.6022727272727273 0.012244897959183673 0.006132756132756133
41 0.4954081632653061 0.3878066378066378 0.0010204081632653062 0.01948051948051948
41 0.48392857142857143 0.4675324675324675 0.0005102040816326531 0.01948051948051948
41 0.48392857142857143 0.5254329004329005 0.0005102040816326531 0.01911976911976912
24 0.41989795918367345 0.5234487734487735 0.00816326530612245 0.005772005772005772
41 0.4160714285714286 0.5319264069264069 0.0005102040816326531 0.015512265512265512
26 0.4387755102040816 0.3986291486291486 0.00816326530612245 0.005772005772005772
26 0.4387755102040816 0.5203823953823954 0.00816326530612245 0.005411255411255411
26 0.4387755102040816 0.5963203463203464 0.00816326530612245 0.005772005772005772
41 0.4423469387755102 0.387987012987013 0.0010204081632653062 0.01984126984126984
41 0.43494897959183676 0.4678932178932179 0.0005102040816326531 0.01875901875901876
41 0.43494897959183676 0.5297619047619048 0.0005102040816326531 0.016955266955266956
41 0.4423469387755102 0.5853174603174603 0.0010204081632653062 0.01984126984126984
41 0.5446428571428571 0.5211038961038961 0.0005102040816326531 0.01911976911976912
41 0.5369897959183674 0.5925324675324676 0.0005102040816326531 0.01911976911976912
24 0.559438775510204 0.39574314574314573 0.007653061224489796 0.005772005772005772
24 0.559438775510204 0.46554834054834054 0.007653061224489796 0.005411255411255411
41 0.5558673469387755 0.40404040404040403 0.0005102040816326531 0.015151515151515152
59 0.47627551020408165 0.5124458874458875 0.007653061224489796 0.013347763347763348
41 0.4954081632653061 0.5912698412698413 0.0010204081632653062 0.01948051948051948
26 0.5408163265306123 0.3986291486291486 0.00816326530612245 0.005772005772005772
26 0.5408163265306123 0.4684343434343434 0.00816326530612245 0.005411255411255411
26 0.5408163265306123 0.5322871572871573 0.00816326530612245 0.005411255411255411
24 0.5408163265306123 0.5813492063492064 0.00816326530612245 0.005411255411255411
41 0.5369897959183674 0.4065656565656566 0.0005102040816326531 0.013708513708513708
26 0.4387755102040816 0.4565295815295815 0.00816326530612245 0.005411255411255411
41 0.5446428571428571 0.45761183261183264 0.0005102040816326531 0.01984126984126984
41 0.4051020408163265 0.3878066378066378 0.0010204081632653062 0.01948051948051948
41 0.3364795918367347 0.5319264069264069 0.0005102040816326531 0.0183982683982684
26 0.40153061224489794 0.3986291486291486 0.00816326530612245 0.005772005772005772
26 0.40153061224489794 0.4565295815295815 0.00816326530612245 0.005411255411255411
26 0.40127551020408164 0.5263347763347763 0.007653061224489796 0.005772005772005772
26 0.40127551020408164 0.5903679653679653 0.007653061224489796 0.005411255411255411
26 0.3135204081632653 0.3926767676767677 0.007653061224489796 0.005411255411255411
41 0.3173469387755102 0.4518398268398268 0.0010204081632653062 0.01984126984126984
30 0.3420918367346939 0.40476190476190477 0.01173469387755102 0.005772005772005772
30 0.3420918367346939 0.4686147186147186 0.01173469387755102 0.005772005772005772
30 0.3420918367346939 0.5205627705627706 0.01173469387755102 0.005772005772005772
41 0.3479591836734694 0.3935786435786436 0.0010204081632653062 0.01948051948051948
41 0.3479591836734694 0.4574314574314574 0.0010204081632653062 0.01948051948051948
41 0.30994897959183676 0.4034992784992785 0.0005102040816326531 0.01984126984126984
26 0.3135204081632653 0.4624819624819625 0.007653061224489796 0.005772005772005772
41 0.3977040816326531 0.46735209235209235 0.0005102040816326531 0.01984126984126984
59 0.39005102040816325 0.5243506493506493 0.007653061224489796 0.013347763347763348
41 0.4051020408163265 0.5795454545454546 0.0010204081632653062 0.01984126984126984
59 0.27372448979591835 0.5243506493506493 0.007653061224489796 0.013347763347763348
41 0.3977040816326531 0.5342712842712842 0.0005102040816326531 0.013708513708513708
134 0.4997448979591837 0.7267316017316018 0.9045918367346939 0.024170274170274172
134 0.4997448979591837 0.9182900432900433 0.9045918367346939 0.024170274170274172
1 0.2897959183673469 0.7088744588744589 0.012244897959183673 0.0007215007215007215
1 0.8099489795918368 0.8365800865800865 0.018877551020408164 0.0007215007215007215
1 0.7255102040816327 0.8365800865800865 0.018367346938775512 0.0007215007215007215
1 0.6405612244897959 0.8365800865800865 0.012755102040816327 0.0007215007215007215
1 0.6130102040816326 0.8365800865800865 0.01173469387755102 0.0007215007215007215
1 0.19438775510204082 0.8084415584415584 0.012244897959183673 0.0007215007215007215
1 0.16658163265306122 0.8084415584415584 0.012755102040816327 0.0007215007215007215
1 0.11938775510204082 0.8084415584415584 0.012244897959183673 0.0007215007215007215
134 0.4997448979591837 0.7905844155844156 0.9045918367346939 0.024170274170274172
134 0.4997448979591837 0.8544372294372294 0.9045918367346939 0.024170274170274172
59 0.601530612244898 0.8344155844155844 0.007142857142857143 0.012987012987012988
41 0.6206632653061225 0.909992784992785 0.0005102040816326531 0.01911976911976912
41 0.6089285714285714 0.8468614718614719 0.0005102040816326531 0.016955266955266956
41 0.6089285714285714 0.7996031746031746 0.0005102040816326531 0.01479076479076479
26 0.6683673469387755 0.7117604617604618 0.00816326530612245 0.005772005772005772
41 0.6369897959183674 0.8457792207792207 0.0005102040816326531 0.020562770562770564
41 0.6369897959183674 0.7968975468975469 0.0005102040816326531 0.01443001443001443
24 0.6683673469387755 0.7846320346320347 0.00816326530612245 0.005772005772005772
24 0.6683673469387755 0.8425324675324676 0.00816326530612245 0.005411255411255411
41 0.6645408163265306 0.7224025974025974 0.0005102040816326531 0.01984126984126984
41 0.6645408163265306 0.7938311688311688 0.0005102040816326531 0.016955266955266956
26 0.6405612244897959 0.7177128427128427 0.007653061224489796 0.005411255411255411
26 0.6405612244897959 0.7875180375180375 0.007653061224489796 0.005772005772005772
26 0.6405612244897959 0.8335137085137085 0.007653061224489796 0.005411255411255411
41 0.6369897959183674 0.7267316017316018 0.0005102040816326531 0.016233766233766232
24 0.536734693877551 0.7965367965367965 0.00816326530612245 0.005772005772005772
24 0.536734693877551 0.7267316017316018 0.00816326530612245 0.005411255411255411
24 0.536734693877551 0.8425324675324676 0.00816326530612245 0.005411255411255411
26 0.536734693877551 0.9213564213564214 0.00816326530612245 0.005772005772005772
41 0.5329081632653061 0.7359307359307359 0.0005102040816326531 0.016594516594516596
41 0.5405612244897959 0.7873376623376623 0.0005102040816326531 0.016955266955266956
121 0.17653061224489797 0.7380952380952381 0.027551020408163266 0.002886002886002886
41 0.4778061224489796 0.8596681096681097 0.0005102040816326531 0.01875901875901876
53 0.4816326530612245 0.8656204906204906 0.007142857142857143 0.006854256854256854
59 0.4704081632653061 0.8463203463203464 0.007142857142857143 0.012987012987012988
41 0.4854591836734694 0.913059163059163 0.0005102040816326531 0.01875901875901876
87 0.5094387755102041 0.726911976911977 0.007653061224489796 0.010101010101010102
87 0.5094387755102041 0.7907647907647908 0.007653061224489796 0.010101010101010102
87 0.5094387755102041 0.8546176046176046 0.007653061224489796 0.010101010101010102
41 0.5683673469387756 0.7851731601731602 0.0010204081632653062 0.01479076479076479
41 0.5609693877551021 0.8502886002886003 0.0005102040816326531 0.017316017316017316
24 0.6127551020408163 0.7207792207792207 0.00816326530612245 0.005772005772005772
95 0.6025510204081632 0.7541486291486291 0.009183673469387756 0.009018759018759018
95 0.6089285714285714 0.753968253968254 0.008673469387755102 0.008658008658008658
95 0.6150510204081633 0.753968253968254 0.008673469387755102 0.008658008658008658
95 0.6214285714285714 0.7541486291486291 0.009183673469387756 0.009018759018759018
24 0.6127551020408163 0.7905844155844156 0.00816326530612245 0.005411255411255411
95 0.6025510204081632 0.8161976911976911 0.009183673469387756 0.009018759018759018
95 0.6089285714285714 0.8161976911976911 0.008673469387755102 0.009018759018759018
95 0.6150510204081633 0.8161976911976911 0.008673469387755102 0.009018759018759018
95 0.6214285714285714 0.8161976911976911 0.009183673469387756 0.009018759018759018
24 0.6127551020408163 0.8365800865800865 0.00816326530612245 0.005772005772005772
95 0.6025510204081632 0.8764430014430015 0.009183673469387756 0.009018759018759018
95 0.6089285714285714 0.8764430014430015 0.008673469387755102 0.009018759018759018
95 0.6150510204081633 0.8764430014430015 0.008673469387755102 0.009018759018759018
95 0.6214285714285714 0.8764430014430015 0.009183673469387756 0.009018759018759018
30 0.6147959183673469 0.9213564213564214 0.012244897959183673 0.005772005772005772
95 0.6045918367346939 0.9392135642135642 0.009183673469387756 0.009018759018759018
95 0.610969387755102 0.9392135642135642 0.008673469387755102 0.009018759018759018
95 0.6170918367346939 0.9392135642135642 0.008673469387755102 0.009018759018759018
95 0.6234693877551021 0.9392135642135642 0.009183673469387756 0.009018759018759018
41 0.5329081632653061 0.8517316017316018 0.0005102040816326531 0.016594516594516596
41 0.5405612244897959 0.9103535353535354 0.0005102040816326531 0.01984126984126984
41 0.6089285714285714 0.729978354978355 0.0005102040816326531 0.016955266955266956
26 0.564795918367347 0.7236652236652237 0.00816326530612245 0.005772005772005772
26 0.564795918367347 0.7934704184704184 0.00816326530612245 0.005411255411255411
26 0.564795918367347 0.8394660894660895 0.00816326530612245 0.005772005772005772
41 0.5609693877551021 0.7339466089466089 0.0005102040816326531 0.0183982683982684
85 0.8795918367346939 0.72492784992785 0.011224489795918367 0.003246753246753247
85 0.8795918367346939 0.7887806637806638 0.011224489795918367 0.003246753246753247
85 0.8795918367346939 0.8528138528138528 0.011224489795918367 0.002886002886002886
85 0.8795918367346939 0.9166666666666666 0.011224489795918367 0.002886002886002886
124 0.4673469387755102 0.8154761904761905 0.22653061224489796 0.008297258297258298
121 0.5545918367346939 0.777958152958153 0.027551020408163266 0.003246753246753247
121 0.5469387755102041 0.7440476190476191 0.027551020408163266 0.003246753246753247
124 0.4673469387755102 0.9383116883116883 0.22653061224489796 0.007936507936507936
124 0.4673469387755102 0.8753607503607503 0.22653061224489796 0.008297258297258298
121 0.40688775510204084 0.838924963924964 0.08928571428571429 0.006854256854256854
121 0.5469387755102041 0.8598484848484849 0.027551020408163266 0.003246753246753247
121 0.39974489795918366 0.8060966810966811 0.08928571428571429 0.006854256854256854
124 0.4673469387755102 0.7530663780663781 0.22653061224489796 0.008297258297258298
121 0.39974489795918366 0.7366522366522367 0.08928571428571429 0.007936507936507936
121 0.25204081632653064 0.8694083694083694 0.0673469387755102 0.005772005772005772
121 0.2596938775510204 0.7815656565656566 0.0673469387755102 0.005411255411255411
121 0.25204081632653064 0.7297979797979798 0.0673469387755102 0.005772005772005772
121 0.18418367346938774 0.8371212121212122 0.027551020408163266 0.003246753246753247
121 0.18418367346938774 0.79004329004329 0.027551020408163266 0.002886002886002886
122 0.7676020408163265 0.8299062049062049 0.08112244897959184 0.003968253968253968
122 0.7678571428571429 0.7081529581529582 0.08061224489795918 0.004329004329004329
121 0.6369897959183674 0.8575036075036075 0.055612244897959184 0.005772005772005772
121 0.6369897959183674 0.8055555555555556 0.055612244897959184 0.005772005772005772
121 0.6369897959183674 0.7361111111111112 0.055612244897959184 0.006854256854256854
30 0.7255102040816327 0.9332611832611832 0.012244897959183673 0.005772005772005772
28 0.7255102040816327 0.7148268398268398 0.012244897959183673 0.006132756132756133
80 0.7255102040816327 0.7047258297258298 0.015306122448979591 0.005411255411255411
30 0.7255102040816327 0.7936507936507936 0.012244897959183673 0.005772005772005772
80 0.7255102040816327 0.7685786435786436 0.015306122448979591 0.005411255411255411
28 0.7255102040816327 0.8365800865800865 0.012244897959183673 0.005772005772005772
80 0.7255102040816327 0.8266594516594516 0.015306122448979591 0.005411255411255411
80 0.7255102040816327 0.9020562770562771 0.015306122448979591 0.005411255411255411
41 0.7196428571428571 0.7258297258297258 0.0005102040816326531 0.01948051948051948
41 0.7313775510204081 0.7824675324675324 0.0005102040816326531 0.01948051948051948
87 0.6959183673469388 0.8546176046176046 0.007142857142857143 0.010101010101010102
41 0.6645408163265306 0.8511904761904762 0.0005102040816326531 0.015512265512265512
87 0.6959183673469388 0.726911976911977 0.007142857142857143 0.010101010101010102
87 0.6959183673469388 0.7907647907647908 0.007142857142857143 0.010101010101010102
41 0.815561224489796 0.788059163059163 0.0005102040816326531 0.0183982683982684
41 0.8043367346938776 0.8481240981240982 0.0005102040816326531 0.018037518037518036
41 0.815561224489796 0.9217171717171717 0.0005102040816326531 0.01875901875901876
30 0.8099489795918368 0.7994227994227994 0.01173469387755102 0.005772005772005772
41 0.7196428571428571 0.8474025974025974 0.0005102040816326531 0.01948051948051948
41 0.7313775510204081 0.922077922077922 0.0005102040816326531 0.01948051948051948
28 0.8099489795918368 0.7148268398268398 0.01173469387755102 0.006132756132756133
28 0.8099489795918368 0.8365800865800865 0.01173469387755102 0.005772005772005772
30 0.8099489795918368 0.9332611832611832 0.01173469387755102 0.005772005772005772
41 0.8043367346938776 0.7258297258297258 0.0005102040816326531 0.01948051948051948
41 0.1982142857142857 0.7981601731601732 0.0005102040816326531 0.016955266955266956
41 0.1982142857142857 0.8446969696969697 0.0005102040816326531 0.016233766233766232
24 0.22244897959183674 0.7148268398268398 0.00816326530612245 0.005411255411255411
26 0.22244897959183674 0.8055555555555556 0.00816326530612245 0.005772005772005772
26 0.22244897959183674 0.8513708513708513 0.00816326530612245 0.005772005772005772
41 0.21862244897959185 0.7234848484848485 0.0005102040816326531 0.015512265512265512
41 0.17015306122448978 0.8465007215007215 0.0005102040816326531 0.017676767676767676
59 0.15510204081632653 0.8553391053391053 0.007142857142857143 0.012987012987012988
41 0.17423469387755103 0.9128787878787878 0.0005102040816326531 0.0183982683982684
41 0.2260204081632653 0.7940115440115441 0.0010204081632653062 0.020923520923520924
26 0.19438775510204082 0.7177128427128427 0.00816326530612245 0.005411255411255411
24 0.19438775510204082 0.8084415584415584 0.00816326530612245 0.005772005772005772
24 0.19438775510204082 0.8544372294372294 0.00816326530612245 0.005411255411255411
41 0.19056122448979593 0.727994227994228 0.0005102040816326531 0.01875901875901876
41 0.25229591836734694 0.8596681096681097 0.0005102040816326531 0.01875901875901876
59 0.24464285714285713 0.8463203463203464 0.007653061224489796 0.012987012987012988
24 0.2897959183673469 0.7088744588744589 0.00816326530612245 0.005772005772005772
26 0.2897959183673469 0.7996031746031746 0.00816326530612245 0.005411255411255411
26 0.2897959183673469 0.8454184704184704 0.00816326530612245 0.005411255411255411
41 0.28596938775510206 0.7186147186147186 0.0005102040816326531 0.018037518037518036
26 0.25612244897959185 0.7117604617604618 0.00816326530612245 0.005772005772005772
41 0.21862244897959185 0.8616522366522367 0.0005102040816326531 0.0183982683982684
24 0.25612244897959185 0.8024891774891775 0.00816326530612245 0.005411255411255411
24 0.25612244897959185 0.8484848484848485 0.00816326530612245 0.005772005772005772
41 0.25229591836734694 0.7209595959595959 0.0005102040816326531 0.016955266955266956
41 0.2599489795918367 0.7916666666666666 0.0005102040816326531 0.01984126984126984
5 0.06505102040816327 0.7272727272727273 0.020918367346938777 0.03535353535353535
67 0.0875 0.7247474747474747 0.007653061224489796 0.012987012987012988
5 0.06505102040816327 0.7911255411255411 0.020918367346938777 0.03535353535353535
67 0.0875 0.7886002886002886 0.007653061224489796 0.012987012987012988
5 0.06505102040816327 0.854978354978355 0.020918367346938777 0.03535353535353535
67 0.0875 0.8524531024531025 0.007653061224489796 0.012987012987012988
8 0.06505102040816327 0.9152236652236653 0.020918367346938777 0.015151515151515152
67 0.0875 0.922077922077922 0.007653061224489796 0.012987012987012988
122 0.10331632653061225 0.7355699855699855 0.01989795918367347 0.002886002886002886
122 0.10331632653061225 0.8127705627705628 0.01989795918367347 0.002886002886002886
122 0.09795918367346938 0.8414502164502164 0.009183673469387756 0.0018037518037518038
122 0.10561224489795919 0.9271284271284271 0.024489795918367346 0.002886002886002886
28 0.1683673469387755 0.9242424242424242 0.012244897959183673 0.005772005772005772
59 0.10816326530612246 0.8434343434343434 0.007142857142857143 0.012987012987012988
41 0.12321428571428572 0.9098124098124099 0.0005102040816326531 0.01875901875901876
24 0.16658163265306122 0.7207792207792207 0.007653061224489796 0.005772005772005772
26 0.16658163265306122 0.8115079365079365 0.007653061224489796 0.005411255411255411
26 0.16658163265306122 0.8575036075036075 0.007653061224489796 0.005772005772005772
41 0.16275510204081634 0.729978354978355 0.0010204081632653062 0.016955266955266956
41 0.17015306122448978 0.8006854256854257 0.0005102040816326531 0.01984126984126984
24 0.11938775510204082 0.7326839826839827 0.00816326530612245 0.005772005772005772
24 0.11938775510204082 0.8084415584415584 0.00816326530612245 0.005772005772005772
26 0.11938775510204082 0.8454184704184704 0.00816326530612245 0.005411255411255411
26 0.11938775510204082 0.9213564213564214 0.00816326530612245 0.005772005772005772
41 0.12321428571428572 0.722041847041847 0.0005102040816326531 0.01984126984126984
24 0.2897959183673469 0.9242424242424242 0.00816326530612245 0.005772005772005772
41 0.12321428571428572 0.7977994227994228 0.0005102040816326531 0.01984126984126984
41 0.11556122448979592 0.8562409812409812 0.0005102040816326531 0.01984126984126984
26 0.4201530612244898 0.7177128427128427 0.007653061224489796 0.005411255411255411
41 0.3961734693877551 0.8477633477633477 0.0005102040816326531 0.015873015873015872
59 0.38112244897959185 0.8553391053391053 0.007142857142857143 0.012987012987012988
26 0.4201530612244898 0.7875180375180375 0.007653061224489796 0.005772005772005772
24 0.4201530612244898 0.8544372294372294 0.007653061224489796 0.005411255411255411
41 0.41658163265306125 0.7270923520923521 0.0005102040816326531 0.016955266955266956
41 0.41658163265306125 0.7967171717171717 0.0005102040816326531 0.016233766233766232
24 0.3923469387755102 0.7905844155844156 0.00816326530612245 0.005411255411255411
41 0.29362244897959183 0.7893217893217893 0.0005102040816326531 0.01875901875901876
24 0.3923469387755102 0.7207792207792207 0.00816326530612245 0.005772005772005772
26 0.3923469387755102 0.8573232323232324 0.00816326530612245 0.005411255411255411
41 0.38852040816326533 0.7294372294372294 0.0005102040816326531 0.015873015873015872
41 0.38852040816326533 0.7988816738816739 0.0005102040816326531 0.01479076479076479
24 0.4816326530612245 0.9242424242424242 0.00816326530612245 0.005772005772005772
41 0.4517857142857143 0.8430735930735931 0.0005102040816326531 0.012987012987012988
26 0.4816326530612245 0.7117604617604618 0.00816326530612245 0.005772005772005772
26 0.4816326530612245 0.7815656565656566 0.00816326530612245 0.005411255411255411
24 0.4816326530612245 0.8484848484848485 0.00816326530612245 0.005772005772005772
41 0.4778061224489796 0.7224025974025974 0.0005102040816326531 0.01984126984126984
53 0.4816326530612245 0.7290764790764791 0.007142857142857143 0.006493506493506494
41 0.4778061224489796 0.7923881673881674 0.0005102040816326531 0.01984126984126984
53 0.4816326530612245 0.7988816738816739 0.007142857142857143 0.006854256854256854
26 0.4479591836734694 0.8513708513708513 0.00816326530612245 0.005772005772005772
41 0.42372448979591837 0.8459595959595959 0.0005102040816326531 0.015151515151515152
24 0.4479591836734694 0.7148268398268398 0.00816326530612245 0.005411255411255411
24 0.4479591836734694 0.7846320346320347 0.00816326530612245 0.005772005772005772
41 0.4441326530612245 0.7247474747474747 0.0005102040816326531 0.018037518037518036
41 0.4441326530612245 0.7943722943722944 0.0005102040816326531 0.018037518037518036
26 0.35867346938775513 0.7934704184704184 0.00816326530612245 0.005411255411255411
24 0.35867346938775513 0.8603896103896104 0.00816326530612245 0.005772005772005772
30 0.3607142857142857 0.9273088023088023 0.012244897959183673 0.006132756132756133
41 0.3548469387755102 0.7325036075036075 0.0005102040816326531 0.01406926406926407
59 0.2783163265306122 0.8434343434343434 0.007653061224489796 0.012987012987012988
41 0.28596938775510206 0.8567821067821068 0.0005102040816326531 0.020923520923520924
26 0.35867346938775513 0.7236652236652237 0.00816326530612245 0.005772005772005772
41 0.29362244897959183 0.9136002886002886 0.0005102040816326531 0.01984126984126984
87 0.3170918367346939 0.726911976911977 0.007653061224489796 0.010101010101010102
87 0.3170918367346939 0.7907647907647908 0.007653061224489796 0.010101010101010102
87 0.3170918367346939 0.8546176046176046 0.007653061224489796 0.010101010101010102
41 0.3548469387755102 0.8012265512265512 0.0005102040816326531 0.013708513708513708
41 0.3625 0.8506493506493507 0.0005102040816326531 0.018037518037518036
41 0.3665816326530612 0.9163059163059163 0.0005102040816326531 0.01948051948051948