134 0.4997448979591837 0.0707070707070707 0.9045918367346939 0.023809523809523808
1 0.8701530612244898 0.046897546897546896 0.015816326530612244 0.0007215007215007215
1 0.8701530612244898 0.05266955266955267 0.015816326530612244 0.0007215007215007215
1 0.8280612244897959 0.046897546897546896 0.0163265306122449 0.0007215007215007215
1 0.8280612244897959 0.05266955266955267 0.0163265306122449 0.0007215007215007215
1 0.7742346938775511 0.05266955266955267 0.01479591836734694 0.0007215007215007215
1 0.7137755102040816 0.046897546897546896 0.0163265306122449 0.0007215007215007215
1 0.7137755102040816 0.05266955266955267 0.0163265306122449 0.0007215007215007215
1 0.6487244897959183 0.05266955266955267 0.01479591836734694 0.0007215007215007215
1 0.5984693877551021 0.05266955266955267 0.0163265306122449 0.0007215007215007215
1 0.8913265306122449 0.29743867243867245 0.0163265306122449 0.0010822510822510823
1 0.8913265306122449 0.3033910533910534 0.0163265306122449 0.0007215007215007215
1 0.8913265306122449 0.30934343434343436 0.0163265306122449 0.0010822510822510823
1 0.8020408163265306 0.29743867243867245 0.0163265306122449 0.0010822510822510823
1 0.8020408163265306 0.3033910533910534 0.0163265306122449 0.0007215007215007215
1 0.8020408163265306 0.30934343434343436 0.0163265306122449 0.0010822510822510823
1 0.7737244897959183 0.29743867243867245 0.015816326530612244 0.0010822510822510823
1 0.7737244897959183 0.3033910533910534 0.015816326530612244 0.0007215007215007215
1 0.7737244897959183 0.30934343434343436 0.015816326530612244 0.0010822510822510823
1 0.7354591836734694 0.29743867243867245 0.01479591836734694 0.0010822510822510823
1 0.7346938775510204 0.3033910533910534 0.0163265306122449 0.0007215007215007215
1 0.7346938775510204 0.30934343434343436 0.0163265306122449 0.0010822510822510823
1 0.6698979591836735 0.29743867243867245 0.015306122448979591 0.0010822510822510823
1 0.6693877551020408 0.3033910533910534 0.0163265306122449 0.0007215007215007215
1 0.6693877551020408 0.30934343434343436 0.0163265306122449 0.0010822510822510823
1 0.6196428571428572 0.3033910533910534 0.015816326530612244 0.0007215007215007215
1 0.6196428571428572 0.30934343434343436 0.015816326530612244 0.0010822510822510823
1 0.5984693877551021 0.3033910533910534 0.0163265306122449 0.0007215007215007215
1 0.5984693877551021 0.30934343434343436 0.0163265306122449 0.0010822510822510823
1 0.5630102040816326 0.3033910533910534 0.01479591836734694 0.0007215007215007215
1 0.5625 0.30934343434343436 0.015816326530612244 0.0010822510822510823
1 0.5341836734693878 0.3033910533910534 0.0163265306122449 0.0007215007215007215
1 0.5341836734693878 0.30934343434343436 0.0163265306122449 0.0010822510822510823
1 0.511734693877551 0.3033910533910534 0.0163265306122449 0.0007215007215007215
1 0.511734693877551 0.30934343434343436 0.0163265306122449 0.0010822510822510823
1 0.14489795918367346 0.34523809523809523 0.0163265306122449 0.0007215007215007215
134 0.4997448979591837 0.3273809523809524 0.9045918367346939 0.024170274170274172
1 0.8913265306122449 0.13834776334776336 0.0163265306122449 0.0010822510822510823
1 0.8701530612244898 0.13834776334776336 0.015816326530612244 0.0010822510822510823
1 0.8489795918367347 0.13834776334776336 0.0163265306122449 0.0010822510822510823
134 0.4997448979591837 0.1562049062049062 0.9045918367346939 0.023809523809523808
134 0.4997448979591837 0.2417027417027417 0.9045918367346939 0.023809523809523808
1 0.6693877551020408 0.22384559884559885 0.0163265306122449 0.0010822510822510823
1 0.6482142857142857 0.2178932178932179 0.015816326530612244 0.0007215007215007215
1 0.6482142857142857 0.22384559884559885 0.015816326530612244 0.0010822510822510823
1 0.6196428571428572 0.22384559884559885 0.015816326530612244 0.0010822510822510823
1 0.5984693877551021 0.2178932178932179 0.0163265306122449 0.0007215007215007215
1 0.5984693877551021 0.22384559884559885 0.0163265306122449 0.0010822510822510823
1 0.5625 0.22384559884559885 0.015816326530612244 0.0010822510822510823
1 0.5341836734693878 0.22384559884559885 0.0163265306122449 0.0010822510822510823
1 0.46938775510204084 0.22384559884559885 0.0163265306122449 0.0010822510822510823
26 0.6691326530612245 0.14736652236652237 0.010714285714285714 0.006132756132756133
41 0.664030612244898 0.23214285714285715 0.0005102040816326531 0.0183982683982684
41 0.664030612244898 0.1553030303030303 0.0005102040816326531 0.013347763347763348
41 0.664030612244898 0.3133116883116883 0.0005102040816326531 0.027777777777777776
61 0.6573979591836735 0.2976190476190476 0.0066326530612244895 0.025974025974025976
24 0.7137755102040816 0.04671717171717172 0.01020408163265306 0.006132756132756133
26 0.7137755102040816 0.14123376623376624 0.01020408163265306 0.006132756132756133
26 0.7137755102040816 0.23286435786435786 0.01020408163265306 0.006132756132756133
5 0.6900510204081632 0.24314574314574314 0.018877551020408164 0.04112554112554113
41 0.7086734693877551 0.05916305916305916 0.0010204081632653062 0.022366522366522368
24 0.6482142857142857 0.05284992784992785 0.010714285714285714 0.006132756132756133
24 0.6482142857142857 0.1443001443001443 0.010714285714285714 0.005772005772005772
24 0.6482142857142857 0.2178932178932179 0.010714285714285714 0.005772005772005772
41 0.6431122448979592 0.06385281385281386 0.0005102040816326531 0.01948051948051948
63 0.6349489795918367 0.05194805194805195 0.008673469387755102 0.024531024531024532
41 0.6431122448979592 0.15367965367965367 0.0005102040816326531 0.016594516594516596
24 0.6691326530612245 0.29743867243867245 0.010714285714285714 0.006132756132756133
63 0.6349489795918367 0.14339826839826839 0.008673469387755102 0.024170274170274172
41 0.6431122448979592 0.23033910533910534 0.0005102040816326531 0.022727272727272728
26 0.6691326530612245 0.22095959595959597 0.010714285714285714 0.006132756132756133
41 0.7298469387755102 0.24585137085137085 0.0005102040816326531 0.015512265512265512
41 0.7298469387755102 0.3134920634920635 0.0005102040816326531 0.027417027417027416
53 0.7357142857142858 0.31746031746031744 0.011224489795918367 0.01875901875901876
63 0.7214285714285714 0.29653679653679654 0.009183673469387756 0.024531024531024532
26 0.7737244897959183 0.049783549783549784 0.010714285714285714 0.005772005772005772
26 0.7737244897959183 0.14123376623376624 0.010714285714285714 0.006132756132756133
26 0.7737244897959183 0.23286435786435786 0.010714285714285714 0.006132756132756133
24 0.7737244897959183 0.29743867243867245 0.010714285714285714 0.006132756132756133
41 0.7686224489795919 0.06060606060606061 0.0005102040816326531 0.01948051948051948
41 0.7086734693877551 0.1516955266955267 0.0010204081632653062 0.0183982683982684
61 0.7017857142857142 0.1414141414141414 0.0066326530612244895 0.025974025974025976
41 0.7086734693877551 0.24332611832611833 0.0010204081632653062 0.0183982683982684
24 0.7349489795918367 0.14411976911976912 0.010714285714285714 0.006132756132756133
24 0.7349489795918367 0.23575036075036074 0.010714285714285714 0.006132756132756133
24 0.7349489795918367 0.29743867243867245 0.010714285714285714 0.006132756132756133
41 0.7298469387755102 0.15367965367965367 0.0005102040816326531 0.016594516594516596
24 0.5987244897959184 0.2178932178932179 0.010714285714285714 0.005772005772005772
41 0.5573979591836735 0.31565656565656564 0.0005102040816326531 0.020202020202020204
63 0.549234693877551 0.30266955266955264 0.008673469387755102 0.024531024531024532
26 0.5987244897959184 0.049783549783549784 0.010714285714285714 0.005772005772005772
24 0.5987244897959184 0.14411976911976912 0.010714285714285714 0.006132756132756133
24 0.5987244897959184 0.3033910533910534 0.010714285714285714 0.005772005772005772
41 0.5936224489795918 0.06060606060606061 0.0005102040816326531 0.01948051948051948
121 0.18392857142857144 0.14484126984126985 0.06785714285714285 0.003246753246753247
41 0.5936224489795918 0.15313852813852813 0.0005102040816326531 0.015512265512265512
41 0.5290816326530612 0.15782828282828282 0.0010204081632653062 0.017676767676767676
41 0.5290816326530612 0.23214285714285715 0.0010204081632653062 0.01911976911976912
41 0.5290816326530612 0.31583694083694086 0.0010204081632653062 0.022727272727272728
24 0.5625 0.15025252525252525 0.010714285714285714 0.006132756132756133
24 0.5625 0.22384559884559885 0.010714285714285714 0.006132756132756133
24 0.5625 0.3033910533910534 0.010714285714285714 0.005772005772005772
41 0.5573979591836735 0.1590909090909091 0.0005102040816326531 0.015151515151515152
41 0.5573979591836735 0.23322510822510822 0.0005102040816326531 0.016233766233766232
122 0.19489795918367347 0.3300865800865801 0.03163265306122449 0.0036075036075036075
26 0.6196428571428572 0.14736652236652237 0.010714285714285714 0.006132756132756133
26 0.6196428571428572 0.22095959595959597 0.010714285714285714 0.006132756132756133
26 0.6196428571428572 0.3003246753246753 0.010714285714285714 0.006132756132756133
41 0.6145408163265306 0.1553030303030303 0.0005102040816326531 0.013347763347763348
120 0.2892857142857143 0.17604617604617603 0.1520408163265306 0.00937950937950938
41 0.6145408163265306 0.23178210678210678 0.0005102040816326531 0.01911976911976912
41 0.6145408163265306 0.3143939393939394 0.0005102040816326531 0.025613275613275612
121 0.17372448979591837 0.2597402597402597 0.06785714285714285 0.004329004329004329
61 0.5867346938775511 0.1444805194805195 0.006122448979591836 0.026334776334776336
41 0.5936224489795918 0.2296176046176046 0.0005102040816326531 0.021284271284271284
41 0.5936224489795918 0.31583694083694086 0.0005102040816326531 0.022727272727272728
53 0.5994897959183674 0.31746031746031744 0.011224489795918367 0.01875901875901876
121 0.32857142857142857 0.2536075036075036 0.06326530612244897 0.004329004329004329
53 0.8923469387755102 0.31746031746031744 0.01020408163265306 0.01875901875901876
69 0.9244897959183673 0.057900432900432904 0.009183673469387756 0.024170274170274172
69 0.9339285714285714 0.06691919191919192 0.008673469387755102 0.024170274170274172
69 0.9433673469387756 0.05483405483405483 0.009183673469387756 0.024531024531024532
122 0.28341836734693876 0.31836219336219335 0.02295918367346939 0.003246753246753247
121 0.31760204081632654 0.14375901875901875 0.020918367346938777 0.003246753246753247
26 0.8913265306122449 0.29455266955266957 0.01020408163265306 0.006132756132756133
41 0.8650510204081633 0.14682539682539683 0.0005102040816326531 0.01875901875901876
41 0.8650510204081633 0.24585137085137085 0.0005102040816326531 0.015512265512265512
24 0.8913265306122449 0.13834776334776336 0.01020408163265306 0.006132756132756133
26 0.8913265306122449 0.23286435786435786 0.01020408163265306 0.006132756132756133
41 0.8862244897959184 0.14844877344877344 0.0010204081632653062 0.017676767676767676
41 0.8862244897959184 0.24332611832611833 0.0010204081632653062 0.0183982683982684
41 0.8862244897959184 0.3115079365079365 0.0010204081632653062 0.031385281385281384
120 0.5910714285714286 0.045093795093795096 0.11377551020408164 0.008658008658008658
121 0.6538265306122449 0.1626984126984127 0.020918367346938777 0.002886002886002886
120 0.6099489795918367 0.2123015873015873 0.020918367346938777 0.00468975468975469
121 0.6040816326530613 0.24224386724386723 0.02142857142857143 0.003246753246753247
120 0.6099489795918367 0.1387085137085137 0.020918367346938777 0.00468975468975469
121 0.6040816326530613 0.1626984126984127 0.02142857142857143 0.002886002886002886
122 0.5806122448979592 0.29707792207792205 0.0326530612244898 0.003246753246753247
121 0.5433673469387755 0.3272005772005772 0.02857142857142857 0.0021645021645021645
120 0.5489795918367347 0.215007215007215 0.02857142857142857 0.005050505050505051
121 0.5433673469387755 0.24224386724386723 0.02857142857142857 0.003246753246753247
120 0.5487244897959184 0.14087301587301587 0.02806122448979592 0.00468975468975469
121 0.5433673469387755 0.16756854256854256 0.02857142857142857 0.003246753246753247
120 0.6594387755102041 0.1387085137085137 0.020918367346938777 0.00468975468975469
120 0.5369897959183674 0.29455266955266957 0.050510204081632655 0.005411255411255411
121 0.475 0.24783549783549783 0.06326530612244897 0.004329004329004329
121 0.475 0.17424242424242425 0.06326530612244897 0.004329004329004329
122 0.41964285714285715 0.30753968253968256 0.042346938775510205 0.003968253968253968
120 0.45127551020408163 0.21897546897546896 0.11989795918367346 0.008658008658008658
121 0.39668367346938777 0.24711399711399712 0.020918367346938777 0.002886002886002886
120 0.4517857142857143 0.14393939393939395 0.11989795918367346 0.010101010101010102
121 0.39668367346938777 0.17352092352092352 0.020918367346938777 0.002886002886002886
120 0.44081632653061226 0.05357142857142857 0.09897959183673469 0.008297258297258298
122 0.37857142857142856 0.30844155844155846 0.011224489795918367 0.0021645021645021645
120 0.7885204081632653 0.2261904761904762 0.02806122448979592 0.004329004329004329
121 0.875765306122449 0.25306637806637805 0.020918367346938777 0.003246753246753247
121 0.875765306122449 0.15674603174603174 0.020918367346938777 0.003246753246753247
120 0.8678571428571429 0.2985209235209235 0.04183673469387755 0.020562770562770564
120 0.8599489795918367 0.22276334776334777 0.06275510204081633 0.007575757575757576
121 0.8334183673469387 0.2483766233766234 0.020918367346938777 0.003246753246753247
120 0.8591836734693877 0.13131313131313133 0.06326530612244897 0.007215007215007215
121 0.8334183673469387 0.15674603174603174 0.020918367346938777 0.003246753246753247
121 0.7829081632653061 0.25306637806637805 0.02806122448979592 0.003246753246753247
120 0.7885204081632653 0.13546176046176045 0.02806122448979592 0.005411255411255411
121 0.7829081632653061 0.16161616161616163 0.02806122448979592 0.002886002886002886
122 0.7543367346938775 0.2911255411255411 0.03520408163265306 0.0036075036075036075
120 0.7247448979591836 0.22673160173160173 0.020918367346938777 0.003968253968253968
121 0.7191326530612245 0.25306637806637805 0.020918367346938777 0.003246753246753247
120 0.7247448979591836 0.13582251082251082 0.020918367346938777 0.00468975468975469
121 0.7191326530612245 0.16161616161616163 0.020918367346938777 0.002886002886002886
120 0.7706632653061225 0.036255411255411256 0.11377551020408164 0.009018759018759018
120 0.6594387755102041 0.2123015873015873 0.020918367346938777 0.00468975468975469
121 0.6538265306122449 0.24224386724386723 0.020918367346938777 0.003246753246753247
120 0.300765306122449 0.22763347763347763 0.12908163265306122 0.00937950937950938
121 0.2451530612244898 0.2541486291486291 0.02806122448979592 0.003246753246753247
24 0.8022959183673469 0.14411976911976912 0.010714285714285714 0.006132756132756133
24 0.8022959183673469 0.23575036075036074 0.010714285714285714 0.006132756132756133
121 0.25510204081632654 0.14484126984126985 0.02857142857142857 0.003246753246753247
26 0.8022959183673469 0.29455266955266957 0.010714285714285714 0.006132756132756133
41 0.7971938775510204 0.15367965367965367 0.0005102040816326531 0.016594516594516596
41 0.7971938775510204 0.2453102453102453 0.0005102040816326531 0.016594516594516596
63 0.789030612244898 0.23484848484848486 0.008673469387755102 0.024531024531024532
121 0.35994897959183675 0.14484126984126985 0.020918367346938777 0.003246753246753247
41 0.7686224489795919 0.1516955266955267 0.0005102040816326531 0.0183982683982684
120 0.2938775510204082 0.061507936507936505 0.1 0.010461760461760462
41 0.7686224489795919 0.24332611832611833 0.0005102040816326531 0.0183982683982684
41 0.7686224489795919 0.3129509379509379 0.0005102040816326531 0.0284992784992785
53 0.7744897959183673 0.31746031746031744 0.011224489795918367 0.01875901875901876
24 0.8489795918367347 0.13834776334776336 0.01020408163265306 0.006132756132756133
26 0.8489795918367347 0.23286435786435786 0.01020408163265306 0.006132756132756133
24 0.8489795918367347 0.31547619047619047 0.01020408163265306 0.006132756132756133
95 0.8487244897959184 0.35119047619047616 0.008673469387755102 0.015512265512265512
41 0.8441326530612245 0.1479076479076479 0.0005102040816326531 0.016594516594516596
41 0.8441326530612245 0.24134199134199133 0.0005102040816326531 0.01443001443001443
61 0.8160714285714286 0.22997835497835498 0.0066326530612244895 0.026334776334776336
41 0.8441326530612245 0.32611832611832614 0.0005102040816326531 0.01948051948051948
24 0.8701530612244898 0.04671717171717172 0.010714285714285714 0.006132756132756133
26 0.8701530612244898 0.13546176046176045 0.010714285714285714 0.006132756132756133
24 0.8701530612244898 0.23575036075036074 0.010714285714285714 0.006132756132756133
41 0.8650510204081633 0.05916305916305916 0.0005102040816326531 0.022366522366522368
41 0.7971938775510204 0.3115079365079365 0.0005102040816326531 0.031385281385281384
26 0.8280612244897959 0.04383116883116883 0.01020408163265306 0.006132756132756133
95 0.8278061224489796 0.0946969696969697 0.008673469387755102 0.015512265512265512
26 0.8280612244897959 0.14123376623376624 0.01020408163265306 0.006132756132756133
95 0.8278061224489796 0.18019480519480519 0.008673469387755102 0.015512265512265512
24 0.8280612244897959 0.2297979797979798 0.01020408163265306 0.005772005772005772
95 0.8278061224489796 0.2656926406926407 0.008673469387755102 0.015512265512265512
41 0.8227040816326531 0.05772005772005772 0.0005102040816326531 0.025252525252525252
63 0.7604591836734694 0.049062049062049064 0.008673469387755102 0.024531024531024532
41 0.8227040816326531 0.14989177489177488 0.0005102040816326531 0.01479076479076479
41 0.8227040816326531 0.23917748917748918 0.0005102040816326531 0.016594516594516596
24 0.2645408163265306 0.3212481962481962 0.010714285714285714 0.006132756132756133
41 0.24107142857142858 0.15223665223665223 0.0005102040816326531 0.015873015873015872
41 0.2308673469387755 0.24585137085137085 0.0005102040816326531 0.015512265512265512
26 0.2645408163265306 0.16504329004329005 0.010714285714285714 0.006132756132756133
26 0.2645408163265306 0.23863636363636365 0.010714285714285714 0.006132756132756133
63 0.22270408163265307 0.07287157287157287 0.008673469387755102 0.024531024531024532
41 0.26964285714285713 0.15476190476190477 0.0005102040816326531 0.018037518037518036
63 0.2512755102040816 0.1643217893217893 0.008673469387755102 0.024170274170274172
41 0.25943877551020406 0.2472943722943723 0.0005102040816326531 0.01479076479076479
24 0.21275510204081632 0.1681096681096681 0.01020408163265306 0.005772005772005772
24 0.21275510204081632 0.2417027417027417 0.01020408163265306 0.005772005772005772
26 0.21275510204081632 0.3362193362193362 0.01020408163265306 0.005772005772005772
41 0.21760204081632653 0.15638528138528138 0.0005102040816326531 0.021284271284271284
41 0.20790816326530612 0.25162337662337664 0.0005102040816326531 0.017676767676767676
41 0.25943877551020406 0.33225108225108224 0.0005102040816326531 0.01948051948051948
41 0.21760204081632653 0.3253968253968254 0.0005102040816326531 0.01948051948051948
26 0.23596938775510204 0.07377344877344877 0.010714285714285714 0.006132756132756133
24 0.23596938775510204 0.16215728715728717 0.010714285714285714 0.006132756132756133
24 0.23596938775510204 0.23575036075036074 0.010714285714285714 0.006132756132756133
41 0.24107142857142858 0.06277056277056277 0.0005102040816326531 0.01948051948051948
41 0.2971938775510204 0.2453102453102453 0.0005102040816326531 0.01443001443001443
40 0.31581632653061226 0.31836219336219335 0.00510204081632653 0.0025252525252525255
41 0.2971938775510204 0.332972582972583 0.0005102040816326531 0.018037518037518036
26 0.32321428571428573 0.15927128427128426 0.010714285714285714 0.006132756132756133
26 0.32321428571428573 0.23286435786435786 0.010714285714285714 0.006132756132756133
53 0.2653061224489796 0.33225108225108224 0.011224489795918367 0.01875901875901876
26 0.3022959183673469 0.06764069264069264 0.010714285714285714 0.006132756132756133
24 0.3022959183673469 0.16215728715728717 0.010714285714285714 0.006132756132756133
24 0.3022959183673469 0.23575036075036074 0.010714285714285714 0.006132756132756133
24 0.3022959183673469 0.3212481962481962 0.010714285714285714 0.006132756132756133
41 0.2971938775510204 0.07864357864357864 0.0005102040816326531 0.01948051948051948
41 0.30714285714285716 0.1525974025974026 0.0010204081632653062 0.016594516594516596
61 0.2903061224489796 0.16233766233766234 0.006122448979591836 0.025974025974025976
5 0.06683673469387755 0.15656565656565657 0.02346938775510204 0.051226551226551224
69 0.0933673469387755 0.14357864357864358 0.009183673469387756 0.024531024531024532
69 0.10280612244897959 0.15223665223665223 0.008673469387755102 0.024531024531024532
69 0.11224489795918367 0.1405122655122655 0.009183673469387756 0.024170274170274172
6 0.0673469387755102 0.24152236652236653 0.025510204081632654 0.032106782106782104
69 0.0933673469387755 0.23214285714285715 0.009183673469387756 0.024170274170274172
69 0.10280612244897959 0.240981240981241 0.008673469387755102 0.024531024531024532
69 0.11224489795918367 0.22907647907647907 0.009183673469387756 0.024531024531024532
8 0.07015306122448979 0.3277417027417027 0.03010204081632653 0.027056277056277056
69 0.0933673469387755 0.32052669552669555 0.009183673469387756 0.024170274170274172
69 0.10280612244897959 0.32936507936507936 0.008673469387755102 0.024531024531024532
69 0.11224489795918367 0.31746031746031744 0.009183673469387756 0.024531024531024532
24 0.14489795918367346 0.07052669552669552 0.01020408163265306 0.006132756132756133
26 0.14489795918367346 0.16504329004329005 0.01020408163265306 0.006132756132756133
26 0.14489795918367346 0.23863636363636365 0.01020408163265306 0.006132756132756133
26 0.14464285714285716 0.3481240981240981 0.010714285714285714 0.005772005772005772
41 0.13979591836734695 0.08116883116883117 0.0010204081632653062 0.01875901875901876
120 0.14566326530612245 0.06295093795093795 0.09540816326530613 0.009018759018759018
120 0.16505102040816327 0.17784992784992784 0.09540816326530613 0.006493506493506494
120 0.16479591836734694 0.2305194805194805 0.09591836734693877 0.007936507936507936
122 0.12806122448979593 0.3437950937950938 0.018367346938775512 0.002886002886002886
120 0.8951530612244898 0.03787878787878788 0.049489795918367344 0.005050505050505051
122 0.8982142857142857 0.28733766233766234 0.010714285714285714 0.0018037518037518038
69 0.0933673469387755 0.05808080808080808 0.009183673469387756 0.024531024531024532
5 0.06683673469387755 0.07106782106782107 0.02346938775510204 0.051226551226551224
26 0.19183673469387755 0.23863636363636365 0.01020408163265306 0.006132756132756133
41 0.1655612244897959 0.24855699855699856 0.0005102040816326531 0.020923520923520924
41 0.17576530612244898 0.325036075036075 0.0005102040816326531 0.01875901875901876
26 0.19158163265306122 0.07377344877344877 0.010714285714285714 0.006132756132756133
26 0.19158163265306122 0.16504329004329005 0.010714285714285714 0.006132756132756133
61 0.1586734693877551 0.16233766233766234 0.006122448979591836 0.025974025974025976
41 0.19668367346938775 0.06277056277056277 0.0005102040816326531 0.01948051948051948
41 0.19668367346938775 0.15458152958152957 0.0005102040816326531 0.0183982683982684
41 0.18647959183673468 0.24981962481962483 0.0005102040816326531 0.01984126984126984
41 0.14974489795918366 0.3373015873015873 0.0005102040816326531 0.01948051948051948
41 0.14974489795918366 0.15404040404040403 0.0005102040816326531 0.01948051948051948
61 0.13290816326530613 0.16540404040404041 0.0066326530612244895 0.026334776334776336
41 0.13979591836734695 0.2490981240981241 0.0010204081632653062 0.0183982683982684
47 0.1540816326530612 0.3373015873015873 0.00816326530612245 0.01948051948051948
24 0.17066326530612244 0.16215728715728717 0.010714285714285714 0.006132756132756133
24 0.17066326530612244 0.23575036075036074 0.010714285714285714 0.006132756132756133
26 0.17066326530612244 0.3362193362193362 0.010714285714285714 0.005772005772005772
41 0.17576530612244898 0.15295815295815296 0.0005102040816326531 0.015873015873015872
41 0.4431122448979592 0.32377344877344877 0.0005102040816326531 0.0183982683982684
53 0.4489795918367347 0.32341269841269843 0.011224489795918367 0.01911976911976912
24 0.46938775510204084 0.15025252525252525 0.01020408163265306 0.006132756132756133
24 0.46938775510204084 0.22384559884559885 0.01020408163265306 0.006132756132756133
26 0.46938775510204084 0.3241341991341991 0.01020408163265306 0.006132756132756133
41 0.4645408163265306 0.1625180375180375 0.0005102040816326531 0.022005772005772004
41 0.4645408163265306 0.2361111111111111 0.0005102040816326531 0.022005772005772004
26 0.44821428571428573 0.15313852813852813 0.010714285714285714 0.006132756132756133
26 0.44821428571428573 0.22673160173160173 0.010714285714285714 0.006132756132756133
26 0.44821428571428573 0.31222943722943725 0.010714285714285714 0.006132756132756133
41 0.4431122448979592 0.07016594516594517 0.0005102040816326531 0.0183982683982684
41 0.32831632653061227 0.15061327561327562 0.0005102040816326531 0.01479076479076479
41 0.4431122448979592 0.1636002886002886 0.0005102040816326531 0.0183982683982684
61 0.4362244897959184 0.1534992784992785 0.006122448979591836 0.026334776334776336
41 0.4431122448979592 0.2371933621933622 0.0005102040816326531 0.0183982683982684
24 0.511734693877551 0.3033910533910534 0.01020408163265306 0.005772005772005772
41 0.5063775510204082 0.16666666666666666 0.0005102040816326531 0.016594516594516596
41 0.5063775510204082 0.24025974025974026 0.0005102040816326531 0.016594516594516596
41 0.5063775510204082 0.31583694083694086 0.0005102040816326531 0.022727272727272728
24 0.5114795918367347 0.2297979797979798 0.010714285714285714 0.005772005772005772
53 0.5122448979591837 0.31746031746031744 0.011224489795918367 0.01875901875901876
26 0.5341836734693878 0.055735930735930736 0.01020408163265306 0.006132756132756133
26 0.5339285714285714 0.14736652236652237 0.010714285714285714 0.006132756132756133
26 0.5339285714285714 0.22095959595959597 0.010714285714285714 0.006132756132756133
24 0.5339285714285714 0.3033910533910534 0.010714285714285714 0.005772005772005772
41 0.5290816326530612 0.06673881673881674 0.0010204081632653062 0.01948051948051948
63 0.5209183673469387 0.05483405483405483 0.009183673469387756 0.024531024531024532
41 0.4645408163265306 0.3351370851370851 0.0005102040816326531 0.01948051948051948
26 0.49056122448979594 0.06168831168831169 0.010714285714285714 0.005772005772005772
26 0.49056122448979594 0.15313852813852813 0.010714285714285714 0.006132756132756133
26 0.49056122448979594 0.22673160173160173 0.010714285714285714 0.006132756132756133
41 0.4854591836734694 0.07251082251082251 0.0005102040816326531 0.01948051948051948
41 0.4854591836734694 0.1643217893217893 0.0005102040816326531 0.01984126984126984
41 0.4854591836734694 0.2379148629148629 0.0005102040816326531 0.01984126984126984
24 0.5114795918367347 0.1562049062049062 0.010714285714285714 0.005772005772005772
26 0.36556122448979594 0.16504329004329005 0.010714285714285714 0.006132756132756133
26 0.36556122448979594 0.23863636363636365 0.010714285714285714 0.006132756132756133
26 0.36556122448979594 0.31222943722943725 0.010714285714285714 0.006132756132756133
41 0.3706632653061224 0.15458152958152957 0.0005102040816326531 0.0183982683982684
41 0.3604591836734694 0.2472943722943723 0.0005102040816326531 0.01479076479076479
41 0.3604591836734694 0.32323232323232326 0.0005102040816326531 0.01948051948051948
53 0.3663265306122449 0.32341269841269843 0.011224489795918367 0.01911976911976912
24 0.44821428571428573 0.058621933621933624 0.010714285714285714 0.006132756132756133
24 0.39132653061224487 0.06475468975468976 0.01020408163265306 0.006132756132756133
26 0.39132653061224487 0.15313852813852813 0.01020408163265306 0.006132756132756133
26 0.39132653061224487 0.22673160173160173 0.01020408163265306 0.006132756132756133
26 0.39132653061224487 0.31222943722943725 0.01020408163265306 0.006132756132756133
41 0.3862244897959184 0.07575757575757576 0.0010204081632653062 0.01948051948051948
41 0.3395408163265306 0.08189033189033189 0.0005102040816326531 0.017316017316017316
41 0.3181122448979592 0.24368686868686867 0.0005102040816326531 0.01911976911976912
24 0.34438775510204084 0.07052669552669552 0.01020408163265306 0.006132756132756133
24 0.34438775510204084 0.16215728715728717 0.01020408163265306 0.006132756132756133
24 0.34438775510204084 0.23575036075036074 0.01020408163265306 0.006132756132756133
41 0.349234693877551 0.1525974025974026 0.0005102040816326531 0.016594516594516596
41 0.3395408163265306 0.24549062049062048 0.0005102040816326531 0.016955266955266956
41 0.3862244897959184 0.32323232323232326 0.0010204081632653062 0.01948051948051948
41 0.3862244897959184 0.2371933621933622 0.0010204081632653062 0.0183982683982684
41 0.4073979591836735 0.2398989898989899 0.0005102040816326531 0.015151515151515152
24 0.4125 0.1562049062049062 0.010714285714285714 0.005772005772005772
24 0.4125 0.2297979797979798 0.010714285714285714 0.005772005772005772
41 0.4073979591836735 0.16558441558441558 0.0005102040816326531 0.016594516594516596
63 0.3780612244897959 0.06385281385281386 0.009183673469387756 0.024531024531024532
61 0.3793367346938776 0.1534992784992785 0.0066326530612244895 0.026334776334776336
41 0.3862244897959184 0.1636002886002886 0.0010204081632653062 0.0183982683982684
134 0.4997448979591837 0.6111111111111112 0.9045918367346939 0.023809523809523808
134 0.4997448979591837 0.8677849927849928 0.9045918367346939 0.024170274170274172
1 0.8051020408163265 0.8437950937950938 0.017346938775510204 0.0007215007215007215
1 0.8051020408163265 0.84992784992785 0.017346938775510204 0.0007215007215007215
1 0.761734693877551 0.8437950937950938 0.0163265306122449 0.0007215007215007215
1 0.761734693877551 0.84992784992785 0.0163265306122449 0.0007215007215007215
1 0.7318877551020408 0.8437950937950938 0.01479591836734694 0.0007215007215007215
1 0.7311224489795919 0.84992784992785 0.0163265306122449 0.0007215007215007215
1 0.6956632653061224 0.8437950937950938 0.015816326530612244 0.0007215007215007215
1 0.6956632653061224 0.84992784992785 0.015816326530612244 0.0007215007215007215
1 0.6650510204081632 0.84992784992785 0.015816326530612244 0.0007215007215007215
1 0.44387755102040816 0.8856421356421357 0.0163265306122449 0.0007215007215007215
1 0.24668367346938774 0.84992784992785 0.015816326530612244 0.0007215007215007215
1 0.14285714285714285 0.838023088023088 0.0163265306122449 0.0007215007215007215
1 0.14285714285714285 0.8437950937950938 0.0163265306122449 0.0007215007215007215
1 0.14285714285714285 0.84992784992785 0.0163265306122449 0.0007215007215007215
134 0.4997448979591837 0.7822871572871573 0.9045918367346939 0.024170274170274172
1 0.21607142857142858 0.5932539682539683 0.015816326530612244 0.0010822510822510823
1 0.14285714285714285 0.5932539682539683 0.0163265306122449 0.0010822510822510823
134 0.4997448979591837 0.6967893217893217 0.9045918367346939 0.024170274170274172
1 0.8051020408163265 0.7146464646464646 0.017346938775510204 0.0007215007215007215
26 0.6650510204081632 0.8468614718614719 0.010714285714285714 0.006132756132756133
41 0.6701530612244898 0.6026334776334776 0.0005102040816326531 0.0183982683982684
41 0.6701530612244898 0.6966089466089466 0.0005102040816326531 0.013708513708513708
24 0.6650510204081632 0.7822871572871573 0.010714285714285714 0.006132756132756133
26 0.6650510204081632 0.7056277056277056 0.010714285714285714 0.005772005772005772
26 0.6650510204081632 0.6141774891774892 0.010714285714285714 0.006132756132756133
41 0.6247448979591836 0.8658008658008658 0.0005102040816326531 0.015151515151515152
41 0.6247448979591836 0.7876984126984127 0.0005102040816326531 0.012626262626262626
24 0.6298469387755102 0.8558802308802309 0.010714285714285714 0.006132756132756133
26 0.6298469387755102 0.7792207792207793 0.010714285714285714 0.005772005772005772
26 0.7308673469387755 0.7115800865800865 0.010714285714285714 0.006132756132756133
24 0.6956632653061224 0.8439754689754689 0.010714285714285714 0.006132756132756133
41 0.700765306122449 0.6985930735930735 0.0005102040816326531 0.015512265512265512
41 0.700765306122449 0.7743506493506493 0.0005102040816326531 0.017676767676767676
26 0.6956632653061224 0.7851731601731602 0.010714285714285714 0.006132756132756133
41 0.690561224489796 0.8558802308802309 0.0005102040816326531 0.021284271284271284
24 0.7308673469387755 0.6170634920634921 0.010714285714285714 0.006132756132756133
61 0.6530612244897959 0.7056277056277056 0.006122448979591836 0.025974025974025976
41 0.6701530612244898 0.7727272727272727 0.0005102040816326531 0.016594516594516596
61 0.6530612244897959 0.7822871572871573 0.006122448979591836 0.026334776334776336
41 0.6599489795918367 0.8584054834054834 0.0005102040816326531 0.020562770562770564
24 0.6956632653061224 0.7086940836940837 0.010714285714285714 0.006132756132756133
61 0.5341836734693878 0.7058080808080808 0.006122448979591836 0.026334776334776336
41 0.5512755102040816 0.8578643578643579 0.0005102040816326531 0.015873015873015872
24 0.5982142857142857 0.6111111111111112 0.010714285714285714 0.005772005772005772
26 0.5982142857142857 0.6996753246753247 0.010714285714285714 0.006132756132756133
24 0.5982142857142857 0.7761544011544012 0.010714285714285714 0.006132756132756133
24 0.5982142857142857 0.8616522366522367 0.010714285714285714 0.006132756132756133
41 0.5931122448979592 0.6215728715728716 0.0005102040816326531 0.01875901875901876
121 0.18979591836734694 0.7027417027417028 0.10408163265306122 0.004329004329004329
41 0.5158163265306123 0.689033189033189 0.0010204081632653062 0.018037518037518036
41 0.5158163265306123 0.86489898989899 0.0010204081632653062 0.020562770562770564
26 0.5461734693877551 0.7056277056277056 0.010714285714285714 0.005772005772005772
24 0.5461734693877551 0.8677849927849928 0.010714285714285714 0.006132756132756133
41 0.5512755102040816 0.6940836940836941 0.0005102040816326531 0.020923520923520924
41 0.5931122448979592 0.8706709956709957 0.0005102040816326531 0.015512265512265512
61 0.5862244897959183 0.862012987012987 0.006122448979591836 0.026334776334776336
41 0.6033163265306123 0.6886724386724387 0.0005102040816326531 0.01948051948051948
41 0.5931122448979592 0.7857142857142857 0.0005102040816326531 0.016594516594516596
26 0.9048469387755103 0.6141774891774892 0.010714285714285714 0.006132756132756133
26 0.8545918367346939 0.6141774891774892 0.01020408163265306 0.006132756132756133
41 0.8594387755102041 0.6031746031746031 0.0005102040816326531 0.01948051948051948
121 0.7413265306122448 0.8683261183261183 0.030612244897959183 0.002886002886002886
41 0.9099489795918367 0.6031746031746031 0.0005102040816326531 0.01948051948051948
63 0.8915816326530612 0.6132756132756133 0.008673469387755102 0.024531024531024532
122 0.350765306122449 0.8706709956709957 0.049489795918367344 0.003968253968253968
120 0.4969387755102041 0.6801948051948052 0.10714285714285714 0.01406926406926407
121 0.45637755102040817 0.7141053391053391 0.03520408163265306 0.003246753246753247
120 0.5556122448979591 0.6006493506493507 0.22244897959183674 0.01443001443001443
120 0.3905612244897959 0.86002886002886 0.031122448979591835 0.020923520923520924
121 0.38801020408163267 0.8856421356421357 0.031122448979591835 0.011544011544011544
121 0.38801020408163267 0.7876984126984127 0.031122448979591835 0.003246753246753247
121 0.38801020408163267 0.7092352092352092 0.031122448979591835 0.002886002886002886
121 0.46658163265306124 0.8623737373737373 0.03520408163265306 0.003246753246753247
120 0.3451530612244898 0.7568542568542569 0.1270408163265306 0.007936507936507936
121 0.29872448979591837 0.76497113997114 0.03520408163265306 0.003246753246753247
120 0.3423469387755102 0.6852453102453102 0.1326530612244898 0.008297258297258298
121 0.28903061224489796 0.7141053391053391 0.03520408163265306 0.003246753246753247
120 0.19974489795918368 0.7568542568542569 0.10357142857142858 0.007936507936507936
121 0.19974489795918368 0.7644300144300145 0.10357142857142858 0.004329004329004329
120 0.19464285714285715 0.6744227994227994 0.10357142857142858 0.01406926406926407
120 0.6466836734693877 0.7128427128427128 0.09744897959183674 0.013708513708513708
120 0.797704081632653 0.6058802308802309 0.11683673469387755 0.008297258297258298
121 0.6755102040816326 0.8683261183261183 0.030612244897959183 0.002886002886002886
121 0.6854591836734694 0.76497113997114 0.03010204081632653 0.003246753246753247
121 0.6854591836734694 0.6901154401154401 0.03010204081632653 0.002886002886002886
120 0.6793367346938776 0.8409090909090909 0.16275510204081634 0.027417027417027416
121 0.6091836734693877 0.8766233766233766 0.03163265306122449 0.005772005772005772
120 0.6655612244897959 0.762987012987013 0.13418367346938775 0.007936507936507936
121 0.6091836734693877 0.7947330447330447 0.03163265306122449 0.002886002886002886
121 0.5334183673469388 0.8522727272727273 0.03520408163265306 0.006854256854256854
121 0.5334183673469388 0.6818181818181818 0.03520408163265306 0.005772005772005772
120 0.49923469387755104 0.8506493506493507 0.10153061224489796 0.015151515151515152
61 0.7191326530612245 0.8410894660894661 0.0066326530612244895 0.026334776334776336
24 0.761734693877551 0.8439754689754689 0.01020408163265306 0.006132756132756133
41 0.7566326530612245 0.8569624819624819 0.0010204081632653062 0.023448773448773448
24 0.8048469387755102 0.6111111111111112 0.010714285714285714 0.005772005772005772
28 0.8051020408163265 0.7146464646464646 0.011224489795918367 0.006493506493506494
28 0.8051020408163265 0.7882395382395382 0.011224489795918367 0.006493506493506494
28 0.8051020408163265 0.8437950937950938 0.011224489795918367 0.006493506493506494
41 0.7997448979591837 0.6215728715728716 0.0005102040816326531 0.01875901875901876
26 0.7311224489795919 0.8409090909090909 0.01020408163265306 0.005772005772005772
41 0.735969387755102 0.6060606060606061 0.0005102040816326531 0.01948051948051948
41 0.735969387755102 0.7005772005772006 0.0005102040816326531 0.01948051948051948
41 0.735969387755102 0.7736291486291487 0.0005102040816326531 0.0183982683982684
41 0.7260204081632653 0.8547979797979798 0.0010204081632653062 0.025613275613275612
40 0.8188775510204082 0.8409090909090909 0.00510204081632653 0.002886002886002886
41 0.7997448979591837 0.8564213564213564 0.0005102040816326531 0.022366522366522368
40 0.8188775510204082 0.7115800865800865 0.00510204081632653 0.0025252525252525255
41 0.8104591836734694 0.7034632034632035 0.0005102040816326531 0.01948051948051948
26 0.7308673469387755 0.7851731601731602 0.010714285714285714 0.006132756132756133
40 0.8188775510204082 0.7853535353535354 0.00510204081632653 0.002886002886002886
41 0.8104591836734694 0.7770562770562771 0.0005102040816326531 0.01948051948051948
41 0.21096938775510204 0.693001443001443 0.0005102040816326531 0.018037518037518036
61 0.20408163265306123 0.681998556998557 0.006122448979591836 0.026334776334776336
41 0.2211734693877551 0.773989898989899 0.0005102040816326531 0.0183982683982684
63 0.20280612244897958 0.7842712842712842 0.008673469387755102 0.024531024531024532
24 0.24668367346938774 0.6847041847041847 0.010714285714285714 0.005772005772005772
24 0.24668367346938774 0.7822871572871573 0.010714285714285714 0.006132756132756133
26 0.24668367346938774 0.8468614718614719 0.010714285714285714 0.006132756132756133
41 0.18316326530612245 0.7725468975468975 0.0010204081632653062 0.016955266955266956
41 0.1732142857142857 0.8787878787878788 0.0005102040816326531 0.017316017316017316
41 0.24158163265306123 0.6935425685425686 0.0005102040816326531 0.015512265512265512
24 0.21607142857142858 0.5932539682539683 0.010714285714285714 0.006132756132756133
26 0.21607142857142858 0.6816378066378066 0.010714285714285714 0.006132756132756133
26 0.21607142857142858 0.7851731601731602 0.010714285714285714 0.006132756132756133
41 0.21096938775510204 0.6042568542568543 0.0005102040816326531 0.01948051948051948
61 0.2642857142857143 0.5993867243867244 0.006122448979591836 0.026334776334776336
41 0.2711734693877551 0.7065295815295816 0.0005102040816326531 0.015512265512265512
41 0.2711734693877551 0.6105699855699855 0.0005102040816326531 0.0183982683982684
41 0.2813775510204082 0.7723665223665224 0.0005102040816326531 0.015873015873015872
26 0.3114795918367347 0.6937229437229437 0.010714285714285714 0.005772005772005772
26 0.3114795918367347 0.7851731601731602 0.010714285714285714 0.006132756132756133
41 0.2517857142857143 0.7732683982683982 0.0005102040816326531 0.015512265512265512
61 0.1663265306122449 0.6848845598845599 0.006122448979591836 0.026334776334776336
41 0.24158163265306123 0.8578643578643579 0.0005102040816326531 0.01948051948051948
24 0.27627551020408164 0.5992063492063492 0.010714285714285714 0.005772005772005772
24 0.27627551020408164 0.6967893217893217 0.010714285714285714 0.006132756132756133
24 0.27627551020408164 0.7822871572871573 0.010714285714285714 0.006132756132756133
5 0.0663265306122449 0.6114718614718615 0.02346938775510204 0.051226551226551224
5 0.0663265306122449 0.696969696969697 0.02346938775510204 0.051226551226551224
69 0.09260204081632653 0.683982683982684 0.008673469387755102 0.024531024531024532
69 0.10204081632653061 0.693001443001443 0.009183673469387756 0.024531024531024532
69 0.1114795918367347 0.6809163059163059 0.008673469387755102 0.024170274170274172
5 0.0663265306122449 0.7824675324675324 0.02346938775510204 0.051226551226551224
69 0.09260204081632653 0.7694805194805194 0.008673469387755102 0.024531024531024532
69 0.10204081632653061 0.7784992784992785 0.009183673469387756 0.024531024531024532
69 0.1114795918367347 0.7665945165945166 0.008673469387755102 0.024531024531024532
8 0.06938775510204082 0.8683261183261183 0.02959183673469388 0.026695526695526696
69 0.09260204081632653 0.8609307359307359 0.008673469387755102 0.024170274170274172
69 0.10204081632653061 0.8697691197691197 0.009183673469387756 0.024531024531024532
69 0.1114795918367347 0.8578643578643579 0.008673469387755102 0.024531024531024532
120 0.24693877551020407 0.5878427128427128 0.2612244897959184 0.016233766233766232
122 0.12678571428571428 0.8306277056277056 0.017857142857142856 0.0025252525252525255
120 0.9318877551020408 0.6056998556998557 0.037244897959183676 0.004329004329004329
69 0.09260204081632653 0.5984848484848485 0.008673469387755102 0.024531024531024532
69 0.10204081632653061 0.6073232323232324 0.009183673469387756 0.024170274170274172
69 0.1114795918367347 0.5954184704184704 0.008673469387755102 0.024170274170274172
41 0.13801020408163264 0.8526334776334776 0.0005102040816326531 0.029942279942279944
53 0.14362244897959184 0.8578643578643579 0.010714285714285714 0.01875901875901876
41 0.14770408163265306 0.770021645021645 0.0005102040816326531 0.013347763347763348
24 0.17806122448979592 0.6848845598845599 0.01020408163265306 0.006132756132756133
24 0.17806122448979592 0.7822871572871573 0.01020408163265306 0.006132756132756133
24 0.17806122448979592 0.8677849927849928 0.01020408163265306 0.006132756132756133
41 0.1732142857142857 0.6942640692640693 0.0005102040816326531 0.016955266955266956
26 0.14285714285714285 0.5903679653679653 0.01020408163265306 0.006132756132756133
26 0.14285714285714285 0.6877705627705628 0.01020408163265306 0.006132756132756133
26 0.14285714285714285 0.7792207792207793 0.01020408163265306 0.005772005772005772
26 0.14285714285714285 0.83495670995671 0.01020408163265306 0.006132756132756133
41 0.13801020408163264 0.6013708513708513 0.0005102040816326531 0.01948051948051948
41 0.13801020408163264 0.6962481962481962 0.0005102040816326531 0.01443001443001443
30 0.4443877551020408 0.7732683982683982 0.011224489795918367 0.006854256854256854
24 0.4441326530612245 0.6051587301587301 0.010714285714285714 0.006132756132756133
93 0.44107142857142856 0.6332972582972582 0.008673469387755102 0.011904761904761904
93 0.4471938775510204 0.6332972582972582 0.008673469387755102 0.011904761904761904
26 0.4441326530612245 0.6935425685425686 0.010714285714285714 0.006132756132756133
93 0.44107142857142856 0.7245670995670995 0.008673469387755102 0.011904761904761904
93 0.4471938775510204 0.7245670995670995 0.008673469387755102 0.011904761904761904
41 0.4038265306122449 0.8695887445887446 0.0005102040816326531 0.022727272727272728
93 0.44107142857142856 0.8042929292929293 0.008673469387755102 0.011904761904761904
93 0.4474489795918367 0.8042929292929293 0.00816326530612245 0.011904761904761904
26 0.4441326530612245 0.8887085137085137 0.010714285714285714 0.006132756132756133
93 0.44107142857142856 0.9016955266955267 0.008673469387755102 0.011904761904761904
93 0.4471938775510204 0.9016955266955267 0.008673469387755102 0.011904761904761904
41 0.439030612244898 0.6161616161616161 0.0005102040816326531 0.01948051948051948
41 0.439030612244898 0.704004329004329 0.0005102040816326531 0.0183982683982684
26 0.4086734693877551 0.6935425685425686 0.01020408163265306 0.006132756132756133
26 0.4086734693877551 0.7671356421356421 0.01020408163265306 0.006132756132756133
26 0.3114795918367347 0.8768037518037518 0.010714285714285714 0.006132756132756133
41 0.4038265306122449 0.7022005772005772 0.0005102040816326531 0.01479076479076479
41 0.4038265306122449 0.7775974025974026 0.0005102040816326531 0.0183982683982684
26 0.47933673469387755 0.8825757575757576 0.010714285714285714 0.006132756132756133
41 0.474234693877551 0.7067099567099567 0.0005102040816326531 0.015151515151515152
41 0.4844387755102041 0.8715728715728716 0.0005102040816326531 0.01948051948051948
24 0.47933673469387755 0.6967893217893217 0.010714285714285714 0.006132756132756133
61 0.4673469387755102 0.8829365079365079 0.006122448979591836 0.026334776334776336
24 0.510969387755102 0.6111111111111112 0.010714285714285714 0.005772005772005772
26 0.510969387755102 0.6996753246753247 0.010714285714285714 0.006132756132756133
26 0.510969387755102 0.8768037518037518 0.010714285714285714 0.006132756132756133
41 0.5058673469387756 0.6215728715728716 0.0005102040816326531 0.01875901875901876
61 0.43214285714285716 0.6939033189033189 0.006122448979591836 0.026334776334776336
41 0.439030612244898 0.7842712842712842 0.0005102040816326531 0.01948051948051948
24 0.4086734693877551 0.8558802308802309 0.01020408163265306 0.006132756132756133
61 0.43214285714285716 0.7734487734487735 0.006122448979591836 0.025974025974025976
41 0.4489795918367347 0.8751803751803752 0.0010204081632653062 0.024531024531024532
26 0.37729591836734694 0.6022727272727273 0.010714285714285714 0.006132756132756133
24 0.37729591836734694 0.6906565656565656 0.010714285714285714 0.006132756132756133
24 0.37729591836734694 0.7703823953823954 0.010714285714285714 0.006132756132756133
6 0.3413265306122449 0.7821067821067821 0.02040816326530612 0.025974025974025976
26 0.37755102040816324 0.8768037518037518 0.01020408163265306 0.006132756132756133
41 0.3721938775510204 0.6132756132756133 0.0005102040816326531 0.01948051948051948
41 0.3721938775510204 0.7002164502164502 0.0005102040816326531 0.016594516594516596
47 0.3209183673469388 0.8661616161616161 0.007142857142857143 0.01948051948051948
41 0.3165816326530612 0.8658008658008658 0.0005102040816326531 0.01948051948051948
61 0.29948979591836733 0.7853535353535354 0.006122448979591836 0.025974025974025976
41 0.3165816326530612 0.7747113997113997 0.0005102040816326531 0.0183982683982684
41 0.30637755102040815 0.704004329004329 0.0005102040816326531 0.0183982683982684
41 0.3721938775510204 0.8838383838383839 0.0005102040816326531 0.012265512265512266
41 0.3721938775510204 0.7797619047619048 0.0005102040816326531 0.016233766233766232