134 0.4997448979591837 0.07142857142857142 0.9045918367346939 0.023809523809523808
134 0.4997448979591837 0.4081890331890332 0.9045918367346939 0.024170274170274172
134 0.4997448979591837 0.34613997113997114 0.9045918367346939 0.024170274170274172
134 0.4997448979591837 0.2774170274170274 0.9045918367346939 0.023809523809523808
134 0.4997448979591837 0.20869408369408368 0.9045918367346939 0.024170274170274172
134 0.4997448979591837 0.14015151515151514 0.9045918367346939 0.024170274170274172
84 0.4035714285714286 0.13600288600288601 0.012244897959183673 0.0036075036075036075
30 0.6698979591836735 0.3551587301587302 0.011224489795918367 0.006132756132756133
41 0.6645408163265306 0.21735209235209235 0.0005102040816326531 0.0183982683982684
53 0.6693877551020408 0.21807359307359309 0.009183673469387756 0.016233766233766232
41 0.625765306122449 0.2828282828282828 0.0005102040816326531 0.01875901875901876
84 0.4035714285714286 0.06727994227994227 0.012244897959183673 0.003246753246753247
28 0.6698979591836735 0.40205627705627706 0.011224489795918367 0.006132756132756133
26 0.6693877551020408 0.2058080808080808 0.01020408163265306 0.006132756132756133
30 0.6698979591836735 0.27435064935064934 0.011224489795918367 0.006132756132756133
41 0.6645408163265306 0.2857142857142857 0.0005102040816326531 0.01875901875901876
30 0.6691326530612245 0.349025974025974 0.009693877551020408 0.006132756132756133
30 0.6691326530612245 0.34325396825396826 0.009693877551020408 0.006132756132756133
84 0.6045918367346939 0.06727994227994227 0.012244897959183673 0.003246753246753247
87 0.6877551020408164 0.20941558441558442 0.00816326530612245 0.010461760461760462
85 0.7071428571428572 0.2068903318903319 0.012244897959183673 0.003246753246753247
26 0.6308673469387756 0.2058080808080808 0.010714285714285714 0.006132756132756133
84 0.5056122448979592 0.06727994227994227 0.012244897959183673 0.003246753246753247
41 0.675 0.33874458874458874 0.0010204081632653062 0.02886002886002886
84 0.5056122448979592 0.13600288600288601 0.012244897959183673 0.0036075036075036075
41 0.6645408163265306 0.41323953823953824 0.0005102040816326531 0.01911976911976912
26 0.5714285714285714 0.2058080808080808 0.01020408163265306 0.006132756132756133
30 0.5716836734693878 0.29238816738816736 0.010714285714285714 0.006132756132756133
30 0.5716836734693878 0.36093073593073594 0.010714285714285714 0.006132756132756133
30 0.5711734693877552 0.3551587301587302 0.009693877551020408 0.006132756132756133
30 0.5711734693877552 0.349025974025974 0.009693877551020408 0.006132756132756133
84 0.21020408163265306 0.13600288600288601 0.012244897959183673 0.0036075036075036075
28 0.5716836734693878 0.4081890331890332 0.010714285714285714 0.006132756132756133
41 0.5665816326530613 0.21681096681096682 0.0005102040816326531 0.01948051948051948
26 0.5313775510204082 0.2115800865800866 0.010714285714285714 0.006132756132756133
24 0.5313775510204082 0.2895021645021645 0.010714285714285714 0.006132756132756133
86 0.5293367346938775 0.34523809523809523 0.008673469387755102 0.016594516594516596
86 0.5295918367346939 0.4072871572871573 0.00816326530612245 0.016594516594516596
41 0.5362244897959184 0.20075757575757575 0.0010204081632653062 0.01911976911976912
84 0.21020408163265306 0.06727994227994227 0.012244897959183673 0.003246753246753247
84 0.30153061224489797 0.06727994227994227 0.012244897959183673 0.003246753246753247
41 0.5362244897959184 0.2783189033189033 0.0010204081632653062 0.01911976911976912
26 0.6010204081632653 0.2058080808080808 0.01020408163265306 0.006132756132756133
41 0.5961734693877551 0.21681096681096682 0.0005102040816326531 0.01948051948051948
24 0.6308673469387756 0.27146464646464646 0.010714285714285714 0.006132756132756133
86 0.6290816326530613 0.34523809523809523 0.00816326530612245 0.016594516594516596
86 0.6290816326530613 0.4072871572871573 0.00816326530612245 0.016594516594516596
41 0.5767857142857142 0.2812049062049062 0.0005102040816326531 0.01911976911976912
41 0.625765306122449 0.21681096681096682 0.0005102040816326531 0.01948051948051948
41 0.5767857142857142 0.3437950937950938 0.0005102040816326531 0.031024531024531024
84 0.30153061224489797 0.13600288600288601 0.012244897959183673 0.0036075036075036075
41 0.5665816326530613 0.41883116883116883 0.0005102040816326531 0.018037518037518036
13 0.8540816326530613 0.3401875901875902 0.01020408163265306 0.011544011544011544
16 0.8538265306122449 0.35209235209235207 0.012755102040816327 0.011544011544011544
13 0.8540816326530613 0.4022366522366522 0.01020408163265306 0.011544011544011544
16 0.8538265306122449 0.41414141414141414 0.012755102040816327 0.011544011544011544
3 0.8400510204081633 0.04310966810966811 0.020918367346938777 0.022005772005772004
41 0.8880102040816327 0.06349206349206349 0.0005102040816326531 0.017316017316017316
121 0.9020408163265307 0.05411255411255411 0.027551020408163266 0.002886002886002886
41 0.8880102040816327 0.1341991341991342 0.0005102040816326531 0.013708513708513708
121 0.9020408163265307 0.1275252525252525 0.027551020408163266 0.003246753246753247
15 0.9415816326530613 0.2712842712842713 0.010714285714285714 0.011544011544011544
16 0.9413265306122449 0.28354978354978355 0.013265306122448979 0.011544011544011544
15 0.9415816326530613 0.3401875901875902 0.010714285714285714 0.011544011544011544
16 0.9413265306122449 0.35209235209235207 0.013265306122448979 0.011544011544011544
15 0.9415816326530613 0.4022366522366522 0.010714285714285714 0.011544011544011544
16 0.9413265306122449 0.41414141414141414 0.013265306122448979 0.011544011544011544
15 0.9415816326530613 0.20274170274170275 0.010714285714285714 0.011544011544011544
16 0.9413265306122449 0.215007215007215 0.013265306122448979 0.011544011544011544
24 0.9109693877551021 0.07160894660894661 0.010714285714285714 0.006132756132756133
24 0.9109693877551021 0.14592352092352093 0.010714285714285714 0.006132756132756133
41 0.9160714285714285 0.06204906204906205 0.0005102040816326531 0.016594516594516596
41 0.9160714285714285 0.13654401154401155 0.0005102040816326531 0.016233766233766232
15 0.9415816326530613 0.06565656565656566 0.010714285714285714 0.011544011544011544
16 0.9413265306122449 0.07756132756132757 0.013265306122448979 0.011544011544011544
15 0.9415816326530613 0.1341991341991342 0.010714285714285714 0.011544011544011544
16 0.9413265306122449 0.1461038961038961 0.013265306122448979 0.011544011544011544
28 0.801530612244898 0.35804473304473305 0.011224489795918367 0.006132756132756133
28 0.8010204081632653 0.3519119769119769 0.01020408163265306 0.006132756132756133
28 0.8010204081632653 0.34613997113997114 0.01020408163265306 0.006132756132756133
14 0.764030612244898 0.3401875901875902 0.01173469387755102 0.011544011544011544
16 0.7637755102040816 0.35209235209235207 0.013265306122448979 0.011544011544011544
30 0.801530612244898 0.40494227994227994 0.011224489795918367 0.006132756132756133
14 0.764030612244898 0.4022366522366522 0.01173469387755102 0.011544011544011544
16 0.7637755102040816 0.41414141414141414 0.013265306122448979 0.011544011544011544
122 0.6502551020408164 0.19967532467532467 0.03520408163265306 0.003246753246753247
14 0.764030612244898 0.2712842712842713 0.01173469387755102 0.011544011544011544
16 0.7637755102040816 0.28354978354978355 0.013265306122448979 0.011544011544011544
84 0.7017857142857142 0.06727994227994227 0.01173469387755102 0.003246753246753247
84 0.7017857142857142 0.13600288600288601 0.01173469387755102 0.0036075036075036075
86 0.7257653061224489 0.34523809523809523 0.008673469387755102 0.016594516594516596
86 0.7257653061224489 0.4072871572871573 0.008673469387755102 0.016594516594516596
41 0.7227040816326531 0.28589466089466087 0.0005102040816326531 0.0183982683982684
84 0.6045918367346939 0.13600288600288601 0.012244897959183673 0.0036075036075036075
41 0.7964285714285714 0.2884199134199134 0.0010204081632653062 0.017676767676767676
14 0.764030612244898 0.06565656565656566 0.01173469387755102 0.011544011544011544
16 0.7637755102040816 0.07756132756132757 0.013265306122448979 0.011544011544011544
14 0.764030612244898 0.1341991341991342 0.01173469387755102 0.011544011544011544
16 0.7637755102040816 0.1461038961038961 0.013265306122448979 0.011544011544011544
14 0.764030612244898 0.20274170274170275 0.01173469387755102 0.011544011544011544
16 0.7637755102040816 0.215007215007215 0.013265306122448979 0.011544011544011544
28 0.801530612244898 0.2774170274170274 0.011224489795918367 0.005772005772005772
122 0.6158163265306122 0.19967532467532467 0.026530612244897958 0.003246753246753247
26 0.8829081632653061 0.07449494949494949 0.010714285714285714 0.006132756132756133
84 0.8051020408163265 0.13600288600288601 0.012244897959183673 0.0036075036075036075
13 0.8540816326530613 0.06547619047619048 0.01020408163265306 0.011904761904761904
16 0.8538265306122449 0.07756132756132757 0.012755102040816327 0.011544011544011544
84 0.8051020408163265 0.20472582972582973 0.012244897959183673 0.003246753246753247
26 0.8829081632653061 0.14303751803751805 0.010714285714285714 0.006132756132756133
13 0.8540816326530613 0.1341991341991342 0.01020408163265306 0.011544011544011544
16 0.8538265306122449 0.1461038961038961 0.012755102040816327 0.011544011544011544
13 0.8540816326530613 0.20274170274170275 0.01020408163265306 0.011544011544011544
16 0.8538265306122449 0.215007215007215 0.012755102040816327 0.011544011544011544
13 0.8540816326530613 0.2712842712842713 0.01020408163265306 0.011544011544011544
16 0.8538265306122449 0.28354978354978355 0.012755102040816327 0.011544011544011544
41 0.8068877551020408 0.34145021645021645 0.0005102040816326531 0.029942279942279944
26 0.7275510204081632 0.27435064935064934 0.01020408163265306 0.006132756132756133
84 0.8051020408163265 0.06727994227994227 0.012244897959183673 0.003246753246753247
41 0.7964285714285714 0.4163059163059163 0.0010204081632653062 0.01875901875901876
41 0.1895408163265306 0.3434343434343434 0.0005102040816326531 0.030303030303030304
41 0.1895408163265306 0.28066378066378067 0.0005102040816326531 0.018037518037518036
41 0.1788265306122449 0.41919191919191917 0.0005102040816326531 0.017316017316017316
85 0.1846938775510204 0.2068903318903319 0.012244897959183673 0.003246753246753247
30 0.18418367346938774 0.29238816738816736 0.011224489795918367 0.006132756132756133
30 0.18418367346938774 0.36093073593073594 0.011224489795918367 0.006132756132756133
30 0.18418367346938774 0.3551587301587302 0.011224489795918367 0.006132756132756133
30 0.18418367346938774 0.349025974025974 0.011224489795918367 0.006132756132756133
28 0.18418367346938774 0.4081890331890332 0.011224489795918367 0.006132756132756133
30 0.2683673469387755 0.3551587301587302 0.011224489795918367 0.006132756132756133
30 0.26785714285714285 0.349025974025974 0.01020408163265306 0.006132756132756133
30 0.26785714285714285 0.34325396825396826 0.01020408163265306 0.006132756132756133
28 0.2683673469387755 0.40205627705627706 0.011224489795918367 0.006132756132756133
41 0.2727040816326531 0.2032828282828283 0.0005102040816326531 0.0183982683982684
30 0.2683673469387755 0.27435064935064934 0.011224489795918367 0.006132756132756133
26 0.22857142857142856 0.2115800865800866 0.01020408163265306 0.006132756132756133
24 0.22857142857142856 0.27146464646464646 0.01020408163265306 0.006132756132756133
86 0.22678571428571428 0.34523809523809523 0.008673469387755102 0.016594516594516596
86 0.22678571428571428 0.4072871572871573 0.008673469387755102 0.016594516594516596
41 0.23341836734693877 0.20075757575757575 0.0005102040816326531 0.01911976911976912
41 0.22372448979591836 0.2824675324675325 0.0005102040816326531 0.01948051948051948
24 0.26785714285714285 0.21482683982683984 0.01020408163265306 0.006132756132756133
84 0.8938775510204081 0.40386002886002886 0.012244897959183673 0.003246753246753247
5 0.06505102040816327 0.0707070707070707 0.020918367346938777 0.04329004329004329
5 0.06505102040816327 0.13924963924963926 0.020918367346938777 0.04329004329004329
84 0.8938775510204081 0.341991341991342 0.012244897959183673 0.0036075036075036075
5 0.06505102040816327 0.20815295815295815 0.020918367346938777 0.04329004329004329
5 0.06505102040816327 0.2766955266955267 0.020918367346938777 0.04329004329004329
10 0.06301020408163266 0.3014069264069264 0.005612244897959183 0.005411255411255411
5 0.06505102040816327 0.34523809523809523 0.020918367346938777 0.04329004329004329
0 0.04081632653061224 0.376984126984127 0.007142857142857143 0.08658008658008658
84 0.12193877551020409 0.06727994227994227 0.012244897959183673 0.003246753246753247
84 0.12193877551020409 0.13600288600288601 0.012244897959183673 0.0036075036075036075
84 0.8938775510204081 0.20472582972582973 0.012244897959183673 0.003246753246753247
84 0.8938775510204081 0.27326839826839827 0.012244897959183673 0.003246753246753247
86 0.14311224489795918 0.4072871572871573 0.008673469387755102 0.016594516594516596
41 0.09668367346938775 0.35353535353535354 0.0005102040816326531 0.02813852813852814
41 0.10739795918367347 0.4054834054834055 0.0005102040816326531 0.018037518037518036
86 0.1433673469387755 0.2077922077922078 0.00816326530612245 0.016594516594516596
24 0.1451530612244898 0.2895021645021645 0.010714285714285714 0.006132756132756133
86 0.14311224489795918 0.34523809523809523 0.008673469387755102 0.016594516594516596
41 0.15 0.2783189033189033 0.0010204081632653062 0.01911976911976912
85 0.10255102040816326 0.2068903318903319 0.012244897959183673 0.003246753246753247
8 0.06505102040816327 0.4051226551226551 0.02193877551020408 0.018037518037518036
41 0.26301020408163267 0.2857142857142857 0.0005102040816326531 0.01875901875901876
30 0.10204081632653061 0.2804834054834055 0.011224489795918367 0.006132756132756133
30 0.10204081632653061 0.349025974025974 0.011224489795918367 0.006132756132756133
30 0.10204081632653061 0.34325396825396826 0.011224489795918367 0.006132756132756133
30 0.10204081632653061 0.3371212121212121 0.011224489795918367 0.006132756132756133
30 0.10204081632653061 0.41684704184704185 0.011224489795918367 0.006132756132756133
41 0.10739795918367347 0.2691197691197691 0.0005102040816326531 0.01875901875901876
41 0.42117346938775513 0.2196969696969697 0.0005102040816326531 0.017316017316017316
41 0.43112244897959184 0.2721861471861472 0.0010204081632653062 0.01911976911976912
87 0.425 0.4087301587301587 0.00816326530612245 0.010822510822510822
87 0.4420918367346939 0.4087301587301587 0.007653061224489796 0.010822510822510822
26 0.4719387755102041 0.2058080808080808 0.01020408163265306 0.006132756132756133
30 0.47244897959183674 0.2804834054834055 0.011224489795918367 0.006132756132756133
41 0.36147959183673467 0.41648629148629146 0.0005102040816326531 0.0183982683982684
30 0.4729591836734694 0.349025974025974 0.01020408163265306 0.006132756132756133
26 0.3964285714285714 0.21176046176046176 0.01020408163265306 0.005772005772005772
41 0.40127551020408164 0.20075757575757575 0.0005102040816326531 0.01911976911976912
24 0.4262755102040816 0.20869408369408368 0.010714285714285714 0.006132756132756133
24 0.4262755102040816 0.2833694083694084 0.010714285714285714 0.006132756132756133
86 0.42448979591836733 0.34523809523809523 0.00816326530612245 0.016594516594516596
41 0.4670918367346939 0.3537157287157287 0.0005102040816326531 0.027777777777777776
41 0.4778061224489796 0.40566378066378067 0.0005102040816326531 0.0183982683982684
24 0.5017857142857143 0.20869408369408368 0.010714285714285714 0.006132756132756133
41 0.49668367346938774 0.21915584415584416 0.0005102040816326531 0.0183982683982684
30 0.47244897959183674 0.34325396825396826 0.011224489795918367 0.006132756132756133
30 0.47244897959183674 0.3371212121212121 0.011224489795918367 0.006132756132756133
30 0.47244897959183674 0.417027417027417 0.011224489795918367 0.005772005772005772
41 0.4670918367346939 0.21681096681096682 0.0005102040816326531 0.01948051948051948
41 0.4778061224489796 0.2691197691197691 0.0005102040816326531 0.01875901875901876
41 0.26301020408163267 0.41323953823953824 0.0005102040816326531 0.01911976911976912
28 0.36683673469387756 0.2774170274170274 0.011224489795918367 0.005772005772005772
26 0.29770408163265305 0.21771284271284272 0.010714285714285714 0.006132756132756133
41 0.3025510204081633 0.2067099567099567 0.0010204081632653062 0.01948051948051948
24 0.3665816326530612 0.21482683982683984 0.010714285714285714 0.006132756132756133
24 0.32729591836734695 0.21482683982683984 0.010714285714285714 0.006132756132756133
26 0.32729591836734695 0.27435064935064934 0.010714285714285714 0.006132756132756133
86 0.32551020408163267 0.34523809523809523 0.00816326530612245 0.016594516594516596
86 0.32551020408163267 0.4072871572871573 0.00816326530612245 0.016594516594516596
41 0.3323979591836735 0.20382395382395382 0.0005102040816326531 0.01948051948051948
41 0.3221938775510204 0.28535353535353536 0.0005102040816326531 0.01948051948051948
28 0.36683673469387756 0.35804473304473305 0.011224489795918367 0.006132756132756133
41 0.27372448979591835 0.33874458874458874 0.0005102040816326531 0.02886002886002886
41 0.36147959183673467 0.28823953823953824 0.0005102040816326531 0.018037518037518036
41 0.3721938775510204 0.34145021645021645 0.0005102040816326531 0.029942279942279944
28 0.36683673469387756 0.3519119769119769 0.011224489795918367 0.006132756132756133
28 0.36683673469387756 0.34613997113997114 0.011224489795918367 0.006132756132756133
30 0.36683673469387756 0.40494227994227994 0.011224489795918367 0.006132756132756133
41 0.37168367346938774 0.20382395382395382 0.0005102040816326531 0.01948051948051948
134 0.4997448979591837 0.5795454545454546 0.9045918367346939 0.024170274170274172
134 0.4997448979591837 0.6560245310245311 0.9045918367346939 0.024170274170274172
134 0.4997448979591837 0.7245670995670995 0.9045918367346939 0.024170274170274172
134 0.4997448979591837 0.7932900432900433 0.9045918367346939 0.023809523809523808
134 0.4997448979591837 0.862012987012987 0.9045918367346939 0.024170274170274172
134 0.4997448979591837 0.924062049062049 0.9045918367346939 0.024170274170274172
26 0.7280612244897959 0.5824314574314574 0.01020408163265306 0.006132756132756133
24 0.7594387755102041 0.6617965367965368 0.010714285714285714 0.006132756132756133
26 0.7280612244897959 0.6589105339105339 0.01020408163265306 0.006132756132756133
86 0.7262755102040817 0.7236652236652237 0.008673469387755102 0.016594516594516596
24 0.7280612244897959 0.7992424242424242 0.01020408163265306 0.006132756132756133
86 0.7262755102040817 0.8611111111111112 0.008673469387755102 0.016594516594516596
87 0.7267857142857143 0.9246031746031746 0.007653061224489796 0.010822510822510822
41 0.7329081632653062 0.571969696969697 0.0005102040816326531 0.0183982683982684
24 0.6775510204081633 0.5795454545454546 0.01020408163265306 0.006132756132756133
24 0.7594387755102041 0.5795454545454546 0.010714285714285714 0.006132756132756133
41 0.5568877551020408 0.5903679653679653 0.0005102040816326531 0.017676767676767676
41 0.672704081632653 0.590007215007215 0.0005102040816326531 0.0183982683982684
41 0.7329081632653062 0.7882395382395382 0.0005102040816326531 0.01948051948051948
41 0.7645408163265306 0.6524170274170275 0.0005102040816326531 0.016233766233766232
41 0.7645408163265306 0.56998556998557 0.0005102040816326531 0.016594516594516596
87 0.7581632653061224 0.9246031746031746 0.00816326530612245 0.010822510822510822
41 0.7329081632653062 0.6504329004329005 0.0005102040816326531 0.01443001443001443
85 0.628061224489796 0.7227633477633477 0.012244897959183673 0.003246753246753247
26 0.6270408163265306 0.5762987012987013 0.01020408163265306 0.006132756132756133
85 0.628061224489796 0.6542207792207793 0.012244897959183673 0.003246753246753247
28 0.627295918367347 0.7992424242424242 0.010714285714285714 0.006132756132756133
28 0.627295918367347 0.8739177489177489 0.010714285714285714 0.006132756132756133
28 0.6267857142857143 0.8677849927849928 0.009693877551020408 0.006132756132756133
28 0.6267857142857143 0.862012987012987 0.009693877551020408 0.006132756132756133
30 0.627295918367347 0.9208152958152959 0.010714285714285714 0.006132756132756133
41 0.6221938775510204 0.5873015873015873 0.0005102040816326531 0.01948051948051948
41 0.5568877551020408 0.8042929292929293 0.0005102040816326531 0.017676767676767676
41 0.6323979591836735 0.8573232323232324 0.0005102040816326531 0.029942279942279944
41 0.6221938775510204 0.9321789321789322 0.0005102040816326531 0.01875901875901876
41 0.6323979591836735 0.788059163059163 0.0005102040816326531 0.01911976911976912
41 0.9119897959183674 0.7938311688311688 0.0005102040816326531 0.0183982683982684
121 0.7487244897959183 0.6433982683982684 0.031122448979591835 0.003246753246753247
121 0.7487244897959183 0.562049062049062 0.031122448979591835 0.002886002886002886
41 0.8119897959183674 0.6562049062049062 0.0005102040816326531 0.018037518037518036
41 0.8119897959183674 0.7846320346320347 0.0005102040816326531 0.018037518037518036
30 0.8073979591836735 0.8589466089466089 0.009693877551020408 0.005772005772005772
26 0.8066326530612244 0.5762987012987013 0.01020408163265306 0.006132756132756133
28 0.8068877551020408 0.6679292929292929 0.010714285714285714 0.006132756132756133
85 0.8073979591836735 0.7227633477633477 0.01173469387755102 0.003246753246753247
30 0.8068877551020408 0.7963564213564214 0.010714285714285714 0.006132756132756133
30 0.8073979591836735 0.86489898989899 0.009693877551020408 0.006132756132756133
30 0.8068877551020408 0.852994227994228 0.010714285714285714 0.006132756132756133
30 0.8068877551020408 0.9327200577200577 0.010714285714285714 0.006132756132756133
41 0.8017857142857143 0.5873015873015873 0.0005102040816326531 0.01948051948051948
26 0.8563775510204081 0.5824314574314574 0.010714285714285714 0.006132756132756133
41 0.8614795918367347 0.5714285714285714 0.0005102040816326531 0.01948051948051948
24 0.9068877551020408 0.5853174603174603 0.010714285714285714 0.006132756132756133
86 0.9051020408163265 0.6551226551226551 0.00816326530612245 0.016594516594516596
86 0.9051020408163265 0.7236652236652237 0.00816326530612245 0.016594516594516596
24 0.9068877551020408 0.8053751803751804 0.010714285714285714 0.006132756132756133
86 0.9051020408163265 0.8611111111111112 0.00816326530612245 0.016594516594516596
86 0.9051020408163265 0.9231601731601732 0.00816326530612245 0.016594516594516596
41 0.9119897959183674 0.5743145743145743 0.0005102040816326531 0.01948051948051948
41 0.8119897959183674 0.9217171717171717 0.0005102040816326531 0.01875901875901876
41 0.8017857142857143 0.8690476190476191 0.0005102040816326531 0.02886002886002886
86 0.2239795918367347 0.9231601731601732 0.00816326530612245 0.016594516594516596
24 0.22576530612244897 0.5853174603174603 0.010714285714285714 0.006132756132756133
86 0.2239795918367347 0.6551226551226551 0.00816326530612245 0.016594516594516596
86 0.2239795918367347 0.7236652236652237 0.00816326530612245 0.016594516594516596
24 0.22576530612244897 0.8053751803751804 0.010714285714285714 0.006132756132756133
86 0.2239795918367347 0.8611111111111112 0.00816326530612245 0.016594516594516596
41 0.18035714285714285 0.5712481962481962 0.0005102040816326531 0.01911976911976912
41 0.2308673469387755 0.5743145743145743 0.0005102040816326531 0.01948051948051948
41 0.1308673469387755 0.7846320346320347 0.0005102040816326531 0.018037518037518036
41 0.12040816326530612 0.8692279942279942 0.0010204081632653062 0.0284992784992785
41 0.1308673469387755 0.9213564213564214 0.0005102040816326531 0.018037518037518036
26 0.17525510204081632 0.5824314574314574 0.010714285714285714 0.006132756132756133
30 0.29183673469387755 0.8768037518037518 0.011224489795918367 0.006132756132756133
30 0.2913265306122449 0.871031746031746 0.01020408163265306 0.006132756132756133
30 0.2913265306122449 0.86489898989899 0.01020408163265306 0.006132756132756133
28 0.29183673469387755 0.924062049062049 0.011224489795918367 0.006132756132756133
41 0.29668367346938773 0.577020202020202 0.0005102040816326531 0.0183982683982684
30 0.29183673469387755 0.8082611832611832 0.011224489795918367 0.006132756132756133
86 0.5599489795918368 0.922979797979798 0.008673469387755102 0.016955266955266956
41 0.2308673469387755 0.7941919191919192 0.0005102040816326531 0.01911976911976912
26 0.29158163265306125 0.5882034632034632 0.010714285714285714 0.006132756132756133
85 0.2923469387755102 0.6542207792207793 0.012244897959183673 0.003246753246753247
85 0.2923469387755102 0.7227633477633477 0.012244897959183673 0.003246753246753247
15 0.0961734693877551 0.5735930735930735 0.010714285714285714 0.011544011544011544
16 0.0961734693877551 0.5854978354978355 0.012755102040816327 0.011544011544011544
15 0.0961734693877551 0.65007215007215 0.010714285714285714 0.011544011544011544
16 0.0961734693877551 0.661976911976912 0.012755102040816327 0.011544011544011544
15 0.0961734693877551 0.7186147186147186 0.010714285714285714 0.011544011544011544
16 0.0961734693877551 0.7308802308802309 0.012755102040816327 0.011544011544011544
15 0.0961734693877551 0.7871572871572872 0.010714285714285714 0.011544011544011544
16 0.0961734693877551 0.7994227994227994 0.012755102040816327 0.011544011544011544
15 0.0961734693877551 0.8560606060606061 0.010714285714285714 0.011544011544011544
16 0.0961734693877551 0.8679653679653679 0.012755102040816327 0.011544011544011544
15 0.0961734693877551 0.9181096681096681 0.010714285714285714 0.011544011544011544
16 0.0961734693877551 0.93001443001443 0.012755102040816327 0.011544011544011544
5 0.06505102040816327 0.5786435786435786 0.020918367346938777 0.04329004329004329
5 0.06505102040816327 0.6551226551226551 0.020918367346938777 0.04329004329004329
5 0.06505102040816327 0.724025974025974 0.020918367346938777 0.04329004329004329
0 0.04081632653061224 0.8928571428571429 0.007142857142857143 0.08658008658008658
30 0.12551020408163266 0.8589466089466089 0.011224489795918367 0.005772005772005772
26 0.12551020408163266 0.5762987012987013 0.01020408163265306 0.006132756132756133
28 0.12551020408163266 0.6679292929292929 0.011224489795918367 0.006132756132756133
85 0.12602040816326532 0.7227633477633477 0.012244897959183673 0.003246753246753247
30 0.12551020408163266 0.7963564213564214 0.011224489795918367 0.006132756132756133
30 0.12551020408163266 0.86489898989899 0.011224489795918367 0.006132756132756133
30 0.12551020408163266 0.852994227994228 0.011224489795918367 0.006132756132756133
30 0.12551020408163266 0.9327200577200577 0.011224489795918367 0.006132756132756133
41 0.12040816326530612 0.5873015873015873 0.0010204081632653062 0.01948051948051948
41 0.1308673469387755 0.6567460317460317 0.0005102040816326531 0.01911976911976912
5 0.06505102040816327 0.7925685425685426 0.020918367346938777 0.04329004329004329
10 0.06301020408163266 0.8172799422799423 0.005612244897959183 0.005411255411255411
5 0.06505102040816327 0.8611111111111112 0.020918367346938777 0.04329004329004329
8 0.06505102040816327 0.920995670995671 0.02193877551020408 0.018037518037518036
41 0.4558673469387755 0.801948051948052 0.0005102040816326531 0.018037518037518036
85 0.4614795918367347 0.6542207792207793 0.01173469387755102 0.003246753246753247
26 0.4607142857142857 0.5762987012987013 0.01020408163265306 0.006132756132756133
85 0.4614795918367347 0.7227633477633477 0.01173469387755102 0.003246753246753247
30 0.46096938775510204 0.7902236652236653 0.010714285714285714 0.006132756132756133
30 0.46096938775510204 0.871031746031746 0.010714285714285714 0.006132756132756133
30 0.4604591836734694 0.86489898989899 0.009693877551020408 0.006132756132756133
30 0.4604591836734694 0.8589466089466089 0.009693877551020408 0.005772005772005772
28 0.46096938775510204 0.9179292929292929 0.010714285714285714 0.006132756132756133
41 0.4558673469387755 0.5873015873015873 0.0005102040816326531 0.01948051948051948
24 0.5112244897959184 0.5795454545454546 0.01020408163265306 0.006132756132756133
41 0.5063775510204082 0.590007215007215 0.0005102040816326531 0.0183982683982684
24 0.561734693877551 0.5795454545454546 0.01020408163265306 0.006132756132756133
86 0.5599489795918368 0.6551226551226551 0.008673469387755102 0.016594516594516596
86 0.5599489795918368 0.7236652236652237 0.008673469387755102 0.016594516594516596
24 0.561734693877551 0.7931096681096681 0.01020408163265306 0.006132756132756133
86 0.5599489795918368 0.8611111111111112 0.008673469387755102 0.016594516594516596
41 0.4660714285714286 0.8546176046176046 0.0005102040816326531 0.02886002886002886
41 0.4558673469387755 0.9291125541125541 0.0005102040816326531 0.01911976911976912
41 0.286734693877551 0.9347041847041847 0.0010204081632653062 0.018037518037518036
26 0.3423469387755102 0.5882034632034632 0.01020408163265306 0.006132756132756133
41 0.34719387755102044 0.5773809523809523 0.0005102040816326531 0.01911976911976912
41 0.2971938775510204 0.797077922077922 0.0005102040816326531 0.01911976911976912
41 0.2971938775510204 0.8596681096681097 0.0005102040816326531 0.031024531024531024
41 0.3905612244897959 0.7988816738816739 0.0005102040816326531 0.0183982683982684
86 0.3936224489795918 0.7236652236652237 0.008673469387755102 0.016594516594516596
24 0.39540816326530615 0.5734126984126984 0.01020408163265306 0.006132756132756133
86 0.3936224489795918 0.6551226551226551 0.008673469387755102 0.016594516594516596
24 0.39540816326530615 0.7873376623376623 0.01020408163265306 0.006132756132756133
86 0.3936224489795918 0.8611111111111112 0.008673469387755102 0.016594516594516596
86 0.3936224489795918 0.922979797979798 0.008673469387755102 0.016955266955266956
41 0.3905612244897959 0.5844155844155844 0.0005102040816326531 0.01948051948051948