134 0.5354591836734693 0.14772727272727273 0.8331632653061225 0.024170274170274172
134 0.5354591836734693 0.3124098124098124 0.8331632653061225 0.023809523809523808
1 0.8392857142857143 0.21212121212121213 0.015306122448979591 0.0007215007215007215
1 0.7232142857142857 0.21212121212121213 0.015816326530612244 0.0007215007215007215
134 0.5354591836734693 0.22997835497835498 0.8331632653061225 0.024170274170274172
134 0.5354591836734693 0.38203463203463206 0.8331632653061225 0.023809523809523808
41 0.7186224489795918 0.22366522366522368 0.0005102040816326531 0.01875901875901876
24 0.75 0.31836219336219335 0.009183673469387756 0.006132756132756133
87 0.7224489795918367 0.31222943722943725 0.00816326530612245 0.00974025974025974
26 0.7234693877551021 0.14484126984126985 0.01020408163265306 0.006132756132756133
41 0.7186224489795918 0.15566378066378067 0.0005102040816326531 0.01984126984126984
30 0.7234693877551021 0.3851010101010101 0.01020408163265306 0.006132756132756133
28 0.7234693877551021 0.2123015873015873 0.01020408163265306 0.006132756132756133
24 0.7505102040816326 0.32431457431457433 0.01020408163265306 0.005772005772005772
41 0.7280612244897959 0.3740981240981241 0.0010204081632653062 0.01948051948051948
41 0.625765306122449 0.3088023088023088 0.0005102040816326531 0.032467532467532464
41 0.6160714285714286 0.14556277056277056 0.0005102040816326531 0.016233766233766232
24 0.6209183673469387 0.3124098124098124 0.01020408163265306 0.005772005772005772
26 0.6209183673469387 0.3212481962481962 0.01020408163265306 0.006132756132756133
26 0.6209183673469387 0.3273809523809524 0.01020408163265306 0.006132756132756133
24 0.6209183673469387 0.13582251082251082 0.01020408163265306 0.006132756132756133
47 0.6301020408163265 0.30158730158730157 0.00816326530612245 0.017316017316017316
41 0.5977040816326531 0.3768037518037518 0.0005102040816326531 0.01911976911976912
41 0.5880102040816326 0.22655122655122656 0.0005102040816326531 0.01875901875901876
121 0.6311224489795918 0.15494227994227994 0.08571428571428572 0.0018037518037518038
41 0.6839285714285714 0.30916305916305914 0.0005102040816326531 0.03318903318903319
41 0.674234693877551 0.1479076479076479 0.0005102040816326531 0.013708513708513708
24 0.6790816326530612 0.3124098124098124 0.01020408163265306 0.005772005772005772
26 0.6790816326530612 0.3212481962481962 0.01020408163265306 0.006132756132756133
26 0.6790816326530612 0.3273809523809524 0.01020408163265306 0.006132756132756133
26 0.6790816326530612 0.1388888888888889 0.01020408163265306 0.005772005772005772
47 0.6880102040816326 0.30158730158730157 0.007653061224489796 0.017316017316017316
41 0.6471938775510204 0.14502164502164502 0.0005102040816326531 0.01948051948051948
87 0.6510204081632653 0.31222943722943725 0.00816326530612245 0.00974025974025974
26 0.6517857142857143 0.13293650793650794 0.009693877551020408 0.006132756132756133
41 0.9206632653061224 0.1479076479076479 0.0005102040816326531 0.013708513708513708
26 0.925 0.30934343434343436 0.009183673469387756 0.006132756132756133
24 0.925 0.31836219336219335 0.009183673469387756 0.006132756132756133
24 0.9255102040816326 0.32431457431457433 0.01020408163265306 0.005772005772005772
26 0.9255102040816326 0.1388888888888889 0.01020408163265306 0.005772005772005772
41 0.8933673469387755 0.14393939393939395 0.0010204081632653062 0.01948051948051948
87 0.8969387755102041 0.31222943722943725 0.00816326530612245 0.00974025974025974
26 0.8979591836734694 0.13293650793650794 0.01020408163265306 0.006132756132756133
47 0.8767857142857143 0.2994227994227994 0.007653061224489796 0.016594516594516596
41 0.8721938775510204 0.30627705627705626 0.0005102040816326531 0.031746031746031744
121 0.8775510204081632 0.15494227994227994 0.08571428571428572 0.0018037518037518038
47 0.9346938775510204 0.29978354978354976 0.007142857142857143 0.015873015873015872
41 0.9303571428571429 0.3068181818181818 0.0005102040816326531 0.03282828282828283
28 0.8392857142857143 0.2123015873015873 0.01020408163265306 0.006132756132756133
26 0.8392857142857143 0.1388888888888889 0.01020408163265306 0.005772005772005772
47 0.8178571428571428 0.29978354978354976 0.007142857142857143 0.015873015873015872
41 0.8135204081632653 0.30663780663780665 0.0005102040816326531 0.032467532467532464
26 0.8086734693877551 0.30934343434343436 0.01020408163265306 0.006132756132756133
24 0.8086734693877551 0.31836219336219335 0.01020408163265306 0.006132756132756133
24 0.8086734693877551 0.32431457431457433 0.01020408163265306 0.005772005772005772
87 0.838265306122449 0.3120490620490621 0.00816326530612245 0.00937950937950938
87 0.7801020408163265 0.3120490620490621 0.00816326530612245 0.00937950937950938
86 0.7795918367346939 0.14772727272727273 0.007142857142857143 0.016955266955266956
47 0.7596938775510204 0.2996031746031746 0.007142857142857143 0.016233766233766232
41 0.7553571428571428 0.3068181818181818 0.0005102040816326531 0.03282828282828283
41 0.8625 0.1461038961038961 0.0005102040816326531 0.017316017316017316
26 0.8673469387755102 0.30934343434343436 0.01020408163265306 0.006132756132756133
24 0.8673469387755102 0.31836219336219335 0.01020408163265306 0.006132756132756133
24 0.8673469387755102 0.32431457431457433 0.01020408163265306 0.005772005772005772
24 0.8673469387755102 0.13582251082251082 0.01020408163265306 0.006132756132756133
41 0.8441326530612245 0.37373737373737376 0.0005102040816326531 0.01875901875901876
26 0.7505102040816326 0.30934343434343436 0.01020408163265306 0.006132756132756133
41 0.8344387755102041 0.2231240981240981 0.0005102040816326531 0.01984126984126984
41 0.8344387755102041 0.14736652236652237 0.0005102040816326531 0.01479076479076479
30 0.8392857142857143 0.3851010101010101 0.01020408163265306 0.006132756132756133
87 0.28775510204081634 0.3120490620490621 0.00816326530612245 0.00937950937950938
86 0.3454081632653061 0.14772727272727273 0.007142857142857143 0.016955266955266956
47 0.32551020408163267 0.30212842712842713 0.007142857142857143 0.016233766233766232
41 0.3211734693877551 0.3077200577200577 0.0005102040816326531 0.030303030303030304
24 0.3163265306122449 0.3124098124098124 0.01020408163265306 0.005772005772005772
24 0.3163265306122449 0.31836219336219335 0.01020408163265306 0.006132756132756133
24 0.3163265306122449 0.32431457431457433 0.01020408163265306 0.005772005772005772
30 0.3469387755102041 0.2270923520923521 0.01020408163265306 0.006132756132756133
47 0.26760204081632655 0.30194805194805197 0.007653061224489796 0.016594516594516596
41 0.26301020408163267 0.30735930735930733 0.0005102040816326531 0.02958152958152958
24 0.25816326530612244 0.3124098124098124 0.01020408163265306 0.005772005772005772
24 0.25816326530612244 0.31836219336219335 0.01020408163265306 0.006132756132756133
24 0.25816326530612244 0.32431457431457433 0.01020408163265306 0.005772005772005772
47 0.3834183673469388 0.30176767676767674 0.007653061224489796 0.016955266955266956
41 0.3788265306122449 0.30735930735930733 0.0005102040816326531 0.02958152958152958
24 0.37423469387755104 0.3124098124098124 0.009693877551020408 0.005772005772005772
24 0.3739795918367347 0.31836219336219335 0.01020408163265306 0.006132756132756133
41 0.3420918367346939 0.3843795093795094 0.0005102040816326531 0.0183982683982684
41 0.3420918367346939 0.23809523809523808 0.0005102040816326531 0.01948051948051948
30 0.3469387755102041 0.3731962481962482 0.01020408163265306 0.006132756132756133
87 0.34591836734693876 0.3120490620490621 0.00816326530612245 0.00937950937950938
5 0.13622448979591836 0.31313131313131315 0.02040816326530612 0.04040404040404041
87 0.23010204081632654 0.31222943722943725 0.00816326530612245 0.00974025974025974
16 0.20280612244897958 0.22420634920634921 0.010714285714285714 0.00974025974025974
16 0.20280612244897958 0.2361111111111111 0.010714285714285714 0.00974025974025974
8 0.13673469387755102 0.22763347763347763 0.02142857142857143 0.01875901875901876
30 0.23112244897959183 0.2270923520923521 0.01020408163265306 0.006132756132756133
16 0.20280612244897958 0.14195526695526695 0.010714285714285714 0.00974025974025974
16 0.20280612244897958 0.15386002886002886 0.010714285714285714 0.00974025974025974
5 0.13622448979591836 0.14844877344877344 0.02040816326530612 0.04076479076479077
85 0.23137755102040816 0.1462842712842713 0.010714285714285714 0.0025252525252525255
16 0.20280612244897958 0.3064574314574315 0.010714285714285714 0.00974025974025974
16 0.20280612244897958 0.31836219336219335 0.010714285714285714 0.00974025974025974
0 0.1104591836734694 0.3472222222222222 0.009693877551020408 0.09415584415584416
41 0.22627551020408163 0.3843795093795094 0.0005102040816326531 0.0183982683982684
24 0.37423469387755104 0.32431457431457433 0.009693877551020408 0.005772005772005772
41 0.22627551020408163 0.23809523809523808 0.0005102040816326531 0.01948051948051948
16 0.20280612244897958 0.3760822510822511 0.010714285714285714 0.00974025974025974
16 0.20280612244897958 0.387987012987013 0.010714285714285714 0.00974025974025974
8 0.13673469387755102 0.3795093795093795 0.02142857142857143 0.01875901875901876
30 0.23112244897959183 0.373015873015873 0.01020408163265306 0.005772005772005772
47 0.513265306122449 0.30194805194805197 0.007142857142857143 0.016594516594516596
41 0.5089285714285714 0.30898268398268397 0.0005102040816326531 0.03282828282828283
24 0.5040816326530613 0.3124098124098124 0.01020408163265306 0.005772005772005772
26 0.5040816326530613 0.3212481962481962 0.01020408163265306 0.006132756132756133
26 0.5040816326530613 0.3273809523809524 0.01020408163265306 0.006132756132756133
41 0.47219387755102044 0.3874458874458874 0.0005102040816326531 0.01875901875901876
26 0.561734693877551 0.3212481962481962 0.009183673469387756 0.006132756132756133
41 0.5880102040816326 0.1479076479076479 0.0005102040816326531 0.013708513708513708
28 0.5928571428571429 0.387987012987013 0.01020408163265306 0.006132756132756133
87 0.5918367346938775 0.3120490620490621 0.00816326530612245 0.00937950937950938
30 0.5928571428571429 0.21518759018759018 0.01020408163265306 0.006132756132756133
26 0.5928571428571429 0.1388888888888889 0.01020408163265306 0.005772005772005772
47 0.5714285714285714 0.30212842712842713 0.007142857142857143 0.016233766233766232
41 0.5670918367346939 0.30916305916305914 0.0005102040816326531 0.03318903318903319
24 0.5622448979591836 0.3124098124098124 0.01020408163265306 0.005772005772005772
26 0.5622448979591836 0.3273809523809524 0.01020408163265306 0.006132756132756133
87 0.5336734693877551 0.3120490620490621 0.00816326530612245 0.00937950937950938
86 0.5331632653061225 0.14772727272727273 0.007142857142857143 0.016955266955266956
41 0.47219387755102044 0.14736652236652237 0.0005102040816326531 0.0183982683982684
28 0.4770408163265306 0.3760822510822511 0.01020408163265306 0.006132756132756133
87 0.4760204081632653 0.31222943722943725 0.00816326530612245 0.00974025974025974
30 0.4770408163265306 0.21518759018759018 0.01020408163265306 0.006132756132756133
24 0.4770408163265306 0.13582251082251082 0.01020408163265306 0.006132756132756133
47 0.4413265306122449 0.30194805194805197 0.007142857142857143 0.016594516594516596
41 0.43698979591836734 0.30753968253968256 0.0005102040816326531 0.029942279942279944
24 0.43214285714285716 0.3124098124098124 0.01020408163265306 0.005772005772005772
24 0.43214285714285716 0.31836219336219335 0.01020408163265306 0.006132756132756133
24 0.43214285714285716 0.32431457431457433 0.01020408163265306 0.005772005772005772
87 0.40408163265306124 0.31222943722943725 0.00816326530612245 0.00974025974025974
26 0.4051020408163265 0.13293650793650794 0.01020408163265306 0.006132756132756133
41 0.4002551020408163 0.14375901875901875 0.0005102040816326531 0.01984126984126984
41 0.47219387755102044 0.22601010101010102 0.0005102040816326531 0.01984126984126984
134 0.4997448979591837 0.6443001443001443 0.9045918367346939 0.023809523809523808
1 0.8596938775510204 0.7086940836940837 0.015306122448979591 0.0010822510822510823
1 0.763265306122449 0.7086940836940837 0.015306122448979591 0.0010822510822510823
134 0.4997448979591837 0.7267316017316018 0.9045918367346939 0.024170274170274172
134 0.4997448979591837 0.808982683982684 0.9045918367346939 0.024170274170274172
1 0.6530612244897959 0.6264430014430015 0.015306122448979591 0.0010822510822510823
1 0.8596938775510204 0.8605699855699855 0.015306122448979591 0.0010822510822510823
1 0.763265306122449 0.8605699855699855 0.015306122448979591 0.0010822510822510823
134 0.4997448979591837 0.8786075036075036 0.9045918367346939 0.024170274170274172
41 0.6482142857142857 0.8748196248196248 0.0005102040816326531 0.01875901875901876
26 0.676530612244898 0.6293290043290043 0.01020408163265306 0.006132756132756133
26 0.676530612244898 0.8237734487734488 0.01020408163265306 0.006132756132756133
26 0.6760204081632653 0.818001443001443 0.009183673469387756 0.006132756132756133
41 0.6482142857142857 0.7229437229437229 0.0005102040816326531 0.01875901875901876
41 0.6482142857142857 0.6369047619047619 0.0005102040816326531 0.016955266955266956
30 0.6530612244897959 0.8634559884559885 0.01020408163265306 0.006132756132756133
87 0.6520408163265307 0.8086219336219336 0.00816326530612245 0.00974025974025974
30 0.6530612244897959 0.7115800865800865 0.01020408163265306 0.006132756132756133
24 0.6530612244897959 0.6264430014430015 0.01020408163265306 0.006132756132756133
87 0.7010204081632653 0.8086219336219336 0.00816326530612245 0.00974025974025974
26 0.7255102040816327 0.8237734487734488 0.01020408163265306 0.006132756132756133
26 0.725 0.818001443001443 0.009183673469387756 0.006132756132756133
24 0.725 0.808982683982684 0.009183673469387756 0.006132756132756133
41 0.7206632653061225 0.6435786435786436 0.0005102040816326531 0.012987012987012988
41 0.6974489795918367 0.6408730158730159 0.0010204081632653062 0.01479076479076479
24 0.6760204081632653 0.808982683982684 0.009183673469387756 0.006132756132756133
24 0.7020408163265306 0.6323953823953824 0.01020408163265306 0.005772005772005772
47 0.6857142857142857 0.7985209235209235 0.007142857142857143 0.016233766233766232
41 0.6813775510204082 0.8059163059163059 0.0005102040816326531 0.03391053391053391
26 0.7255102040816327 0.6354617604617605 0.01020408163265306 0.006132756132756133
41 0.6716836734693877 0.6383477633477633 0.0005102040816326531 0.015512265512265512
41 0.550765306122449 0.8746392496392497 0.0005102040816326531 0.01911976911976912
41 0.550765306122449 0.7227633477633477 0.0005102040816326531 0.01911976911976912
121 0.6107142857142858 0.6497113997113997 0.02346938775510204 0.002886002886002886
26 0.627295918367347 0.6293290043290043 0.009693877551020408 0.006132756132756133
26 0.627295918367347 0.8237734487734488 0.009693877551020408 0.006132756132756133
26 0.6267857142857143 0.818001443001443 0.008673469387755102 0.006132756132756133
24 0.6267857142857143 0.808982683982684 0.008673469387755102 0.006132756132756133
41 0.622704081632653 0.6397907647907648 0.0005102040816326531 0.0183982683982684
41 0.6318877551020409 0.8059163059163059 0.0005102040816326531 0.03391053391053391
47 0.6362244897959184 0.797979797979798 0.00816326530612245 0.017316017316017316
41 0.599234693877551 0.6423160173160173 0.0005102040816326531 0.015512265512265512
87 0.6030612244897959 0.8086219336219336 0.00816326530612245 0.00974025974025974
24 0.6040816326530613 0.6323953823953824 0.01020408163265306 0.005772005772005772
47 0.5875 0.7983405483405484 0.007653061224489796 0.016594516594516596
41 0.5829081632653061 0.8053751803751804 0.0005102040816326531 0.03282828282828283
24 0.5780612244897959 0.808982683982684 0.01020408163265306 0.006132756132756133
26 0.5780612244897959 0.818001443001443 0.01020408163265306 0.006132756132756133
26 0.5780612244897959 0.8237734487734488 0.01020408163265306 0.006132756132756133
24 0.8821428571428571 0.8208874458874459 0.01020408163265306 0.006132756132756133
41 0.8548469387755102 0.8719336219336219 0.0005102040816326531 0.01875901875901876
24 0.8816326530612245 0.8147546897546898 0.009183673469387756 0.006132756132756133
26 0.8816326530612245 0.8059163059163059 0.009183673469387756 0.005772005772005772
41 0.8869897959183674 0.8032106782106783 0.0005102040816326531 0.03282828282828283
47 0.8910714285714286 0.7958152958152959 0.007653061224489796 0.017316017316017316
87 0.9068877551020408 0.8086219336219336 0.007653061224489796 0.00974025974025974
41 0.8548469387755102 0.7200577200577201 0.0005102040816326531 0.01875901875901876
41 0.8548469387755102 0.6406926406926406 0.0005102040816326531 0.01875901875901876
28 0.8596938775510204 0.8605699855699855 0.01020408163265306 0.006132756132756133
87 0.8586734693877551 0.8086219336219336 0.00816326530612245 0.00974025974025974
28 0.8596938775510204 0.7086940836940837 0.01020408163265306 0.006132756132756133
30 0.8596938775510204 0.6293290043290043 0.01020408163265306 0.006132756132756133
47 0.8431122448979592 0.795995670995671 0.007653061224489796 0.016955266955266956
121 0.6846938775510204 0.6484487734487735 0.07244897959183673 0.008297258297258298
41 0.8385204081632653 0.8026695526695526 0.0005102040816326531 0.031746031746031744
47 0.9395408163265306 0.795995670995671 0.007653061224489796 0.016955266955266956
41 0.9349489795918368 0.8026695526695526 0.0005102040816326531 0.031746031746031744
26 0.9301020408163265 0.8059163059163059 0.01020408163265306 0.005772005772005772
24 0.9301020408163265 0.8147546897546898 0.01020408163265306 0.006132756132756133
24 0.9301020408163265 0.8208874458874459 0.01020408163265306 0.006132756132756133
41 0.7584183673469388 0.7198773448773449 0.0005102040816326531 0.01911976911976912
41 0.7584183673469388 0.8717532467532467 0.0005102040816326531 0.01911976911976912
41 0.7584183673469388 0.6405122655122655 0.0005102040816326531 0.01911976911976912
28 0.763265306122449 0.8605699855699855 0.01020408163265306 0.006132756132756133
87 0.7622448979591837 0.8086219336219336 0.00816326530612245 0.00974025974025974
28 0.763265306122449 0.7086940836940837 0.01020408163265306 0.006132756132756133
26 0.763265306122449 0.6293290043290043 0.01020408163265306 0.006132756132756133
47 0.7349489795918367 0.7983405483405484 0.007653061224489796 0.016594516594516596
47 0.7948979591836735 0.7961760461760462 0.007142857142857143 0.016594516594516596
26 0.8339285714285715 0.8059163059163059 0.009693877551020408 0.005772005772005772
24 0.8339285714285715 0.8147546897546898 0.009693877551020408 0.006132756132756133
24 0.8339285714285715 0.8208874458874459 0.009693877551020408 0.006132756132756133
41 0.8068877551020408 0.6408730158730159 0.0005102040816326531 0.0183982683982684
87 0.8107142857142857 0.8086219336219336 0.00816326530612245 0.00974025974025974
26 0.811734693877551 0.6293290043290043 0.01020408163265306 0.006132756132756133
41 0.7303571428571428 0.8059163059163059 0.0005102040816326531 0.03391053391053391
41 0.7905612244897959 0.8028499278499278 0.0005102040816326531 0.032106782106782104
26 0.7857142857142857 0.8059163059163059 0.01020408163265306 0.005772005772005772
24 0.7857142857142857 0.8147546897546898 0.01020408163265306 0.006132756132756133
24 0.7857142857142857 0.8208874458874459 0.01020408163265306 0.006132756132756133
41 0.23392857142857143 0.7261904761904762 0.0005102040816326531 0.01875901875901876
86 0.23698979591836736 0.6443001443001443 0.0066326530612244895 0.017316017316017316
28 0.23877551020408164 0.7148268398268398 0.01020408163265306 0.006132756132756133
87 0.23775510204081632 0.8086219336219336 0.00816326530612245 0.00974025974025974
28 0.23877551020408164 0.8667027417027418 0.01020408163265306 0.006132756132756133
87 0.18928571428571428 0.8086219336219336 0.00816326530612245 0.00974025974025974
41 0.23392857142857143 0.8775252525252525 0.0005102040816326531 0.01984126984126984
24 0.21275510204081632 0.8208874458874459 0.01020408163265306 0.006132756132756133
26 0.21224489795918366 0.8118686868686869 0.009183673469387756 0.006132756132756133
26 0.21224489795918366 0.8059163059163059 0.009183673469387756 0.005772005772005772
41 0.21760204081632653 0.8032106782106783 0.0005102040816326531 0.03282828282828283
47 0.22193877551020408 0.7958152958152959 0.00816326530612245 0.017316017316017316
26 0.3086734693877551 0.8059163059163059 0.009183673469387756 0.005772005772005772
24 0.30918367346938774 0.6443001443001443 0.01020408163265306 0.005772005772005772
24 0.30918367346938774 0.8208874458874459 0.01020408163265306 0.006132756132756133
26 0.3086734693877551 0.8118686868686869 0.009183673469387756 0.006132756132756133
53 0.3094387755102041 0.6551226551226551 0.008673469387755102 0.016594516594516596
41 0.314030612244898 0.8032106782106783 0.0005102040816326531 0.03282828282828283
86 0.18877551020408162 0.6444805194805194 0.007142857142857143 0.016955266955266956
87 0.2857142857142857 0.8086219336219336 0.00816326530612245 0.00974025974025974
87 0.2857142857142857 0.6441197691197691 0.00816326530612245 0.00974025974025974
47 0.27040816326530615 0.7965367965367965 0.007142857142857143 0.015873015873015872
41 0.26581632653061227 0.8032106782106783 0.0010204081632653062 0.03282828282828283
26 0.2612244897959184 0.8059163059163059 0.01020408163265306 0.005772005772005772
26 0.2612244897959184 0.8118686868686869 0.01020408163265306 0.006132756132756133
24 0.2612244897959184 0.8208874458874459 0.01020408163265306 0.006132756132756133
5 0.06479591836734694 0.8095238095238095 0.02040816326530612 0.04040404040404041
5 0.06479591836734694 0.645021645021645 0.02040816326530612 0.04040404040404041
8 0.0653061224489796 0.724025974025974 0.02142857142857143 0.01875901875901876
8 0.0653061224489796 0.8759018759018758 0.02142857142857143 0.01875901875901876
0 0.03903061224489796 0.8437950937950938 0.009693877551020408 0.09379509379509379
24 0.16479591836734694 0.8208874458874459 0.01020408163265306 0.006132756132756133
41 0.1375 0.8780663780663781 0.0005102040816326531 0.01875901875901876
26 0.16428571428571428 0.8118686868686869 0.009183673469387756 0.006132756132756133
26 0.16428571428571428 0.8059163059163059 0.009183673469387756 0.005772005772005772
41 0.16964285714285715 0.8032106782106783 0.0005102040816326531 0.03282828282828283
47 0.17372448979591837 0.7958152958152959 0.007653061224489796 0.017316017316017316
41 0.30433673469387756 0.6547619047619048 0.0005102040816326531 0.01875901875901876
41 0.1375 0.7261904761904762 0.0005102040816326531 0.01875901875901876
41 0.1375 0.6525974025974026 0.0005102040816326531 0.01875901875901876
28 0.14234693877551022 0.8667027417027418 0.01020408163265306 0.006132756132756133
87 0.1413265306122449 0.8086219336219336 0.00816326530612245 0.00974025974025974
28 0.14234693877551022 0.7148268398268398 0.01020408163265306 0.006132756132756133
26 0.14234693877551022 0.6412337662337663 0.01020408163265306 0.006132756132756133
30 0.4474489795918367 0.6293290043290043 0.01020408163265306 0.006132756132756133
30 0.4474489795918367 0.7236652236652237 0.01020408163265306 0.005772005772005772
87 0.44642857142857145 0.8086219336219336 0.00816326530612245 0.00974025974025974
30 0.4474489795918367 0.8755411255411255 0.01020408163265306 0.005772005772005772
41 0.44260204081632654 0.6403318903318903 0.0005102040816326531 0.01948051948051948
47 0.4308673469387755 0.7981601731601732 0.007653061224489796 0.016955266955266956
41 0.44260204081632654 0.7344877344877345 0.0005102040816326531 0.01948051948051948
41 0.4262755102040816 0.8037518037518038 0.0005102040816326531 0.02958152958152958
24 0.42168367346938773 0.808982683982684 0.009693877551020408 0.006132756132756133
24 0.42168367346938773 0.8147546897546898 0.009693877551020408 0.006132756132756133
24 0.42142857142857143 0.8208874458874459 0.01020408163265306 0.006132756132756133
47 0.3181122448979592 0.7958152958152959 0.007653061224489796 0.017316017316017316
41 0.39464285714285713 0.6408730158730159 0.0005102040816326531 0.0183982683982684
87 0.3982142857142857 0.8086219336219336 0.007653061224489796 0.00974025974025974
26 0.399234693877551 0.6293290043290043 0.009693877551020408 0.006132756132756133
30 0.5556122448979591 0.8634559884559885 0.01020408163265306 0.006132756132756133
87 0.5545918367346939 0.8086219336219336 0.00816326530612245 0.00974025974025974
30 0.5556122448979591 0.7115800865800865 0.01020408163265306 0.006132756132756133
86 0.5540816326530612 0.6444805194805194 0.007142857142857143 0.016955266955266956
47 0.5272959183673469 0.7983405483405484 0.007653061224489796 0.016594516594516596
41 0.522704081632653 0.8039321789321789 0.0005102040816326531 0.029942279942279944
24 0.5178571428571429 0.808982683982684 0.01020408163265306 0.006132756132756133
24 0.5178571428571429 0.8147546897546898 0.01020408163265306 0.006132756132756133
24 0.5178571428571429 0.8208874458874459 0.01020408163265306 0.006132756132756133
87 0.4943877551020408 0.8086219336219336 0.00816326530612245 0.00974025974025974
47 0.47908163265306125 0.7985209235209235 0.007142857142857143 0.016233766233766232
41 0.4747448979591837 0.8041125541125541 0.0005102040816326531 0.030303030303030304
24 0.4698979591836735 0.808982683982684 0.01020408163265306 0.006132756132756133
24 0.4698979591836735 0.8147546897546898 0.01020408163265306 0.006132756132756133
24 0.4698979591836735 0.8208874458874459 0.01020408163265306 0.006132756132756133
41 0.44260204081632654 0.8863636363636364 0.0005102040816326531 0.01948051948051948
41 0.3461734693877551 0.7348484848484849 0.0005102040816326531 0.01875901875901876
41 0.3461734693877551 0.8867243867243867 0.0005102040816326531 0.01875901875901876
41 0.3461734693877551 0.6406926406926406 0.0005102040816326531 0.01875901875901876
3 0.3323979591836735 0.6167027417027418 0.01989795918367347 0.020562770562770564
30 0.3510204081632653 0.8755411255411255 0.01020408163265306 0.005772005772005772
87 0.35 0.8086219336219336 0.00816326530612245 0.00974025974025974
30 0.3510204081632653 0.7236652236652237 0.01020408163265306 0.005772005772005772
26 0.3510204081632653 0.6293290043290043 0.01020408163265306 0.006132756132756133
24 0.37295918367346936 0.8147546897546898 0.009183673469387756 0.006132756132756133
24 0.37295918367346936 0.808982683982684 0.009183673469387756 0.006132756132756133
24 0.373469387755102 0.8208874458874459 0.01020408163265306 0.006132756132756133
41 0.37831632653061226 0.8042929292929293 0.0005102040816326531 0.030663780663780664
47 0.3823979591836735 0.797979797979798 0.007653061224489796 0.017316017316017316