134 0.49948979591836734 0.9287518037518038 0.9040816326530612 0.024170274170274172
134 0.4997448979591837 0.8676046176046176 0.9045918367346939 0.023809523809523808
1 0.41556122448979593 0.8497474747474747 0.012755102040816327 0.0010822510822510823
134 0.4997448979591837 0.8064574314574314 0.9045918367346939 0.024170274170274172
134 0.4997448979591837 0.7451298701298701 0.9045918367346939 0.024170274170274172
134 0.4997448979591837 0.6841630591630592 0.9045918367346939 0.024170274170274172
1 0.8487244897959184 0.6601731601731602 0.012755102040816327 0.0007215007215007215
1 0.8487244897959184 0.6663059163059163 0.012755102040816327 0.0007215007215007215
1 0.7436224489795918 0.6663059163059163 0.012755102040816327 0.0007215007215007215
1 0.5357142857142857 0.6601731601731602 0.018367346938775512 0.0007215007215007215
1 0.5357142857142857 0.6663059163059163 0.018367346938775512 0.0007215007215007215
1 0.41556122448979593 0.6542207792207793 0.012755102040816327 0.0010822510822510823
1 0.41556122448979593 0.6601731601731602 0.012755102040816327 0.0007215007215007215
1 0.41556122448979593 0.6663059163059163 0.012755102040816327 0.0007215007215007215
1 0.3107142857142857 0.6601731601731602 0.012244897959183673 0.0007215007215007215
1 0.3107142857142857 0.6663059163059163 0.012244897959183673 0.0007215007215007215
1 0.10255102040816326 0.6663059163059163 0.018367346938775512 0.0007215007215007215
134 0.4997448979591837 0.06764069264069264 0.9045918367346939 0.024170274170274172
134 0.4997448979591837 0.3273809523809524 0.9045918367346939 0.024170274170274172
1 0.5357142857142857 0.4063852813852814 0.018367346938775512 0.0010822510822510823
1 0.10255102040816326 0.4063852813852814 0.018367346938775512 0.0010822510822510823
134 0.4997448979591837 0.38852813852813856 0.9045918367346939 0.023809523809523808
134 0.4997448979591837 0.25126262626262624 0.9045918367346939 0.024170274170274172
134 0.4997448979591837 0.46464646464646464 0.9045918367346939 0.023809523809523808
134 0.4997448979591837 0.18993506493506493 0.9045918367346939 0.024170274170274172
134 0.4997448979591837 0.5407647907647908 0.9045918367346939 0.023809523809523808
134 0.4997448979591837 0.608044733044733 0.9045918367346939 0.024170274170274172
134 0.4997448979591837 0.12878787878787878 0.9045918367346939 0.023809523809523808
1 0.49642857142857144 0.11093073593073594 0.012244897959183673 0.0010822510822510823
1 0.39132653061224487 0.11093073593073594 0.012244897959183673 0.0010822510822510823
1 0.2864795918367347 0.11093073593073594 0.012755102040816327 0.0010822510822510823
1 0.18137755102040817 0.11093073593073594 0.012755102040816327 0.0010822510822510823
24 0.6658163265306123 0.12878787878787878 0.00816326530612245 0.005772005772005772
41 0.5915816326530612 0.6047979797979798 0.0005102040816326531 0.01479076479076479
41 0.6696428571428571 0.24621212121212122 0.0005102040816326531 0.01911976911976912
41 0.6426020408163265 0.6047979797979798 0.0005102040816326531 0.01479076479076479
24 0.6658163265306123 0.25721500721500723 0.00816326530612245 0.005772005772005772
24 0.6658163265306123 0.613997113997114 0.00816326530612245 0.005772005772005772
41 0.6619897959183674 0.1378066378066378 0.0005102040816326531 0.016594516594516596
41 0.5915816326530612 0.23971861471861472 0.0005102040816326531 0.01406926406926407
41 0.610969387755102 0.1277056277056277 0.0005102040816326531 0.023809523809523808
24 0.6387755102040816 0.13474025974025974 0.00816326530612245 0.005411255411255411
24 0.6147959183673469 0.613997113997114 0.00816326530612245 0.005772005772005772
41 0.6183673469387755 0.6046176046176046 0.0010204081632653062 0.016594516594516596
41 0.6183673469387755 0.2344877344877345 0.0010204081632653062 0.013708513708513708
24 0.6387755102040816 0.26316738816738816 0.00816326530612245 0.005411255411255411
24 0.6387755102040816 0.613997113997114 0.00816326530612245 0.005772005772005772
41 0.6349489795918367 0.14339826839826839 0.0005102040816326531 0.015512265512265512
26 0.6147959183673469 0.24224386724386723 0.00816326530612245 0.005411255411255411
26 0.6147959183673469 0.11381673881673882 0.00816326530612245 0.005411255411255411
41 0.6426020408163265 0.25144300144300147 0.0005102040816326531 0.021645021645021644
24 0.7438775510204082 0.32142857142857145 0.00816326530612245 0.005772005772005772
41 0.7232142857142857 0.2344877344877345 0.0005102040816326531 0.011544011544011544
41 0.7232142857142857 0.6046176046176046 0.0005102040816326531 0.01443001443001443
24 0.7438775510204082 0.06764069264069264 0.00816326530612245 0.005411255411255411
24 0.7438775510204082 0.13474025974025974 0.00816326530612245 0.005411255411255411
24 0.7438775510204082 0.26316738816738816 0.00816326530612245 0.005411255411255411
26 0.7438775510204082 0.4034992784992785 0.00816326530612245 0.005411255411255411
24 0.7438775510204082 0.613997113997114 0.00816326530612245 0.005772005772005772
26 0.7438775510204082 0.6632395382395382 0.00816326530612245 0.005411255411255411
26 0.7438775510204082 0.8587662337662337 0.00816326530612245 0.005411255411255411
41 0.7400510204081633 0.07792207792207792 0.0005102040816326531 0.01875901875901876
41 0.7400510204081633 0.14285714285714285 0.0005102040816326531 0.01443001443001443
41 0.7474489795918368 0.25072150072150073 0.0010204081632653062 0.023088023088023088
41 0.5298469387755103 0.07287157287157287 0.0005102040816326531 0.01875901875901876
41 0.6696428571428571 0.6051587301587301 0.0005102040816326531 0.015512265512265512
26 0.6926020408163265 0.11994949494949494 0.007653061224489796 0.005411255411255411
26 0.6926020408163265 0.2481962481962482 0.007653061224489796 0.005772005772005772
24 0.6926020408163265 0.613997113997114 0.007653061224489796 0.005772005772005772
41 0.6890306122448979 0.1314935064935065 0.0005102040816326531 0.021284271284271284
41 0.6961734693877552 0.2400793650793651 0.0005102040816326531 0.01479076479076479
41 0.6961734693877552 0.6051587301587301 0.0005102040816326531 0.015512265512265512
26 0.7193877551020408 0.113997113997114 0.00816326530612245 0.005772005772005772
26 0.7193877551020408 0.24224386724386723 0.00816326530612245 0.005411255411255411
24 0.7193877551020408 0.613997113997114 0.00816326530612245 0.005772005772005772
41 0.7158163265306122 0.12716450216450217 0.0010204081632653062 0.024891774891774892
41 0.5415816326530613 0.39790764790764793 0.0005102040816326531 0.01875901875901876
41 0.5375 0.6040764790764791 0.0005102040816326531 0.015512265512265512
41 0.5298469387755103 0.6715367965367965 0.0005102040816326531 0.024891774891774892
121 0.13724489795918368 0.13600288600288601 0.07959183673469387 0.013708513708513708
121 0.13724489795918368 0.1406926406926407 0.08061224489795918 0.013708513708513708
41 0.5298469387755103 0.14375901875901875 0.0005102040816326531 0.01479076479076479
41 0.5375 0.25018037518037517 0.0005102040816326531 0.022005772005772004
41 0.5298469387755103 0.33820346320346323 0.0005102040816326531 0.017676767676767676
24 0.5607142857142857 0.12878787878787878 0.00816326530612245 0.005772005772005772
24 0.5607142857142857 0.25721500721500723 0.00816326530612245 0.005772005772005772
24 0.5607142857142857 0.613997113997114 0.00816326530612245 0.005772005772005772
41 0.5568877551020408 0.1378066378066378 0.0005102040816326531 0.016594516594516596
41 0.5645408163265306 0.24639249639249639 0.0005102040816326531 0.01948051948051948
41 0.5645408163265306 0.6051587301587301 0.0005102040816326531 0.015512265512265512
26 0.5877551020408164 0.11994949494949494 0.00816326530612245 0.005411255411255411
26 0.5877551020408164 0.2481962481962482 0.00816326530612245 0.005772005772005772
24 0.5877551020408164 0.613997113997114 0.00816326530612245 0.005772005772005772
41 0.5839285714285715 0.1314935064935065 0.0005102040816326531 0.021284271284271284
41 0.5298469387755103 0.8759018759018758 0.0005102040816326531 0.01875901875901876
41 0.9334183673469387 0.6042568542568543 0.0005102040816326531 0.015873015873015872
41 0.9334183673469387 0.23412698412698413 0.0005102040816326531 0.012987012987012988
41 0.925765306122449 0.1277056277056277 0.0005102040816326531 0.023809523809523808
24 0.9295918367346939 0.613997113997114 0.00816326530612245 0.005772005772005772
26 0.9295918367346939 0.24224386724386723 0.00816326530612245 0.005411255411255411
41 0.8987244897959183 0.13185425685425686 0.0005102040816326531 0.020562770562770564
41 0.8793367346938775 0.24603174603174602 0.0005102040816326531 0.01875901875901876
41 0.8793367346938775 0.6046176046176046 0.0005102040816326531 0.01443001443001443
26 0.9025510204081633 0.11994949494949494 0.00816326530612245 0.005411255411255411
26 0.9025510204081633 0.2481962481962482 0.00816326530612245 0.005772005772005772
24 0.9025510204081633 0.613997113997114 0.00816326530612245 0.005772005772005772
41 0.9063775510204082 0.2400793650793651 0.0005102040816326531 0.01479076479076479
41 0.9063775510204082 0.6051587301587301 0.0005102040816326531 0.015512265512265512
26 0.9295918367346939 0.11381673881673882 0.00816326530612245 0.005411255411255411
121 0.6829081632653061 0.5959595959595959 0.08112244897959184 0.0021645021645021645
121 0.6829081632653061 0.6008297258297258 0.08112244897959184 0.0018037518037518038
121 0.45229591836734695 0.13600288600288601 0.07908163265306123 0.013708513708513708
121 0.4520408163265306 0.1406926406926407 0.08061224489795918 0.013708513708513708
121 0.45229591836734695 0.26424963924963923 0.07908163265306123 0.013347763347763348
121 0.4520408163265306 0.2691197691197691 0.08061224489795918 0.013708513708513708
121 0.4596938775510204 0.5912698412698413 0.08061224489795918 0.0021645021645021645
121 0.4596938775510204 0.5959595959595959 0.07959183673469387 0.0021645021645021645
121 0.5704081632653061 0.1406926406926407 0.08061224489795918 0.013708513708513708
121 0.5704081632653061 0.14556277056277056 0.08061224489795918 0.01406926406926407
121 0.5780612244897959 0.23322510822510822 0.08061224489795918 0.01406926406926407
121 0.5780612244897959 0.23809523809523808 0.08061224489795918 0.013708513708513708
121 0.5780612244897959 0.5959595959595959 0.08061224489795918 0.0021645021645021645
121 0.5780612244897959 0.6008297258297258 0.08061224489795918 0.0018037518037518038
121 0.6755102040816326 0.1406926406926407 0.08061224489795918 0.013708513708513708
121 0.6755102040816326 0.14556277056277056 0.08061224489795918 0.01406926406926407
121 0.6829081632653061 0.23322510822510822 0.08112244897959184 0.01406926406926407
121 0.6829081632653061 0.23809523809523808 0.08112244897959184 0.013708513708513708
121 0.35459183673469385 0.5912698412698413 0.08061224489795918 0.0021645021645021645
121 0.3548469387755102 0.5959595959595959 0.07908163265306123 0.0021645021645021645
121 0.7798469387755103 0.1406926406926407 0.08010204081632653 0.013708513708513708
121 0.7803571428571429 0.14574314574314573 0.08112244897959184 0.013708513708513708
121 0.7877551020408163 0.2334054834054834 0.08061224489795918 0.013708513708513708
121 0.7875 0.23809523809523808 0.08010204081632653 0.013708513708513708
121 0.7877551020408163 0.5959595959595959 0.08061224489795918 0.0021645021645021645
121 0.7880102040816327 0.6008297258297258 0.07908163265306123 0.0018037518037518038
121 0.8857142857142857 0.1406926406926407 0.07959183673469387 0.013708513708513708
121 0.8852040816326531 0.14556277056277056 0.08061224489795918 0.01406926406926407
121 0.8928571428571429 0.23322510822510822 0.08061224489795918 0.01406926406926407
121 0.8931122448979592 0.23809523809523808 0.08010204081632653 0.013708513708513708
121 0.8928571428571429 0.5959595959595959 0.08061224489795918 0.0021645021645021645
121 0.8931122448979592 0.6008297258297258 0.08010204081632653 0.0018037518037518038
121 0.34719387755102044 0.26424963924963923 0.07908163265306123 0.013347763347763348
121 0.34719387755102044 0.2691197691197691 0.08112244897959184 0.013708513708513708
121 0.34719387755102044 0.13600288600288601 0.07908163265306123 0.013708513708513708
121 0.34719387755102044 0.1406926406926407 0.08112244897959184 0.013708513708513708
121 0.24974489795918367 0.5912698412698413 0.08112244897959184 0.0021645021645021645
121 0.24974489795918367 0.5959595959595959 0.07908163265306123 0.0021645021645021645
121 0.24209183673469387 0.26424963924963923 0.07908163265306123 0.013347763347763348
121 0.2423469387755102 0.2691197691197691 0.08061224489795918 0.013708513708513708
121 0.24209183673469387 0.13600288600288601 0.07908163265306123 0.013708513708513708
121 0.2423469387755102 0.1406926406926407 0.08061224489795918 0.013708513708513708
121 0.14489795918367346 0.5912698412698413 0.08061224489795918 0.0021645021645021645
121 0.14464285714285716 0.5959595959595959 0.07908163265306123 0.0021645021645021645
121 0.13724489795918368 0.2644300144300144 0.07959183673469387 0.013708513708513708
121 0.13724489795918368 0.2691197691197691 0.08061224489795918 0.013708513708513708
41 0.7936224489795919 0.1323953823953824 0.0005102040816326531 0.022366522366522368
24 0.7974489795918367 0.613997113997114 0.00816326530612245 0.005772005772005772
26 0.7974489795918367 0.2481962481962482 0.00816326530612245 0.005772005772005772
26 0.7974489795918367 0.11994949494949494 0.00816326530612245 0.005411255411255411
41 0.7742346938775511 0.6040764790764791 0.0005102040816326531 0.015512265512265512
41 0.7742346938775511 0.2453102453102453 0.0005102040816326531 0.01948051948051948
41 0.8012755102040816 0.23953823953823955 0.0005102040816326531 0.015873015873015872
41 0.8012755102040816 0.6046176046176046 0.0005102040816326531 0.016594516594516596
26 0.8244897959183674 0.11381673881673882 0.00816326530612245 0.005411255411255411
26 0.8244897959183674 0.24224386724386723 0.00816326530612245 0.005411255411255411
24 0.8244897959183674 0.613997113997114 0.00816326530612245 0.005772005772005772
41 0.8206632653061224 0.12716450216450217 0.0005102040816326531 0.024891774891774892
41 0.7400510204081633 0.674062049062049 0.0005102040816326531 0.01984126984126984
41 0.7400510204081633 0.33207070707070707 0.0005102040816326531 0.01984126984126984
41 0.7474489795918368 0.3926767676767677 0.0010204081632653062 0.01984126984126984
41 0.7474489795918368 0.6046176046176046 0.0010204081632653062 0.016594516594516596
41 0.7400510204081633 0.8695887445887446 0.0005102040816326531 0.01984126984126984
24 0.7706632653061225 0.12878787878787878 0.007653061224489796 0.005772005772005772
24 0.7706632653061225 0.25721500721500723 0.007653061224489796 0.005772005772005772
24 0.7706632653061225 0.613997113997114 0.007653061224489796 0.005772005772005772
41 0.7670918367346938 0.13834776334776336 0.0005102040816326531 0.017676767676767676
41 0.852295918367347 0.6040764790764791 0.0005102040816326531 0.015512265512265512
63 0.8375 0.39736652236652237 0.007653061224489796 0.01479076479076479
41 0.852295918367347 0.386002886002886 0.0005102040816326531 0.01875901875901876
63 0.8375 0.3152958152958153 0.007653061224489796 0.015151515151515152
41 0.8448979591836735 0.3262987012987013 0.0010204081632653062 0.01984126984126984
41 0.8448979591836735 0.6711760461760462 0.0010204081632653062 0.025613275613275612
41 0.8448979591836735 0.8636363636363636 0.0010204081632653062 0.01948051948051948
24 0.8755102040816326 0.12878787878787878 0.00816326530612245 0.005772005772005772
24 0.8755102040816326 0.25721500721500723 0.00816326530612245 0.005772005772005772
24 0.8755102040816326 0.613997113997114 0.00816326530612245 0.005772005772005772
41 0.8716836734693878 0.13834776334776336 0.0005102040816326531 0.017676767676767676
24 0.8484693877551021 0.31547619047619047 0.00816326530612245 0.005411255411255411
41 0.8283163265306123 0.2344877344877345 0.0005102040816326531 0.013708513708513708
41 0.8283163265306123 0.6046176046176046 0.0005102040816326531 0.016594516594516596
24 0.8487244897959184 0.06168831168831169 0.007653061224489796 0.005772005772005772
24 0.8484693877551021 0.13474025974025974 0.00816326530612245 0.005411255411255411
24 0.8484693877551021 0.26316738816738816 0.00816326530612245 0.005411255411255411
26 0.8484693877551021 0.39754689754689754 0.00816326530612245 0.005772005772005772
24 0.8484693877551021 0.613997113997114 0.00816326530612245 0.005772005772005772
26 0.8484693877551021 0.6572871572871573 0.00816326530612245 0.005772005772005772
26 0.8484693877551021 0.8528138528138528 0.00816326530612245 0.005772005772005772
41 0.8448979591836735 0.07233044733044733 0.0010204081632653062 0.01984126984126984
41 0.8448979591836735 0.14339826839826839 0.0010204081632653062 0.015512265512265512
41 0.852295918367347 0.25072150072150073 0.0005102040816326531 0.023088023088023088
41 0.09668367346938775 0.8759018759018758 0.0005102040816326531 0.01875901875901876
41 0.09668367346938775 0.6774891774891775 0.0005102040816326531 0.01875901875901876
41 0.13137755102040816 0.6002886002886003 0.0005102040816326531 0.018037518037518036
41 0.12372448979591837 0.26334776334776333 0.0005102040816326531 0.015151515151515152
41 0.12372448979591837 0.1351010101010101 0.0005102040816326531 0.01479076479076479
26 0.12755102040816327 0.6109307359307359 0.00816326530612245 0.005411255411255411
26 0.12755102040816327 0.2541486291486291 0.00816326530612245 0.005411255411255411
26 0.12755102040816327 0.1259018759018759 0.00816326530612245 0.005772005772005772
41 0.09668367346938775 0.26821789321789324 0.0005102040816326531 0.013347763347763348
41 0.09668367346938775 0.13997113997113997 0.0005102040816326531 0.012987012987012988
41 0.10841836734693877 0.05916305916305916 0.0005102040816326531 0.01875901875901876
34 0.10459183673469388 0.937950937950938 0.0163265306122449 0.005772005772005772
94 0.10204081632653061 0.8912337662337663 0.011224489795918367 0.005411255411255411
30 0.10255102040816326 0.8647186147186147 0.012244897959183673 0.005772005772005772
95 0.1038265306122449 0.7660533910533911 0.008673469387755102 0.009018759018759018
41 0.10433673469387755 0.6001082251082251 0.0005102040816326531 0.017676767676767676
41 0.10841836734693877 0.39790764790764793 0.0005102040816326531 0.01875901875901876
41 0.09668367346938775 0.338023088023088 0.0005102040816326531 0.018037518037518036
26 0.20561224489795918 0.6109307359307359 0.00816326530612245 0.005411255411255411
41 0.2017857142857143 0.2683982683982684 0.0005102040816326531 0.012987012987012988
41 0.2017857142857143 0.13997113997113997 0.0005102040816326531 0.012987012987012988
26 0.20561224489795918 0.2601010101010101 0.00816326530612245 0.005772005772005772
26 0.20561224489795918 0.13185425685425686 0.00816326530612245 0.005411255411255411
41 0.18520408163265306 0.6006493506493507 0.0010204081632653062 0.01875901875901876
26 0.23265306122448978 0.2541486291486291 0.00816326530612245 0.005411255411255411
41 0.2288265306122449 0.262987012987013 0.0005102040816326531 0.015873015873015872
26 0.23265306122448978 0.6109307359307359 0.00816326530612245 0.005411255411255411
26 0.23265306122448978 0.1259018759018759 0.00816326530612245 0.005772005772005772
41 0.2094387755102041 0.6006493506493507 0.0005102040816326531 0.01875901875901876
41 0.1584183673469388 0.6002886002886003 0.0005102040816326531 0.018037518037518036
41 0.15076530612244898 0.2584776334776335 0.0005102040816326531 0.016955266955266956
41 0.15076530612244898 0.13023088023088022 0.0005102040816326531 0.016594516594516596
26 0.15459183673469387 0.6109307359307359 0.00816326530612245 0.005411255411255411
26 0.15459183673469387 0.2481962481962482 0.00816326530612245 0.005772005772005772
26 0.15459183673469387 0.11994949494949494 0.00816326530612245 0.005411255411255411
34 0.10459183673469388 0.7362914862914863 0.0163265306122449 0.005772005772005772
24 0.1816326530612245 0.11093073593073594 0.00816326530612245 0.005411255411255411
24 0.1816326530612245 0.23935786435786435 0.00816326530612245 0.005411255411255411
26 0.1816326530612245 0.6109307359307359 0.00816326530612245 0.005411255411255411
41 0.1778061224489796 0.12319624819624819 0.0005102040816326531 0.022727272727272728
41 0.1778061224489796 0.25162337662337664 0.0005102040816326531 0.022727272727272728
84 0.29642857142857143 0.18578643578643578 0.011224489795918367 0.002886002886002886
84 0.7344387755102041 0.8021284271284271 0.010714285714285714 0.003246753246753247
84 0.7344387755102041 0.4603174603174603 0.010714285714285714 0.002886002886002886
84 0.7344387755102041 0.18578643578643578 0.010714285714285714 0.002886002886002886
84 0.29642857142857143 0.8021284271284271 0.011224489795918367 0.003246753246753247
124 0.5318877551020408 0.76497113997114 0.8321428571428572 0.005411255411255411
84 0.29642857142857143 0.4603174603174603 0.011224489795918367 0.002886002886002886
8 0.06505102040816327 0.24783549783549783 0.020918367346938777 0.015151515151515152
5 0.06505102040816327 0.19065656565656566 0.020918367346938777 0.03571428571428571
5 0.06505102040816327 0.12950937950937952 0.020918367346938777 0.03535353535353535
5 0.06505102040816327 0.06818181818181818 0.020918367346938777 0.03535353535353535
0 0.02959183673469388 0.3578643578643579 0.00816326530612245 0.08513708513708514
10 0.06198979591836735 0.9453463203463204 0.005612244897959183 0.005411255411255411
30 0.10255102040816326 0.0707070707070707 0.012244897959183673 0.005772005772005772
8 0.06505102040816327 0.9256854256854257 0.020918367346938777 0.015151515151515152
8 0.06505102040816327 0.8643578643578643 0.020918367346938777 0.015151515151515152
94 0.10204081632653061 0.419011544011544 0.011224489795918367 0.005411255411255411
34 0.10459183673469388 0.7424242424242424 0.0163265306122449 0.005772005772005772
34 0.10459183673469388 0.7483766233766234 0.0163265306122449 0.005411255411255411
95 0.10178571428571428 0.7047258297258298 0.008673469387755102 0.009018759018759018
28 0.10255102040816326 0.6663059163059163 0.012244897959183673 0.005772005772005772
94 0.09693877551020408 0.6286075036075036 0.011224489795918367 0.005411255411255411
95 0.10637755102040816 0.6286075036075036 0.008673469387755102 0.009018759018759018
26 0.10051020408163265 0.6109307359307359 0.00816326530612245 0.005411255411255411
94 0.10102040816326531 0.5615079365079365 0.011224489795918367 0.005411255411255411
95 0.1104591836734694 0.5615079365079365 0.008673469387755102 0.009018759018759018
34 0.10459183673469388 0.5378787878787878 0.0163265306122449 0.005772005772005772
30 0.10255102040816326 0.40945165945165946 0.012244897959183673 0.005772005772005772
94 0.10204081632653061 0.35299422799422797 0.011224489795918367 0.005411255411255411
28 0.10255102040816326 0.3273809523809524 0.012244897959183673 0.006132756132756133
26 0.10051020408163265 0.2601010101010101 0.00816326530612245 0.005772005772005772
95 0.09974489795918368 0.15494227994227994 0.008673469387755102 0.009018759018759018
26 0.10051020408163265 0.13185425685425686 0.00816326530612245 0.005411255411255411
95 0.10178571428571428 0.08838383838383838 0.008673469387755102 0.008658008658008658
5 0.06505102040816327 0.5414862914862915 0.020918367346938777 0.03535353535353535
5 0.06505102040816327 0.4653679653679654 0.020918367346938777 0.03535353535353535
5 0.06505102040816327 0.38924963924963923 0.020918367346938777 0.03535353535353535
5 0.06505102040816327 0.32792207792207795 0.020918367346938777 0.03535353535353535
41 0.2288265306122449 0.13455988455988455 0.0005102040816326531 0.015873015873015872
8 0.06505102040816327 0.6046176046176046 0.020918367346938777 0.015151515151515152
5 0.06505102040816327 0.6847041847041847 0.020918367346938777 0.03535353535353535
5 0.06505102040816327 0.746031746031746 0.020918367346938777 0.03535353535353535
6 0.0653061224489796 0.8064574314574314 0.02142857142857143 0.023448773448773448
41 0.411734693877551 0.32323232323232326 0.0010204081632653062 0.01948051948051948
41 0.411734693877551 0.268037518037518 0.0010204081632653062 0.013708513708513708
41 0.411734693877551 0.1396103896103896 0.0010204081632653062 0.013708513708513708
41 0.411734693877551 0.06944444444444445 0.0010204081632653062 0.01984126984126984
41 0.411734693877551 0.8605699855699855 0.0010204081632653062 0.01984126984126984
41 0.411734693877551 0.6695526695526696 0.0010204081632653062 0.02886002886002886
24 0.41556122448979593 0.8497474747474747 0.007653061224489796 0.005411255411255411
41 0.4191326530612245 0.6001082251082251 0.0005102040816326531 0.017676767676767676
41 0.4191326530612245 0.38311688311688313 0.0005102040816326531 0.01875901875901876
41 0.3875 0.12355699855699856 0.0005102040816326531 0.022005772005772004
26 0.39132653061224487 0.6109307359307359 0.00816326530612245 0.005411255411255411
24 0.39132653061224487 0.23917748917748918 0.00816326530612245 0.005772005772005772
24 0.39132653061224487 0.11093073593073594 0.00816326530612245 0.005411255411255411
41 0.3875 0.25162337662337664 0.0005102040816326531 0.022727272727272728
41 0.3681122448979592 0.6001082251082251 0.0005102040816326531 0.017676767676767676
24 0.41556122448979593 0.6542207792207793 0.007653061224489796 0.005411255411255411
26 0.41556122448979593 0.6109307359307359 0.007653061224489796 0.005411255411255411
24 0.41556122448979593 0.3944805194805195 0.007653061224489796 0.005411255411255411
26 0.4153061224489796 0.3124098124098124 0.00816326530612245 0.005772005772005772
26 0.4153061224489796 0.2601010101010101 0.00816326530612245 0.005772005772005772
26 0.4153061224489796 0.13185425685425686 0.00816326530612245 0.005411255411255411
26 0.41556122448979593 0.058621933621933624 0.007653061224489796 0.005411255411255411
41 0.3951530612244898 0.6006493506493507 0.0005102040816326531 0.01875901875901876
41 0.4926020408163265 0.251984126984127 0.0005102040816326531 0.022005772005772004
41 0.5002551020408164 0.6002886002886003 0.0005102040816326531 0.018037518037518036
41 0.4926020408163265 0.12373737373737374 0.0005102040816326531 0.021645021645021644
26 0.49642857142857144 0.6109307359307359 0.00816326530612245 0.005411255411255411
24 0.49642857142857144 0.23917748917748918 0.00816326530612245 0.005772005772005772
24 0.49642857142857144 0.11093073593073594 0.00816326530612245 0.005411255411255411
28 0.5357142857142857 0.3273809523809524 0.012244897959183673 0.006132756132756133
34 0.5377551020408163 0.9258658008658008 0.0163265306122449 0.005411255411255411
30 0.5357142857142857 0.8647186147186147 0.012244897959183673 0.005772005772005772
32 0.5377551020408163 0.7393578643578643 0.0163265306122449 0.005411255411255411
32 0.5377551020408163 0.7453102453102453 0.0163265306122449 0.005772005772005772
30 0.5357142857142857 0.6572871572871573 0.012244897959183673 0.005772005772005772
24 0.5336734693877551 0.613997113997114 0.00816326530612245 0.005772005772005772
32 0.5377551020408163 0.5407647907647908 0.0163265306122449 0.005772005772005772
30 0.5357142857142857 0.40945165945165946 0.012244897959183673 0.005772005772005772
24 0.5336734693877551 0.26316738816738816 0.00816326530612245 0.005411255411255411
24 0.5336734693877551 0.13474025974025974 0.00816326530612245 0.005411255411255411
28 0.5357142857142857 0.06168831168831169 0.012244897959183673 0.005772005772005772
41 0.4461734693877551 0.6001082251082251 0.0005102040816326531 0.017676767676767676
41 0.4385204081632653 0.26334776334776333 0.0005102040816326531 0.015151515151515152
41 0.4385204081632653 0.1349206349206349 0.0005102040816326531 0.015151515151515152
26 0.4423469387755102 0.6109307359307359 0.00816326530612245 0.005411255411255411
26 0.4423469387755102 0.2541486291486291 0.00816326530612245 0.005411255411255411
26 0.4423469387755102 0.1259018759018759 0.00816326530612245 0.005772005772005772
41 0.4732142857142857 0.6002886002886003 0.0005102040816326531 0.018037518037518036
41 0.4655612244897959 0.2584776334776335 0.0005102040816326531 0.016955266955266956
41 0.4655612244897959 0.13005050505050506 0.0005102040816326531 0.016955266955266956
26 0.46938775510204084 0.6109307359307359 0.00816326530612245 0.005411255411255411
26 0.46938775510204084 0.2481962481962482 0.00816326530612245 0.005772005772005772
26 0.46938775510204084 0.11994949494949494 0.00816326530612245 0.005411255411255411
24 0.3107142857142857 0.4004329004329004 0.00816326530612245 0.005772005772005772
26 0.3107142857142857 0.31836219336219335 0.00816326530612245 0.005411255411255411
26 0.3107142857142857 0.2601010101010101 0.00816326530612245 0.005772005772005772
26 0.3107142857142857 0.13185425685425686 0.00816326530612245 0.005411255411255411
26 0.3107142857142857 0.06457431457431458 0.00816326530612245 0.005772005772005772
26 0.3107142857142857 0.6109307359307359 0.00816326530612245 0.005411255411255411
41 0.2900510204081633 0.6001082251082251 0.0005102040816326531 0.017676767676767676
41 0.2826530612244898 0.25162337662337664 0.0010204081632653062 0.022727272727272728
24 0.3107142857142857 0.6601731601731602 0.00816326530612245 0.005772005772005772
24 0.3107142857142857 0.8556998556998557 0.00816326530612245 0.005772005772005772
41 0.3068877551020408 0.07557720057720058 0.0005102040816326531 0.01984126984126984
41 0.3068877551020408 0.1396103896103896 0.0005102040816326531 0.013708513708513708
41 0.3068877551020408 0.268037518037518 0.0005102040816326531 0.013708513708513708
41 0.2558673469387755 0.25865800865800864 0.0005102040816326531 0.016594516594516596
41 0.2364795918367347 0.6006493506493507 0.0005102040816326531 0.01875901875901876
26 0.25943877551020406 0.11994949494949494 0.007653061224489796 0.005411255411255411
26 0.25943877551020406 0.2481962481962482 0.007653061224489796 0.005772005772005772
26 0.25943877551020406 0.6109307359307359 0.007653061224489796 0.005411255411255411
41 0.2558673469387755 0.1296897546897547 0.0005102040816326531 0.017676767676767676
41 0.26301020408163267 0.6006493506493507 0.0005102040816326531 0.01875901875901876
24 0.28622448979591836 0.11093073593073594 0.00816326530612245 0.005411255411255411
24 0.28622448979591836 0.23917748917748918 0.00816326530612245 0.005772005772005772
26 0.28622448979591836 0.6109307359307359 0.00816326530612245 0.005411255411255411
41 0.2826530612244898 0.12319624819624819 0.0010204081632653062 0.022727272727272728
26 0.3375 0.1259018759018759 0.007653061224489796 0.005772005772005772
26 0.3375 0.2541486291486291 0.007653061224489796 0.005411255411255411
26 0.3375 0.6109307359307359 0.007653061224489796 0.005411255411255411
41 0.3339285714285714 0.13455988455988455 0.0005102040816326531 0.015873015873015872
41 0.3339285714285714 0.262987012987013 0.0005102040816326531 0.015873015873015872
41 0.3410714285714286 0.6006493506493507 0.0005102040816326531 0.01875901875901876
26 0.36428571428571427 0.11994949494949494 0.00816326530612245 0.005411255411255411
26 0.36428571428571427 0.2481962481962482 0.00816326530612245 0.005772005772005772
26 0.36428571428571427 0.6109307359307359 0.00816326530612245 0.005411255411255411
41 0.3604591836734694 0.1296897546897547 0.0005102040816326531 0.017676767676767676
41 0.3604591836734694 0.25793650793650796 0.0005102040816326531 0.018037518037518036
41 0.3142857142857143 0.6006493506493507 0.0010204081632653062 0.01875901875901876
41 0.3068877551020408 0.6726190476190477 0.0005102040816326531 0.022727272727272728
41 0.3068877551020408 0.3291847041847042 0.0005102040816326531 0.01984126984126984
41 0.3068877551020408 0.8663419913419913 0.0005102040816326531 0.01984126984126984
41 0.3142857142857143 0.3897907647907648 0.0010204081632653062 0.01984126984126984