134 0.5 0.06431465226198514 0.9044890162368673 0.02261985145172181
134 0.5 0.30435516542876434 0.9044890162368673 0.02261985145172181
1 0.9300382043935053 0.20172180958811614 0.014804202483285577 0.001012829169480081
1 0.9300382043935053 0.20729237002025658 0.014804202483285577 0.0006752194463200541
1 0.9300382043935053 0.21286293045239704 0.014804202483285577 0.001012829169480081
1 0.9300382043935053 0.21843349088453748 0.014804202483285577 0.0006752194463200541
1 0.9023400191021967 0.20172180958811614 0.014804202483285577 0.001012829169480081
1 0.9023400191021967 0.20729237002025658 0.014804202483285577 0.0006752194463200541
1 0.9023400191021967 0.21286293045239704 0.014804202483285577 0.001012829169480081
1 0.9023400191021967 0.21843349088453748 0.014804202483285577 0.0006752194463200541
1 0.8572110792741165 0.20172180958811614 0.015281757402101241 0.001012829169480081
1 0.8572110792741165 0.20729237002025658 0.015281757402101241 0.0006752194463200541
1 0.8572110792741165 0.21286293045239704 0.015281757402101241 0.001012829169480081
1 0.8572110792741165 0.21843349088453748 0.015281757402101241 0.0006752194463200541
1 0.829512893982808 0.20172180958811614 0.015281757402101241 0.001012829169480081
1 0.829512893982808 0.20729237002025658 0.015281757402101241 0.0006752194463200541
1 0.829512893982808 0.21286293045239704 0.015281757402101241 0.001012829169480081
1 0.829512893982808 0.21843349088453748 0.015281757402101241 0.0006752194463200541
1 0.8018147086914995 0.20172180958811614 0.015281757402101241 0.001012829169480081
1 0.8018147086914995 0.20729237002025658 0.015281757402101241 0.0006752194463200541
1 0.8018147086914995 0.21286293045239704 0.015281757402101241 0.001012829169480081
1 0.8018147086914995 0.21843349088453748 0.015281757402101241 0.0006752194463200541
1 0.774116523400191 0.20172180958811614 0.015281757402101241 0.001012829169480081
1 0.774116523400191 0.20729237002025658 0.015281757402101241 0.0006752194463200541
1 0.774116523400191 0.21286293045239704 0.015281757402101241 0.001012829169480081
1 0.774116523400191 0.21843349088453748 0.015281757402101241 0.0006752194463200541
1 0.7464183381088825 0.20172180958811614 0.015281757402101241 0.001012829169480081
1 0.7464183381088825 0.20729237002025658 0.015281757402101241 0.0006752194463200541
1 0.7464183381088825 0.21286293045239704 0.015281757402101241 0.001012829169480081
1 0.7464183381088825 0.21843349088453748 0.015281757402101241 0.0006752194463200541
1 0.7187201528175741 0.20172180958811614 0.015281757402101241 0.001012829169480081
1 0.7187201528175741 0.20729237002025658 0.015281757402101241 0.0006752194463200541
1 0.7187201528175741 0.21286293045239704 0.015281757402101241 0.001012829169480081
1 0.7187201528175741 0.21843349088453748 0.015281757402101241 0.0006752194463200541
1 0.6910219675262655 0.20172180958811614 0.015281757402101241 0.001012829169480081
1 0.6910219675262655 0.20729237002025658 0.015281757402101241 0.0006752194463200541
1 0.6910219675262655 0.21286293045239704 0.015281757402101241 0.001012829169480081
1 0.6910219675262655 0.21843349088453748 0.015281757402101241 0.0006752194463200541
1 0.6458930276981852 0.20172180958811614 0.014804202483285577 0.001012829169480081
1 0.6458930276981852 0.20729237002025658 0.014804202483285577 0.0006752194463200541
1 0.6458930276981852 0.21286293045239704 0.014804202483285577 0.001012829169480081
1 0.6458930276981852 0.21843349088453748 0.014804202483285577 0.0006752194463200541
1 0.6181948424068768 0.20172180958811614 0.014804202483285577 0.001012829169480081
1 0.6181948424068768 0.20729237002025658 0.014804202483285577 0.0006752194463200541
1 0.6181948424068768 0.21286293045239704 0.014804202483285577 0.001012829169480081
1 0.6181948424068768 0.21843349088453748 0.014804202483285577 0.0006752194463200541
1 0.589541547277937 0.21286293045239704 0.014804202483285577 0.001012829169480081
1 0.589541547277937 0.21843349088453748 0.014804202483285577 0.0006752194463200541
1 0.5451289398280802 0.21286293045239704 0.014804202483285577 0.001012829169480081
1 0.5451289398280802 0.21843349088453748 0.014804202483285577 0.0006752194463200541
1 0.505730659025788 0.20172180958811614 0.015281757402101241 0.001012829169480081
1 0.505730659025788 0.20729237002025658 0.015281757402101241 0.0006752194463200541
1 0.505730659025788 0.21286293045239704 0.015281757402101241 0.001012829169480081
1 0.505730659025788 0.21843349088453748 0.015281757402101241 0.0006752194463200541
1 0.4780324737344795 0.20172180958811614 0.015281757402101241 0.001012829169480081
1 0.4780324737344795 0.20729237002025658 0.015281757402101241 0.0006752194463200541
1 0.4780324737344795 0.21286293045239704 0.015281757402101241 0.001012829169480081
1 0.4780324737344795 0.21843349088453748 0.015281757402101241 0.0006752194463200541
1 0.43290353390639924 0.20172180958811614 0.014804202483285577 0.001012829169480081
1 0.43290353390639924 0.20729237002025658 0.014804202483285577 0.0006752194463200541
1 0.43290353390639924 0.21286293045239704 0.014804202483285577 0.001012829169480081
1 0.43290353390639924 0.21843349088453748 0.014804202483285577 0.0006752194463200541
1 0.4052053486150907 0.20172180958811614 0.014804202483285577 0.001012829169480081
1 0.4052053486150907 0.20729237002025658 0.014804202483285577 0.0006752194463200541
1 0.4052053486150907 0.21286293045239704 0.014804202483285577 0.001012829169480081
1 0.4052053486150907 0.21843349088453748 0.014804202483285577 0.0006752194463200541
1 0.37750716332378226 0.20172180958811614 0.014804202483285577 0.001012829169480081
1 0.37750716332378226 0.20729237002025658 0.014804202483285577 0.0006752194463200541
1 0.37750716332378226 0.21286293045239704 0.014804202483285577 0.001012829169480081
1 0.37750716332378226 0.21843349088453748 0.014804202483285577 0.0006752194463200541
1 0.34980897803247374 0.20172180958811614 0.014804202483285577 0.001012829169480081
1 0.34980897803247374 0.20729237002025658 0.014804202483285577 0.0006752194463200541
1 0.34980897803247374 0.21286293045239704 0.014804202483285577 0.001012829169480081
1 0.34980897803247374 0.21843349088453748 0.014804202483285577 0.0006752194463200541
1 0.3221107927411652 0.20172180958811614 0.014804202483285577 0.001012829169480081
1 0.3221107927411652 0.20729237002025658 0.014804202483285577 0.0006752194463200541
1 0.3221107927411652 0.21286293045239704 0.014804202483285577 0.001012829169480081
1 0.3221107927411652 0.21843349088453748 0.014804202483285577 0.0006752194463200541
1 0.29441260744985676 0.20172180958811614 0.014804202483285577 0.001012829169480081
1 0.29441260744985676 0.20729237002025658 0.014804202483285577 0.0006752194463200541
1 0.29441260744985676 0.21286293045239704 0.014804202483285577 0.001012829169480081
1 0.29441260744985676 0.21843349088453748 0.014804202483285577 0.0006752194463200541
1 0.26671442215854824 0.20172180958811614 0.014804202483285577 0.001012829169480081
1 0.26671442215854824 0.20729237002025658 0.014804202483285577 0.0006752194463200541
1 0.26671442215854824 0.21286293045239704 0.014804202483285577 0.001012829169480081
1 0.26671442215854824 0.21843349088453748 0.014804202483285577 0.0006752194463200541
1 0.22158548233046801 0.20172180958811614 0.015281757402101241 0.001012829169480081
1 0.22158548233046801 0.20729237002025658 0.015281757402101241 0.0006752194463200541
1 0.22158548233046801 0.21286293045239704 0.015281757402101241 0.001012829169480081
1 0.22158548233046801 0.21843349088453748 0.015281757402101241 0.0006752194463200541
1 0.1938872970391595 0.20172180958811614 0.015281757402101241 0.001012829169480081
1 0.1938872970391595 0.20729237002025658 0.015281757402101241 0.0006752194463200541
1 0.1938872970391595 0.21286293045239704 0.015281757402101241 0.001012829169480081
1 0.1938872970391595 0.21843349088453748 0.015281757402101241 0.0006752194463200541
1 0.16523400191021967 0.21286293045239704 0.015281757402101241 0.001012829169480081
1 0.16523400191021967 0.21843349088453748 0.015281757402101241 0.0006752194463200541
1 0.12106017191977077 0.21286293045239704 0.014804202483285577 0.001012829169480081
1 0.12106017191977077 0.21843349088453748 0.014804202483285577 0.0006752194463200541
1 0.9300382043935053 0.287474679270763 0.014804202483285577 0.001012829169480081
1 0.829512893982808 0.287474679270763 0.015281757402101241 0.001012829169480081
1 0.774116523400191 0.287474679270763 0.015281757402101241 0.001012829169480081
1 0.7187201528175741 0.287474679270763 0.015281757402101241 0.001012829169480081
1 0.6181948424068768 0.287474679270763 0.014804202483285577 0.001012829169480081
1 0.505730659025788 0.287474679270763 0.015281757402101241 0.001012829169480081
1 0.4052053486150907 0.287474679270763 0.014804202483285577 0.001012829169480081
1 0.34980897803247374 0.287474679270763 0.014804202483285577 0.001012829169480081
1 0.29441260744985676 0.287474679270763 0.014804202483285577 0.001012829169480081
1 0.1938872970391595 0.287474679270763 0.015281757402101241 0.001012829169480081
1 0.8572110792741165 0.10567184334908845 0.015281757402101241 0.0006752194463200541
1 0.8572110792741165 0.11107359891964888 0.015281757402101241 0.0006752194463200541
1 0.8572110792741165 0.11681296421336934 0.015281757402101241 0.0006752194463200541
1 0.7466571155682904 0.15023632680621202 0.015759312320916905 0.0006752194463200541
1 0.7466571155682904 0.15580688723835245 0.015759312320916905 0.001012829169480081
1 0.7466571155682904 0.16137744767049292 0.015759312320916905 0.0006752194463200541
1 0.7466571155682904 0.16694800810263336 0.015759312320916905 0.001012829169480081
1 0.7473734479465138 0.1725185685347738 0.014326647564469915 0.0006752194463200541
1 0.6458930276981852 0.10567184334908845 0.014804202483285577 0.0006752194463200541
1 0.6458930276981852 0.11107359891964888 0.014804202483285577 0.0006752194463200541
1 0.6458930276981852 0.11681296421336934 0.014804202483285577 0.0006752194463200541
1 0.5456064947468959 0.15023632680621202 0.015759312320916905 0.0006752194463200541
1 0.5456064947468959 0.15580688723835245 0.015759312320916905 0.001012829169480081
1 0.5456064947468959 0.16137744767049292 0.015759312320916905 0.0006752194463200541
1 0.43290353390639924 0.10567184334908845 0.014804202483285577 0.0006752194463200541
1 0.43290353390639924 0.11107359891964888 0.014804202483285577 0.0006752194463200541
1 0.43290353390639924 0.11681296421336934 0.014804202483285577 0.0006752194463200541
1 0.3225883476599809 0.15023632680621202 0.015759312320916905 0.0006752194463200541
1 0.3230659025787966 0.15580688723835245 0.014804202483285577 0.001012829169480081
1 0.22158548233046801 0.10567184334908845 0.015281757402101241 0.0006752194463200541
1 0.22158548233046801 0.11107359891964888 0.015281757402101241 0.0006752194463200541
1 0.22158548233046801 0.11681296421336934 0.015281757402101241 0.0006752194463200541
1 0.12106017191977077 0.15023632680621202 0.015759312320916905 0.0006752194463200541
1 0.12106017191977077 0.15580688723835245 0.015759312320916905 0.001012829169480081
1 0.12106017191977077 0.16137744767049292 0.015759312320916905 0.0006752194463200541
134 0.5 0.23514517218095882 0.9044890162368673 0.02261985145172181
1 0.9023400191021967 0.08119513841998649 0.014804202483285577 0.001012829169480081
1 0.9023400191021967 0.08676569885212694 0.014804202483285577 0.0006752194463200541
1 0.8018147086914995 0.08119513841998649 0.015281757402101241 0.001012829169480081
1 0.8018147086914995 0.08676569885212694 0.015281757402101241 0.0006752194463200541
1 0.6910219675262655 0.08119513841998649 0.015281757402101241 0.001012829169480081
1 0.6910219675262655 0.08676569885212694 0.015281757402101241 0.0006752194463200541
1 0.589541547277937 0.08119513841998649 0.014804202483285577 0.001012829169480081
1 0.589541547277937 0.08676569885212694 0.014804202483285577 0.0006752194463200541
1 0.4780324737344795 0.08119513841998649 0.015281757402101241 0.001012829169480081
1 0.4780324737344795 0.08676569885212694 0.015281757402101241 0.0006752194463200541
1 0.37750716332378226 0.08119513841998649 0.014804202483285577 0.001012829169480081
1 0.37750716332378226 0.08676569885212694 0.014804202483285577 0.0006752194463200541
1 0.3225883476599809 0.04760297096556381 0.015759312320916905 0.0006752194463200541
1 0.26671442215854824 0.08119513841998649 0.014804202483285577 0.001012829169480081
1 0.26671442215854824 0.08676569885212694 0.014804202483285577 0.0006752194463200541
1 0.16523400191021967 0.08119513841998649 0.015281757402101241 0.001012829169480081
1 0.16523400191021967 0.08676569885212694 0.015281757402101241 0.0006752194463200541
134 0.5 0.13352464550979068 0.9044890162368673 0.02261985145172181
72 0.6910219675262655 0.1963200540175557 0.0028653295128939827 0.001688048615800135
41 0.6411174785100286 0.3008102633355841 0.0004775549188156638 0.017555705604321403
24 0.6910219675262655 0.08676569885212694 0.009551098376313277 0.006076975016880486
26 0.6914995224450812 0.2213031735313977 0.008595988538681949 0.005739365293720459
24 0.6910219675262655 0.20172180958811614 0.009551098376313277 0.005739365293720459
26 0.6910219675262655 0.2901755570560432 0.009551098376313277 0.005739365293720459
72 0.6910219675262655 0.2849426063470628 0.0028653295128939827 0.002025658338960162
41 0.6864851957975168 0.09554355165428764 0.0004775549188156638 0.015530047265361242
53 0.6907831900668577 0.09537474679270763 0.008118433619866285 0.015192437542201216
26 0.646370582617001 0.2213031735313977 0.009073543457497613 0.005739365293720459
41 0.6134192932187201 0.3013166779203241 0.0004775549188156638 0.02397029034436192
26 0.646370582617001 0.11968264686022957 0.009073543457497613 0.005739365293720459
26 0.646370582617001 0.11394328156650911 0.009073543457497613 0.005739365293720459
24 0.6458930276981852 0.10550303848750844 0.01002865329512894 0.005739365293720459
24 0.6458930276981852 0.20172180958811614 0.01002865329512894 0.005739365293720459
72 0.6458930276981852 0.1963200540175557 0.002387774594078319 0.001688048615800135
26 0.6458930276981852 0.2901755570560432 0.01002865329512894 0.005739365293720459
72 0.6458930276981852 0.2849426063470628 0.002387774594078319 0.002025658338960162
41 0.6411174785100286 0.12272113436866981 0.0004775549188156638 0.032072923700202566
41 0.6411174785100286 0.22180958811613774 0.0004775549188156638 0.03781228899392303
28 0.7461795606494747 0.06431465226198514 0.009073543457497613 0.005739365293720459
41 0.7141833810888252 0.29912221471978395 0.0004775549188156638 0.018906144496961513
24 0.7468958930276982 0.30435516542876434 0.008595988538681949 0.005739365293720459
28 0.7466571155682904 0.07545577312626604 0.01002865329512894 0.005739365293720459
28 0.7461795606494747 0.0700540175557056 0.009073543457497613 0.005739365293720459
30 0.7461795606494747 0.056212018906144495 0.009073543457497613 0.005739365293720459
87 0.7449856733524355 0.07629979743416611 0.007640878701050621 0.01012829169480081
30 0.7466571155682904 0.17538825118163404 0.01002865329512894 0.005739365293720459
30 0.7461795606494747 0.15850776502363267 0.009073543457497613 0.005739365293720459
86 0.7447468958930277 0.11039837947332883 0.008118433619866285 0.015530047265361242
26 0.7468958930276982 0.2213031735313977 0.008595988538681949 0.005739365293720459
26 0.7468958930276982 0.21556380823767723 0.008595988538681949 0.005739365293720459
24 0.7468958930276982 0.20712356515867658 0.008595988538681949 0.005739365293720459
24 0.7464183381088825 0.20172180958811614 0.009551098376313277 0.005739365293720459
72 0.7464183381088825 0.1963200540175557 0.0028653295128939827 0.001688048615800135
24 0.7191977077363897 0.21843349088453748 0.008595988538681949 0.006076975016880486
41 0.6864851957975168 0.299628629304524 0.0004775549188156638 0.016542876434841324
30 0.545367717287488 0.16424713031735313 0.010506208213944603 0.005739365293720459
41 0.751432664756447 0.05722484807562458 0.0004775549188156638 0.033423362592842676
41 0.6864851957975168 0.22079675894665765 0.0004775549188156638 0.03578663065496286
26 0.7187201528175741 0.19902093180283592 0.009551098376313277 0.005739365293720459
72 0.7464183381088825 0.2849426063470628 0.0028653295128939827 0.002025658338960162
26 0.7464183381088825 0.2901755570560432 0.009551098376313277 0.005739365293720459
26 0.7468958930276982 0.2959149223497637 0.008595988538681949 0.005739365293720459
72 0.7187201528175741 0.19361917623227548 0.0028653295128939827 0.001688048615800135
24 0.7187201528175741 0.287474679270763 0.009551098376313277 0.005739365293720459
72 0.7187201528175741 0.2822417285617826 0.0028653295128939827 0.002025658338960162
41 0.7141833810888252 0.21995273463875759 0.0004775549188156638 0.03950033760972316
41 0.5503820439350525 0.14821066846725187 0.0004775549188156638 0.02903443619176232
41 0.5405921680993314 0.2310938555030385 0.0009551098376313276 0.03882511816340311
74 0.5451289398280802 0.29034436191762325 0.009073543457497613 0.0006752194463200541
121 0.17502387774594078 0.24189736664415934 0.027220630372492838 0.003713706954760297
121 0.15281757402101243 0.24814314652261985 0.0725883476599809 0.007427413909520594
30 0.545367717287488 0.15310600945307226 0.010506208213944603 0.005739365293720459
86 0.5436962750716332 0.11039837947332883 0.008118433619866285 0.015530047265361242
24 0.5451289398280802 0.22957461174881835 0.01002865329512894 0.006076975016880486
26 0.5451289398280802 0.21556380823767723 0.01002865329512894 0.005739365293720459
26 0.5451289398280802 0.21016205266711682 0.01002865329512894 0.005739365293720459
74 0.5451289398280802 0.20526671168129643 0.009073543457497613 0.0006752194463200541
24 0.5458452722063037 0.3097569209993248 0.008595988538681949 0.005739365293720459
24 0.5458452722063037 0.30435516542876434 0.008595988538681949 0.005739365293720459
24 0.5451289398280802 0.2986158001350439 0.01002865329512894 0.005739365293720459
41 0.5503820439350525 0.05216070222822417 0.0004775549188156638 0.03072248480756246
41 0.5847659980897804 0.0974004051316678 0.0004775549188156638 0.011816340310600946
41 0.5847659980897804 0.22906819716407834 0.0004775549188156638 0.03409858203916273
41 0.5847659980897804 0.30908170155300474 0.0004775549188156638 0.017218095881161376
72 0.589541547277937 0.29034436191762325 0.002387774594078319 0.002025658338960162
24 0.6186723973256925 0.21843349088453748 0.009073543457497613 0.006076975016880486
26 0.6181948424068768 0.19902093180283592 0.01002865329512894 0.005739365293720459
72 0.6181948424068768 0.19361917623227548 0.002387774594078319 0.001688048615800135
24 0.6181948424068768 0.287474679270763 0.01002865329512894 0.005739365293720459
72 0.6181948424068768 0.2822417285617826 0.002387774594078319 0.002025658338960162
41 0.6134192932187201 0.22214719783929776 0.0004775549188156638 0.04388926401080351
41 0.5405921680993314 0.312457798784605 0.0009551098376313276 0.025320729237002026
26 0.589541547277937 0.08963538149898717 0.01002865329512894 0.005739365293720459
24 0.589541547277937 0.22957461174881835 0.01002865329512894 0.006076975016880486
26 0.589541547277937 0.21016205266711682 0.01002865329512894 0.005739365293720459
72 0.589541547277937 0.20476029709655638 0.002387774594078319 0.001688048615800135
24 0.589541547277937 0.2986158001350439 0.01002865329512894 0.005739365293720459
24 0.9305157593123209 0.21843349088453748 0.009073543457497613 0.006076975016880486
41 0.8975644699140402 0.2211343686698177 0.0004775549188156638 0.035111411208642807
41 0.8975644699140402 0.299966239027684 0.0004775549188156638 0.01586765698852127
26 0.9300382043935053 0.19902093180283592 0.01002865329512894 0.005739365293720459
72 0.9300382043935053 0.19361917623227548 0.002387774594078319 0.001688048615800135
24 0.9300382043935053 0.287474679270763 0.01002865329512894 0.005739365293720459
72 0.9300382043935053 0.2822417285617826 0.002387774594078319 0.002025658338960162
41 0.9252626552053486 0.21927751519243754 0.0004775549188156638 0.038149898717083054
41 0.9252626552053486 0.29810938555030386 0.0004775549188156638 0.018906144496961513
41 0.8526743075453678 0.22164078325455774 0.0004775549188156638 0.035449020931802834
41 0.8526743075453678 0.30047265361242403 0.0004775549188156638 0.016205266711681297
24 0.9023400191021967 0.08676569885212694 0.01002865329512894 0.006076975016880486
26 0.9023400191021967 0.2213031735313977 0.01002865329512894 0.005739365293720459
24 0.9023400191021967 0.20172180958811614 0.01002865329512894 0.005739365293720459
72 0.9023400191021967 0.1963200540175557 0.002387774594078319 0.001688048615800135
26 0.9023400191021967 0.2901755570560432 0.01002865329512894 0.005739365293720459
72 0.9023400191021967 0.2849426063470628 0.002387774594078319 0.002025658338960162
41 0.8975644699140402 0.09554355165428764 0.0004775549188156638 0.015530047265361242
53 0.9021012416427889 0.09537474679270763 0.008595988538681949 0.015192437542201216
121 0.4873447946513849 0.23548278190411884 0.02626552053486151 0.002363268062120189
121 0.46466093600764086 0.2402093180283592 0.0725883476599809 0.003038487508440243
121 0.9116523400191022 0.30435516542876434 0.027698185291308502 0.002363268062120189
121 0.8889684813753582 0.30925050641458474 0.07306590257879657 0.0027008777852802163
121 0.9116523400191022 0.23548278190411884 0.027698185291308502 0.002363268062120189
121 0.8889684813753582 0.2402093180283592 0.07306590257879657 0.003038487508440243
121 0.7834288443170965 0.3153274814314652 0.08166189111747851 0.002025658338960162
121 0.7831900668576887 0.31988521269412556 0.0830945558739255 0.001688048615800135
121 0.7834288443170965 0.23514517218095882 0.08166189111747851 0.001688048615800135
121 0.7831900668576887 0.23970290344361916 0.0830945558739255 0.002025658338960162
121 0.7000955109837631 0.30435516542876434 0.027698185291308502 0.002363268062120189
121 0.6776504297994269 0.30925050641458474 0.0725883476599809 0.0027008777852802163
121 0.7000955109837631 0.23548278190411884 0.027698185291308502 0.002363268062120189
121 0.6776504297994269 0.2402093180283592 0.0725883476599809 0.003038487508440243
121 0.5993314231136581 0.31212018906144495 0.02865329512893983 0.006414584740040513
121 0.5771251193887297 0.31988521269412556 0.07306590257879657 0.013166779203241054
121 0.5993314231136581 0.24172856178257934 0.02865329512893983 0.004051316677920324
121 0.5771251193887297 0.24814314652261985 0.07306590257879657 0.007427413909520594
121 0.4873447946513849 0.30435516542876434 0.02626552053486151 0.002363268062120189
121 0.46466093600764086 0.30925050641458474 0.0725883476599809 0.0027008777852802163
121 0.35888252148997135 0.3153274814314652 0.08166189111747851 0.002025658338960162
121 0.35912129894937916 0.31988521269412556 0.0830945558739255 0.001688048615800135
121 0.35888252148997135 0.23514517218095882 0.08166189111747851 0.001688048615800135
121 0.35912129894937916 0.23970290344361916 0.0830945558739255 0.002025658338960162
121 0.27578796561604585 0.30435516542876434 0.02626552053486151 0.002363268062120189
121 0.25334288443170966 0.30925050641458474 0.07306590257879657 0.0027008777852802163
121 0.27578796561604585 0.23548278190411884 0.02626552053486151 0.002363268062120189
121 0.25334288443170966 0.2402093180283592 0.07306590257879657 0.003038487508440243
121 0.17502387774594078 0.31195138419986496 0.027220630372492838 0.006076975016880486
121 0.15281757402101243 0.3200540175557056 0.0725883476599809 0.012829169480081027
41 0.7695797516714422 0.22045914922349763 0.0004775549188156638 0.03848750844024308
41 0.7418815663801337 0.3055367994598244 0.0004775549188156638 0.02835921674544227
24 0.774116523400191 0.21843349088453748 0.009551098376313277 0.006076975016880486
26 0.774116523400191 0.19902093180283592 0.009551098376313277 0.005739365293720459
72 0.774116523400191 0.19361917623227548 0.0028653295128939827 0.001688048615800135
24 0.774116523400191 0.287474679270763 0.009551098376313277 0.005739365293720459
72 0.774116523400191 0.2822417285617826 0.0028653295128939827 0.002025658338960162
41 0.7695797516714422 0.30418636056718434 0.0004775549188156638 0.031060094530722483
26 0.8018147086914995 0.08963538149898717 0.009551098376313277 0.005739365293720459
41 0.751432664756447 0.1537812288993923 0.0004775549188156638 0.04017555705604321
26 0.8022922636103151 0.2213031735313977 0.008595988538681949 0.005739365293720459
63 0.7342406876790831 0.17538825118163404 0.008118433619866285 0.016542876434841324
41 0.7418815663801337 0.2213031735313977 0.0004775549188156638 0.036799459824442944
72 0.829512893982808 0.2822417285617826 0.0028653295128939827 0.002025658338960162
41 0.8249761222540593 0.22045914922349763 0.0004775549188156638 0.03848750844024308
41 0.8249761222540593 0.3046927751519244 0.0004775549188156638 0.030047265361242404
24 0.829512893982808 0.287474679270763 0.009551098376313277 0.005739365293720459
26 0.8576886341929322 0.11968264686022957 0.008595988538681949 0.005739365293720459
24 0.8576886341929322 0.1112424037812289 0.008595988538681949 0.005739365293720459
24 0.8572110792741165 0.10550303848750844 0.009551098376313277 0.005739365293720459
26 0.8572110792741165 0.2213031735313977 0.009551098376313277 0.005739365293720459
24 0.8572110792741165 0.20172180958811614 0.009551098376313277 0.005739365293720459
72 0.8572110792741165 0.1963200540175557 0.0028653295128939827 0.001688048615800135
26 0.8572110792741165 0.2901755570560432 0.009551098376313277 0.005739365293720459
72 0.8572110792741165 0.2849426063470628 0.0028653295128939827 0.002025658338960162
41 0.8526743075453678 0.12272113436866981 0.0004775549188156638 0.032072923700202566
24 0.8018147086914995 0.20172180958811614 0.009551098376313277 0.005739365293720459
72 0.8018147086914995 0.1963200540175557 0.0028653295128939827 0.001688048615800135
26 0.8018147086914995 0.2901755570560432 0.009551098376313277 0.005739365293720459
72 0.8018147086914995 0.2849426063470628 0.0028653295128939827 0.002025658338960162
41 0.7972779369627507 0.09706279540850776 0.0004775549188156638 0.012491559756921
41 0.7972779369627507 0.2213031735313977 0.0004775549188156638 0.036799459824442944
41 0.7972779369627507 0.3055367994598244 0.0004775549188156638 0.02835921674544227
24 0.829512893982808 0.21843349088453748 0.009551098376313277 0.006076975016880486
26 0.829512893982808 0.19902093180283592 0.009551098376313277 0.005739365293720459
72 0.829512893982808 0.19361917623227548 0.0028653295128939827 0.001688048615800135
24 0.1938872970391595 0.287474679270763 0.009551098376313277 0.005739365293720459
72 0.1938872970391595 0.2822417285617826 0.0028653295128939827 0.002025658338960162
41 0.1893505253104107 0.22299122214719783 0.0004775549188156638 0.044226873733963536
41 0.1893505253104107 0.3014854827819041 0.0004775549188156638 0.025658338960162053
72 0.1938872970391595 0.19361917623227548 0.0028653295128939827 0.001688048615800135
26 0.22206303724928367 0.11968264686022957 0.008595988538681949 0.005739365293720459
26 0.22206303724928367 0.11394328156650911 0.008595988538681949 0.005739365293720459
24 0.22158548233046801 0.10550303848750844 0.009551098376313277 0.005739365293720459
26 0.22206303724928367 0.2213031735313977 0.008595988538681949 0.005739365293720459
24 0.22158548233046801 0.20172180958811614 0.009551098376313277 0.005739365293720459
72 0.22158548233046801 0.1963200540175557 0.0028653295128939827 0.001688048615800135
26 0.22158548233046801 0.2901755570560432 0.009551098376313277 0.005739365293720459
72 0.22158548233046801 0.2849426063470628 0.0028653295128939827 0.002025658338960162
41 0.2170487106017192 0.12272113436866981 0.0004775549188156638 0.032072923700202566
24 0.16571155682903535 0.22974341661039838 0.008595988538681949 0.005739365293720459
26 0.16523400191021967 0.21016205266711682 0.009551098376313277 0.005739365293720459
72 0.16523400191021967 0.20476029709655638 0.0028653295128939827 0.001688048615800135
24 0.16523400191021967 0.2986158001350439 0.009551098376313277 0.005739365293720459
72 0.16523400191021967 0.29034436191762325 0.0028653295128939827 0.002025658338960162
41 0.16069723018147086 0.09756920999324781 0.0004775549188156638 0.011478730587440918
41 0.16069723018147086 0.22940580688723836 0.0004775549188156638 0.03612424037812289
41 0.16069723018147086 0.30925050641458474 0.0004775549188156638 0.018906144496961513
24 0.1938872970391595 0.21843349088453748 0.009551098376313277 0.006076975016880486
26 0.1938872970391595 0.19902093180283592 0.009551098376313277 0.005739365293720459
24 0.2948901623686724 0.21843349088453748 0.009073543457497613 0.006076975016880486
41 0.2619388729703916 0.22180958811613774 0.0004775549188156638 0.03646185010128292
41 0.2619388729703916 0.30047265361242403 0.0004775549188156638 0.01688048615800135
26 0.29441260744985676 0.19902093180283592 0.01002865329512894 0.005739365293720459
72 0.29441260744985676 0.19361917623227548 0.002387774594078319 0.001688048615800135
24 0.29441260744985676 0.287474679270763 0.01002865329512894 0.005739365293720459
87 0.5434574976122254 0.07056043214044565 0.0066857688634192934 0.01012829169480081
41 0.2896370582617001 0.21995273463875759 0.0004775549188156638 0.03950033760972316
41 0.2896370582617001 0.2986158001350439 0.0004775549188156638 0.019918973666441592
41 0.2170487106017192 0.22180958811613774 0.0004775549188156638 0.03781228899392303
41 0.2170487106017192 0.30047265361242403 0.0004775549188156638 0.01823092505064146
96 0.16117478510028654 0.04220121539500338 0.0062082139446036294 0.006076975016880486
95 0.16881566380133714 0.04220121539500338 0.016714422158548233 0.014179608372721135
24 0.26671442215854824 0.08676569885212694 0.01002865329512894 0.006076975016880486
96 0.2626552053486151 0.04237002025658339 0.0066857688634192934 0.006414584740040513
95 0.2702960840496657 0.04220121539500338 0.01623686723973257 0.014179608372721135
26 0.26671442215854824 0.2213031735313977 0.01002865329512894 0.005739365293720459
24 0.26671442215854824 0.20172180958811614 0.01002865329512894 0.005739365293720459
72 0.26671442215854824 0.1963200540175557 0.002387774594078319 0.001688048615800135
26 0.26671442215854824 0.2901755570560432 0.01002865329512894 0.005739365293720459
72 0.26671442215854824 0.2849426063470628 0.002387774594078319 0.002025658338960162
41 0.2619388729703916 0.09554355165428764 0.0004775549188156638 0.015530047265361242
53 0.2664756446991404 0.09537474679270763 0.008595988538681949 0.015192437542201216
67 0.08500477554918816 0.3009790681971641 0.0066857688634192934 0.013841998649561107
67 0.09264565425023878 0.2925388251181634 0.0066857688634192934 0.013841998649561107
8 0.06399235912129896 0.13065496286293046 0.021012416427889206 0.01688048615800135
67 0.08500477554918816 0.13571910871033085 0.0066857688634192934 0.01350438892640108
67 0.09264565425023878 0.1274476704929102 0.0066857688634192934 0.013841998649561107
5 0.06399235912129896 0.23463875759621877 0.02005730659025788 0.04051316677920324
67 0.08500477554918816 0.23193787981093855 0.0066857688634192934 0.01350438892640108
67 0.09264565425023878 0.22349763673193787 0.0066857688634192934 0.01350438892640108
5 0.06399235912129896 0.3035111411208643 0.02005730659025788 0.04051316677920324
28 0.12129894937917861 0.0700540175557056 0.010506208213944603 0.005739365293720459
28 0.12082139446036294 0.06431465226198514 0.009551098376313277 0.005739365293720459
28 0.12082139446036294 0.058912896691424715 0.009551098376313277 0.005739365293720459
0 0.041069723018147083 0.09908845374746793 0.007640878701050621 0.09216745442268737
0 0.041069723018147083 0.2695813639432816 0.007640878701050621 0.09216745442268737
30 0.12082139446036294 0.050472653612424034 0.009551098376313277 0.005739365293720459
135 0.539875835721108 0.18956785955435518 0.8256924546322827 0.00033760972316002703
5 0.06399235912129896 0.06380823767724511 0.02005730659025788 0.04051316677920324
67 0.08500477554918816 0.06110735989196489 0.0066857688634192934 0.01350438892640108
67 0.09264565425023878 0.05266711681296422 0.0066857688634192934 0.01350438892640108
41 0.11628462273161413 0.2312626603646185 0.0004775549188156638 0.03848750844024308
41 0.12631327602674308 0.14787305874409182 0.0004775549188156638 0.02835921674544227
41 0.11628462273161413 0.31296421336934505 0.0004775549188156638 0.024307900067521943
26 0.16523400191021967 0.08963538149898717 0.009551098376313277 0.005739365293720459
24 0.12082139446036294 0.3097569209993248 0.009551098376313277 0.005739365293720459
87 0.11962750716332378 0.07056043214044565 0.0071633237822349575 0.01012829169480081
30 0.12129894937917861 0.16424713031735313 0.010506208213944603 0.005739365293720459
30 0.12129894937917861 0.15310600945307226 0.010506208213944603 0.005739365293720459
95 0.10649474689589303 0.0925050641458474 0.01623686723973257 0.014179608372721135
95 0.11652340019102196 0.0925050641458474 0.01623686723973257 0.014179608372721135
95 0.1265520534861509 0.0925050641458474 0.01623686723973257 0.014179608372721135
95 0.13658070678127984 0.0925050641458474 0.01623686723973257 0.014179608372721135
86 0.11914995224450811 0.11039837947332883 0.008118433619866285 0.015530047265361242
24 0.12082139446036294 0.22974341661039838 0.009551098376313277 0.005739365293720459
26 0.12082139446036294 0.21556380823767723 0.009551098376313277 0.005739365293720459
26 0.12082139446036294 0.21016205266711682 0.009551098376313277 0.005739365293720459
95 0.1062559694364852 0.26198514517218097 0.016714422158548233 0.014179608372721135
95 0.11628462273161413 0.26198514517218097 0.016714422158548233 0.014179608372721135
95 0.12631327602674308 0.26198514517218097 0.016714422158548233 0.014179608372721135
95 0.136341929321872 0.26198514517218097 0.016714422158548233 0.014179608372721135
74 0.12106017191977077 0.20526671168129643 0.009073543457497613 0.0006752194463200541
72 0.29441260744985676 0.2822417285617826 0.002387774594078319 0.002025658338960162
24 0.12082139446036294 0.30435516542876434 0.009551098376313277 0.005739365293720459
24 0.12082139446036294 0.2986158001350439 0.009551098376313277 0.005739365293720459
74 0.12106017191977077 0.29034436191762325 0.009073543457497613 0.0006752194463200541
41 0.12631327602674308 0.05266711681296422 0.0004775549188156638 0.03173531397704254
72 0.43290353390639924 0.2849426063470628 0.002387774594078319 0.002025658338960162
26 0.4333810888252149 0.11968264686022957 0.009073543457497613 0.005739365293720459
24 0.4333810888252149 0.1112424037812289 0.009073543457497613 0.005739365293720459
24 0.43290353390639924 0.10550303848750844 0.01002865329512894 0.005739365293720459
26 0.4333810888252149 0.2213031735313977 0.009073543457497613 0.005739365293720459
24 0.43290353390639924 0.20172180958811614 0.01002865329512894 0.005739365293720459
72 0.43290353390639924 0.1963200540175557 0.002387774594078319 0.001688048615800135
26 0.43290353390639924 0.2901755570560432 0.01002865329512894 0.005739365293720459
41 0.4004297994269341 0.30452397029034434 0.0004775549188156638 0.03038487508440243
41 0.4281279847182426 0.12272113436866981 0.0004775549188156638 0.032072923700202566
41 0.4281279847182426 0.22180958811613774 0.0004775549188156638 0.03781228899392303
41 0.4281279847182426 0.30047265361242403 0.0004775549188156638 0.01823092505064146
41 0.3727316141356256 0.22164078325455774 0.0004775549188156638 0.03612424037812289
24 0.4056829035339064 0.21843349088453748 0.009073543457497613 0.006076975016880486
26 0.4052053486150907 0.19902093180283592 0.01002865329512894 0.005739365293720459
72 0.4052053486150907 0.19361917623227548 0.002387774594078319 0.001688048615800135
24 0.4052053486150907 0.287474679270763 0.01002865329512894 0.005739365293720459
72 0.4052053486150907 0.2822417285617826 0.002387774594078319 0.002025658338960162
41 0.4004297994269341 0.21995273463875759 0.0004775549188156638 0.03950033760972316
24 0.5062082139446036 0.21843349088453748 0.008595988538681949 0.006076975016880486
26 0.505730659025788 0.19902093180283592 0.009551098376313277 0.005739365293720459
72 0.505730659025788 0.19361917623227548 0.0028653295128939827 0.001688048615800135
24 0.505730659025788 0.287474679270763 0.009551098376313277 0.005739365293720459
72 0.505730659025788 0.2822417285617826 0.0028653295128939827 0.002025658338960162
41 0.5011938872970392 0.21995273463875759 0.0004775549188156638 0.03950033760972316
41 0.5011938872970392 0.2986158001350439 0.0004775549188156638 0.019918973666441592
28 0.545367717287488 0.0700540175557056 0.010506208213944603 0.005739365293720459
28 0.545367717287488 0.06431465226198514 0.010506208213944603 0.005739365293720459
28 0.545367717287488 0.058912896691424715 0.010506208213944603 0.005739365293720459
30 0.545367717287488 0.050472653612424034 0.010506208213944603 0.005739365293720459
41 0.47349570200573066 0.09604996623902769 0.0004775549188156638 0.01451721809588116
24 0.4780324737344795 0.08676569885212694 0.009551098376313277 0.006076975016880486
96 0.47397325692454634 0.04237002025658339 0.0062082139446036294 0.006414584740040513
95 0.48161413562559696 0.04220121539500338 0.016714422158548233 0.014179608372721135
26 0.4785100286532951 0.2213031735313977 0.008595988538681949 0.005739365293720459
24 0.4780324737344795 0.20172180958811614 0.009551098376313277 0.005739365293720459
72 0.4780324737344795 0.1963200540175557 0.0028653295128939827 0.001688048615800135
26 0.4780324737344795 0.2901755570560432 0.009551098376313277 0.005739365293720459
72 0.4780324737344795 0.2849426063470628 0.0028653295128939827 0.002025658338960162
41 0.3727316141356256 0.3058744091829845 0.0004775549188156638 0.027683997299122215
53 0.4780324737344795 0.09537474679270763 0.008595988538681949 0.015192437542201216
41 0.47349570200573066 0.22147197839297772 0.0004775549188156638 0.03713706954760297
41 0.47349570200573066 0.300135043889264 0.0004775549188156638 0.017555705604321403
41 0.32736389684813755 0.13673193787981094 0.0004775549188156638 0.0337609723160027
63 0.30969436485195795 0.15580688723835245 0.008118433619866285 0.016542876434841324
41 0.3173352435530086 0.22164078325455774 0.0004775549188156638 0.03612424037812289
26 0.3221107927411652 0.2213031735313977 0.01002865329512894 0.005739365293720459
28 0.3223495702005731 0.06431465226198514 0.010506208213944603 0.005739365293720459
30 0.3218720152817574 0.056043214044564485 0.009551098376313277 0.006076975016880486
30 0.3218720152817574 0.04490209318028359 0.009551098376313277 0.006076975016880486
87 0.3209169054441261 0.07056043214044565 0.007640878701050621 0.01012829169480081
28 0.3223495702005731 0.15580688723835245 0.010506208213944603 0.005739365293720459
28 0.3223495702005731 0.13909520594193112 0.010506208213944603 0.006076975016880486
86 0.3204393505253104 0.11039837947332883 0.007640878701050621 0.015530047265361242
26 0.3221107927411652 0.21556380823767723 0.01002865329512894 0.005739365293720459
24 0.3221107927411652 0.20712356515867658 0.01002865329512894 0.005739365293720459
24 0.3221107927411652 0.20172180958811614 0.01002865329512894 0.005739365293720459
72 0.3221107927411652 0.1963200540175557 0.002387774594078319 0.001688048615800135
24 0.3225883476599809 0.30435516542876434 0.009073543457497613 0.005739365293720459
26 0.3225883476599809 0.2959149223497637 0.009073543457497613 0.005739365293720459
26 0.3221107927411652 0.2901755570560432 0.01002865329512894 0.005739365293720459
72 0.3221107927411652 0.2849426063470628 0.002387774594078319 0.002025658338960162
41 0.32736389684813755 0.046927751519243756 0.0004775549188156638 0.03173531397704254
72 0.34980897803247374 0.2822417285617826 0.002387774594078319 0.002025658338960162
41 0.3450334288443171 0.2201215395003376 0.0004775549188156638 0.03916272788656313
41 0.3173352435530086 0.3055367994598244 0.0004775549188156638 0.02835921674544227
41 0.3450334288443171 0.30452397029034434 0.0004775549188156638 0.03038487508440243
26 0.37750716332378226 0.08963538149898717 0.01002865329512894 0.005739365293720459
96 0.3734479465138491 0.04237002025658339 0.0066857688634192934 0.006414584740040513
95 0.38108882521489973 0.04220121539500338 0.01623686723973257 0.014179608372721135
26 0.37750716332378226 0.2213031735313977 0.01002865329512894 0.005739365293720459
24 0.37750716332378226 0.20172180958811614 0.01002865329512894 0.005739365293720459
72 0.37750716332378226 0.1963200540175557 0.002387774594078319 0.001688048615800135
26 0.37750716332378226 0.2901755570560432 0.01002865329512894 0.005739365293720459
72 0.37750716332378226 0.2849426063470628 0.002387774594078319 0.002025658338960162
41 0.3727316141356256 0.09706279540850776 0.0004775549188156638 0.012491559756921
24 0.34980897803247374 0.21843349088453748 0.01002865329512894 0.006076975016880486
26 0.34980897803247374 0.19902093180283592 0.01002865329512894 0.005739365293720459
72 0.34980897803247374 0.19361917623227548 0.002387774594078319 0.001688048615800135
24 0.34980897803247374 0.287474679270763 0.01002865329512894 0.005739365293720459
1 0.9300382043935053 0.8443619176232275 0.014804202483285577 0.0006752194463200541
1 0.829512893982808 0.8443619176232275 0.015281757402101241 0.0006752194463200541
1 0.774116523400191 0.8443619176232275 0.015281757402101241 0.0006752194463200541
1 0.7187201528175741 0.8443619176232275 0.015281757402101241 0.0006752194463200541
1 0.6181948424068768 0.8443619176232275 0.014804202483285577 0.0006752194463200541
1 0.505730659025788 0.8443619176232275 0.015281757402101241 0.0006752194463200541
1 0.4052053486150907 0.8443619176232275 0.014804202483285577 0.0006752194463200541
1 0.34980897803247374 0.8443619176232275 0.014804202483285577 0.0006752194463200541
1 0.29441260744985676 0.8443619176232275 0.014804202483285577 0.0006752194463200541
1 0.1938872970391595 0.8443619176232275 0.015281757402101241 0.0006752194463200541
134 0.5 0.8610735989196489 0.9044890162368673 0.02261985145172181
134 0.5 0.7922012153950033 0.9044890162368673 0.02261985145172181
1 0.9300382043935053 0.7586090479405807 0.014804202483285577 0.0006752194463200541
1 0.9300382043935053 0.7641796083727211 0.014804202483285577 0.001012829169480081
1 0.9300382043935053 0.7697501688048616 0.014804202483285577 0.0006752194463200541
1 0.9300382043935053 0.775320729237002 0.014804202483285577 0.001012829169480081
1 0.9023400191021967 0.7586090479405807 0.014804202483285577 0.0006752194463200541
1 0.9023400191021967 0.7641796083727211 0.014804202483285577 0.001012829169480081
1 0.9023400191021967 0.7697501688048616 0.014804202483285577 0.0006752194463200541
1 0.9023400191021967 0.775320729237002 0.014804202483285577 0.001012829169480081
1 0.8572110792741165 0.7586090479405807 0.015281757402101241 0.0006752194463200541
1 0.8572110792741165 0.7641796083727211 0.015281757402101241 0.001012829169480081
1 0.8572110792741165 0.7697501688048616 0.015281757402101241 0.0006752194463200541
1 0.8572110792741165 0.775320729237002 0.015281757402101241 0.001012829169480081
1 0.829512893982808 0.7586090479405807 0.015281757402101241 0.0006752194463200541
1 0.829512893982808 0.7641796083727211 0.015281757402101241 0.001012829169480081
1 0.829512893982808 0.7697501688048616 0.015281757402101241 0.0006752194463200541
1 0.829512893982808 0.775320729237002 0.015281757402101241 0.001012829169480081
1 0.8018147086914995 0.7586090479405807 0.015281757402101241 0.0006752194463200541
1 0.8018147086914995 0.7641796083727211 0.015281757402101241 0.001012829169480081
1 0.8018147086914995 0.7697501688048616 0.015281757402101241 0.0006752194463200541
1 0.8018147086914995 0.775320729237002 0.015281757402101241 0.001012829169480081
1 0.774116523400191 0.7586090479405807 0.015281757402101241 0.0006752194463200541
1 0.774116523400191 0.7641796083727211 0.015281757402101241 0.001012829169480081
1 0.774116523400191 0.7697501688048616 0.015281757402101241 0.0006752194463200541
1 0.774116523400191 0.775320729237002 0.015281757402101241 0.001012829169480081
1 0.7464183381088825 0.7586090479405807 0.015281757402101241 0.0006752194463200541
1 0.7464183381088825 0.7641796083727211 0.015281757402101241 0.001012829169480081
1 0.7464183381088825 0.7697501688048616 0.015281757402101241 0.0006752194463200541
1 0.7464183381088825 0.775320729237002 0.015281757402101241 0.001012829169480081
1 0.7187201528175741 0.7586090479405807 0.015281757402101241 0.0006752194463200541
1 0.7187201528175741 0.7641796083727211 0.015281757402101241 0.001012829169480081
1 0.7187201528175741 0.7697501688048616 0.015281757402101241 0.0006752194463200541
1 0.7187201528175741 0.775320729237002 0.015281757402101241 0.001012829169480081
1 0.6910219675262655 0.7586090479405807 0.015281757402101241 0.0006752194463200541
1 0.6910219675262655 0.7641796083727211 0.015281757402101241 0.001012829169480081
1 0.6910219675262655 0.7697501688048616 0.015281757402101241 0.0006752194463200541
1 0.6910219675262655 0.775320729237002 0.015281757402101241 0.001012829169480081
1 0.6458930276981852 0.7586090479405807 0.014804202483285577 0.0006752194463200541
1 0.6458930276981852 0.7641796083727211 0.014804202483285577 0.001012829169480081
1 0.6458930276981852 0.7697501688048616 0.014804202483285577 0.0006752194463200541
1 0.6458930276981852 0.775320729237002 0.014804202483285577 0.001012829169480081
1 0.6181948424068768 0.7586090479405807 0.014804202483285577 0.0006752194463200541
1 0.6181948424068768 0.7641796083727211 0.014804202483285577 0.001012829169480081
1 0.6181948424068768 0.7697501688048616 0.014804202483285577 0.0006752194463200541
1 0.6181948424068768 0.775320729237002 0.014804202483285577 0.001012829169480081
1 0.589541547277937 0.7697501688048616 0.014804202483285577 0.0006752194463200541
1 0.589541547277937 0.775320729237002 0.014804202483285577 0.001012829169480081
1 0.5451289398280802 0.7697501688048616 0.014804202483285577 0.0006752194463200541
1 0.5451289398280802 0.775320729237002 0.014804202483285577 0.001012829169480081
1 0.505730659025788 0.7586090479405807 0.015281757402101241 0.0006752194463200541
1 0.505730659025788 0.7641796083727211 0.015281757402101241 0.001012829169480081
1 0.505730659025788 0.7697501688048616 0.015281757402101241 0.0006752194463200541
1 0.505730659025788 0.775320729237002 0.015281757402101241 0.001012829169480081
1 0.4780324737344795 0.7586090479405807 0.015281757402101241 0.0006752194463200541
1 0.4780324737344795 0.7641796083727211 0.015281757402101241 0.001012829169480081
1 0.4780324737344795 0.7697501688048616 0.015281757402101241 0.0006752194463200541
1 0.4780324737344795 0.775320729237002 0.015281757402101241 0.001012829169480081
1 0.43290353390639924 0.7586090479405807 0.014804202483285577 0.0006752194463200541
1 0.43290353390639924 0.7641796083727211 0.014804202483285577 0.001012829169480081
1 0.43290353390639924 0.7697501688048616 0.014804202483285577 0.0006752194463200541
1 0.43290353390639924 0.775320729237002 0.014804202483285577 0.001012829169480081
1 0.4052053486150907 0.7586090479405807 0.014804202483285577 0.0006752194463200541
1 0.4052053486150907 0.7641796083727211 0.014804202483285577 0.001012829169480081
1 0.4052053486150907 0.7697501688048616 0.014804202483285577 0.0006752194463200541
1 0.4052053486150907 0.775320729237002 0.014804202483285577 0.001012829169480081
1 0.37750716332378226 0.7586090479405807 0.014804202483285577 0.0006752194463200541
1 0.37750716332378226 0.7641796083727211 0.014804202483285577 0.001012829169480081
1 0.37750716332378226 0.7697501688048616 0.014804202483285577 0.0006752194463200541
1 0.37750716332378226 0.775320729237002 0.014804202483285577 0.001012829169480081
1 0.34980897803247374 0.7586090479405807 0.014804202483285577 0.0006752194463200541
1 0.34980897803247374 0.7641796083727211 0.014804202483285577 0.001012829169480081
1 0.34980897803247374 0.7697501688048616 0.014804202483285577 0.0006752194463200541
1 0.34980897803247374 0.775320729237002 0.014804202483285577 0.001012829169480081
1 0.3221107927411652 0.7586090479405807 0.014804202483285577 0.0006752194463200541
1 0.3221107927411652 0.7641796083727211 0.014804202483285577 0.001012829169480081
1 0.3221107927411652 0.7697501688048616 0.014804202483285577 0.0006752194463200541
1 0.3221107927411652 0.775320729237002 0.014804202483285577 0.001012829169480081
1 0.29441260744985676 0.7586090479405807 0.014804202483285577 0.0006752194463200541
1 0.29441260744985676 0.7641796083727211 0.014804202483285577 0.001012829169480081
1 0.29441260744985676 0.7697501688048616 0.014804202483285577 0.0006752194463200541
1 0.29441260744985676 0.775320729237002 0.014804202483285577 0.001012829169480081
1 0.26671442215854824 0.7586090479405807 0.014804202483285577 0.0006752194463200541
1 0.26671442215854824 0.7641796083727211 0.014804202483285577 0.001012829169480081
1 0.26671442215854824 0.7697501688048616 0.014804202483285577 0.0006752194463200541
1 0.26671442215854824 0.775320729237002 0.014804202483285577 0.001012829169480081
1 0.22158548233046801 0.7586090479405807 0.015281757402101241 0.0006752194463200541
1 0.22158548233046801 0.7641796083727211 0.015281757402101241 0.001012829169480081
1 0.22158548233046801 0.7697501688048616 0.015281757402101241 0.0006752194463200541
1 0.22158548233046801 0.775320729237002 0.015281757402101241 0.001012829169480081
1 0.1938872970391595 0.7586090479405807 0.015281757402101241 0.0006752194463200541
1 0.1938872970391595 0.7641796083727211 0.015281757402101241 0.001012829169480081
1 0.1938872970391595 0.7697501688048616 0.015281757402101241 0.0006752194463200541
1 0.1938872970391595 0.775320729237002 0.015281757402101241 0.001012829169480081
1 0.16523400191021967 0.7697501688048616 0.015281757402101241 0.0006752194463200541
1 0.16523400191021967 0.775320729237002 0.015281757402101241 0.001012829169480081
1 0.12106017191977077 0.7697501688048616 0.014804202483285577 0.0006752194463200541
1 0.12106017191977077 0.775320729237002 0.014804202483285577 0.001012829169480081
134 0.5 0.6904118838622553 0.9044890162368673 0.02228224172856178
1 0.8572110792741165 0.662559081701553 0.015281757402101241 0.001012829169480081
1 0.8572110792741165 0.6681296421336934 0.015281757402101241 0.0006752194463200541
1 0.8572110792741165 0.6737002025658338 0.015281757402101241 0.001012829169480081
1 0.7466571155682904 0.7071235651586766 0.015759312320916905 0.001012829169480081
1 0.7466571155682904 0.712694125590817 0.015759312320916905 0.0006752194463200541
1 0.7466571155682904 0.7184334908845375 0.015759312320916905 0.0006752194463200541
1 0.7466571155682904 0.7238352464550979 0.015759312320916905 0.0006752194463200541
1 0.7473734479465138 0.7295746117488183 0.014326647564469915 0.0006752194463200541
1 0.6458930276981852 0.662559081701553 0.014804202483285577 0.001012829169480081
1 0.6458930276981852 0.6681296421336934 0.014804202483285577 0.0006752194463200541
1 0.6458930276981852 0.6737002025658338 0.014804202483285577 0.001012829169480081
1 0.5456064947468959 0.7071235651586766 0.015759312320916905 0.001012829169480081
1 0.5456064947468959 0.712694125590817 0.015759312320916905 0.0006752194463200541
1 0.5456064947468959 0.7184334908845375 0.015759312320916905 0.0006752194463200541
1 0.43290353390639924 0.662559081701553 0.014804202483285577 0.001012829169480081
1 0.43290353390639924 0.6681296421336934 0.014804202483285577 0.0006752194463200541
1 0.43290353390639924 0.6737002025658338 0.014804202483285577 0.001012829169480081
1 0.3225883476599809 0.7071235651586766 0.015759312320916905 0.001012829169480081
1 0.3230659025787966 0.712694125590817 0.014804202483285577 0.0006752194463200541
1 0.22158548233046801 0.662559081701553 0.015281757402101241 0.001012829169480081
1 0.22158548233046801 0.6681296421336934 0.015281757402101241 0.0006752194463200541
1 0.22158548233046801 0.6737002025658338 0.015281757402101241 0.001012829169480081
1 0.12106017191977077 0.7071235651586766 0.015759312320916905 0.001012829169480081
1 0.12106017191977077 0.712694125590817 0.015759312320916905 0.0006752194463200541
1 0.12106017191977077 0.7184334908845375 0.015759312320916905 0.0006752194463200541
1 0.9023400191021967 0.6137744767049291 0.014804202483285577 0.0006752194463200541
1 0.9023400191021967 0.6195138419986496 0.014804202483285577 0.0006752194463200541
1 0.8572110792741165 0.6137744767049291 0.015281757402101241 0.0006752194463200541
1 0.8572110792741165 0.6195138419986496 0.015281757402101241 0.0006752194463200541
1 0.8018147086914995 0.6137744767049291 0.015281757402101241 0.0006752194463200541
1 0.8018147086914995 0.6195138419986496 0.015281757402101241 0.0006752194463200541
1 0.6910219675262655 0.6137744767049291 0.015281757402101241 0.0006752194463200541
1 0.6910219675262655 0.6195138419986496 0.015281757402101241 0.0006752194463200541
1 0.6458930276981852 0.6137744767049291 0.014804202483285577 0.0006752194463200541
1 0.6458930276981852 0.6195138419986496 0.014804202483285577 0.0006752194463200541
1 0.589541547277937 0.6137744767049291 0.014804202483285577 0.0006752194463200541
1 0.589541547277937 0.6195138419986496 0.014804202483285577 0.0006752194463200541
1 0.4780324737344795 0.6137744767049291 0.015281757402101241 0.0006752194463200541
1 0.4780324737344795 0.6195138419986496 0.015281757402101241 0.0006752194463200541
1 0.43290353390639924 0.6137744767049291 0.014804202483285577 0.0006752194463200541
1 0.43290353390639924 0.6195138419986496 0.014804202483285577 0.0006752194463200541
1 0.37750716332378226 0.6137744767049291 0.014804202483285577 0.0006752194463200541
1 0.37750716332378226 0.6195138419986496 0.014804202483285577 0.0006752194463200541
1 0.3225883476599809 0.5803511141120864 0.015759312320916905 0.0006752194463200541
1 0.26671442215854824 0.6137744767049291 0.014804202483285577 0.0006752194463200541
1 0.26671442215854824 0.6195138419986496 0.014804202483285577 0.0006752194463200541
1 0.22158548233046801 0.6137744767049291 0.015281757402101241 0.0006752194463200541
1 0.22158548233046801 0.6195138419986496 0.015281757402101241 0.0006752194463200541
1 0.16523400191021967 0.6137744767049291 0.015281757402101241 0.0006752194463200541
1 0.16523400191021967 0.6195138419986496 0.015281757402101241 0.0006752194463200541
134 0.5 0.5970627954085078 0.9044890162368673 0.02261985145172181
24 0.6910219675262655 0.6193450371370696 0.009551098376313277 0.005739365293720459
41 0.6864851957975168 0.7783592167454423 0.0004775549188156638 0.03477380148548278
26 0.6910219675262655 0.7780216070222823 0.009551098376313277 0.005739365293720459
24 0.6910219675262655 0.7586090479405807 0.009551098376313277 0.006076975016880486
72 0.6910219675262655 0.7533760972316003 0.0028653295128939827 0.001688048615800135
26 0.6910219675262655 0.8472316002700878 0.009551098376313277 0.005739365293720459
72 0.6910219675262655 0.8419986495611074 0.0028653295128939827 0.002025658338960162
41 0.6864851957975168 0.6277852802160703 0.0004775549188156638 0.01451721809588116
26 0.6458930276981852 0.6223835246455098 0.01002865329512894 0.005739365293720459
26 0.646370582617001 0.6764010803511141 0.009073543457497613 0.005739365293720459
26 0.646370582617001 0.6709993247805537 0.009073543457497613 0.005739365293720459
24 0.6458930276981852 0.662559081701553 0.01002865329512894 0.005739365293720459
26 0.646370582617001 0.7780216070222823 0.009073543457497613 0.005739365293720459
24 0.6458930276981852 0.7586090479405807 0.01002865329512894 0.006076975016880486
72 0.6458930276981852 0.7533760972316003 0.002387774594078319 0.001688048615800135
26 0.6458930276981852 0.8472316002700878 0.01002865329512894 0.005739365293720459
72 0.6458930276981852 0.8418298446995274 0.002387774594078319 0.001688048615800135
41 0.6411174785100286 0.6287981093855503 0.0004775549188156638 0.010465901417960837
41 0.6411174785100286 0.8575286968264686 0.0004775549188156638 0.01823092505064146
41 0.6411174785100286 0.6797771775827144 0.0004775549188156638 0.032072923700202566
41 0.6411174785100286 0.7785280216070223 0.0004775549188156638 0.03781228899392303
24 0.7464183381088825 0.7586090479405807 0.009551098376313277 0.006076975016880486
28 0.7466571155682904 0.6082039162727887 0.01002865329512894 0.005739365293720459
28 0.7461795606494747 0.6026333558406483 0.009073543457497613 0.0054017555705604325
28 0.7461795606494747 0.5970627954085078 0.009073543457497613 0.005739365293720459
30 0.7461795606494747 0.5886225523295071 0.009073543457497613 0.005739365293720459
87 0.7449856733524355 0.6088791357191087 0.007640878701050621 0.009790681971640782
30 0.7466571155682904 0.7324442943956786 0.01002865329512894 0.005739365293720459
30 0.7461795606494747 0.7155638082376773 0.009073543457497613 0.005739365293720459
86 0.7447468958930277 0.6672856178257934 0.008118433619866285 0.01586765698852127
26 0.7468958930276982 0.7780216070222823 0.008595988538681949 0.005739365293720459
26 0.7468958930276982 0.7726198514517219 0.008595988538681949 0.005739365293720459
24 0.7468958930276982 0.7641796083727211 0.008595988538681949 0.005739365293720459
72 0.7464183381088825 0.7533760972316003 0.0028653295128939827 0.001688048615800135
24 0.7468958930276982 0.8610735989196489 0.008595988538681949 0.005739365293720459
26 0.7468958930276982 0.8528021607022283 0.008595988538681949 0.006076975016880486
26 0.7464183381088825 0.8472316002700878 0.009551098376313277 0.005739365293720459
72 0.7464183381088825 0.8419986495611074 0.0028653295128939827 0.002025658338960162
41 0.751432664756447 0.5899729912221472 0.0004775549188156638 0.033423362592842676
86 0.5434574976122254 0.6672856178257934 0.007640878701050621 0.01586765698852127
24 0.7187201528175741 0.8445307224848075 0.009551098376313277 0.005739365293720459
41 0.6864851957975168 0.8566846725185685 0.0004775549188156638 0.016542876434841324
24 0.7191977077363897 0.775320729237002 0.008595988538681949 0.005739365293720459
26 0.7187201528175741 0.7557393652937204 0.009551098376313277 0.005739365293720459
72 0.7187201528175741 0.75050641458474 0.0028653295128939827 0.002025658338960162
72 0.7187201528175741 0.8391289669142471 0.0028653295128939827 0.001688048615800135
41 0.7141833810888252 0.7766711681296421 0.0004775549188156638 0.03950033760972316
41 0.7141833810888252 0.8556718433490884 0.0004775549188156638 0.019918973666441592
41 0.5503820439350525 0.7047602970965564 0.0004775549188156638 0.028021607022282242
41 0.5405921680993314 0.7881498987170831 0.0009551098376313276 0.03882511816340311
41 0.5405921680993314 0.8696826468602296 0.0009551098376313276 0.024983119513842
41 0.5503820439350525 0.5847400405131667 0.0004775549188156638 0.031060094530722483
121 0.17502387774594078 0.7987846049966238 0.027220630372492838 0.004051316677920324
121 0.15281757402101243 0.8050303848750844 0.0725883476599809 0.0070898041863605675
24 0.5451289398280802 0.7864618501012829 0.01002865329512894 0.005739365293720459
26 0.5451289398280802 0.7726198514517219 0.01002865329512894 0.005739365293720459
26 0.5451289398280802 0.7668804861580013 0.01002865329512894 0.005739365293720459
74 0.5451289398280802 0.762322754895341 0.009073543457497613 0.0006752194463200541
24 0.5451289398280802 0.8668129642133694 0.01002865329512894 0.005739365293720459
24 0.5451289398280802 0.8610735989196489 0.01002865329512894 0.005739365293720459
24 0.5451289398280802 0.8556718433490884 0.01002865329512894 0.005739365293720459
74 0.5451289398280802 0.8470627954085078 0.009073543457497613 0.0006752194463200541
24 0.6186723973256925 0.775320729237002 0.009073543457497613 0.005739365293720459
41 0.5847659980897804 0.7859554355165429 0.0004775549188156638 0.03443619176232275
41 0.5847659980897804 0.8659689399054693 0.0004775549188156638 0.01688048615800135
26 0.6181948424068768 0.7557393652937204 0.01002865329512894 0.005739365293720459
72 0.6181948424068768 0.75050641458474 0.002387774594078319 0.002025658338960162
24 0.6181948424068768 0.8445307224848075 0.01002865329512894 0.005739365293720459
72 0.6181948424068768 0.8391289669142471 0.002387774594078319 0.001688048615800135
41 0.6134192932187201 0.7790344361917623 0.0004775549188156638 0.044226873733963536
41 0.6134192932187201 0.8578663065496286 0.0004775549188156638 0.024307900067521943
24 0.589541547277937 0.6193450371370696 0.01002865329512894 0.005739365293720459
24 0.589541547277937 0.7864618501012829 0.01002865329512894 0.005739365293720459
26 0.589541547277937 0.7668804861580013 0.01002865329512894 0.005739365293720459
72 0.589541547277937 0.761647535449021 0.002387774594078319 0.002025658338960162
24 0.589541547277937 0.8556718433490884 0.01002865329512894 0.005739365293720459
72 0.589541547277937 0.8472316002700878 0.002387774594078319 0.001688048615800135
41 0.5847659980897804 0.6277852802160703 0.0004775549188156638 0.01451721809588116
72 0.9300382043935053 0.75050641458474 0.002387774594078319 0.002025658338960162
41 0.8975644699140402 0.8570222822417286 0.0004775549188156638 0.01586765698852127
24 0.9305157593123209 0.775320729237002 0.009073543457497613 0.005739365293720459
26 0.9300382043935053 0.7557393652937204 0.01002865329512894 0.005739365293720459
41 0.8975644699140402 0.7781904118838623 0.0004775549188156638 0.035111411208642807
24 0.9300382043935053 0.8445307224848075 0.01002865329512894 0.005739365293720459
72 0.9300382043935053 0.8391289669142471 0.002387774594078319 0.001688048615800135
41 0.9252626552053486 0.7761647535449021 0.0004775549188156638 0.03848750844024308
41 0.9252626552053486 0.8549966239027684 0.0004775549188156638 0.018568534773801486
24 0.9023400191021967 0.6193450371370696 0.01002865329512894 0.005739365293720459
41 0.8526743075453678 0.7786968264686023 0.0004775549188156638 0.035449020931802834
41 0.8526743075453678 0.8575286968264686 0.0004775549188156638 0.016205266711681297
26 0.9023400191021967 0.7780216070222823 0.01002865329512894 0.005739365293720459
24 0.9023400191021967 0.7586090479405807 0.01002865329512894 0.006076975016880486
72 0.9023400191021967 0.7533760972316003 0.002387774594078319 0.001688048615800135
26 0.9023400191021967 0.8472316002700878 0.01002865329512894 0.005739365293720459
72 0.9023400191021967 0.8419986495611074 0.002387774594078319 0.002025658338960162
41 0.8975644699140402 0.6272788656313302 0.0004775549188156638 0.01350438892640108
121 0.7834288443170965 0.8723835246455098 0.08166189111747851 0.002025658338960162
121 0.7831900668576887 0.8769412559081702 0.0830945558739255 0.001688048615800135
121 0.7834288443170965 0.7920324105334233 0.08166189111747851 0.002025658338960162
121 0.7831900668576887 0.7965901417960837 0.0830945558739255 0.001688048615800135
121 0.7000955109837631 0.861411208642809 0.027698185291308502 0.002363268062120189
121 0.6776504297994269 0.8661377447670493 0.0725883476599809 0.003038487508440243
121 0.7000955109837631 0.7922012153950033 0.027698185291308502 0.002363268062120189
121 0.6776504297994269 0.7972653612424038 0.0725883476599809 0.003038487508440243
121 0.6356255969436485 0.6352126941255908 0.10124164278892073 0.001688048615800135
121 0.5993314231136581 0.8690074274139096 0.02865329512893983 0.006076975016880486
121 0.5771251193887297 0.8767724510465902 0.07306590257879657 0.012829169480081027
121 0.5993314231136581 0.7987846049966238 0.02865329512893983 0.004051316677920324
121 0.5771251193887297 0.8048615800135044 0.07306590257879657 0.007427413909520594
121 0.4873447946513849 0.861411208642809 0.02626552053486151 0.002363268062120189
121 0.46466093600764086 0.8661377447670493 0.0725883476599809 0.003038487508440243
121 0.4873447946513849 0.7922012153950033 0.02626552053486151 0.002363268062120189
121 0.46466093600764086 0.7972653612424038 0.0725883476599809 0.003038487508440243
121 0.8474212034383954 0.6352126941255908 0.10076408787010506 0.001688048615800135
121 0.42311365807067813 0.6352126941255908 0.10028653295128939 0.001688048615800135
121 0.35888252148997135 0.8723835246455098 0.08166189111747851 0.002025658338960162
121 0.35912129894937916 0.8769412559081702 0.0830945558739255 0.001688048615800135
121 0.35888252148997135 0.7920324105334233 0.08166189111747851 0.002025658338960162
121 0.35912129894937916 0.7965901417960837 0.0830945558739255 0.001688048615800135
121 0.27578796561604585 0.861411208642809 0.02626552053486151 0.002363268062120189
121 0.25334288443170966 0.8663065496286293 0.07306590257879657 0.0027008777852802163
121 0.27578796561604585 0.7922012153950033 0.02626552053486151 0.002363268062120189
121 0.25334288443170966 0.7972653612424038 0.07306590257879657 0.003038487508440243
121 0.21131805157593123 0.6352126941255908 0.1017191977077364 0.001688048615800135
121 0.17502387774594078 0.8690074274139096 0.027220630372492838 0.006076975016880486
121 0.15281757402101243 0.8767724510465902 0.0725883476599809 0.012829169480081027
121 0.9116523400191022 0.861411208642809 0.027698185291308502 0.002363268062120189
121 0.8889684813753582 0.8661377447670493 0.07306590257879657 0.003038487508440243
121 0.9116523400191022 0.7922012153950033 0.027698185291308502 0.002363268062120189
121 0.8889684813753582 0.7972653612424038 0.07306590257879657 0.003038487508440243
41 0.7695797516714422 0.861748818365969 0.0004775549188156638 0.030047265361242404
24 0.7745940783190067 0.775320729237002 0.008595988538681949 0.005739365293720459
26 0.774116523400191 0.7557393652937204 0.009551098376313277 0.005739365293720459
72 0.774116523400191 0.75050641458474 0.0028653295128939827 0.002025658338960162
24 0.774116523400191 0.8445307224848075 0.009551098376313277 0.005739365293720459
72 0.774116523400191 0.8391289669142471 0.0028653295128939827 0.001688048615800135
41 0.7695797516714422 0.7766711681296421 0.0004775549188156638 0.03950033760972316
24 0.8018147086914995 0.6193450371370696 0.009551098376313277 0.005739365293720459
26 0.8022922636103151 0.7780216070222823 0.008595988538681949 0.005739365293720459
24 0.8018147086914995 0.7586090479405807 0.009551098376313277 0.006076975016880486
72 0.8018147086914995 0.7533760972316003 0.0028653295128939827 0.001688048615800135
26 0.8018147086914995 0.8472316002700878 0.009551098376313277 0.005739365293720459
72 0.8018147086914995 0.8419986495611074 0.0028653295128939827 0.002025658338960162
41 0.751432664756447 0.7106684672518568 0.0004775549188156638 0.039837947332883185
41 0.7972779369627507 0.6277852802160703 0.0004775549188156638 0.01451721809588116
63 0.7342406876790831 0.7322754895340986 0.008118433619866285 0.016205266711681297
41 0.7418815663801337 0.7780216070222823 0.0004775549188156638 0.036799459824442944
41 0.7418815663801337 0.862592842673869 0.0004775549188156638 0.02835921674544227
24 0.8572110792741165 0.7586090479405807 0.009551098376313277 0.006076975016880486
41 0.8249761222540593 0.861748818365969 0.0004775549188156638 0.030047265361242404
26 0.8572110792741165 0.6223835246455098 0.009551098376313277 0.005739365293720459
26 0.8576886341929322 0.6764010803511141 0.008595988538681949 0.005739365293720459
24 0.8576886341929322 0.6679608372721134 0.008595988538681949 0.005739365293720459
24 0.8572110792741165 0.662559081701553 0.009551098376313277 0.005739365293720459
26 0.8572110792741165 0.7780216070222823 0.009551098376313277 0.005739365293720459
72 0.8572110792741165 0.7533760972316003 0.0028653295128939827 0.001688048615800135
26 0.8572110792741165 0.8472316002700878 0.009551098376313277 0.005739365293720459
72 0.8572110792741165 0.8419986495611074 0.0028653295128939827 0.002025658338960162
41 0.8526743075453678 0.6293045239702904 0.0004775549188156638 0.011478730587440918
41 0.8526743075453678 0.6797771775827144 0.0004775549188156638 0.032072923700202566
41 0.7972779369627507 0.7780216070222823 0.0004775549188156638 0.036799459824442944
41 0.7972779369627507 0.862592842673869 0.0004775549188156638 0.02835921674544227
24 0.8299904489016237 0.775320729237002 0.008595988538681949 0.005739365293720459
26 0.829512893982808 0.7557393652937204 0.009551098376313277 0.005739365293720459
72 0.829512893982808 0.75050641458474 0.0028653295128939827 0.002025658338960162
24 0.829512893982808 0.8445307224848075 0.009551098376313277 0.005739365293720459
72 0.829512893982808 0.8391289669142471 0.0028653295128939827 0.001688048615800135
41 0.8249761222540593 0.7766711681296421 0.0004775549188156638 0.03950033760972316
26 0.22206303724928367 0.7780216070222823 0.008595988538681949 0.005739365293720459
41 0.1893505253104107 0.8588791357191087 0.0004775549188156638 0.024307900067521943
26 0.22158548233046801 0.6223835246455098 0.009551098376313277 0.005739365293720459
96 0.21752626552053486 0.6465226198514518 0.0062082139446036294 0.006076975016880486
95 0.22516714422158549 0.6465226198514518 0.016714422158548233 0.014179608372721135
26 0.22206303724928367 0.6764010803511141 0.008595988538681949 0.005739365293720459
26 0.22206303724928367 0.6709993247805537 0.008595988538681949 0.005739365293720459
24 0.22158548233046801 0.662559081701553 0.009551098376313277 0.005739365293720459
24 0.22158548233046801 0.7586090479405807 0.009551098376313277 0.006076975016880486
72 0.22158548233046801 0.7533760972316003 0.0028653295128939827 0.001688048615800135
26 0.22158548233046801 0.8472316002700878 0.009551098376313277 0.005739365293720459
72 0.22158548233046801 0.8419986495611074 0.0028653295128939827 0.002025658338960162
41 0.2170487106017192 0.6293045239702904 0.0004775549188156638 0.011478730587440918
41 0.2170487106017192 0.6797771775827144 0.0004775549188156638 0.032072923700202566
41 0.16069723018147086 0.7866306549628629 0.0004775549188156638 0.035111411208642807
41 0.16069723018147086 0.8666441593517893 0.0004775549188156638 0.017555705604321403
24 0.19436485195797518 0.775320729237002 0.008595988538681949 0.005739365293720459
26 0.1938872970391595 0.7557393652937204 0.009551098376313277 0.005739365293720459
72 0.1938872970391595 0.75050641458474 0.0028653295128939827 0.002025658338960162
24 0.1938872970391595 0.8445307224848075 0.009551098376313277 0.005739365293720459
72 0.1938872970391595 0.8391289669142471 0.0028653295128939827 0.001688048615800135
41 0.1893505253104107 0.7795408507765024 0.0004775549188156638 0.04523970290344362
26 0.29441260744985676 0.7557393652937204 0.01002865329512894 0.005739365293720459
41 0.2619388729703916 0.7785280216070223 0.0004775549188156638 0.03646185010128292
41 0.2619388729703916 0.8575286968264686 0.0004775549188156638 0.01688048615800135
24 0.2948901623686724 0.775320729237002 0.009073543457497613 0.005739365293720459
72 0.29441260744985676 0.75050641458474 0.002387774594078319 0.002025658338960162
24 0.29441260744985676 0.8445307224848075 0.01002865329512894 0.005739365293720459
72 0.29441260744985676 0.8391289669142471 0.002387774594078319 0.001688048615800135
41 0.2896370582617001 0.7766711681296421 0.0004775549188156638 0.03950033760972316
30 0.545367717287488 0.7098244429439567 0.010506208213944603 0.005739365293720459
41 0.2896370582617001 0.8556718433490884 0.0004775549188156638 0.019918973666441592
24 0.26671442215854824 0.6193450371370696 0.01002865329512894 0.005739365293720459
41 0.2170487106017192 0.7785280216070223 0.0004775549188156638 0.03781228899392303
41 0.2170487106017192 0.8575286968264686 0.0004775549188156638 0.01823092505064146
41 0.16069723018147086 0.6282916948008103 0.0004775549188156638 0.01350438892640108
96 0.2626552053486151 0.6433153274814315 0.0066857688634192934 0.006414584740040513
95 0.2702960840496657 0.6433153274814315 0.01623686723973257 0.013841998649561107
26 0.26671442215854824 0.7780216070222823 0.01002865329512894 0.005739365293720459
24 0.26671442215854824 0.7586090479405807 0.01002865329512894 0.006076975016880486
72 0.26671442215854824 0.7533760972316003 0.002387774594078319 0.001688048615800135
26 0.26671442215854824 0.8472316002700878 0.01002865329512894 0.005739365293720459
72 0.26671442215854824 0.8418298446995274 0.002387774594078319 0.001688048615800135
41 0.2619388729703916 0.6277852802160703 0.0004775549188156638 0.01451721809588116
8 0.06399235912129896 0.687711006076975 0.021012416427889206 0.01688048615800135
67 0.08500477554918816 0.6927751519243754 0.0066857688634192934 0.01350438892640108
67 0.09264565425023878 0.6843349088453747 0.0066857688634192934 0.01350438892640108
5 0.06399235912129896 0.7913571910871033 0.02005730659025788 0.04051316677920324
67 0.08500477554918816 0.7888251181634031 0.0066857688634192934 0.013841998649561107
67 0.09264565425023878 0.7803848750844025 0.0066857688634192934 0.013841998649561107
5 0.06399235912129896 0.8605671843349089 0.02005730659025788 0.04051316677920324
67 0.08500477554918816 0.8578663065496286 0.0066857688634192934 0.01350438892640108
67 0.09264565425023878 0.849426063470628 0.0066857688634192934 0.01350438892640108
28 0.12129894937917861 0.6028021607022283 0.010506208213944603 0.005739365293720459
28 0.12082139446036294 0.5970627954085078 0.009551098376313277 0.005739365293720459
28 0.12082139446036294 0.5916610398379474 0.009551098376313277 0.005739365293720459
30 0.12082139446036294 0.5832207967589467 0.009551098376313277 0.005739365293720459
87 0.11962750716332378 0.6033085752869682 0.0071633237822349575 0.01012829169480081
0 0.04035339063992359 0.6436529372045915 0.009073543457497613 0.11647535449020932
0 0.041069723018147083 0.8266374071573261 0.007640878701050621 0.09216745442268737
30 0.12129894937917861 0.7211343686698177 0.010506208213944603 0.006076975016880486
135 0.5396370582617 0.7466239027683997 0.8252148997134671 0.00033760972316002703
5 0.06399235912129896 0.5965563808237677 0.02005730659025788 0.04051316677920324
67 0.08500477554918816 0.5938555030384876 0.0066857688634192934 0.01350438892640108
67 0.09264565425023878 0.5854152599594868 0.0066857688634192934 0.01350438892640108
41 0.11628462273161413 0.7883187035786631 0.0004775549188156638 0.03848750844024308
41 0.11628462273161413 0.8698514517218096 0.0004775549188156638 0.02464550979068197
24 0.16523400191021967 0.6193450371370696 0.009551098376313277 0.005739365293720459
96 0.16117478510028654 0.6465226198514518 0.0062082139446036294 0.006076975016880486
95 0.16881566380133714 0.6465226198514518 0.016714422158548233 0.014179608372721135
24 0.16523400191021967 0.7864618501012829 0.009551098376313277 0.005739365293720459
26 0.16523400191021967 0.7668804861580013 0.009551098376313277 0.005739365293720459
72 0.16523400191021967 0.761647535449021 0.0028653295128939827 0.002025658338960162
24 0.16523400191021967 0.8556718433490884 0.009551098376313277 0.005739365293720459
72 0.16523400191021967 0.8472316002700878 0.0028653295128939827 0.001688048615800135
30 0.12082139446036294 0.7098244429439567 0.009551098376313277 0.005739365293720459
86 0.11914995224450811 0.6671168129642133 0.008118433619866285 0.015530047265361242
24 0.12082139446036294 0.7864618501012829 0.009551098376313277 0.005739365293720459
26 0.12082139446036294 0.7726198514517219 0.009551098376313277 0.005739365293720459
26 0.12082139446036294 0.7668804861580013 0.009551098376313277 0.005739365293720459
74 0.12106017191977077 0.762322754895341 0.009073543457497613 0.0006752194463200541
24 0.12082139446036294 0.8668129642133694 0.009551098376313277 0.005739365293720459
24 0.12082139446036294 0.8610735989196489 0.009551098376313277 0.005739365293720459
24 0.12082139446036294 0.8556718433490884 0.009551098376313277 0.005739365293720459
74 0.12106017191977077 0.8470627954085078 0.009073543457497613 0.0006752194463200541
41 0.12631327602674308 0.5852464550979068 0.0004775549188156638 0.032072923700202566
41 0.12631327602674308 0.7050979068197164 0.0004775549188156638 0.028696826468602294
24 0.4333810888252149 0.6679608372721134 0.009073543457497613 0.005739365293720459
24 0.43290353390639924 0.662559081701553 0.01002865329512894 0.005739365293720459
26 0.4333810888252149 0.7780216070222823 0.009073543457497613 0.005739365293720459
24 0.43290353390639924 0.7586090479405807 0.01002865329512894 0.006076975016880486
72 0.43290353390639924 0.7533760972316003 0.002387774594078319 0.001688048615800135
26 0.43290353390639924 0.8472316002700878 0.01002865329512894 0.005739365293720459
72 0.43290353390639924 0.8418298446995274 0.002387774594078319 0.001688048615800135
41 0.4281279847182426 0.6294733288318703 0.0004775549188156638 0.01114112086428089
26 0.4333810888252149 0.6764010803511141 0.009073543457497613 0.005739365293720459
41 0.4281279847182426 0.6797771775827144 0.0004775549188156638 0.032072923700202566
41 0.4281279847182426 0.7785280216070223 0.0004775549188156638 0.03781228899392303
41 0.4281279847182426 0.8575286968264686 0.0004775549188156638 0.01823092505064146
41 0.3727316141356256 0.862930452397029 0.0004775549188156638 0.027683997299122215
24 0.4056829035339064 0.775320729237002 0.009073543457497613 0.005739365293720459
26 0.4052053486150907 0.7557393652937204 0.01002865329512894 0.005739365293720459
72 0.4052053486150907 0.75050641458474 0.002387774594078319 0.002025658338960162
24 0.4052053486150907 0.8445307224848075 0.01002865329512894 0.005739365293720459
72 0.4052053486150907 0.8391289669142471 0.002387774594078319 0.001688048615800135
41 0.4004297994269341 0.7766711681296421 0.0004775549188156638 0.03950033760972316
41 0.4004297994269341 0.8612424037812288 0.0004775549188156638 0.031060094530722483
26 0.43290353390639924 0.6223835246455098 0.01002865329512894 0.005739365293720459
96 0.4288443170964661 0.6465226198514518 0.0066857688634192934 0.006076975016880486
95 0.4364851957975167 0.6465226198514518 0.01623686723973257 0.014179608372721135
41 0.5011938872970392 0.8561782579338285 0.0004775549188156638 0.018906144496961513
24 0.5062082139446036 0.775320729237002 0.008595988538681949 0.005739365293720459
26 0.505730659025788 0.7557393652937204 0.009551098376313277 0.005739365293720459
72 0.505730659025788 0.75050641458474 0.0028653295128939827 0.002025658338960162
24 0.505730659025788 0.8445307224848075 0.009551098376313277 0.005739365293720459
72 0.505730659025788 0.8391289669142471 0.0028653295128939827 0.001688048615800135
41 0.5011938872970392 0.7766711681296421 0.0004775549188156638 0.03950033760972316
28 0.545367717287488 0.6028021607022283 0.010506208213944603 0.005739365293720459
28 0.545367717287488 0.5970627954085078 0.010506208213944603 0.005739365293720459
28 0.545367717287488 0.5916610398379474 0.010506208213944603 0.005739365293720459
30 0.545367717287488 0.5832207967589467 0.010506208213944603 0.005739365293720459
87 0.543935052531041 0.6033085752869682 0.007640878701050621 0.01012829169480081
30 0.545367717287488 0.7211343686698177 0.010506208213944603 0.006076975016880486
24 0.4780324737344795 0.6193450371370696 0.009551098376313277 0.005739365293720459
96 0.47397325692454634 0.6433153274814315 0.0062082139446036294 0.006414584740040513
95 0.48161413562559696 0.6433153274814315 0.016714422158548233 0.013841998649561107
26 0.4785100286532951 0.7780216070222823 0.008595988538681949 0.005739365293720459
24 0.4780324737344795 0.7586090479405807 0.009551098376313277 0.006076975016880486
72 0.4780324737344795 0.7533760972316003 0.0028653295128939827 0.001688048615800135
26 0.4780324737344795 0.8472316002700878 0.009551098376313277 0.005739365293720459
72 0.4780324737344795 0.8419986495611074 0.0028653295128939827 0.002025658338960162
41 0.47349570200573066 0.6277852802160703 0.0004775549188156638 0.01451721809588116
41 0.47349570200573066 0.7781904118838623 0.0004775549188156638 0.03713706954760297
41 0.47349570200573066 0.8571910871033086 0.0004775549188156638 0.017555705604321403
41 0.32736389684813755 0.6934503713706954 0.0004775549188156638 0.0337609723160027
63 0.30969436485195795 0.712694125590817 0.008118433619866285 0.016205266711681297
41 0.3173352435530086 0.7783592167454423 0.0004775549188156638 0.03612424037812289
41 0.3173352435530086 0.862930452397029 0.0004775549188156638 0.027683997299122215
24 0.3221107927411652 0.7586090479405807 0.01002865329512894 0.006076975016880486
28 0.3223495702005731 0.5970627954085078 0.010506208213944603 0.005739365293720459
30 0.3218720152817574 0.5886225523295071 0.009551098376313277 0.005739365293720459
30 0.3218720152817574 0.5774814314652262 0.009551098376313277 0.005739365293720459
87 0.3209169054441261 0.6144496961512491 0.007640878701050621 0.01012829169480081
28 0.3223495702005731 0.712862930452397 0.010506208213944603 0.005739365293720459
28 0.3223495702005731 0.6959824442943957 0.010506208213944603 0.005739365293720459
86 0.3204393505253104 0.6672856178257934 0.007640878701050621 0.01586765698852127
26 0.3221107927411652 0.7780216070222823 0.01002865329512894 0.005739365293720459
26 0.3221107927411652 0.7726198514517219 0.01002865329512894 0.005739365293720459
24 0.3221107927411652 0.7641796083727211 0.01002865329512894 0.005739365293720459
72 0.3221107927411652 0.7533760972316003 0.002387774594078319 0.001688048615800135
24 0.3221107927411652 0.8610735989196489 0.01002865329512894 0.005739365293720459
26 0.3221107927411652 0.8528021607022283 0.01002865329512894 0.006076975016880486
26 0.3221107927411652 0.8472316002700878 0.01002865329512894 0.005739365293720459
72 0.3221107927411652 0.8418298446995274 0.002387774594078319 0.001688048615800135
41 0.32736389684813755 0.5796758946657664 0.0004775549188156638 0.03173531397704254
41 0.3450334288443171 0.861411208642809 0.0004775549188156638 0.03072248480756246
24 0.37750716332378226 0.6193450371370696 0.01002865329512894 0.005739365293720459
96 0.3734479465138491 0.6465226198514518 0.0066857688634192934 0.006076975016880486
95 0.38108882521489973 0.6465226198514518 0.01623686723973257 0.014179608372721135
26 0.3779847182425979 0.7780216070222823 0.009073543457497613 0.005739365293720459
41 0.3727316141356256 0.6277852802160703 0.0004775549188156638 0.01451721809588116
24 0.37750716332378226 0.7586090479405807 0.01002865329512894 0.006076975016880486
72 0.37750716332378226 0.8418298446995274 0.002387774594078319 0.001688048615800135
72 0.37750716332378226 0.7533760972316003 0.002387774594078319 0.001688048615800135
26 0.37750716332378226 0.8472316002700878 0.01002865329512894 0.005739365293720459
24 0.3502865329512894 0.775320729237002 0.009073543457497613 0.005739365293720459
26 0.34980897803247374 0.7557393652937204 0.01002865329512894 0.005739365293720459
72 0.34980897803247374 0.75050641458474 0.002387774594078319 0.002025658338960162
24 0.34980897803247374 0.8445307224848075 0.01002865329512894 0.005739365293720459
72 0.34980897803247374 0.8391289669142471 0.002387774594078319 0.001688048615800135
41 0.3450334288443171 0.7766711681296421 0.0004775549188156638 0.03950033760972316
41 0.3727316141356256 0.7780216070222823 0.0004775549188156638 0.036799459824442944