134 0.4997448979591837 0.6033549783549783 0.9045918367346939 0.024170274170274172
1 0.6464285714285715 0.658008658008658 0.0163265306122449 0.0007215007215007215
1 0.33596938775510204 0.658008658008658 0.015816326530612244 0.0007215007215007215
134 0.4997448979591837 0.676046176046176 0.9045918367346939 0.023809523809523808
1 0.6464285714285715 0.7546897546897547 0.0163265306122449 0.0007215007215007215
1 0.33596938775510204 0.7546897546897547 0.015816326530612244 0.0007215007215007215
134 0.4997448979591837 0.7725468975468975 0.9045918367346939 0.024170274170274172
1 0.6464285714285715 0.8782467532467533 0.0163265306122449 0.0010822510822510823
1 0.33596938775510204 0.8782467532467533 0.015816326530612244 0.0010822510822510823
1 0.14107142857142857 0.8782467532467533 0.015816326530612244 0.0010822510822510823
134 0.4997448979591837 0.8603896103896104 0.9045918367346939 0.023809523809523808
134 0.4997448979591837 0.07702020202020202 0.9045918367346939 0.024170274170274172
1 0.7487244897959183 0.3582251082251082 0.015816326530612244 0.0007215007215007215
1 0.851530612244898 0.5335497835497836 0.0163265306122449 0.0007215007215007215
1 0.5431122448979592 0.5335497835497836 0.015816326530612244 0.0007215007215007215
134 0.4997448979591837 0.3403679653679654 0.9045918367346939 0.024170274170274172
134 0.4997448979591837 0.16486291486291485 0.9045918367346939 0.023809523809523808
134 0.4997448979591837 0.5156926406926406 0.9045918367346939 0.024170274170274172
134 0.4997448979591837 0.42803030303030304 0.9045918367346939 0.024170274170274172
1 0.7487244897959183 0.05339105339105339 0.015816326530612244 0.0007215007215007215
1 0.7487244897959183 0.05916305916305916 0.015816326530612244 0.0007215007215007215
1 0.6464285714285715 0.047258297258297256 0.0163265306122449 0.0007215007215007215
1 0.6464285714285715 0.05339105339105339 0.0163265306122449 0.0007215007215007215
1 0.6464285714285715 0.05916305916305916 0.0163265306122449 0.0007215007215007215
1 0.5431122448979592 0.047258297258297256 0.015816326530612244 0.0007215007215007215
1 0.5431122448979592 0.05339105339105339 0.015816326530612244 0.0007215007215007215
1 0.5431122448979592 0.05916305916305916 0.015816326530612244 0.0007215007215007215
1 0.33596938775510204 0.03535353535353535 0.015816326530612244 0.0007215007215007215
1 0.33596938775510204 0.041305916305916304 0.015816326530612244 0.0010822510822510823
1 0.33596938775510204 0.047258297258297256 0.015816326530612244 0.0007215007215007215
1 0.33596938775510204 0.05339105339105339 0.015816326530612244 0.0007215007215007215
1 0.33596938775510204 0.05916305916305916 0.015816326530612244 0.0007215007215007215
134 0.4997448979591837 0.25252525252525254 0.9045918367346939 0.023809523809523808
26 0.5431122448979592 0.3493867243867244 0.010714285714285714 0.006132756132756133
41 0.6512755102040816 0.24206349206349206 0.0005102040816326531 0.016594516594516596
40 0.6576530612244897 0.7696608946608947 0.003061224489795918 0.0025252525252525255
41 0.6415816326530612 0.06277056277056277 0.0005102040816326531 0.025974025974025976
24 0.6464285714285715 0.8782467532467533 0.01020408163265306 0.006132756132756133
24 0.6464285714285715 0.7548701298701299 0.01020408163265306 0.006132756132756133
24 0.6469387755102041 0.7606421356421357 0.009183673469387756 0.006132756132756133
26 0.6469387755102041 0.7696608946608947 0.009183673469387756 0.006132756132756133
24 0.6464285714285715 0.6581890331890332 0.01020408163265306 0.006132756132756133
24 0.6469387755102041 0.663961038961039 0.009183673469387756 0.006132756132756133
26 0.6469387755102041 0.672979797979798 0.009183673469387756 0.006132756132756133
26 0.6459183673469387 0.6004689754689755 0.009183673469387756 0.006132756132756133
26 0.6459183673469387 0.6062409812409812 0.009183673469387756 0.006132756132756133
24 0.6464285714285715 0.6152597402597403 0.01020408163265306 0.006132756132756133
26 0.6464285714285715 0.4309163059163059 0.01020408163265306 0.006132756132756133
24 0.6464285714285715 0.3522727272727273 0.01020408163265306 0.006132756132756133
24 0.6464285714285715 0.2527056277056277 0.01020408163265306 0.006132756132756133
24 0.6464285714285715 0.04743867243867244 0.01020408163265306 0.006132756132756133
41 0.6512755102040816 0.5975829725829725 0.0005102040816326531 0.03282828282828283
41 0.6415816326530612 0.6765873015873016 0.0005102040816326531 0.03427128427128427
53 0.6464285714285715 0.6852453102453102 0.009183673469387756 0.016233766233766232
40 0.6576530612244897 0.672979797979798 0.003061224489795918 0.0025252525252525255
40 0.6576530612244897 0.6004689754689755 0.003061224489795918 0.0025252525252525255
40 0.6576530612244897 0.6064213564213564 0.003061224489795918 0.0021645021645021645
47 0.6551020408163265 0.5901875901875901 0.007142857142857143 0.017316017316017316
40 0.6576530612244897 0.661075036075036 0.003061224489795918 0.0025252525252525255
40 0.6576530612244897 0.6551226551226551 0.003061224489795918 0.0021645021645021645
41 0.6415816326530612 0.7732683982683982 0.0005102040816326531 0.03427128427128427
40 0.6576530612244897 0.6123737373737373 0.003061224489795918 0.0025252525252525255
41 0.6512755102040816 0.4217171717171717 0.0005102040816326531 0.015873015873015872
41 0.6512755102040816 0.3421717171717172 0.0005102040816326531 0.017676767676767676
41 0.5380102040816327 0.17316017316017315 0.0005102040816326531 0.01875901875901876
41 0.5482142857142858 0.3392857142857143 0.0005102040816326531 0.016955266955266956
41 0.5482142857142858 0.23935786435786435 0.0005102040816326531 0.016233766233766232
53 0.5428571428571428 0.17406204906204906 0.009183673469387756 0.016233766233766232
41 0.5380102040816327 0.061507936507936505 0.0005102040816326531 0.030663780663780664
26 0.5431122448979592 0.8753607503607503 0.010714285714285714 0.006132756132756133
88 0.5423469387755102 0.7763347763347763 0.01020408163265306 0.016594516594516596
88 0.5423469387755102 0.6796536796536796 0.01020408163265306 0.016594516594516596
88 0.5423469387755102 0.6071428571428571 0.01020408163265306 0.016594516594516596
26 0.5426020408163266 0.5128066378066378 0.009693877551020408 0.006132756132756133
24 0.5431122448979592 0.5337301587301587 0.010714285714285714 0.006132756132756133
24 0.5431122448979592 0.42803030303030304 0.010714285714285714 0.006132756132756133
121 0.2336734693877551 0.1738816738816739 0.19489795918367347 0.005772005772005772
41 0.5482142857142858 0.8654401154401155 0.0005102040816326531 0.017316017316017316
47 0.5522959183673469 0.5034271284271284 0.0066326530612244895 0.015512265512265512
41 0.5482142857142858 0.512987012987013 0.0005102040816326531 0.03896103896103896
41 0.5482142857142858 0.41919191919191917 0.0005102040816326531 0.015151515151515152
49 0.8604591836734694 0.5045093795093795 0.0066326530612244895 0.01984126984126984
41 0.8563775510204081 0.5124458874458875 0.0005102040816326531 0.03787878787878788
55 0.851530612244898 0.17279942279942279 0.00816326530612245 0.015873015873015872
121 0.3826530612244898 0.26461038961038963 0.10204081632653061 0.0025252525252525255
121 0.2854591836734694 0.270021645021645 0.29846938775510207 0.003246753246753247
121 0.2951530612244898 0.3288239538239538 0.29846938775510207 0.003246753246753247
121 0.39285714285714285 0.3333333333333333 0.10204081632653061 0.0021645021645021645
121 0.3826530612244898 0.44137806637806637 0.10204081632653061 0.0025252525252525255
121 0.2854591836734694 0.44642857142857145 0.29846938775510207 0.003246753246753247
121 0.2336734693877551 0.5416666666666666 0.19489795918367347 0.003968253968253968
121 0.24336734693877551 0.8603896103896104 0.19489795918367347 0.0021645021645021645
121 0.5897959183673469 0.07233044733044733 0.10306122448979592 0.0018037518037518038
121 0.6410714285714286 0.0772005772005772 0.20561224489795918 0.0021645021645021645
121 0.650765306122449 0.23214285714285715 0.20561224489795918 0.006854256854256854
121 0.5997448979591836 0.23593073593073594 0.10357142857142858 0.004329004329004329
121 0.650765306122449 0.3318903318903319 0.20561224489795918 0.006493506493506494
121 0.5997448979591836 0.3354978354978355 0.10357142857142858 0.004329004329004329
121 0.650765306122449 0.4125180375180375 0.20561224489795918 0.006854256854256854
121 0.5997448979591836 0.4161255411255411 0.10357142857142858 0.00468975468975469
121 0.650765306122449 0.8555194805194806 0.20561224489795918 0.0018037518037518038
121 0.599234693877551 0.8603896103896104 0.10255102040816326 0.0021645021645021645
24 0.7487244897959183 0.35804473304473305 0.010714285714285714 0.006132756132756133
41 0.7538265306122449 0.24567099567099568 0.0005102040816326531 0.021645021645021644
41 0.7436224489795918 0.06457431457431458 0.0005102040816326531 0.024531024531024532
26 0.7487244897959183 0.8753607503607503 0.010714285714285714 0.006132756132756133
88 0.7479591836734694 0.5193001443001443 0.01020408163265306 0.016955266955266956
26 0.7487244897959183 0.4370490620490621 0.010714285714285714 0.006132756132756133
24 0.7487244897959183 0.2584776334776335 0.010714285714285714 0.006132756132756133
88 0.7479591836734694 0.16847041847041846 0.01020408163265306 0.016594516594516596
26 0.7487244897959183 0.05032467532467533 0.010714285714285714 0.006132756132756133
41 0.6512755102040816 0.8663419913419913 0.0005102040816326531 0.021284271284271284
40 0.6576530612244897 0.7518037518037518 0.003061224489795918 0.0021645021645021645
40 0.6576530612244897 0.7577561327561327 0.003061224489795918 0.0025252525252525255
41 0.8466836734693878 0.17334054834054835 0.0005102040816326531 0.0183982683982684
26 0.851530612244898 0.5128066378066378 0.01020408163265306 0.006132756132756133
24 0.851530612244898 0.5337301587301587 0.01020408163265306 0.006132756132756133
26 0.851530612244898 0.1617965367965368 0.01020408163265306 0.006132756132756133
41 0.7538265306122449 0.86489898989899 0.0005102040816326531 0.0183982683982684
53 0.6464285714285715 0.7819264069264069 0.009183673469387756 0.016233766233766232
41 0.7538265306122449 0.4255050505050505 0.0005102040816326531 0.020562770562770564
41 0.7538265306122449 0.34559884559884557 0.0005102040816326531 0.022366522366522368
87 0.13979591836734695 0.6040764790764791 0.00816326530612245 0.010461760461760462
26 0.14107142857142857 0.5009018759018758 0.010714285714285714 0.006132756132756133
26 0.14158163265306123 0.5247113997113997 0.009693877551020408 0.006132756132756133
72 0.14107142857142857 0.419011544011544 0.002551020408163265 0.0018037518037518038
24 0.14107142857142857 0.42803030303030304 0.010714285714285714 0.006132756132756133
73 0.14107142857142857 0.3551587301587302 0.002551020408163265 0.0018037518037518038
26 0.14107142857142857 0.3493867243867244 0.010714285714285714 0.006132756132756133
72 0.14107142857142857 0.24368686868686867 0.002551020408163265 0.0018037518037518038
26 0.14107142857142857 0.24945887445887446 0.010714285714285714 0.006132756132756133
26 0.14107142857142857 0.14989177489177488 0.010714285714285714 0.006132756132756133
87 0.13979591836734695 0.07774170274170274 0.00816326530612245 0.010461760461760462
87 0.13979591836734695 0.6767676767676768 0.00816326530612245 0.010822510822510822
69 0.08826530612244898 0.8544372294372294 0.009183673469387756 0.017676767676767676
8 0.06505102040816327 0.8575036075036075 0.02193877551020408 0.018037518037518036
69 0.08826530612244898 0.7667748917748918 0.009183673469387756 0.017676767676767676
8 0.06505102040816327 0.7696608946608947 0.02193877551020408 0.0183982683982684
69 0.08826530612244898 0.6700937950937951 0.009183673469387756 0.017676767676767676
8 0.06505102040816327 0.672979797979798 0.02193877551020408 0.0183982683982684
26 0.5431122448979592 0.24945887445887446 0.010714285714285714 0.006132756132756133
41 0.13596938775510203 0.43813131313131315 0.0005102040816326531 0.017676767676767676
41 0.1461734693877551 0.33874458874458874 0.0005102040816326531 0.018037518037518036
41 0.13596938775510203 0.26046176046176045 0.0005102040816326531 0.01948051948051948
59 0.12857142857142856 0.1462842712842713 0.007142857142857143 0.01479076479076479
41 0.13596938775510203 0.16143578643578643 0.0005102040816326531 0.020562770562770564
73 0.14107142857142857 0.884018759018759 0.002551020408163265 0.0018037518037518038
24 0.14107142857142857 0.8782467532467533 0.010714285714285714 0.006132756132756133
87 0.13979591836734695 0.7732683982683982 0.00816326530612245 0.010461760461760462
4 0.10229591836734694 0.0496031746031746 0.02193877551020408 0.020562770562770564
0 0.04005102040816327 0.6396103896103896 0.007653061224489796 0.09740259740259741
5 0.06505102040816327 0.33946608946608947 0.020918367346938777 0.04329004329004329
69 0.08826530612244898 0.5914502164502164 0.009183673469387756 0.017676767676767676
5 0.06505102040816327 0.6028138528138528 0.020918367346938777 0.04329004329004329
69 0.08826530612244898 0.5037878787878788 0.009183673469387756 0.017676767676767676
69 0.09770408163265307 0.5128066378066378 0.008673469387755102 0.017676767676767676
69 0.10688775510204082 0.5007215007215007 0.008673469387755102 0.017316017316017316
5 0.06505102040816327 0.5151515151515151 0.020918367346938777 0.04329004329004329
69 0.08826530612244898 0.4161255411255411 0.009183673469387756 0.017676767676767676
69 0.09770408163265307 0.424963924963925 0.008673469387755102 0.017316017316017316
5 0.06505102040816327 0.42712842712842713 0.020918367346938777 0.04329004329004329
69 0.08826530612244898 0.3282828282828283 0.009183673469387756 0.017316017316017316
69 0.09770408163265307 0.3373015873015873 0.008673469387755102 0.017316017316017316
69 0.10688775510204082 0.3253968253968254 0.008673469387755102 0.017316017316017316
69 0.08826530612244898 0.24062049062049062 0.009183673469387756 0.017316017316017316
69 0.09770408163265307 0.24963924963924963 0.008673469387755102 0.017316017316017316
69 0.10688775510204082 0.23773448773448774 0.008673469387755102 0.017316017316017316
69 0.11607142857142858 0.24657287157287158 0.008673469387755102 0.017676767676767676
5 0.06505102040816327 0.2518037518037518 0.020918367346938777 0.04329004329004329
69 0.08826530612244898 0.15295815295815296 0.009183673469387756 0.017316017316017316
69 0.09770408163265307 0.1617965367965368 0.008673469387755102 0.017676767676767676
69 0.10688775510204082 0.14989177489177488 0.008673469387755102 0.017676767676767676
5 0.06505102040816327 0.16414141414141414 0.020918367346938777 0.04329004329004329
69 0.08826530612244898 0.06511544011544011 0.009183673469387756 0.017676767676767676
5 0.06505102040816327 0.07647907647907648 0.020918367346938777 0.04329004329004329
41 0.3308673469387755 0.7734487734487735 0.0005102040816326531 0.03391053391053391
53 0.33596938775510204 0.6852453102453102 0.008673469387755102 0.016233766233766232
41 0.3308673469387755 0.6767676767676768 0.0005102040816326531 0.03391053391053391
47 0.3451530612244898 0.5912698412698413 0.0066326530612244895 0.015873015873015872
41 0.3410714285714286 0.5972222222222222 0.0005102040816326531 0.032106782106782104
41 0.3308673469387755 0.5254329004329005 0.0005102040816326531 0.03354978354978355
41 0.3308673469387755 0.4379509379509379 0.0005102040816326531 0.016594516594516596
41 0.3410714285714286 0.338023088023088 0.0005102040816326531 0.018037518037518036
26 0.5431122448979592 0.1617965367965368 0.010714285714285714 0.006132756132756133
26 0.5431122448979592 0.04419191919191919 0.010714285714285714 0.006132756132756133
41 0.4346938775510204 0.43596681096681095 0.0010204081632653062 0.01911976911976912
41 0.4446428571428571 0.3363997113997114 0.0005102040816326531 0.015512265512265512
41 0.13596938775510203 0.5212842712842712 0.0005102040816326531 0.03823953823953824
41 0.4346938775510204 0.25865800865800864 0.0010204081632653062 0.020923520923520924
26 0.43954081632653064 0.42514430014430016 0.010714285714285714 0.006132756132756133
24 0.43954081632653064 0.34613997113997114 0.010714285714285714 0.006132756132756133
24 0.43954081632653064 0.24657287157287158 0.010714285714285714 0.006132756132756133
41 0.3410714285714286 0.8683261183261183 0.0005102040816326531 0.015873015873015872
53 0.3357142857142857 0.7819264069264069 0.009183673469387756 0.016233766233766232
26 0.33596938775510204 0.3493867243867244 0.010714285714285714 0.006132756132756133
26 0.33596938775510204 0.15602453102453104 0.010714285714285714 0.006132756132756133
24 0.33596938775510204 0.035533910533910536 0.010714285714285714 0.006132756132756133
41 0.1461734693877551 0.8686868686868687 0.0005102040816326531 0.016594516594516596
26 0.33596938775510204 0.24945887445887446 0.010714285714285714 0.006132756132756133
59 0.12857142857142856 0.4971139971139971 0.007142857142857143 0.01443001443001443
73 0.33596938775510204 0.8838383838383839 0.002551020408163265 0.0021645021645021645
41 0.3308673469387755 0.2601010101010101 0.0005102040816326531 0.01875901875901876
41 0.3308673469387755 0.16630591630591632 0.0005102040816326531 0.018037518037518036
53 0.33596938775510204 0.06836219336219336 0.008673469387755102 0.016233766233766232
41 0.3308673469387755 0.056818181818181816 0.0005102040816326531 0.04004329004329004
24 0.33596938775510204 0.42803030303030304 0.010714285714285714 0.006132756132756133
24 0.33596938775510204 0.8782467532467533 0.010714285714285714 0.006132756132756133
24 0.33596938775510204 0.7548701298701299 0.010714285714285714 0.006132756132756133
24 0.33596938775510204 0.7606421356421357 0.010714285714285714 0.006132756132756133
24 0.33596938775510204 0.5275974025974026 0.010714285714285714 0.006132756132756133
26 0.33596938775510204 0.5066738816738817 0.010714285714285714 0.006132756132756133
24 0.33596938775510204 0.6152597402597403 0.010714285714285714 0.006132756132756133
26 0.33596938775510204 0.6062409812409812 0.010714285714285714 0.006132756132756133
26 0.33596938775510204 0.6004689754689755 0.010714285714285714 0.006132756132756133
26 0.33596938775510204 0.672979797979798 0.010714285714285714 0.006132756132756133
24 0.33596938775510204 0.663961038961039 0.010714285714285714 0.006132756132756133
24 0.33596938775510204 0.6581890331890332 0.010714285714285714 0.006132756132756133
26 0.33596938775510204 0.7696608946608947 0.010714285714285714 0.006132756132756133