134 0.4997448979591837 0.06439393939393939 0.9045918367346939 0.024170274170274172
134 0.4997448979591837 0.12103174603174603 0.9045918367346939 0.024170274170274172
1 0.7974489795918367 0.1388888888888889 0.015306122448979591 0.0007215007215007215
1 0.6326530612244898 0.1388888888888889 0.015306122448979591 0.0007215007215007215
1 0.6002551020408163 0.1388888888888889 0.015816326530612244 0.0007215007215007215
1 0.6002551020408163 0.14502164502164502 0.015816326530612244 0.0007215007215007215
1 0.13035714285714287 0.10317460317460317 0.015816326530612244 0.0007215007215007215
41 0.5954081632653061 0.07485569985569986 0.0010204081632653062 0.024170274170274172
41 0.6048469387755102 0.13203463203463203 0.0005102040816326531 0.021645021645021644
41 0.6048469387755102 0.05104617604617605 0.0005102040816326531 0.016233766233766232
40 0.6104591836734694 0.06132756132756133 0.002551020408163265 0.0021645021645021645
24 0.6 0.14484126984126985 0.01020408163265306 0.006132756132756133
26 0.6 0.06132756132756133 0.01020408163265306 0.005772005772005772
61 0.5683673469387756 0.06439393939393939 0.00510204081632653 0.015512265512265512
26 0.6979591836734694 0.12391774891774891 0.01020408163265306 0.006132756132756133
87 0.6969387755102041 0.07593795093795094 0.00816326530612245 0.00974025974025974
86 0.6961734693877552 0.05248917748917749 0.0066326530612244895 0.016955266955266956
41 0.6701530612244898 0.12391774891774891 0.0005102040816326531 0.01479076479076479
24 0.6653061224489796 0.13293650793650794 0.01020408163265306 0.006132756132756133
41 0.6375 0.12860750360750361 0.0005102040816326531 0.016955266955266956
24 0.6326530612244898 0.13906926406926406 0.01020408163265306 0.006132756132756133
41 0.5505102040816326 0.07485569985569986 0.0010204081632653062 0.024170274170274172
41 0.5599489795918368 0.050505050505050504 0.0005102040816326531 0.017316017316017316
88 0.5553571428571429 0.12373737373737374 0.010714285714285714 0.015151515151515152
26 0.5551020408163265 0.06132756132756133 0.01020408163265306 0.005772005772005772
121 0.17857142857142858 0.036616161616161616 0.08673469387755102 0.003968253968253968
121 0.2173469387755102 0.04220779220779221 0.00816326530612245 0.0021645021645021645
41 0.5747448979591837 0.07575757575757576 0.0005102040816326531 0.01948051948051948
41 0.5844387755102041 0.05266955266955267 0.0005102040816326531 0.01948051948051948
24 0.5795918367346938 0.06439393939393939 0.01020408163265306 0.006132756132756133
41 0.9364795918367347 0.0726911976911977 0.0005102040816326531 0.024891774891774892
24 0.9413265306122449 0.058261183261183264 0.01020408163265306 0.006132756132756133
41 0.9160714285714285 0.0735930735930736 0.0005102040816326531 0.020202020202020204
26 0.9206632653061224 0.06132756132756133 0.009693877551020408 0.005772005772005772
41 0.8951530612244898 0.07485569985569986 0.0005102040816326531 0.017676767676767676
24 0.9 0.06439393939393939 0.01020408163265306 0.006132756132756133
41 0.8747448979591836 0.07341269841269842 0.0005102040816326531 0.020562770562770564
26 0.8795918367346939 0.06132756132756133 0.01020408163265306 0.005772005772005772
121 0.20790816326530612 0.0772005772005772 0.007653061224489796 0.0021645021645021645
121 0.1691326530612245 0.0817099567099567 0.08724489795918368 0.003246753246753247
121 0.1691326530612245 0.12463924963924963 0.08520408163265306 0.006854256854256854
121 0.1691326530612245 0.12932900432900432 0.08724489795918368 0.006854256854256854
121 0.31173469387755104 0.03336940836940837 0.11836734693877551 0.0018037518037518038
121 0.31198979591836734 0.03823953823953824 0.11683673469387755 0.0021645021645021645
121 0.33010204081632655 0.04292929292929293 0.08061224489795918 0.0021645021645021645
121 0.4568877551020408 0.03571428571428571 0.12295918367346939 0.0021645021645021645
121 0.4568877551020408 0.04040404040404041 0.12193877551020409 0.0021645021645021645
121 0.44668367346938775 0.04527417027417027 0.10153061224489796 0.0018037518037518038
121 0.5826530612244898 0.04148629148629149 0.044897959183673466 0.0021645021645021645
121 0.5721938775510204 0.04635642135642136 0.023979591836734693 0.0018037518037518038
121 0.5721938775510204 0.051226551226551224 0.023979591836734693 0.0021645021645021645
121 0.5627551020408164 0.07738095238095238 0.024489795918367346 0.0018037518037518038
121 0.5627551020408164 0.08225108225108226 0.024489795918367346 0.0021645021645021645
121 0.5729591836734694 0.08694083694083694 0.044897959183673466 0.0021645021645021645
121 0.6375 0.1185064935064935 0.06479591836734694 0.006854256854256854
121 0.6375 0.12355699855699856 0.06479591836734694 0.006854256854256854
121 0.8647959183673469 0.07557720057720058 0.14285714285714285 0.0018037518037518038
121 0.8647959183673469 0.08044733044733045 0.14285714285714285 0.0021645021645021645
121 0.8645408163265306 0.08513708513708514 0.1433673469387755 0.0021645021645021645
24 0.7668367346938776 0.07016594516594517 0.01020408163265306 0.006132756132756133
24 0.7974489795918367 0.13906926406926406 0.01020408163265306 0.006132756132756133
26 0.7974489795918367 0.06132756132756133 0.01020408163265306 0.005772005772005772
86 0.7959183673469388 0.05248917748917749 0.007142857142857143 0.016955266955266956
55 0.7673469387755102 0.08008658008658008 0.00816326530612245 0.016594516594516596
41 0.7622448979591837 0.08044733044733045 0.0010204081632653062 0.018037518037518036
41 0.7926020408163266 0.07377344877344877 0.0005102040816326531 0.022727272727272728
88 0.7364795918367347 0.07882395382395382 0.010714285714285714 0.015512265512265512
41 0.7025510204081633 0.1130952380952381 0.0010204081632653062 0.01984126984126984
41 0.8543367346938775 0.07287157287157287 0.0005102040816326531 0.024531024531024532
24 0.8591836734693877 0.058261183261183264 0.01020408163265306 0.006132756132756133
41 0.8339285714285715 0.07431457431457432 0.0005102040816326531 0.021645021645021644
26 0.8385204081632653 0.06132756132756133 0.009693877551020408 0.005772005772005772
41 0.8130102040816326 0.07557720057720058 0.0005102040816326531 0.01911976911976912
24 0.8178571428571428 0.06439393939393939 0.01020408163265306 0.006132756132756133
41 0.8022959183673469 0.12806637806637808 0.0005102040816326531 0.01948051948051948
41 0.2125 0.07251082251082251 0.0005102040816326531 0.01875901875901876
41 0.2221938775510204 0.045454545454545456 0.0005102040816326531 0.015873015873015872
24 0.2173469387755102 0.11507936507936507 0.01020408163265306 0.005772005772005772
26 0.2173469387755102 0.06132756132756133 0.01020408163265306 0.005772005772005772
26 0.2173469387755102 0.055375180375180376 0.01020408163265306 0.006132756132756133
41 0.18443877551020407 0.12085137085137085 0.0005102040816326531 0.01875901875901876
24 0.18928571428571428 0.10912698412698413 0.01020408163265306 0.006132756132756133
41 0.1538265306122449 0.12121212121212122 0.0005102040816326531 0.01443001443001443
26 0.1586734693877551 0.11201298701298701 0.01020408163265306 0.006132756132756133
41 0.24311224489795918 0.12355699855699856 0.0005102040816326531 0.0183982683982684
41 0.5186224489795919 0.047619047619047616 0.0005102040816326531 0.023809523809523808
41 0.2528061224489796 0.04365079365079365 0.0005102040816326531 0.020202020202020204
40 0.25816326530612244 0.055375180375180376 0.003061224489795918 0.0018037518037518038
26 0.2479591836734694 0.11201298701298701 0.01020408163265306 0.006132756132756133
26 0.2479591836734694 0.06132756132756133 0.01020408163265306 0.005772005772005772
26 0.2479591836734694 0.055375180375180376 0.01020408163265306 0.006132756132756133
41 0.2125 0.12391774891774891 0.0005102040816326531 0.015512265512265512
67 0.08698979591836735 0.12355699855699856 0.0066326530612244895 0.01479076479076479
67 0.09387755102040816 0.11471861471861472 0.006122448979591836 0.01443001443001443
67 0.10051020408163265 0.1266233766233766 0.006122448979591836 0.01443001443001443
8 0.0653061224489796 0.11868686868686869 0.02142857142857143 0.01875901875901876
67 0.08698979591836735 0.06096681096681097 0.0066326530612244895 0.01443001443001443
67 0.09387755102040816 0.05194805194805195 0.006122448979591836 0.01443001443001443
67 0.10051020408163265 0.06385281385281386 0.006122448979591836 0.01443001443001443
5 0.06479591836734694 0.06493506493506493 0.02040816326530612 0.04040404040404041
122 0.11377551020408164 0.06132756132756133 0.0163265306122449 0.002886002886002886
122 0.11454081632653061 0.047979797979797977 0.01683673469387755 0.002886002886002886
0 0.039540816326530615 0.09253246753246754 0.008673469387755102 0.08116883116883117
41 0.125765306122449 0.11616161616161616 0.0005102040816326531 0.021645021645021644
41 0.125765306122449 0.0707070707070707 0.0005102040816326531 0.020202020202020204
40 0.1405612244897959 0.06132756132756133 0.002551020408163265 0.0021645021645021645
41 0.24311224489795918 0.07215007215007214 0.0005102040816326531 0.01948051948051948
41 0.13494897959183674 0.04292929292929293 0.0005102040816326531 0.01443001443001443
40 0.1405612244897959 0.049422799422799424 0.002551020408163265 0.0021645021645021645
24 0.13035714285714287 0.10317460317460317 0.009693877551020408 0.005772005772005772
24 0.13035714285714287 0.058261183261183264 0.009693877551020408 0.006132756132756133
24 0.13035714285714287 0.05248917748917749 0.009693877551020408 0.006132756132756133
61 0.3793367346938776 0.06439393939393939 0.005612244897959183 0.015512265512265512
41 0.38596938775510203 0.07539682539682539 0.0005102040816326531 0.017316017316017316
41 0.3951530612244898 0.12157287157287157 0.0005102040816326531 0.01875901875901876
41 0.3951530612244898 0.044372294372294376 0.0005102040816326531 0.017316017316017316
24 0.3905612244897959 0.13293650793650794 0.009693877551020408 0.006132756132756133
26 0.47270408163265304 0.055375180375180376 0.009693877551020408 0.006132756132756133
41 0.4772959183673469 0.045093795093795096 0.0005102040816326531 0.01875901875901876
24 0.3905612244897959 0.06439393939393939 0.009693877551020408 0.006132756132756133
26 0.3905612244897959 0.055375180375180376 0.009693877551020408 0.006132756132756133
41 0.4568877551020408 0.04599567099567099 0.0005102040816326531 0.020562770562770564
41 0.4364795918367347 0.047619047619047616 0.0005102040816326531 0.023809523809523808
26 0.4316326530612245 0.06132756132756133 0.01020408163265306 0.005772005772005772
24 0.4520408163265306 0.058261183261183264 0.01020408163265306 0.006132756132756133
41 0.4160714285714286 0.046176046176046176 0.0005102040816326531 0.020923520923520924
24 0.41122448979591836 0.058261183261183264 0.01020408163265306 0.006132756132756133
41 0.3298469387755102 0.04491341991341991 0.0005102040816326531 0.022727272727272728
24 0.325 0.058261183261183264 0.01020408163265306 0.006132756132756133
41 0.3094387755102041 0.04365079365079365 0.0005102040816326531 0.020202020202020204
41 0.4982142857142857 0.046176046176046176 0.0005102040816326531 0.020923520923520924
26 0.30459183673469387 0.055375180375180376 0.01020408163265306 0.006132756132756133
41 0.28877551020408165 0.04220779220779221 0.0010204081632653062 0.017316017316017316
24 0.2841836734693878 0.05248917748917749 0.01020408163265306 0.006132756132756133
26 0.5137755102040816 0.06132756132756133 0.01020408163265306 0.005772005772005772
41 0.3711734693877551 0.045093795093795096 0.0005102040816326531 0.023088023088023088
24 0.3663265306122449 0.058261183261183264 0.01020408163265306 0.006132756132756133
41 0.35025510204081634 0.04635642135642136 0.0005102040816326531 0.025613275613275612
26 0.34566326530612246 0.06132756132756133 0.009693877551020408 0.005772005772005772
24 0.4933673469387755 0.058261183261183264 0.01020408163265306 0.006132756132756133
134 0.4989795918367347 0.22943722943722944 0.9030612244897959 0.023809523809523808
134 0.4997448979591837 0.28625541125541126 0.9045918367346939 0.024170274170274172
24 0.7423469387755102 0.22348484848484848 0.01020408163265306 0.006132756132756133
41 0.7471938775510204 0.21536796536796537 0.0005102040816326531 0.01443001443001443
40 0.7525510204081632 0.22041847041847043 0.003061224489795918 0.0021645021645021645
26 0.7423469387755102 0.2712842712842713 0.01020408163265306 0.005772005772005772
24 0.7423469387755102 0.22943722943722944 0.01020408163265306 0.005772005772005772
41 0.7375 0.23935786435786435 0.0005102040816326531 0.017676767676767676
41 0.7012755102040816 0.29238816738816736 0.0005102040816326531 0.020562770562770564
24 0.7061224489795919 0.2801226551226551 0.01020408163265306 0.006132756132756133
41 0.6650510204081632 0.29653679653679654 0.0005102040816326531 0.017316017316017316
41 0.7900510204081632 0.23665223665223664 0.0005102040816326531 0.016594516594516596
41 0.7997448979591837 0.2115800865800866 0.0005102040816326531 0.01406926406926407
26 0.7948979591836735 0.22637085137085136 0.01020408163265306 0.006132756132756133
26 0.7948979591836735 0.2205988455988456 0.01020408163265306 0.006132756132756133
40 0.7525510204081632 0.2325036075036075 0.003061224489795918 0.0018037518037518038
41 0.7375 0.2821067821067821 0.0005102040816326531 0.01948051948051948
24 0.5989795918367347 0.22348484848484848 0.01020408163265306 0.006132756132756133
26 0.6096938775510204 0.22637085137085136 0.01020408163265306 0.006132756132756133
47 0.5867346938775511 0.21284271284271283 0.00510204081632653 0.011544011544011544
41 0.5834183673469387 0.21266233766233766 0.0005102040816326531 0.012626262626262626
26 0.5801020408163265 0.2205988455988456 0.007142857142857143 0.003968253968253968
41 0.6288265306122449 0.30194805194805197 0.0005102040816326531 0.015873015873015872
24 0.6336734693877552 0.2922077922077922 0.01020408163265306 0.005772005772005772
24 0.6698979591836735 0.28625541125541126 0.01020408163265306 0.006132756132756133
41 0.6048469387755102 0.23737373737373738 0.0005102040816326531 0.01948051948051948
41 0.6038265306122449 0.2141053391053391 0.0005102040816326531 0.016955266955266956
88 0.599234693877551 0.2887806637806638 0.010714285714285714 0.015512265512265512
41 0.9252551020408163 0.2334054834054834 0.0005102040816326531 0.021645021645021644
41 0.9349489795918368 0.2058080808080808 0.0005102040816326531 0.01406926406926407
26 0.9301020408163265 0.2205988455988456 0.01020408163265306 0.006132756132756133
26 0.9301020408163265 0.21446608946608947 0.01020408163265306 0.006132756132756133
121 0.7732142857142857 0.20562770562770563 0.052551020408163264 0.004329004329004329
121 0.7951530612244898 0.20941558441558442 0.008673469387755102 0.0025252525252525255
122 0.20841836734693878 0.24134199134199133 0.13010204081632654 0.004329004329004329
121 0.21581632653061225 0.2718253968253968 0.07040816326530612 0.009018759018759018
121 0.21581632653061225 0.2766955266955267 0.06836734693877551 0.008658008658008658
121 0.36122448979591837 0.24567099567099568 0.00816326530612245 0.0021645021645021645
121 0.32142857142857145 0.25126262626262624 0.08877551020408163 0.003968253968253968
121 0.4826530612244898 0.19480519480519481 0.15612244897959185 0.0021645021645021645
121 0.4826530612244898 0.19967532467532467 0.15510204081632653 0.0018037518037518038
121 0.4826530612244898 0.20454545454545456 0.15510204081632653 0.0021645021645021645
122 0.5015306122448979 0.2352092352092352 0.2 0.004329004329004329
122 0.6739795918367347 0.21681096681096682 0.1326530612244898 0.004329004329004329
121 0.6650510204081632 0.30176767676767674 0.07193877551020408 0.009018759018759018
121 0.6650510204081632 0.3064574314574315 0.07193877551020408 0.009018759018759018
121 0.7859693877551021 0.24152236652236653 0.008673469387755102 0.0025252525252525255
121 0.764030612244898 0.2474747474747475 0.052551020408163264 0.004329004329004329
121 0.8895408163265306 0.1994949494949495 0.09030612244897959 0.004329004329004329
121 0.9303571428571429 0.20346320346320346 0.008673469387755102 0.0021645021645021645
121 0.8459183673469388 0.2362914862914863 0.02040816326530612 0.0021645021645021645
121 0.9206632653061224 0.23953823953823955 0.008673469387755102 0.0021645021645021645
121 0.8459183673469388 0.24116161616161616 0.02040816326530612 0.0025252525252525255
121 0.8798469387755102 0.2453102453102453 0.09030612244897959 0.0036075036075036075
47 0.8270408163265306 0.21771284271284272 0.00510204081632653 0.011183261183261184
41 0.8441326530612245 0.20815295815295815 0.0005102040816326531 0.01443001443001443
40 0.8497448979591836 0.21446608946608947 0.002551020408163265 0.0018037518037518038
26 0.8392857142857143 0.2772366522366522 0.01020408163265306 0.006132756132756133
24 0.8392857142857143 0.22348484848484848 0.01020408163265306 0.006132756132756133
24 0.8392857142857143 0.21753246753246752 0.01020408163265306 0.005772005772005772
41 0.8237244897959184 0.22294372294372294 0.0005102040816326531 0.0036075036075036075
47 0.8270408163265306 0.21284271284271283 0.00510204081632653 0.011544011544011544
41 0.8237244897959184 0.21266233766233766 0.0005102040816326531 0.012626262626262626
26 0.8204081632653061 0.22655122655122656 0.007142857142857143 0.004329004329004329
26 0.8204081632653061 0.2205988455988456 0.007142857142857143 0.003968253968253968
41 0.8793367346938775 0.2352092352092352 0.0005102040816326531 0.01948051948051948
24 0.8841836734693878 0.22348484848484848 0.01020408163265306 0.006132756132756133
41 0.8568877551020408 0.23683261183261184 0.0005102040816326531 0.017676767676767676
26 0.861734693877551 0.22637085137085136 0.01020408163265306 0.006132756132756133
41 0.8346938775510204 0.28805916305916307 0.0010204081632653062 0.01984126984126984
41 0.8346938775510204 0.2352092352092352 0.0010204081632653062 0.021645021645021644
26 0.21020408163265306 0.2952741702741703 0.01020408163265306 0.006132756132756133
41 0.2510204081632653 0.27813852813852813 0.0010204081632653062 0.01948051948051948
26 0.24642857142857144 0.28914141414141414 0.01020408163265306 0.006132756132756133
61 0.19872448979591836 0.2952741702741703 0.005612244897959183 0.015512265512265512
41 0.21505102040816326 0.283008658008658 0.0005102040816326531 0.022005772005772004
41 0.18086734693877551 0.2875180375180375 0.0005102040816326531 0.023809523809523808
26 0.1760204081632653 0.30104617604617606 0.01020408163265306 0.006132756132756133
88 0.32576530612244897 0.21428571428571427 0.010714285714285714 0.015151515151515152
41 0.2767857142857143 0.24314574314574314 0.0005102040816326531 0.018037518037518036
40 0.29209183673469385 0.2325036075036075 0.002551020408163265 0.0018037518037518038
24 0.2816326530612245 0.2801226551226551 0.01020408163265306 0.006132756132756133
26 0.2816326530612245 0.2325036075036075 0.01020408163265306 0.006132756132756133
87 0.28061224489795916 0.2233044733044733 0.00816326530612245 0.00937950937950938
67 0.08698979591836735 0.2886002886002886 0.0066326530612244895 0.01443001443001443
67 0.09387755102040816 0.2795815295815296 0.006122448979591836 0.01443001443001443
67 0.10051020408163265 0.2916666666666667 0.006122448979591836 0.01406926406926407
8 0.0653061224489796 0.2837301587301587 0.02142857142857143 0.0183982683982684
67 0.08698979591836735 0.22582972582972582 0.0066326530612244895 0.01443001443001443
67 0.09387755102040816 0.21717171717171718 0.006122448979591836 0.01443001443001443
67 0.10051020408163265 0.22907647907647907 0.006122448979591836 0.01443001443001443
5 0.06479591836734694 0.23015873015873015 0.02040816326530612 0.04040404040404041
0 0.039540816326530615 0.25775613275613274 0.008673469387755102 0.08116883116883117
88 0.14158163265306123 0.2887806637806638 0.010714285714285714 0.015512265512265512
61 0.13010204081632654 0.2325036075036075 0.00510204081632653 0.015512265512265512
41 0.1364795918367347 0.2426046176046176 0.0005102040816326531 0.016955266955266956
41 0.2767857142857143 0.2911255411255411 0.0005102040816326531 0.01948051948051948
26 0.1413265306122449 0.2325036075036075 0.01020408163265306 0.006132756132756133
86 0.13979591836734695 0.22348484848484848 0.007142857142857143 0.016955266955266956
53 0.11836734693877551 0.23881673881673882 0.006122448979591836 0.011544011544011544
41 0.11454081632653061 0.23809523809523808 0.0005102040816326531 0.01443001443001443
24 0.11785714285714285 0.22943722943722944 0.007142857142857143 0.004329004329004329
24 0.48903061224489797 0.21753246753246752 0.009693877551020408 0.005772005772005772
41 0.4714285714285714 0.204004329004329 0.0010204081632653062 0.0183982683982684
26 0.46683673469387754 0.21446608946608947 0.01020408163265306 0.006132756132756133
41 0.49362244897959184 0.20562770562770563 0.0005102040816326531 0.021645021645021644
41 0.449234693877551 0.20526695526695526 0.0005102040816326531 0.020923520923520924
24 0.4443877551020408 0.21753246753246752 0.01020408163265306 0.005772005772005772
41 0.42678571428571427 0.2067099567099567 0.0005102040816326531 0.023809523809523808
26 0.4219387755102041 0.2205988455988456 0.01020408163265306 0.006132756132756133
41 0.5609693877551021 0.20364357864357865 0.0005102040816326531 0.017676767676767676
26 0.5561224489795918 0.21446608946608947 0.01020408163265306 0.006132756132756133
41 0.5385204081632653 0.2050865800865801 0.0005102040816326531 0.020562770562770564
24 0.5336734693877551 0.21753246753246752 0.01020408163265306 0.005772005772005772
41 0.5160714285714286 0.20652958152958154 0.0005102040816326531 0.023448773448773448
26 0.5112244897959184 0.2205988455988456 0.01020408163265306 0.006132756132756133
49 0.3693877551020408 0.21717171717171718 0.007142857142857143 0.018037518037518036
41 0.40433673469387754 0.2050865800865801 0.0005102040816326531 0.020562770562770564
26 0.39948979591836736 0.2952741702741703 0.01020408163265306 0.006132756132756133
24 0.3709183673469388 0.22943722943722944 0.01020408163265306 0.005772005772005772
41 0.3650510204081633 0.21608946608946608 0.0005102040816326531 0.017316017316017316
26 0.39948979591836736 0.22637085137085136 0.01020408163265306 0.006132756132756133
24 0.39948979591836736 0.21753246753246752 0.01020408163265306 0.005772005772005772
41 0.36607142857142855 0.24025974025974026 0.0005102040816326531 0.01948051948051948
41 0.40433673469387754 0.2842712842712843 0.0005102040816326531 0.01948051948051948
41 0.39464285714285713 0.23737373737373738 0.0005102040816326531 0.01948051948051948
26 0.36020408163265305 0.22637085137085136 0.01020408163265306 0.006132756132756133
134 0.4997448979591837 0.3944805194805195 0.9045918367346939 0.024170274170274172
134 0.4997448979591837 0.4514790764790765 0.9045918367346939 0.024170274170274172
1 0.9321428571428572 0.37662337662337664 0.015306122448979591 0.0007215007215007215
1 0.9119897959183674 0.37662337662337664 0.015816326530612244 0.0007215007215007215
1 0.8918367346938776 0.37662337662337664 0.015306122448979591 0.0007215007215007215
1 0.8714285714285714 0.37662337662337664 0.015306122448979591 0.0007215007215007215
1 0.8311224489795919 0.37662337662337664 0.015306122448979591 0.0007215007215007215
1 0.8107142857142857 0.37662337662337664 0.015306122448979591 0.0007215007215007215
1 0.7808673469387755 0.37662337662337664 0.015816326530612244 0.0007215007215007215
41 0.621938775510204 0.3834776334776335 0.0010204081632653062 0.01948051948051948
40 0.6275510204081632 0.3915945165945166 0.003061224489795918 0.0018037518037518038
24 0.6173469387755102 0.45725108225108224 0.01020408163265306 0.006132756132756133
24 0.6173469387755102 0.3944805194805195 0.01020408163265306 0.006132756132756133
61 0.5857142857142857 0.3977272727272727 0.00510204081632653 0.015512265512265512
41 0.5920918367346939 0.4096320346320346 0.0005102040816326531 0.020562770562770564
86 0.7114795918367347 0.4063852813852814 0.0066326530612244895 0.016955266955266956
41 0.6441326530612245 0.46176046176046176 0.0005102040816326531 0.017316017316017316
87 0.7122448979591837 0.3823953823953824 0.00816326530612245 0.00937950937950938
41 0.6762755102040816 0.45761183261183264 0.0005102040816326531 0.020562770562770564
24 0.6811224489795918 0.4453463203463203 0.01020408163265306 0.006132756132756133
41 0.6125 0.40854978354978355 0.0005102040816326531 0.025613275613275612
24 0.6489795918367347 0.4514790764790765 0.01020408163265306 0.006132756132756133
41 0.6125 0.4660894660894661 0.0005102040816326531 0.015151515151515152
41 0.5681122448979592 0.4083694083694084 0.0005102040816326531 0.023088023088023088
41 0.5778061224489796 0.38401875901875904 0.0005102040816326531 0.017676767676767676
88 0.5732142857142857 0.454004329004329 0.010714285714285714 0.015512265512265512
24 0.5729591836734694 0.3944805194805195 0.01020408163265306 0.006132756132756133
41 0.536734693877551 0.3805916305916306 0.0010204081632653062 0.025252525252525252
24 0.5321428571428571 0.3944805194805195 0.01020408163265306 0.006132756132756133
41 0.5165816326530612 0.3795093795093795 0.0005102040816326531 0.020923520923520924
26 0.511734693877551 0.3915945165945166 0.01020408163265306 0.006132756132756133
41 0.6017857142857143 0.38546176046176045 0.0005102040816326531 0.020562770562770564
26 0.5969387755102041 0.3977272727272727 0.01020408163265306 0.006132756132756133
41 0.9369897959183674 0.3634559884559885 0.0005102040816326531 0.016233766233766232
26 0.9321428571428572 0.37373737373737376 0.01020408163265306 0.005772005772005772
41 0.9168367346938775 0.36544011544011545 0.0010204081632653062 0.020202020202020204
24 0.9122448979591836 0.3768037518037518 0.01020408163265306 0.006132756132756133
41 0.8966836734693877 0.36363636363636365 0.0005102040816326531 0.016594516594516596
26 0.8918367346938776 0.37373737373737376 0.01020408163265306 0.005772005772005772
41 0.8762755102040817 0.36507936507936506 0.0005102040816326531 0.01948051948051948
24 0.8714285714285714 0.3768037518037518 0.01020408163265306 0.006132756132756133
121 0.18571428571428572 0.3708513708513709 0.08979591836734693 0.004329004329004329
121 0.2260204081632653 0.37662337662337664 0.00816326530612245 0.0021645021645021645
121 0.2165816326530612 0.41053391053391053 0.007653061224489796 0.0021645021645021645
121 0.17627551020408164 0.4146825396825397 0.09030612244897959 0.003968253968253968
121 0.1913265306122449 0.4549062049062049 0.058163265306122446 0.006493506493506494
121 0.19158163265306122 0.4597763347763348 0.05969387755102041 0.006854256854256854
121 0.32755102040816325 0.36598124098124096 0.1346938775510204 0.0018037518037518038
121 0.32755102040816325 0.3708513708513709 0.1336734693877551 0.0021645021645021645
121 0.3426020408163265 0.37554112554112556 0.10357142857142858 0.0021645021645021645
121 0.4760204081632653 0.36778499278499277 0.12142857142857143 0.0018037518037518038
121 0.47627551020408165 0.37265512265512263 0.12091836734693878 0.0021645021645021645
121 0.4660714285714286 0.37734487734487737 0.10051020408163265 0.0021645021645021645
121 0.5997448979591836 0.37373737373737376 0.044387755102040814 0.0021645021645021645
121 0.5895408163265307 0.3786075036075036 0.023979591836734693 0.0018037518037518038
121 0.5895408163265307 0.3834776334776335 0.023979591836734693 0.0021645021645021645
121 0.5798469387755102 0.41179653679653677 0.023979591836734693 0.0018037518037518038
121 0.5798469387755102 0.4166666666666667 0.023979591836734693 0.0021645021645021645
121 0.5900510204081633 0.4213564213564214 0.044387755102040814 0.0021645021645021645
121 0.6441326530612245 0.466991341991342 0.06377551020408163 0.009018759018759018
121 0.6441326530612245 0.4716810966810967 0.06377551020408163 0.009018759018759018
121 0.8765306122448979 0.3538961038961039 0.12142857142857143 0.0021645021645021645
121 0.8767857142857143 0.3587662337662338 0.12091836734693878 0.0018037518037518038
121 0.8665816326530612 0.36363636363636365 0.10051020408163265 0.0021645021645021645
49 0.7903061224489796 0.36507936507936506 0.007142857142857143 0.01875901875901876
41 0.7857142857142857 0.36363636363636365 0.0010204081632653062 0.018037518037518036
26 0.7808673469387755 0.37373737373737376 0.009693877551020408 0.005772005772005772
88 0.750765306122449 0.3852813852813853 0.010714285714285714 0.015151515151515152
26 0.8107142857142857 0.37373737373737376 0.01020408163265306 0.005772005772005772
41 0.7084183673469387 0.44787157287157287 0.0005102040816326531 0.0183982683982684
41 0.8558673469387755 0.3658008658008658 0.0005102040816326531 0.023088023088023088
26 0.8512755102040817 0.3796897546897547 0.009693877551020408 0.006132756132756133
41 0.835969387755102 0.3647186147186147 0.0005102040816326531 0.020923520923520924
24 0.8311224489795919 0.3768037518037518 0.01020408163265306 0.006132756132756133
41 0.8058673469387755 0.4621212121212121 0.0005102040816326531 0.018037518037518036
26 0.7130102040816326 0.43632756132756134 0.009693877551020408 0.006132756132756133
41 0.815561224489796 0.3634559884559885 0.0005102040816326531 0.0183982683982684
24 0.8107142857142857 0.4514790764790765 0.01020408163265306 0.006132756132756133
86 0.8091836734693878 0.4065656565656566 0.007142857142857143 0.017316017316017316
26 0.2260204081632653 0.43632756132756134 0.01020408163265306 0.006132756132756133
24 0.2260204081632653 0.3944805194805195 0.01020408163265306 0.006132756132756133
24 0.2260204081632653 0.3887085137085137 0.01020408163265306 0.006132756132756133
61 0.18494897959183673 0.43957431457431456 0.005612244897959183 0.015512265512265512
41 0.19158163265306122 0.4505772005772006 0.0005102040816326531 0.018037518037518036
24 0.1961734693877551 0.4393939393939394 0.009693877551020408 0.005772005772005772
41 0.2308673469387755 0.3796897546897547 0.0005102040816326531 0.015512265512265512
41 0.1614795918367347 0.4531024531024531 0.0005102040816326531 0.017316017316017316
26 0.1663265306122449 0.44246031746031744 0.01020408163265306 0.006132756132756133
41 0.2502551020408163 0.4053030303030303 0.0005102040816326531 0.017676767676767676
41 0.2599489795918367 0.37644300144300147 0.0005102040816326531 0.020562770562770564
24 0.25510204081632654 0.3944805194805195 0.01020408163265306 0.006132756132756133
24 0.25510204081632654 0.3887085137085137 0.01020408163265306 0.006132756132756133
41 0.2211734693877551 0.44733044733044736 0.0005102040816326531 0.01948051948051948
41 0.2211734693877551 0.4054834054834055 0.0005102040816326531 0.01948051948051948
5 0.06479591836734694 0.3952020202020202 0.02040816326530612 0.04076479076479077
67 0.08698979591836735 0.4538239538239538 0.0066326530612244895 0.01443001443001443
67 0.09387755102040816 0.4448051948051948 0.006122448979591836 0.01443001443001443
67 0.10051020408163265 0.45670995670995673 0.006122448979591836 0.01443001443001443
8 0.0653061224489796 0.44877344877344877 0.02142857142857143 0.01875901875901876
67 0.08698979591836735 0.39105339105339104 0.0066326530612244895 0.01443001443001443
67 0.09387755102040816 0.38203463203463206 0.006122448979591836 0.01443001443001443
67 0.10051020408163265 0.3941197691197691 0.006122448979591836 0.01406926406926407
24 0.11785714285714285 0.38275613275613274 0.007142857142857143 0.004329004329004329
0 0.039540816326530615 0.42297979797979796 0.008673469387755102 0.08116883116883117
41 0.13137755102040816 0.4036796536796537 0.0005102040816326531 0.01948051948051948
40 0.1461734693877551 0.3915945165945166 0.002551020408163265 0.0018037518037518038
41 0.1405612244897959 0.37662337662337664 0.0005102040816326531 0.013708513708513708
40 0.1461734693877551 0.3856421356421356 0.002551020408163265 0.0021645021645021645
88 0.13622448979591836 0.454004329004329 0.01020408163265306 0.015512265512265512
26 0.13596938775510203 0.3915945165945166 0.009693877551020408 0.006132756132756133
26 0.13596938775510203 0.3856421356421356 0.009693877551020408 0.005772005772005772
24 0.25510204081632654 0.4453463203463203 0.01020408163265306 0.006132756132756133
53 0.11836734693877551 0.3986291486291486 0.006122448979591836 0.011544011544011544
41 0.11454081632653061 0.39754689754689754 0.0005102040816326531 0.015151515151515152
47 0.12448979591836734 0.37536075036075034 0.00510204081632653 0.011183261183261184
41 0.1211734693877551 0.37536075036075034 0.0005102040816326531 0.013347763347763348
24 0.11785714285714285 0.3887085137085137 0.007142857142857143 0.003968253968253968
26 0.4104591836734694 0.39754689754689754 0.009693877551020408 0.005772005772005772
41 0.4150510204081633 0.4547258297258297 0.0005102040816326531 0.0183982683982684
41 0.40561224489795916 0.4074675324675325 0.0010204081632653062 0.017676767676767676
41 0.4150510204081633 0.37716450216450215 0.0005102040816326531 0.0183982683982684
26 0.41020408163265304 0.4662698412698413 0.01020408163265306 0.006132756132756133
24 0.41020408163265304 0.3887085137085137 0.01020408163265306 0.006132756132756133
41 0.3951530612244898 0.37806637806637805 0.0005102040816326531 0.023809523809523808
26 0.3903061224489796 0.3915945165945166 0.01020408163265306 0.006132756132756133
41 0.4961734693877551 0.37734487734487737 0.0005102040816326531 0.01875901875901876
24 0.4913265306122449 0.3887085137085137 0.01020408163265306 0.006132756132756133
41 0.475765306122449 0.3786075036075036 0.0005102040816326531 0.021284271284271284
26 0.4711734693877551 0.3915945165945166 0.009693877551020408 0.006132756132756133
41 0.4558673469387755 0.3804112554112554 0.0005102040816326531 0.024891774891774892
24 0.45102040816326533 0.3944805194805195 0.01020408163265306 0.006132756132756133
41 0.43545918367346936 0.3787878787878788 0.0005102040816326531 0.021645021645021644
26 0.4306122448979592 0.3915945165945166 0.01020408163265306 0.006132756132756133
41 0.33418367346938777 0.3813131313131313 0.0010204081632653062 0.030303030303030304
26 0.3295918367346939 0.3977272727272727 0.01020408163265306 0.006132756132756133
41 0.3767857142857143 0.37481962481962483 0.0005102040816326531 0.017316017316017316
41 0.30994897959183676 0.37932900432900435 0.0005102040816326531 0.026334776334776336
24 0.3051020408163265 0.3944805194805195 0.01020408163265306 0.006132756132756133
41 0.2897959183673469 0.37806637806637805 0.0010204081632653062 0.023809523809523808
26 0.28520408163265304 0.3915945165945166 0.01020408163265306 0.006132756132756133
41 0.2502551020408163 0.45634920634920634 0.0005102040816326531 0.01948051948051948
24 0.3494897959183674 0.3944805194805195 0.01020408163265306 0.006132756132756133
41 0.35433673469387755 0.37987012987012986 0.0005102040816326531 0.027417027417027416
26 0.3719387755102041 0.3856421356421356 0.01020408163265306 0.005772005772005772
61 0.3181122448979592 0.3977272727272727 0.005612244897959183 0.015512265512265512
134 0.4997448979591837 0.5597041847041847 0.9045918367346939 0.024170274170274172
1 0.461734693877551 0.5418470418470418 0.015306122448979591 0.0007215007215007215
1 0.30739795918367346 0.5418470418470418 0.015816326530612244 0.0007215007215007215
1 0.2844387755102041 0.5418470418470418 0.015816326530612244 0.0007215007215007215
1 0.11785714285714285 0.5418470418470418 0.011224489795918367 0.0007215007215007215
1 0.2336734693877551 0.5927128427128427 0.015306122448979591 0.0007215007215007215
1 0.2336734693877551 0.5986652236652237 0.015306122448979591 0.0010822510822510823
134 0.4989795918367347 0.6165223665223665 0.9030612244897959 0.023809523809523808
41 0.7211734693877551 0.5366161616161617 0.0005102040816326531 0.012626262626262626
26 0.7163265306122449 0.5627705627705628 0.01020408163265306 0.005772005772005772
40 0.726530612244898 0.5449134199134199 0.003061224489795918 0.0018037518037518038
88 0.7165816326530612 0.6192279942279942 0.010714285714285714 0.015512265512265512
41 0.7114795918367347 0.5726911976911977 0.0005102040816326531 0.017676767676767676
26 0.7163265306122449 0.5449134199134199 0.01020408163265306 0.006132756132756133
41 0.7951530612244898 0.6114718614718615 0.0005102040816326531 0.012987012987012988
24 0.7903061224489796 0.5477994227994228 0.01020408163265306 0.006132756132756133
26 0.7903061224489796 0.6195887445887446 0.01020408163265306 0.006132756132756133
41 0.7951530612244898 0.5391414141414141 0.0005102040816326531 0.015512265512265512
26 0.8084183673469387 0.5508658008658008 0.0066326530612244895 0.004329004329004329
41 0.811734693877551 0.5434704184704184 0.0010204081632653062 0.013347763347763348
41 0.575765306122449 0.5674603174603174 0.0005102040816326531 0.017316017316017316
26 0.7397959183673469 0.6314935064935064 0.01020408163265306 0.006132756132756133
41 0.7446428571428572 0.621031746031746 0.0005102040816326531 0.0183982683982684
26 0.764795918367347 0.6253607503607503 0.01020408163265306 0.006132756132756133
41 0.7696428571428572 0.6170634920634921 0.0005102040816326531 0.01479076479076479
41 0.6084183673469388 0.5652958152958153 0.0005102040816326531 0.01948051948051948
41 0.6181122448979591 0.5386002886002886 0.0005102040816326531 0.01443001443001443
26 0.6316326530612245 0.5568181818181818 0.007142857142857143 0.003968253968253968
41 0.6283163265306122 0.5654761904761905 0.0005102040816326531 0.015512265512265512
53 0.6321428571428571 0.5667388167388168 0.006122448979591836 0.011544011544011544
26 0.6433673469387755 0.5449134199134199 0.01020408163265306 0.006132756132756133
24 0.613265306122449 0.5537518037518038 0.01020408163265306 0.005772005772005772
24 0.613265306122449 0.5477994227994228 0.01020408163265306 0.006132756132756133
41 0.575765306122449 0.615981240981241 0.0005102040816326531 0.0183982683982684
61 0.5691326530612245 0.5506854256854257 0.005612244897959183 0.015512265512265512
47 0.7061224489795919 0.5505050505050505 0.00510204081632653 0.011544011544011544
41 0.7028061224489796 0.5508658008658008 0.0005102040816326531 0.01443001443001443
24 0.6994897959183674 0.5597041847041847 0.007142857142857143 0.003968253968253968
41 0.6714285714285714 0.5672799422799423 0.0010204081632653062 0.0183982683982684
26 0.6760204081632653 0.5568181818181818 0.01020408163265306 0.006132756132756133
61 0.6321428571428571 0.6134559884559885 0.00510204081632653 0.015512265512265512
41 0.6385204081632653 0.6248196248196248 0.0005102040816326531 0.01875901875901876
41 0.6385204081632653 0.5701659451659452 0.0005102040816326531 0.016955266955266956
40 0.6538265306122449 0.5627705627705628 0.002551020408163265 0.0021645021645021645
41 0.6482142857142857 0.5367965367965368 0.0005102040816326531 0.013708513708513708
26 0.6433673469387755 0.6134559884559885 0.01020408163265306 0.006132756132756133
24 0.6433673469387755 0.5597041847041847 0.01020408163265306 0.006132756132756133
41 0.9318877551020408 0.5710678210678211 0.0005102040816326531 0.01875901875901876
41 0.9415816326530613 0.536075036075036 0.0005102040816326531 0.01443001443001443
24 0.936734693877551 0.5597041847041847 0.01020408163265306 0.006132756132756133
26 0.936734693877551 0.5449134199134199 0.01020408163265306 0.006132756132756133
59 0.8920918367346938 0.612914862914863 0.0066326530612244895 0.01443001443001443
41 0.8989795918367347 0.626984126984127 0.0010204081632653062 0.01875901875901876
121 0.5033163265306122 0.5270562770562771 0.07397959183673469 0.005772005772005772
121 0.5357142857142857 0.5333694083694084 0.00816326530612245 0.0025252525252525255
121 0.6043367346938775 0.5717893217893217 0.008673469387755102 0.0021645021645021645
121 0.5920918367346939 0.577020202020202 0.03316326530612245 0.003246753246753247
121 0.601530612244898 0.5319264069264069 0.0326530612244898 0.003968253968253968
121 0.6135204081632653 0.5362554112554112 0.008673469387755102 0.0025252525252525255
121 0.5153061224489796 0.6020923520923521 0.05 0.008658008658008658
121 0.5153061224489796 0.6069624819624819 0.04897959183673469 0.009018759018759018
122 0.5178571428571429 0.5656565656565656 0.10816326530612246 0.004329004329004329
121 0.6670918367346939 0.571969696969697 0.008673469387755102 0.0025252525252525255
121 0.6551020408163265 0.5775613275613276 0.0326530612244898 0.004329004329004329
122 0.3852040816326531 0.5337301587301587 0.13877551020408163 0.00468975468975469
121 0.3482142857142857 0.5669191919191919 0.08928571428571429 0.0018037518037518038
121 0.3566326530612245 0.5717893217893217 0.10612244897959183 0.0021645021645021645
121 0.3566326530612245 0.5764790764790765 0.10816326530612246 0.0021645021645021645
121 0.26377551020408163 0.525974025974026 0.05102040816326531 0.0036075036075036075
121 0.2844387755102041 0.5301226551226551 0.007653061224489796 0.0025252525252525255
121 0.17857142857142858 0.6199494949494949 0.04897959183673469 0.009018759018759018
121 0.17857142857142858 0.625 0.05 0.009018759018759018
122 0.1846938775510204 0.5396825396825397 0.0836734693877551 0.004329004329004329
122 0.6803571428571429 0.5398629148629148 0.05765306122448979 0.003968253968253968
121 0.7579081632653061 0.5299422799422799 0.07397959183673469 0.004329004329004329
121 0.7905612244897959 0.5357142857142857 0.008673469387755102 0.0021645021645021645
122 0.7729591836734694 0.5716089466089466 0.10918367346938776 0.00468975468975469
121 0.7698979591836734 0.608044733044733 0.05 0.009018759018759018
121 0.7698979591836734 0.6130952380952381 0.05 0.009018759018759018
121 0.8571428571428571 0.5378787878787878 0.0326530612244898 0.0036075036075036075
121 0.8686224489795918 0.5434704184704184 0.007653061224489796 0.0025252525252525255
121 0.8591836734693877 0.5773809523809523 0.00816326530612245 0.0025252525252525255
121 0.8474489795918367 0.5815295815295816 0.0326530612244898 0.0036075036075036075
121 0.925 0.5299422799422799 0.0326530612244898 0.004329004329004329
121 0.9369897959183674 0.5339105339105339 0.008673469387755102 0.002886002886002886
121 0.9272959183673469 0.575937950937951 0.008673469387755102 0.0025252525252525255
121 0.9153061224489796 0.5815295815295816 0.0326530612244898 0.0036075036075036075
59 0.824234693877551 0.5501443001443002 0.0066326530612244895 0.01443001443001443
41 0.8308673469387755 0.6217532467532467 0.0005102040816326531 0.01911976911976912
26 0.8688775510204082 0.5568181818181818 0.01020408163265306 0.006132756132756133
24 0.8688775510204082 0.5658369408369408 0.01020408163265306 0.006132756132756133
41 0.8734693877551021 0.5472582972582972 0.0010204081632653062 0.016594516594516596
41 0.864030612244898 0.5744949494949495 0.0005102040816326531 0.015512265512265512
41 0.8308673469387755 0.5723304473304474 0.0005102040816326531 0.016233766233766232
40 0.8461734693877551 0.5627705627705628 0.002551020408163265 0.0021645021645021645
41 0.8405612244897959 0.5443722943722944 0.0005102040816326531 0.01443001443001443
40 0.8461734693877551 0.5508658008658008 0.002551020408163265 0.0021645021645021645
24 0.8357142857142857 0.6105699855699855 0.01020408163265306 0.006132756132756133
26 0.8357142857142857 0.5625901875901876 0.01020408163265306 0.006132756132756133
24 0.8357142857142857 0.5537518037518038 0.01020408163265306 0.005772005772005772
41 0.8989795918367347 0.573051948051948 0.0010204081632653062 0.0183982683982684
40 0.914030612244898 0.5627705627705628 0.002551020408163265 0.0021645021645021645
41 0.9084183673469388 0.5384199134199135 0.0005102040816326531 0.01406926406926407
40 0.914030612244898 0.5449134199134199 0.002551020408163265 0.0018037518037518038
24 0.9038265306122449 0.6165223665223665 0.009693877551020408 0.005772005772005772
26 0.9038265306122449 0.5627705627705628 0.009693877551020408 0.005772005772005772
24 0.9038265306122449 0.5477994227994228 0.009693877551020408 0.006132756132756133
47 0.814795918367347 0.5431096681096681 0.00510204081632653 0.011904761904761904
53 0.8875 0.5737734487734488 0.005612244897959183 0.011183261183261184
41 0.8839285714285714 0.573953823953824 0.0005102040816326531 0.012987012987012988
47 0.8933673469387755 0.5477994227994228 0.00510204081632653 0.011904761904761904
41 0.8900510204081633 0.5483405483405484 0.0005102040816326531 0.013708513708513708
24 0.8869897959183674 0.5656565656565656 0.0066326530612244895 0.004329004329004329
26 0.8869897959183674 0.5568181818181818 0.0066326530612244895 0.003968253968253968
88 0.26096938775510203 0.5564574314574314 0.010714285714285714 0.015512265512265512
41 0.2288265306122449 0.6053391053391053 0.0005102040816326531 0.021645021645021644
24 0.2844387755102041 0.5418470418470418 0.009693877551020408 0.005772005772005772
26 0.2841836734693878 0.5506854256854257 0.01020408163265306 0.006132756132756133
41 0.28903061224489796 0.533008658008658 0.0005102040816326531 0.015512265512265512
41 0.2795918367346939 0.5616883116883117 0.0010204081632653062 0.01948051948051948
41 0.2385204081632653 0.5351731601731602 0.0005102040816326531 0.016233766233766232
40 0.24387755102040817 0.5449134199134199 0.003061224489795918 0.0018037518037518038
24 0.2336734693877551 0.5925324675324676 0.01020408163265306 0.006132756132756133
87 0.23265306122448978 0.5535714285714286 0.00816326530612245 0.00974025974025974
26 0.2336734693877551 0.5449134199134199 0.01020408163265306 0.006132756132756133
26 0.3479591836734694 0.5568181818181818 0.01020408163265306 0.006132756132756133
59 0.3193877551020408 0.5501443001443002 0.006122448979591836 0.01443001443001443
40 0.5908163265306122 0.5568181818181818 0.003061224489795918 0.0018037518037518038
41 0.32627551020408163 0.566017316017316 0.0005102040816326531 0.020923520923520924
24 0.3311224489795918 0.5537518037518038 0.01020408163265306 0.005772005772005772
41 0.3028061224489796 0.6190476190476191 0.0005102040816326531 0.01875901875901876
41 0.3028061224489796 0.5647546897546898 0.0005102040816326531 0.023448773448773448
41 0.3122448979591837 0.5310245310245311 0.0010204081632653062 0.013708513708513708
26 0.3076530612244898 0.6076839826839827 0.01020408163265306 0.006132756132756133
26 0.30739795918367346 0.5506854256854257 0.009693877551020408 0.006132756132756133
26 0.30739795918367346 0.5387806637806638 0.009693877551020408 0.006132756132756133
55 0.2844387755102041 0.5624098124098124 0.008673469387755102 0.017316017316017316
8 0.0653061224489796 0.613997113997114 0.02142857142857143 0.01875901875901876
67 0.08698979591836735 0.6190476190476191 0.0066326530612244895 0.01443001443001443
67 0.09387755102040816 0.61002886002886 0.006122448979591836 0.01443001443001443
67 0.10051020408163265 0.6219336219336219 0.006122448979591836 0.01443001443001443
24 0.11785714285714285 0.5418470418470418 0.007142857142857143 0.004329004329004329
41 0.1211734693877551 0.5344516594516594 0.0005102040816326531 0.013347763347763348
47 0.12423469387755103 0.5340909090909091 0.005612244897959183 0.011904761904761904
26 0.1346938775510204 0.5447330447330447 0.01020408163265306 0.005772005772005772
86 0.13316326530612244 0.5537518037518038 0.007142857142857143 0.017316017316017316
67 0.08698979591836735 0.5562770562770563 0.0066326530612244895 0.01443001443001443
67 0.09387755102040816 0.5472582972582972 0.006122448979591836 0.01443001443001443
67 0.10051020408163265 0.5591630591630592 0.006122448979591836 0.01443001443001443
5 0.06479591836734694 0.5602453102453102 0.02040816326530612 0.04040404040404041
0 0.039540816326530615 0.5882034632034632 0.008673469387755102 0.08116883116883117
41 0.15331632653061225 0.6217532467532467 0.0005102040816326531 0.012626262626262626
41 0.2038265306122449 0.6125541125541125 0.0005102040816326531 0.017316017316017316
26 0.20841836734693878 0.6015512265512265 0.009693877551020408 0.006132756132756133
41 0.17831632653061225 0.6170634920634921 0.0005102040816326531 0.015512265512265512
26 0.18316326530612245 0.6076839826839827 0.01020408163265306 0.006132756132756133
26 0.15816326530612246 0.6134559884559885 0.01020408163265306 0.006132756132756133
41 0.13954081632653062 0.5367965367965368 0.0005102040816326531 0.013708513708513708
88 0.13494897959183674 0.6192279942279942 0.010714285714285714 0.015512265512265512
26 0.5104591836734694 0.6195887445887446 0.009693877551020408 0.006132756132756133
41 0.4900510204081633 0.6145382395382395 0.0005102040816326531 0.017676767676767676
26 0.48520408163265305 0.6253607503607503 0.01020408163265306 0.006132756132756133
41 0.5150510204081633 0.6103896103896104 0.0005102040816326531 0.015873015873015872
41 0.4568877551020408 0.5681818181818182 0.0005102040816326531 0.01875901875901876
41 0.46658163265306124 0.5310245310245311 0.0005102040816326531 0.011544011544011544
41 0.34311224489795916 0.5670995670995671 0.0005102040816326531 0.01875901875901876
88 0.46198979591836736 0.6192279942279942 0.010714285714285714 0.015512265512265512
26 0.461734693877551 0.5568181818181818 0.01020408163265306 0.006132756132756133
26 0.461734693877551 0.5387806637806638 0.01020408163265306 0.006132756132756133
41 0.5854591836734694 0.5413059163059163 0.0005102040816326531 0.016233766233766232
40 0.5908163265306122 0.5508658008658008 0.003061224489795918 0.0021645021645021645
24 0.5806122448979592 0.6044372294372294 0.01020408163265306 0.006132756132756133
26 0.5806122448979592 0.5568181818181818 0.01020408163265306 0.006132756132756133
26 0.5806122448979592 0.5506854256854257 0.01020408163265306 0.006132756132756133
47 0.5604591836734694 0.5404040404040404 0.004591836734693878 0.010822510822510822
41 0.5571428571428572 0.5402236652236653 0.0010204081632653062 0.013347763347763348
24 0.5538265306122448 0.5477994227994228 0.0066326530612244895 0.003968253968253968
40 0.47219387755102044 0.538961038961039 0.002551020408163265 0.0021645021645021645
41 0.5405612244897959 0.6053391053391053 0.0005102040816326531 0.012987012987012988
41 0.5405612244897959 0.536075036075036 0.0005102040816326531 0.01443001443001443
26 0.5357142857142857 0.6134559884559885 0.01020408163265306 0.006132756132756133
26 0.5357142857142857 0.5449134199134199 0.01020408163265306 0.006132756132756133
24 0.4448979591836735 0.5537518037518038 0.007142857142857143 0.004329004329004329
41 0.4104591836734694 0.5643939393939394 0.0005102040816326531 0.024170274170274172
26 0.4153061224489796 0.5506854256854257 0.01020408163265306 0.006132756132756133
26 0.3816326530612245 0.5506854256854257 0.01020408163265306 0.006132756132756133
41 0.3936224489795918 0.566017316017316 0.0005102040816326531 0.020923520923520924
41 0.3767857142857143 0.5642135642135642 0.0005102040816326531 0.024531024531024532
24 0.39846938775510204 0.5537518037518038 0.01020408163265306 0.005772005772005772
24 0.3647959183673469 0.5537518037518038 0.01020408163265306 0.005772005772005772
59 0.435969387755102 0.5515873015873016 0.0035714285714285713 0.008658008658008658
47 0.45153061224489793 0.5456349206349206 0.00510204081632653 0.011183261183261184
41 0.35994897959183675 0.5656565656565656 0.0005102040816326531 0.021645021645021644
41 0.44821428571428573 0.545995670995671 0.0005102040816326531 0.01406926406926407
134 0.4997448979591837 0.7815656565656566 0.9045918367346939 0.024170274170274172
1 0.29183673469387755 0.7637085137085137 0.015306122448979591 0.0007215007215007215
1 0.9209183673469388 0.7070707070707071 0.015306122448979591 0.0007215007215007215
1 0.8665816326530612 0.7070707070707071 0.015816326530612244 0.0007215007215007215
1 0.5211734693877551 0.7070707070707071 0.015816326530612244 0.0007215007215007215
1 0.47551020408163264 0.7070707070707071 0.015306122448979591 0.0007215007215007215
1 0.42806122448979594 0.7070707070707071 0.015306122448979591 0.0007215007215007215
134 0.4997448979591837 0.72492784992785 0.9045918367346939 0.024170274170274172
41 0.5895408163265307 0.7303391053391053 0.0005102040816326531 0.01984126984126984
24 0.6545918367346939 0.7757936507936508 0.01020408163265306 0.006132756132756133
59 0.6056122448979592 0.7781385281385281 0.006122448979591836 0.01443001443001443
41 0.6125 0.7918470418470418 0.0005102040816326531 0.016594516594516596
41 0.6125 0.7305194805194806 0.0005102040816326531 0.01948051948051948
24 0.6173469387755102 0.7815656565656566 0.01020408163265306 0.006132756132756133
24 0.6173469387755102 0.7187950937950938 0.01020408163265306 0.006132756132756133
41 0.6869897959183674 0.7781385281385281 0.0005102040816326531 0.01875901875901876
41 0.6869897959183674 0.7301587301587301 0.0005102040816326531 0.01875901875901876
41 0.6497448979591837 0.786976911976912 0.0005102040816326531 0.020562770562770564
41 0.6966836734693878 0.6998556998556998 0.0005102040816326531 0.016594516594516596
26 0.6918367346938775 0.7667748917748918 0.01020408163265306 0.006132756132756133
28 0.6918367346938775 0.7187950937950938 0.01020408163265306 0.006132756132756133
26 0.6918367346938775 0.70995670995671 0.01020408163265306 0.005772005772005772
24 0.5714285714285714 0.7876984126984127 0.01020408163265306 0.006132756132756133
41 0.5668367346938775 0.7968975468975469 0.0010204081632653062 0.016594516594516596
41 0.5668367346938775 0.7317821067821068 0.0010204081632653062 0.016955266955266956
24 0.5943877551020408 0.7187950937950938 0.01020408163265306 0.006132756132756133
26 0.5714285714285714 0.722041847041847 0.01020408163265306 0.006132756132756133
59 0.5372448979591836 0.7153679653679653 0.006122448979591836 0.01443001443001443
41 0.5441326530612245 0.7306998556998557 0.0005102040816326531 0.01911976911976912
24 0.5487244897959184 0.7187950937950938 0.009693877551020408 0.006132756132756133
41 0.925765306122449 0.6951659451659452 0.0005102040816326531 0.013708513708513708
26 0.9209183673469388 0.704004329004329 0.01020408163265306 0.006132756132756133
41 0.861734693877551 0.7837301587301587 0.0010204081632653062 0.01911976911976912
121 0.6084183673469388 0.797077922077922 0.08316326530612245 0.009018759018759018
121 0.6084183673469388 0.801948051948052 0.08316326530612245 0.00937950937950938
122 0.21989795918367347 0.7106782106782107 0.12959183673469388 0.004329004329004329
122 0.21607142857142858 0.7306998556998557 0.13520408163265307 0.00468975468975469
121 0.2135204081632653 0.7913059163059163 0.07091836734693878 0.009018759018759018
121 0.2135204081632653 0.795995670995671 0.07193877551020408 0.009018759018759018
121 0.3237244897959184 0.6998556998556998 0.05459183673469388 0.0021645021645021645
121 0.3461734693877551 0.7047258297258298 0.007653061224489796 0.0018037518037518038
121 0.336734693877551 0.7368326118326118 0.00816326530612245 0.0018037518037518038
121 0.3142857142857143 0.7417027417027418 0.05408163265306123 0.0021645021645021645
121 0.38903061224489793 0.726010101010101 0.020918367346938777 0.0018037518037518038
121 0.4660714285714286 0.7308802308802309 0.007653061224489796 0.0021645021645021645
121 0.38903061224489793 0.7308802308802309 0.020918367346938777 0.0021645021645021645
121 0.42423469387755103 0.7357503607503607 0.0933673469387755 0.0018037518037518038
121 0.45663265306122447 0.6902958152958153 0.04693877551020408 0.0018037518037518038
121 0.47551020408163264 0.6951659451659452 0.00816326530612245 0.0021645021645021645
121 0.5535714285714286 0.7319624819624819 0.07244897959183673 0.0021645021645021645
121 0.5535714285714286 0.7368326118326118 0.07244897959183673 0.0018037518037518038
121 0.5645408163265306 0.7417027417027418 0.09642857142857143 0.0021645021645021645
122 0.6053571428571428 0.7215007215007215 0.007653061224489796 0.001443001443001443
122 0.6515306122448979 0.7254689754689755 0.06428571428571428 0.004329004329004329
121 0.7658163265306123 0.6902958152958153 0.13877551020408163 0.0018037518037518038
121 0.7655612244897959 0.6951659451659452 0.13826530612244897 0.0021645021645021645
121 0.8239795918367347 0.6998556998556998 0.02142857142857143 0.0021645021645021645
121 0.7076530612244898 0.6998556998556998 0.022448979591836733 0.0021645021645021645
121 0.898469387755102 0.687950937950938 0.05408163265306123 0.0021645021645021645
121 0.9211734693877551 0.6928210678210678 0.008673469387755102 0.0018037518037518038
41 0.8125 0.7022005772005772 0.0005102040816326531 0.023448773448773448
26 0.8076530612244898 0.7159090909090909 0.01020408163265306 0.006132756132756133
41 0.7772959183673469 0.7005772005772006 0.0005102040816326531 0.020202020202020204
24 0.772704081632653 0.713023088023088 0.009693877551020408 0.006132756132756133
41 0.7426020408163265 0.6994949494949495 0.0005102040816326531 0.018037518037518036
26 0.7377551020408163 0.70995670995671 0.01020408163265306 0.005772005772005772
41 0.7196428571428571 0.700937950937951 0.0005102040816326531 0.020923520923520924
41 0.8507653061224489 0.7052669552669553 0.0005102040816326531 0.012987012987012988
41 0.8711734693877551 0.6951659451659452 0.0005102040816326531 0.013708513708513708
40 0.8767857142857143 0.704004329004329 0.002551020408163265 0.0018037518037518038
26 0.8663265306122448 0.7727272727272727 0.01020408163265306 0.005772005772005772
26 0.8663265306122448 0.704004329004329 0.01020408163265306 0.006132756132756133
47 0.8538265306122449 0.7050865800865801 0.005612244897959183 0.011904761904761904
24 0.7147959183673469 0.713023088023088 0.01020408163265306 0.006132756132756133
24 0.8474489795918367 0.713023088023088 0.007142857142857143 0.003968253968253968
41 0.8354591836734694 0.7007575757575758 0.0005102040816326531 0.020562770562770564
24 0.8306122448979592 0.713023088023088 0.01020408163265306 0.006132756132756133
61 0.7966836734693877 0.7159090909090909 0.005612244897959183 0.015512265512265512
26 0.2545918367346939 0.7727272727272727 0.01020408163265306 0.005772005772005772
61 0.20612244897959184 0.7786796536796536 0.00510204081632653 0.015512265512265512
41 0.2125 0.7882395382395382 0.0005102040816326531 0.015151515151515152
26 0.2173469387755102 0.7786796536796536 0.01020408163265306 0.006132756132756133
41 0.24974489795918367 0.783008658008658 0.0005102040816326531 0.0183982683982684
41 0.17729591836734693 0.7929292929292929 0.0005102040816326531 0.012987012987012988
26 0.18214285714285713 0.7846320346320347 0.01020408163265306 0.005772005772005772
61 0.13545918367346937 0.7159090909090909 0.005612244897959183 0.015512265512265512
41 0.5165816326530612 0.7297979797979798 0.0005102040816326531 0.023088023088023088
40 0.3020408163265306 0.7218614718614719 0.003061224489795918 0.0021645021645021645
41 0.29668367346938773 0.7072510822510822 0.0005102040816326531 0.01406926406926407
40 0.3020408163265306 0.7159090909090909 0.003061224489795918 0.0018037518037518038
24 0.29183673469387755 0.7638888888888888 0.01020408163265306 0.006132756132756133
26 0.29183673469387755 0.722041847041847 0.01020408163265306 0.006132756132756133
26 0.29183673469387755 0.7159090909090909 0.01020408163265306 0.006132756132756133
67 0.08698979591836735 0.7842712842712842 0.0066326530612244895 0.01443001443001443
67 0.09387755102040816 0.7752525252525253 0.006122448979591836 0.01443001443001443
67 0.10051020408163265 0.7871572871572872 0.006122448979591836 0.01443001443001443
8 0.0653061224489796 0.7792207792207793 0.02142857142857143 0.01875901875901876
67 0.08698979591836735 0.7215007215007215 0.0066326530612244895 0.01443001443001443
67 0.09387755102040816 0.7124819624819625 0.006122448979591836 0.01443001443001443
67 0.10051020408163265 0.7243867243867244 0.006122448979591836 0.01443001443001443
5 0.06479591836734694 0.7254689754689755 0.02040816326530612 0.04040404040404041
122 0.8237244897959184 0.7247474747474747 0.25051020408163266 0.004329004329004329
0 0.039540816326530615 0.7534271284271284 0.008673469387755102 0.08116883116883117
41 0.14183673469387756 0.733044733044733 0.0010204081632653062 0.01948051948051948
41 0.15127551020408164 0.7065295815295816 0.0005102040816326531 0.01479076479076479
88 0.14668367346938777 0.7844516594516594 0.010714285714285714 0.015512265512265512
26 0.14642857142857144 0.722041847041847 0.01020408163265306 0.006132756132756133
26 0.14642857142857144 0.7159090909090909 0.01020408163265306 0.006132756132756133
41 0.2869897959183674 0.7321428571428571 0.0005102040816326531 0.0183982683982684
47 0.12448979591836734 0.7056277056277056 0.00510204081632653 0.010822510822510822
41 0.1211734693877551 0.7052669552669553 0.0005102040816326531 0.012987012987012988
24 0.11785714285714285 0.713023088023088 0.007142857142857143 0.003968253968253968
41 0.4329081632653061 0.6976911976911977 0.0005102040816326531 0.01443001443001443
24 0.47551020408163264 0.7068903318903319 0.01020408163265306 0.006132756132756133
41 0.4232142857142857 0.7251082251082251 0.0005102040816326531 0.020923520923520924
26 0.47551020408163264 0.7159090909090909 0.01020408163265306 0.006132756132756133
24 0.42806122448979594 0.713023088023088 0.01020408163265306 0.006132756132756133
24 0.42806122448979594 0.7068903318903319 0.01020408163265306 0.006132756132756133
41 0.2869897959183674 0.7747113997113997 0.0005102040816326531 0.01984126984126984
26 0.4051020408163265 0.7159090909090909 0.01020408163265306 0.006132756132756133
41 0.5260204081632653 0.6991341991341992 0.0010204081632653062 0.013708513708513708
88 0.5216836734693877 0.7844516594516594 0.010714285714285714 0.015512265512265512
26 0.5211734693877551 0.7159090909090909 0.009693877551020408 0.006132756132756133
24 0.5211734693877551 0.7068903318903319 0.009693877551020408 0.006132756132756133
59 0.46377551020408164 0.7124819624819625 0.006122448979591836 0.01443001443001443
41 0.4005102040816326 0.7263708513708513 0.0010204081632653062 0.0183982683982684
41 0.47066326530612246 0.7263708513708513 0.0005102040816326531 0.0183982683982684
41 0.48035714285714287 0.6982323232323232 0.0005102040816326531 0.015512265512265512
24 0.3823979591836735 0.7696608946608947 0.009693877551020408 0.006132756132756133
24 0.3823979591836735 0.713023088023088 0.009693877551020408 0.006132756132756133
41 0.34158163265306124 0.7326839826839827 0.0005102040816326531 0.017316017316017316
88 0.38316326530612244 0.7155483405483406 0.009183673469387756 0.015512265512265512
41 0.3510204081632653 0.7074314574314574 0.0010204081632653062 0.01443001443001443
26 0.3464285714285714 0.722041847041847 0.01020408163265306 0.006132756132756133
26 0.3464285714285714 0.7159090909090909 0.01020408163265306 0.006132756132756133
41 0.3778061224489796 0.7806637806637806 0.0005102040816326531 0.01948051948051948
41 0.3778061224489796 0.7247474747474747 0.0005102040816326531 0.021645021645021644
134 0.4997448979591837 0.8901515151515151 0.9045918367346939 0.024170274170274172
134 0.4997448979591837 0.9467893217893217 0.9045918367346939 0.024170274170274172
1 0.7862244897959184 0.9646464646464646 0.015306122448979591 0.0007215007215007215
1 0.7862244897959184 0.9707792207792207 0.015306122448979591 0.0007215007215007215
1 0.20204081632653062 0.9646464646464646 0.014285714285714285 0.0007215007215007215
1 0.16683673469387755 0.9646464646464646 0.015306122448979591 0.0007215007215007215
1 0.16683673469387755 0.9707792207792207 0.015306122448979591 0.0007215007215007215
1 0.13163265306122449 0.8721139971139971 0.015306122448979591 0.0010822510822510823
24 0.6938775510204082 0.8901515151515151 0.01020408163265306 0.006132756132756133
26 0.6938775510204082 0.875 0.01020408163265306 0.006132756132756133
24 0.6938775510204082 0.9527417027417028 0.01020408163265306 0.005772005772005772
41 0.6642857142857143 0.9388528138528138 0.0010204081632653062 0.01911976911976912
26 0.6596938775510204 0.9496753246753247 0.01020408163265306 0.006132756132756133
59 0.613265306122449 0.9433621933621934 0.006122448979591836 0.01443001443001443
41 0.6298469387755102 0.935966810966811 0.0005102040816326531 0.017676767676767676
24 0.625 0.9467893217893217 0.01020408163265306 0.006132756132756133
41 0.7237244897959184 0.9031385281385281 0.0005102040816326531 0.016955266955266956
41 0.7334183673469388 0.8694083694083694 0.0005102040816326531 0.013708513708513708
26 0.7285714285714285 0.9496753246753247 0.01020408163265306 0.006132756132756133
26 0.7285714285714285 0.8930375180375181 0.01020408163265306 0.006132756132756133
24 0.7285714285714285 0.8782467532467533 0.01020408163265306 0.006132756132756133
41 0.6987244897959184 0.8672438672438673 0.0005102040816326531 0.013708513708513708
41 0.6987244897959184 0.9415584415584416 0.0005102040816326531 0.020202020202020204
41 0.6892857142857143 0.900974025974026 0.0010204081632653062 0.01984126984126984
61 0.5622448979591836 0.8811327561327561 0.003061224489795918 0.00974025974025974
53 0.5714285714285714 0.9042207792207793 0.006122448979591836 0.011904761904761904
41 0.5676020408163265 0.9040404040404041 0.0005102040816326531 0.013708513708513708
47 0.5775510204081633 0.8735569985569985 0.00510204081632653 0.011183261183261184
41 0.574234693877551 0.8733766233766234 0.0005102040816326531 0.012987012987012988
24 0.5709183673469388 0.8959235209235209 0.007142857142857143 0.003968253968253968
26 0.5709183673469388 0.8811327561327561 0.007142857142857143 0.003968253968253968
121 0.20714285714285716 0.9442640692640693 0.07142857142857142 0.006854256854256854
121 0.20714285714285716 0.9493145743145743 0.06938775510204082 0.006854256854256854
88 0.5900510204081633 0.9494949494949495 0.010714285714285714 0.015151515151515152
41 0.5849489795918368 0.9036796536796536 0.0005102040816326531 0.018037518037518036
40 0.6002551020408163 0.8930375180375181 0.002551020408163265 0.0018037518037518038
41 0.5946428571428571 0.8686868686868687 0.0005102040816326531 0.01443001443001443
40 0.6002551020408163 0.8751803751803752 0.002551020408163265 0.0021645021645021645
26 0.5897959183673469 0.8930375180375181 0.01020408163265306 0.006132756132756133
24 0.5897959183673469 0.8782467532467533 0.01020408163265306 0.006132756132756133
41 0.9267857142857143 0.8677849927849928 0.0005102040816326531 0.016955266955266956
41 0.9170918367346939 0.9022366522366523 0.0005102040816326531 0.01443001443001443
26 0.9219387755102041 0.8930375180375181 0.01020408163265306 0.006132756132756133
24 0.9219387755102041 0.8782467532467533 0.01020408163265306 0.006132756132756133
41 0.9043367346938775 0.8699494949494949 0.0005102040816326531 0.01911976911976912
26 0.8994897959183673 0.8811327561327561 0.01020408163265306 0.006132756132756133
121 0.9130102040816327 0.9062049062049062 0.008673469387755102 0.0021645021645021645
121 0.8494897959183674 0.9117965367965368 0.1357142857142857 0.003968253968253968
121 0.36428571428571427 0.8591269841269841 0.16938775510204082 0.0018037518037518038
121 0.36428571428571427 0.863997113997114 0.1683673469387755 0.0021645021645021645
121 0.36428571428571427 0.8686868686868687 0.1683673469387755 0.0021645021645021645
121 0.4122448979591837 0.9060245310245311 0.00816326530612245 0.0018037518037518038
121 0.3433673469387755 0.909992784992785 0.1469387755102041 0.003968253968253968
121 0.5114795918367347 0.8623737373737373 0.05357142857142857 0.003968253968253968
121 0.5334183673469388 0.8679653679653679 0.007653061224489796 0.0021645021645021645
121 0.5237244897959183 0.9078282828282829 0.007653061224489796 0.0025252525252525255
121 0.5017857142857143 0.9117965367965368 0.05357142857142857 0.003968253968253968
121 0.6469387755102041 0.8602092352092352 0.10408163265306122 0.003968253968253968
121 0.6946428571428571 0.863997113997114 0.008673469387755102 0.0021645021645021645
121 0.6849489795918368 0.9062049062049062 0.008673469387755102 0.0021645021645021645
121 0.6372448979591837 0.9117965367965368 0.10408163265306122 0.003968253968253968
121 0.6642857142857143 0.928030303030303 0.06938775510204082 0.006132756132756133
121 0.6642857142857143 0.9327200577200577 0.06938775510204082 0.006132756132756133
122 0.7607142857142857 0.8715728715728716 0.04795918367346939 0.0036075036075036075
121 0.8589285714285714 0.8591269841269841 0.13520408163265307 0.0018037518037518038
121 0.8591836734693877 0.863997113997114 0.1346938775510204 0.0021645021645021645
121 0.8479591836734693 0.8686868686868687 0.11224489795918367 0.0021645021645021645
41 0.7813775510204082 0.9051226551226551 0.0005102040816326531 0.015151515151515152
40 0.7966836734693877 0.898989898989899 0.002551020408163265 0.0021645021645021645
41 0.7910714285714285 0.9577922077922078 0.0005102040816326531 0.021645021645021644
41 0.7910714285714285 0.8676046176046176 0.0005102040816326531 0.016594516594516596
24 0.7862244897959184 0.9705988455988456 0.01020408163265306 0.006132756132756133
24 0.7862244897959184 0.8959235209235209 0.01020408163265306 0.006132756132756133
24 0.7862244897959184 0.8782467532467533 0.01020408163265306 0.006132756132756133
41 0.7334183673469388 0.9388528138528138 0.0005102040816326531 0.01984126984126984
41 0.8813775510204082 0.8676046176046176 0.0005102040816326531 0.016594516594516596
24 0.8767857142857143 0.8782467532467533 0.009693877551020408 0.006132756132756133
41 0.8589285714285714 0.8692279942279942 0.0005102040816326531 0.01984126984126984
26 0.8540816326530613 0.8811327561327561 0.01020408163265306 0.006132756132756133
41 0.8364795918367347 0.8708513708513709 0.0005102040816326531 0.023088023088023088
24 0.8316326530612245 0.884018759018759 0.01020408163265306 0.006132756132756133
41 0.8135204081632653 0.8690476190476191 0.0005102040816326531 0.01948051948051948
26 0.8089285714285714 0.8811327561327561 0.009693877551020408 0.006132756132756133
41 0.24260204081632653 0.9494949494949495 0.0005102040816326531 0.01443001443001443
41 0.27933673469387754 0.8677849927849928 0.0005102040816326531 0.016955266955266956
26 0.27448979591836736 0.9496753246753247 0.01020408163265306 0.006132756132756133
26 0.27448979591836736 0.887085137085137 0.01020408163265306 0.005772005772005772
24 0.27448979591836736 0.8782467532467533 0.01020408163265306 0.006132756132756133
40 0.28494897959183674 0.887085137085137 0.002551020408163265 0.0021645021645021645
24 0.23775510204081632 0.9586940836940837 0.01020408163265306 0.006132756132756133
61 0.19005102040816327 0.9648268398268398 0.005612244897959183 0.015512265512265512
41 0.2058673469387755 0.9536435786435786 0.0005102040816326531 0.017676767676767676
24 0.20127551020408163 0.9648268398268398 0.009693877551020408 0.006132756132756133
26 0.3051020408163265 0.8811327561327561 0.01020408163265306 0.006132756132756133
41 0.33622448979591835 0.8712121212121212 0.0010204081632653062 0.023809523809523808
24 0.33137755102040817 0.884018759018759 0.009693877551020408 0.006132756132756133
41 0.30994897959183676 0.8697691197691197 0.0005102040816326531 0.020923520923520924
41 0.27933673469387754 0.9388528138528138 0.0005102040816326531 0.01984126984126984
41 0.26964285714285713 0.8984487734487735 0.0005102040816326531 0.020562770562770564
67 0.08698979591836735 0.9491341991341992 0.0066326530612244895 0.01443001443001443
67 0.09387755102040816 0.9404761904761905 0.006122448979591836 0.01443001443001443
67 0.10051020408163265 0.9523809523809523 0.006122448979591836 0.01443001443001443
8 0.0653061224489796 0.9442640692640693 0.02142857142857143 0.0183982683982684
67 0.08698979591836735 0.8867243867243867 0.0066326530612244895 0.01443001443001443
67 0.09387755102040816 0.8777056277056277 0.006122448979591836 0.01443001443001443
67 0.10051020408163265 0.8896103896103896 0.006122448979591836 0.01443001443001443
5 0.06479591836734694 0.8906926406926406 0.02040816326530612 0.04040404040404041
122 0.11454081632653061 0.8926767676767676 0.017857142857142856 0.0025252525252525255
0 0.039540816326530615 0.9182900432900433 0.008673469387755102 0.08116883116883117
41 0.17168367346938776 0.9579725829725829 0.0005102040816326531 0.022005772005772004
24 0.16683673469387755 0.9705988455988456 0.01020408163265306 0.006132756132756133
59 0.11989795918367346 0.8805916305916306 0.006122448979591836 0.01443001443001443
61 0.29362244897959183 0.8811327561327561 0.005612244897959183 0.015512265512265512
41 0.12678571428571428 0.8953823953823954 0.0005102040816326531 0.01875901875901876
41 0.1364795918367347 0.8609307359307359 0.0005102040816326531 0.012626262626262626
88 0.13188775510204082 0.9494949494949495 0.010714285714285714 0.015151515151515152
24 0.13163265306122449 0.884018759018759 0.01020408163265306 0.006132756132756133
26 0.13163265306122449 0.8692279942279942 0.01020408163265306 0.006132756132756133
41 0.4846938775510204 0.8692279942279942 0.0010204081632653062 0.015512265512265512
40 0.4903061224489796 0.8751803751803752 0.003061224489795918 0.0021645021645021645
24 0.4801020408163265 0.9467893217893217 0.01020408163265306 0.006132756132756133
26 0.4801020408163265 0.8930375180375181 0.01020408163265306 0.006132756132756133
24 0.4801020408163265 0.8782467532467533 0.01020408163265306 0.006132756132756133
53 0.4614795918367347 0.8991702741702742 0.005612244897959183 0.011183261183261184
41 0.45790816326530615 0.8988095238095238 0.0005102040816326531 0.01406926406926407
47 0.4673469387755102 0.8733766233766234 0.00510204081632653 0.011544011544011544
41 0.46403061224489794 0.8731962481962482 0.0005102040816326531 0.012626262626262626
24 0.46096938775510204 0.8901515151515151 0.0066326530612244895 0.003968253968253968
26 0.46096938775510204 0.8811327561327561 0.0066326530612244895 0.003968253968253968
41 0.449234693877551 0.8692279942279942 0.0005102040816326531 0.01984126984126984
26 0.4443877551020408 0.8811327561327561 0.01020408163265306 0.006132756132756133
41 0.5285714285714286 0.9049422799422799 0.0010204081632653062 0.015512265512265512
41 0.5380102040816327 0.871031746031746 0.0005102040816326531 0.015512265512265512
24 0.5331632653061225 0.8959235209235209 0.01020408163265306 0.006132756132756133
26 0.5331632653061225 0.8811327561327561 0.01020408163265306 0.006132756132756133
59 0.4683673469387755 0.9433621933621934 0.006122448979591836 0.01443001443001443
61 0.3201530612244898 0.884018759018759 0.005612244897959183 0.015512265512265512
41 0.47525510204081634 0.9570707070707071 0.0005102040816326531 0.01875901875901876
41 0.47525510204081634 0.9024170274170275 0.0005102040816326531 0.016955266955266956
40 0.4903061224489796 0.8930375180375181 0.003061224489795918 0.0018037518037518038
24 0.376530612244898 0.8782467532467533 0.01020408163265306 0.006132756132756133
41 0.42678571428571427 0.8679653679653679 0.0005102040816326531 0.017316017316017316
24 0.4219387755102041 0.8901515151515151 0.01020408163265306 0.006132756132756133
24 0.4219387755102041 0.8782467532467533 0.01020408163265306 0.006132756132756133
41 0.38137755102040816 0.8681457431457431 0.0005102040816326531 0.017676767676767676
41 0.4038265306122449 0.8690476190476191 0.0005102040816326531 0.01948051948051948
26 0.399234693877551 0.8811327561327561 0.009693877551020408 0.006132756132756133
26 0.35408163265306125 0.8811327561327561 0.01020408163265306 0.006132756132756133
41 0.35892857142857143 0.8697691197691197 0.0005102040816326531 0.020923520923520924
41 0.41709183673469385 0.900974025974026 0.0005102040816326531 0.01984126984126984