134 0.4997448979591837 0.057900432900432904 0.9045918367346939 0.024170274170274172
134 0.49948979591836734 0.11634199134199134 0.9040816326530612 0.024170274170274172
41 0.7043367346938776 0.05140692640692641 0.0005102040816326531 0.026334776334776336
26 0.699234693877551 0.06673881673881674 0.010714285714285714 0.005772005772005772
41 0.6839285714285714 0.05284992784992785 0.0005102040816326531 0.02922077922077922
24 0.6790816326530612 0.0698051948051948 0.01020408163265306 0.006132756132756133
41 0.6538265306122449 0.12463924963924963 0.0005102040816326531 0.0183982683982684
26 0.7397959183673469 0.060786435786435784 0.01020408163265306 0.006132756132756133
41 0.7446428571428572 0.04888167388167388 0.0005102040816326531 0.021284271284271284
72 0.7397959183673469 0.10732323232323232 0.003061224489795918 0.0018037518037518038
95 0.7183673469387755 0.09271284271284272 0.017346938775510204 0.015151515151515152
95 0.7293367346938775 0.09271284271284272 0.017857142857142856 0.015151515151515152
95 0.7400510204081633 0.09271284271284272 0.017857142857142856 0.015151515151515152
95 0.7510204081632653 0.09271284271284272 0.017346938775510204 0.015151515151515152
95 0.761734693877551 0.09271284271284272 0.017346938775510204 0.015151515151515152
26 0.7397959183673469 0.11345598845598845 0.01020408163265306 0.006132756132756133
41 0.7244897959183674 0.050144300144300144 0.0010204081632653062 0.023809523809523808
24 0.7196428571428571 0.06367243867243867 0.010714285714285714 0.006132756132756133
72 0.5625 0.10732323232323232 0.002551020408163265 0.0018037518037518038
95 0.5517857142857143 0.09271284271284272 0.017857142857142856 0.015151515151515152
95 0.5627551020408164 0.09271284271284272 0.017346938775510204 0.015151515151515152
95 0.573469387755102 0.09271284271284272 0.017346938775510204 0.015151515151515152
26 0.5625 0.11345598845598845 0.010714285714285714 0.006132756132756133
85 0.563265306122449 0.04401154401154401 0.012244897959183673 0.0036075036075036075
41 0.5471938775510204 0.05591630591630592 0.0005102040816326531 0.02958152958152958
26 0.5420918367346939 0.0726911976911977 0.010714285714285714 0.006132756132756133
41 0.6056122448979592 0.12427849927849928 0.0010204081632653062 0.01911976911976912
41 0.6635204081632653 0.05375180375180375 0.0005102040816326531 0.03318903318903319
72 0.6586734693877551 0.10732323232323232 0.003061224489795918 0.0018037518037518038
26 0.6586734693877551 0.11345598845598845 0.01020408163265306 0.006132756132756133
26 0.6586734693877551 0.0726911976911977 0.01020408163265306 0.006132756132756133
72 0.6104591836734694 0.10732323232323232 0.002551020408163265 0.0018037518037518038
26 0.6104591836734694 0.11345598845598845 0.010714285714285714 0.006132756132756133
41 0.5573979591836735 0.12427849927849928 0.0005102040816326531 0.01911976911976912
41 0.9045918367346939 0.12445887445887446 0.0010204081632653062 0.01875901875901876
72 0.9094387755102041 0.10732323232323232 0.002551020408163265 0.0018037518037518038
26 0.9094387755102041 0.11345598845598845 0.010714285714285714 0.006132756132756133
41 0.8563775510204081 0.12463924963924963 0.0005102040816326531 0.0183982683982684
121 0.45076530612244897 0.038059163059163056 0.1923469387755102 0.008297258297258298
121 0.45127551020408163 0.04292929292929293 0.1913265306122449 0.007936507936507936
121 0.4989795918367347 0.04924242424242424 0.06020408163265306 0.003968253968253968
121 0.7502551020408164 0.036976911976911976 0.17295918367346938 0.0018037518037518038
121 0.7413265306122448 0.04184704184704185 0.15510204081632653 0.0021645021645021645
121 0.7818877551020408 0.046536796536796536 0.07397959183673469 0.0021645021645021645
72 0.8614795918367347 0.10732323232323232 0.002551020408163265 0.0018037518037518038
41 0.7926020408163266 0.04635642135642136 0.0005102040816326531 0.0183982683982684
24 0.7875 0.057900432900432904 0.010714285714285714 0.006132756132756133
63 0.7571428571428571 0.060786435786435784 0.009183673469387756 0.017676767676767676
41 0.7752551020408164 0.047979797979797977 0.0005102040816326531 0.021645021645021644
26 0.7701530612244898 0.060786435786435784 0.010714285714285714 0.006132756132756133
26 0.8614795918367347 0.11345598845598845 0.010714285714285714 0.006132756132756133
85 0.8622448979591837 0.04401154401154401 0.012244897959183673 0.0036075036075036075
41 0.8369897959183673 0.0496031746031746 0.0005102040816326531 0.024891774891774892
24 0.8318877551020408 0.06367243867243867 0.010714285714285714 0.006132756132756133
41 0.7349489795918367 0.12427849927849928 0.0005102040816326531 0.01911976911976912
61 0.8028061224489796 0.060786435786435784 0.005612244897959183 0.017676767676767676
41 0.8196428571428571 0.047979797979797977 0.0005102040816326531 0.021645021645021644
26 0.8145408163265306 0.060786435786435784 0.010714285714285714 0.006132756132756133
41 0.24821428571428572 0.12445887445887446 0.0005102040816326531 0.01875901875901876
72 0.25331632653061226 0.10732323232323232 0.002551020408163265 0.0018037518037518038
94 0.24668367346938774 0.09361471861471861 0.015816326530612244 0.006854256854256854
93 0.2584183673469388 0.09523809523809523 0.015816326530612244 0.010101010101010102
26 0.25331632653061226 0.11345598845598845 0.010714285714285714 0.006132756132756133
41 0.2002551020408163 0.12463924963924963 0.0005102040816326531 0.0183982683982684
72 0.20535714285714285 0.10732323232323232 0.002551020408163265 0.0018037518037518038
26 0.20535714285714285 0.11345598845598845 0.010714285714285714 0.006132756132756133
41 0.15229591836734693 0.12481962481962482 0.0005102040816326531 0.018037518037518036
95 0.3497448979591837 0.09271284271284272 0.017857142857142856 0.015151515151515152
41 0.34464285714285714 0.12463924963924963 0.0005102040816326531 0.0183982683982684
41 0.5298469387755103 0.05411255411255411 0.0005102040816326531 0.026695526695526696
41 0.35459183673469385 0.045815295815295816 0.0010204081632653062 0.020923520923520924
72 0.3497448979591837 0.10732323232323232 0.002551020408163265 0.0018037518037518038
26 0.3497448979591837 0.11345598845598845 0.010714285714285714 0.006132756132756133
24 0.3497448979591837 0.057900432900432904 0.010714285714285714 0.006132756132756133
41 0.29668367346938773 0.12481962481962482 0.0005102040816326531 0.018037518037518036
72 0.30153061224489797 0.10732323232323232 0.003061224489795918 0.0018037518037518038
26 0.30153061224489797 0.11345598845598845 0.01020408163265306 0.006132756132756133
5 0.06505102040816327 0.056998556998557 0.020918367346938777 0.04329004329004329
13 0.11734693877551021 0.11038961038961038 0.01020408163265306 0.011544011544011544
14 0.1288265306122449 0.11038961038961038 0.01173469387755102 0.011544011544011544
16 0.12321428571428572 0.12229437229437229 0.012755102040816327 0.011544011544011544
69 0.08826530612244898 0.11020923520923522 0.009183673469387756 0.017676767676767676
69 0.09770408163265307 0.11922799422799422 0.008673469387755102 0.017676767676767676
13 0.11734693877551021 0.05194805194805195 0.01020408163265306 0.011544011544011544
14 0.1288265306122449 0.05194805194805195 0.01173469387755102 0.011544011544011544
16 0.12321428571428572 0.06385281385281386 0.012755102040816327 0.011544011544011544
69 0.08826530612244898 0.045815295815295816 0.009183673469387756 0.017316017316017316
69 0.09770408163265307 0.05483405483405483 0.008673469387755102 0.017316017316017316
0 0.04107142857142857 0.08694083694083694 0.007653061224489796 0.08297258297258298
72 0.15714285714285714 0.10732323232323232 0.003061224489795918 0.0018037518037518038
93 0.1548469387755102 0.09523809523809523 0.015816326530612244 0.010101010101010102
26 0.15714285714285714 0.11345598845598845 0.01020408163265306 0.006132756132756133
84 0.15816326530612246 0.0477994227994228 0.012244897959183673 0.003246753246753247
8 0.06505102040816327 0.11327561327561328 0.02193877551020408 0.018037518037518036
41 0.46811224489795916 0.04852092352092352 0.0005102040816326531 0.01984126984126984
26 0.463265306122449 0.060786435786435784 0.01020408163265306 0.006132756132756133
41 0.43801020408163266 0.12463924963924963 0.0005102040816326531 0.0183982683982684
72 0.4431122448979592 0.10732323232323232 0.002551020408163265 0.0018037518037518038
26 0.4431122448979592 0.11345598845598845 0.010714285714285714 0.006132756132756133
26 0.44285714285714284 0.060786435786435784 0.01020408163265306 0.006132756132756133
61 0.4788265306122449 0.06367243867243867 0.005612244897959183 0.017676767676767676
24 0.5247448979591837 0.0698051948051948 0.010714285714285714 0.006132756132756133
41 0.5125 0.05230880230880231 0.0005102040816326531 0.024531024531024532
26 0.5073979591836735 0.06673881673881674 0.010714285714285714 0.005772005772005772
41 0.4479591836734694 0.04888167388167388 0.0010204081632653062 0.021284271284271284
41 0.4951530612244898 0.05068542568542569 0.0005102040816326531 0.022005772005772004
24 0.4903061224489796 0.06367243867243867 0.01020408163265306 0.006132756132756133
41 0.3951530612244898 0.049062049062049064 0.0005102040816326531 0.025252525252525252
24 0.39005102040816325 0.06367243867243867 0.010714285714285714 0.006132756132756133
24 0.42270408163265305 0.06367243867243867 0.010714285714285714 0.006132756132756133
41 0.4278061224489796 0.04996392496392496 0.0005102040816326531 0.024891774891774892
63 0.4094387755102041 0.06367243867243867 0.008673469387755102 0.017676767676767676
41 0.3747448979591837 0.04707792207792208 0.0005102040816326531 0.022727272727272728
26 0.36989795918367346 0.060786435786435784 0.01020408163265306 0.006132756132756133
134 0.4997448979591837 0.24549062049062048 0.9045918367346939 0.024170274170274172
134 0.49948979591836734 0.30393217893217894 0.9040816326530612 0.024170274170274172
72 0.6724489795918367 0.2949134199134199 0.003061224489795918 0.0018037518037518038
41 0.7107142857142857 0.23935786435786435 0.0010204081632653062 0.03282828282828283
72 0.7107142857142857 0.21771284271284272 0.003061224489795918 0.0018037518037518038
24 0.7058673469387755 0.2573953823953824 0.010714285714285714 0.006132756132756133
41 0.6676020408163266 0.3124098124098124 0.0005102040816326531 0.018037518037518036
41 0.6772959183673469 0.227994227994228 0.0005102040816326531 0.012265512265512266
24 0.7767857142857143 0.2573953823953824 0.010714285714285714 0.006132756132756133
41 0.7385204081632653 0.3124098124098124 0.0005102040816326531 0.018037518037518036
41 0.7482142857142857 0.22853535353535354 0.0005102040816326531 0.011183261183261184
72 0.7433673469387755 0.2949134199134199 0.003061224489795918 0.0018037518037518038
94 0.736734693877551 0.2812049062049062 0.0163265306122449 0.006854256854256854
93 0.7484693877551021 0.2828282828282828 0.0163265306122449 0.010101010101010102
26 0.7433673469387755 0.30104617604617606 0.01020408163265306 0.006132756132756133
72 0.7482142857142857 0.21771284271284272 0.002551020408163265 0.0018037518037518038
26 0.7433673469387755 0.23647186147186147 0.01020408163265306 0.006132756132756133
41 0.5119897959183674 0.2601010101010101 0.0005102040816326531 0.012987012987012988
72 0.5525510204081633 0.2949134199134199 0.003061224489795918 0.0018037518037518038
94 0.5464285714285714 0.2804834054834055 0.0163265306122449 0.006854256854256854
95 0.560204081632653 0.2803030303030303 0.017346938775510204 0.015151515151515152
26 0.5525510204081633 0.30104617604617606 0.01020408163265306 0.006132756132756133
85 0.5533163265306122 0.23160173160173161 0.01173469387755102 0.0036075036075036075
72 0.5168367346938776 0.24242424242424243 0.003061224489795918 0.0021645021645021645
24 0.5170918367346938 0.25126262626262624 0.010714285714285714 0.006132756132756133
41 0.4788265306122449 0.3124098124098124 0.0005102040816326531 0.018037518037518036
121 0.18698979591836734 0.22673160173160173 0.10663265306122449 0.006132756132756133
26 0.6724489795918367 0.30104617604617606 0.01020408163265306 0.006132756132756133
41 0.547704081632653 0.31186868686868685 0.0005102040816326531 0.01911976911976912
26 0.6125 0.30104617604617606 0.010714285714285714 0.006132756132756133
72 0.6125 0.2949134199134199 0.002551020408163265 0.0018037518037518038
41 0.6073979591836735 0.31186868686868685 0.0005102040816326531 0.01911976911976912
26 0.6724489795918367 0.23647186147186147 0.01020408163265306 0.006132756132756133
72 0.6772959183673469 0.21771284271284272 0.002551020408163265 0.0018037518037518038
72 0.9237244897959184 0.21771284271284272 0.002551020408163265 0.0018037518037518038
41 0.9237244897959184 0.23863636363636365 0.0005102040816326531 0.03354978354978355
24 0.9186224489795919 0.2573953823953824 0.010714285714285714 0.006132756132756133
41 0.8803571428571428 0.31222943722943725 0.0005102040816326531 0.0183982683982684
121 0.8005102040816326 0.2215007215007215 0.24591836734693878 0.0021645021645021645
121 0.42066326530612247 0.25901875901875904 0.06785714285714285 0.005050505050505051
121 0.4489795918367347 0.26515151515151514 0.12653061224489795 0.007936507936507936
41 0.7818877551020408 0.23899711399711399 0.0005102040816326531 0.03427128427128427
26 0.8142857142857143 0.23647186147186147 0.01020408163265306 0.006132756132756133
72 0.8193877551020409 0.21771284271284272 0.003061224489795918 0.0018037518037518038
26 0.8142857142857143 0.30104617604617606 0.01020408163265306 0.006132756132756133
72 0.8142857142857143 0.2949134199134199 0.003061224489795918 0.0018037518037518038
41 0.8191326530612245 0.22853535353535354 0.0005102040816326531 0.013347763347763348
41 0.809438775510204 0.31186868686868685 0.0005102040816326531 0.01911976911976912
72 0.7816326530612245 0.21771284271284272 0.003061224489795918 0.0018037518037518038
24 0.8477040816326531 0.2573953823953824 0.010714285714285714 0.006132756132756133
72 0.8525510204081632 0.21771284271284272 0.003061224489795918 0.0018037518037518038
41 0.8528061224489796 0.23899711399711399 0.0005102040816326531 0.03427128427128427
26 0.8852040816326531 0.23647186147186147 0.01020408163265306 0.006132756132756133
72 0.8903061224489796 0.21771284271284272 0.003061224489795918 0.0018037518037518038
26 0.8852040816326531 0.30104617604617606 0.01020408163265306 0.006132756132756133
72 0.8852040816326531 0.2949134199134199 0.003061224489795918 0.0018037518037518038
41 0.8900510204081633 0.22853535353535354 0.0005102040816326531 0.013347763347763348
72 0.16709183673469388 0.22348484848484848 0.002551020408163265 0.0018037518037518038
26 0.19770408163265307 0.30104617604617606 0.010714285714285714 0.006132756132756133
72 0.20255102040816325 0.2222222222222222 0.003061224489795918 0.0021645021645021645
26 0.19770408163265307 0.2483766233766234 0.010714285714285714 0.006132756132756133
41 0.16709183673469388 0.23845598845598845 0.0005102040816326531 0.021645021645021644
72 0.19770408163265307 0.2949134199134199 0.002551020408163265 0.0018037518037518038
24 0.16224489795918368 0.25126262626262624 0.01020408163265306 0.006132756132756133
41 0.12372448979591837 0.31222943722943725 0.0005102040816326531 0.0183982683982684
41 0.24005102040816326 0.23088023088023088 0.0005102040816326531 0.012265512265512266
72 0.2403061224489796 0.22077922077922077 0.003061224489795918 0.0021645021645021645
24 0.23520408163265305 0.23935786435786435 0.01020408163265306 0.006132756132756133
41 0.19260204081632654 0.31186868686868685 0.0005102040816326531 0.01911976911976912
41 0.20280612244897958 0.23665223665223664 0.0005102040816326531 0.020923520923520924
69 0.08826530612244898 0.2334054834054834 0.009183673469387756 0.017316017316017316
69 0.09770408163265307 0.24242424242424243 0.008673469387755102 0.017316017316017316
5 0.06505102040816327 0.24458874458874458 0.020918367346938777 0.04329004329004329
8 0.06505102040816327 0.3008658008658009 0.02193877551020408 0.018037518037518036
0 0.04107142857142857 0.2745310245310245 0.007653061224489796 0.08297258297258298
69 0.08826530612244898 0.29797979797979796 0.009183673469387756 0.017316017316017316
69 0.09770408163265307 0.3068181818181818 0.008673469387755102 0.017676767676767676
24 0.1288265306122449 0.24549062049062048 0.010714285714285714 0.006132756132756133
72 0.1336734693877551 0.22474747474747475 0.003061224489795918 0.0021645021645021645
26 0.1288265306122449 0.30104617604617606 0.010714285714285714 0.006132756132756133
95 0.12372448979591837 0.2803030303030303 0.017857142857142856 0.015151515151515152
95 0.13443877551020408 0.2803030303030303 0.017857142857142856 0.015151515151515152
72 0.1288265306122449 0.2949134199134199 0.002551020408163265 0.0018037518037518038
41 0.13392857142857142 0.23647186147186147 0.0005102040816326531 0.015512265512265512
26 0.41403061224489796 0.24242424242424243 0.010714285714285714 0.005772005772005772
41 0.43239795918367346 0.25595238095238093 0.0005102040816326531 0.016233766233766232
24 0.4372448979591837 0.24549062049062048 0.01020408163265306 0.006132756132756133
41 0.4089285714285714 0.25342712842712845 0.0005102040816326531 0.01911976911976912
85 0.2714285714285714 0.23160173160173161 0.012244897959183673 0.0036075036075036075
41 0.38571428571428573 0.3120490620490621 0.0010204081632653062 0.01875901875901876
26 0.4604591836734694 0.2483766233766234 0.010714285714285714 0.006132756132756133
41 0.45535714285714285 0.2573953823953824 0.0005102040816326531 0.015512265512265512
24 0.48367346938775513 0.24549062049062048 0.01020408163265306 0.006132756132756133
72 0.48367346938775513 0.23647186147186147 0.003061224489795918 0.0018037518037518038
26 0.48367346938775513 0.30104617604617606 0.01020408163265306 0.006132756132756133
72 0.48367346938775513 0.2949134199134199 0.003061224489795918 0.0018037518037518038
41 0.4788265306122449 0.2564935064935065 0.0005102040816326531 0.01948051948051948
26 0.27066326530612245 0.30104617604617606 0.010714285714285714 0.006132756132756133
72 0.27066326530612245 0.2949134199134199 0.002551020408163265 0.0018037518037518038
41 0.2655612244897959 0.31186868686868685 0.0005102040816326531 0.01911976911976912
26 0.3306122448979592 0.30104617604617606 0.01020408163265306 0.006132756132756133
95 0.3308673469387755 0.2803030303030303 0.017857142857142856 0.015151515151515152
72 0.3306122448979592 0.2949134199134199 0.003061224489795918 0.0018037518037518038
41 0.32576530612244897 0.31186868686868685 0.0005102040816326531 0.01911976911976912
41 0.38571428571428573 0.25144300144300147 0.0010204081632653062 0.020923520923520924
72 0.3905612244897959 0.2949134199134199 0.002551020408163265 0.0018037518037518038
26 0.3905612244897959 0.30104617604617606 0.010714285714285714 0.006132756132756133
24 0.3905612244897959 0.23935786435786435 0.010714285714285714 0.006132756132756133
134 0.4997448979591837 0.43308080808080807 0.9045918367346939 0.024170274170274172
134 0.4997448979591837 0.49188311688311687 0.9045918367346939 0.024170274170274172
94 0.7295918367346939 0.4568903318903319 0.0163265306122449 0.006854256854256854
95 0.7431122448979591 0.45670995670995673 0.017857142857142856 0.015151515151515152
26 0.7354591836734694 0.4240620490620491 0.010714285714285714 0.006132756132756133
41 0.7405612244897959 0.4166666666666667 0.0005102040816326531 0.012265512265512266
41 0.7043367346938776 0.42658730158730157 0.0005102040816326531 0.032106782106782104
24 0.6994897959183674 0.44498556998557 0.01020408163265306 0.006132756132756133
85 0.5331632653061225 0.4781746031746032 0.012244897959183673 0.003246753246753247
41 0.7783163265306122 0.42658730158730157 0.0005102040816326531 0.032106782106782104
24 0.773469387755102 0.44498556998557 0.01020408163265306 0.006132756132756133
86 0.7551020408163265 0.4790764790764791 0.00816326530612245 0.016594516594516596
88 0.7344387755102041 0.4837662337662338 0.010714285714285714 0.016594516594516596
41 0.5691326530612245 0.42676767676767674 0.0005102040816326531 0.032467532467532464
24 0.5640306122448979 0.44498556998557 0.010714285714285714 0.006132756132756133
26 0.6 0.4240620490620491 0.01020408163265306 0.006132756132756133
41 0.5375 0.4163059163059163 0.0005102040816326531 0.011544011544011544
121 0.525765306122449 0.4090909090909091 0.7841836734693878 0.0021645021645021645
41 0.6048469387755102 0.4161255411255411 0.0005102040816326531 0.013347763347763348
24 0.6316326530612245 0.44498556998557 0.01020408163265306 0.006132756132756133
41 0.636734693877551 0.42658730158730157 0.0010204081632653062 0.03427128427128427
26 0.6676020408163266 0.4240620490620491 0.010714285714285714 0.006132756132756133
94 0.6612244897959184 0.45256132756132755 0.0163265306122449 0.006854256854256854
93 0.672704081632653 0.4541847041847042 0.015816326530612244 0.010101010101010102
86 0.6658163265306123 0.4790764790764791 0.00816326530612245 0.016594516594516596
41 0.672704081632653 0.4161255411255411 0.0005102040816326531 0.013347763347763348
41 0.9176020408163266 0.42604617604617606 0.0005102040816326531 0.03318903318903319
81 0.9127551020408163 0.4538239538239538 0.02142857142857143 0.008658008658008658
24 0.9127551020408163 0.44498556998557 0.01020408163265306 0.006132756132756133
87 0.8459183673469388 0.4806998556998557 0.00816326530612245 0.010461760461760462
24 0.8474489795918367 0.44498556998557 0.01020408163265306 0.006132756132756133
88 0.825 0.4837662337662338 0.01020408163265306 0.016594516594516596
41 0.852295918367347 0.42658730158730157 0.0005102040816326531 0.03427128427128427
41 0.8145408163265306 0.41594516594516595 0.0005102040816326531 0.012987012987012988
95 0.809438775510204 0.45670995670995673 0.017857142857142856 0.015151515151515152
26 0.809438775510204 0.4240620490620491 0.010714285714285714 0.006132756132756133
26 0.8811224489795918 0.4240620490620491 0.01020408163265306 0.006132756132756133
95 0.875765306122449 0.45670995670995673 0.017857142857142856 0.015151515151515152
95 0.886734693877551 0.45670995670995673 0.017346938775510204 0.015151515151515152
86 0.8793367346938775 0.4790764790764791 0.008673469387755102 0.016594516594516596
41 0.885969387755102 0.4161255411255411 0.0005102040816326531 0.013347763347763348
93 0.21964285714285714 0.45725108225108224 0.015816326530612244 0.00974025974025974
93 0.23188775510204082 0.45725108225108224 0.015816326530612244 0.00974025974025974
24 0.22831632653061223 0.44498556998557 0.010714285714285714 0.006132756132756133
41 0.20127551020408163 0.4155844155844156 0.0005102040816326531 0.012265512265512266
26 0.19642857142857142 0.4240620490620491 0.01020408163265306 0.006132756132756133
41 0.23316326530612244 0.42658730158730157 0.0010204081632653062 0.03427128427128427
41 0.1655612244897959 0.42622655122655123 0.0005102040816326531 0.03354978354978355
24 0.1604591836734694 0.44498556998557 0.010714285714285714 0.006132756132756133
41 0.300765306122449 0.42604617604617606 0.0005102040816326531 0.03318903318903319
93 0.5298469387755103 0.4541847041847042 0.015816326530612244 0.010101010101010102
41 0.26913265306122447 0.4155844155844156 0.0005102040816326531 0.012265512265512266
26 0.2642857142857143 0.4240620490620491 0.01020408163265306 0.006132756132756133
69 0.08826530612244898 0.4211760461760462 0.009183673469387756 0.017676767676767676
69 0.09770408163265307 0.43001443001443 0.008673469387755102 0.017316017316017316
5 0.06505102040816327 0.43217893217893216 0.020918367346938777 0.04329004329004329
8 0.06505102040816327 0.488997113997114 0.02193877551020408 0.0183982683982684
0 0.04107142857142857 0.4624819624819625 0.007653061224489796 0.0836940836940837
41 0.13392857142857142 0.4157647907647908 0.0005102040816326531 0.012626262626262626
84 0.12959183673469388 0.48178210678210676 0.012244897959183673 0.003246753246753247
93 0.12627551020408162 0.4541847041847042 0.015816326530612244 0.010101010101010102
26 0.1288265306122449 0.4240620490620491 0.010714285714285714 0.006132756132756133
24 0.29591836734693877 0.44498556998557 0.01020408163265306 0.006132756132756133
69 0.08826530612244898 0.48593073593073594 0.009183673469387756 0.017316017316017316
69 0.09770408163265307 0.494949494949495 0.008673469387755102 0.017316017316017316
41 0.47219387755102044 0.4155844155844156 0.0005102040816326531 0.012265512265512266
87 0.4658163265306122 0.4806998556998557 0.00816326530612245 0.010461760461760462
26 0.4673469387755102 0.4240620490620491 0.01020408163265306 0.006132756132756133
41 0.4362244897959184 0.4264069264069264 0.0010204081632653062 0.03391053391053391
93 0.42270408163265305 0.45725108225108224 0.015816326530612244 0.00974025974025974
93 0.43494897959183676 0.45725108225108224 0.015816326530612244 0.00974025974025974
26 0.5323979591836735 0.4240620490620491 0.010714285714285714 0.006132756132756133
24 0.43137755102040815 0.44498556998557 0.010714285714285714 0.006132756132756133
41 0.5038265306122449 0.42622655122655123 0.0005102040816326531 0.03354978354978355
87 0.49744897959183676 0.4806998556998557 0.00816326530612245 0.010461760461760462
24 0.4987244897959184 0.44498556998557 0.010714285714285714 0.006132756132756133
26 0.3318877551020408 0.4240620490620491 0.010714285714285714 0.006132756132756133
93 0.3170918367346939 0.4541847041847042 0.015816326530612244 0.010101010101010102
93 0.32933673469387753 0.4541847041847042 0.015816326530612244 0.010101010101010102
93 0.34183673469387754 0.4541847041847042 0.0163265306122449 0.010101010101010102
41 0.33698979591836736 0.4161255411255411 0.0005102040816326531 0.013347763347763348
24 0.3635204081632653 0.44498556998557 0.010714285714285714 0.006132756132756133
41 0.36862244897959184 0.42658730158730157 0.0005102040816326531 0.03427128427128427
26 0.39948979591836736 0.4240620490620491 0.01020408163265306 0.006132756132756133
41 0.40433673469387754 0.4161255411255411 0.0005102040816326531 0.013347763347763348
86 0.3977040816326531 0.4790764790764791 0.008673469387755102 0.016594516594516596