134 0.4997448979591837 0.057900432900432904 0.9045918367346939 0.024170274170274172
134 0.4997448979591837 0.2527056277056277 0.9045918367346939 0.024170274170274172
134 0.4997448979591837 0.12283549783549784 0.9045918367346939 0.024170274170274172
1 0.8785714285714286 0.07575757575757576 0.012244897959183673 0.0007215007215007215
1 0.7770408163265307 0.07575757575757576 0.012244897959183673 0.0007215007215007215
1 0.6775510204081633 0.07575757575757576 0.012244897959183673 0.0007215007215007215
1 0.6122448979591837 0.07575757575757576 0.012244897959183673 0.0007215007215007215
1 0.5908163265306122 0.07575757575757576 0.012244897959183673 0.0007215007215007215
1 0.5239795918367347 0.07575757575757576 0.012244897959183673 0.0007215007215007215
1 0.4895408163265306 0.07575757575757576 0.012755102040816327 0.0007215007215007215
1 0.42244897959183675 0.07575757575757576 0.012244897959183673 0.0007215007215007215
1 0.38903061224489793 0.07575757575757576 0.012755102040816327 0.0007215007215007215
1 0.3239795918367347 0.07575757575757576 0.012244897959183673 0.0007215007215007215
1 0.3025510204081633 0.07575757575757576 0.012244897959183673 0.0007215007215007215
1 0.2357142857142857 0.07575757575757576 0.012244897959183673 0.0007215007215007215
1 0.2010204081632653 0.07575757575757576 0.012244897959183673 0.0007215007215007215
1 0.13418367346938775 0.07575757575757576 0.012244897959183673 0.0007215007215007215
1 0.10051020408163265 0.07575757575757576 0.012244897959183673 0.0007215007215007215
134 0.4997448979591837 0.18777056277056278 0.9045918367346939 0.024170274170274172
41 0.7487244897959183 0.06132756132756133 0.0005102040816326531 0.013708513708513708
87 0.6772959183673469 0.12301587301587301 0.007653061224489796 0.010101010101010102
41 0.6372448979591837 0.25072150072150073 0.0010204081632653062 0.01948051948051948
47 0.6408163265306123 0.24422799422799424 0.006122448979591836 0.006493506493506494
24 0.6775510204081633 0.07575757575757576 0.00816326530612245 0.005772005772005772
87 0.5237244897959183 0.2528860028860029 0.007653061224489796 0.010101010101010102
87 0.6772959183673469 0.2528860028860029 0.007653061224489796 0.010101010101010102
41 0.6813775510204082 0.06457431457431458 0.0005102040816326531 0.020202020202020204
41 0.7145408163265307 0.06259018759018758 0.0005102040816326531 0.016233766233766232
41 0.7073979591836734 0.12824675324675325 0.0005102040816326531 0.012626262626262626
24 0.710969387755102 0.25865800865800864 0.007653061224489796 0.005772005772005772
41 0.7145408163265307 0.24801587301587302 0.0005102040816326531 0.01984126984126984
47 0.7181122448979592 0.24134199134199133 0.0066326530612244895 0.006493506493506494
24 0.7448979591836735 0.0698051948051948 0.00816326530612245 0.005411255411255411
87 0.7446428571428572 0.2528860028860029 0.007653061224489796 0.010101010101010102
26 0.7448979591836735 0.11381673881673882 0.00816326530612245 0.005411255411255411
26 0.710969387755102 0.0726911976911977 0.007653061224489796 0.005411255411255411
26 0.710969387755102 0.11976911976911978 0.007653061224489796 0.005772005772005772
41 0.5614795918367347 0.06439393939393939 0.0005102040816326531 0.012626262626262626
41 0.5538265306122448 0.12373737373737374 0.0005102040816326531 0.017316017316017316
26 0.5576530612244898 0.26172438672438675 0.00816326530612245 0.005411255411255411
59 0.5464285714285714 0.11183261183261184 0.007142857142857143 0.012987012987012988
41 0.5614795918367347 0.2509018759018759 0.0005102040816326531 0.01984126984126984
47 0.5650510204081632 0.24422799422799424 0.0066326530612244895 0.006493506493506494
121 0.15459183673469387 0.05772005772005772 0.1 0.0021645021645021645
41 0.5278061224489796 0.06583694083694083 0.0005102040816326531 0.015512265512265512
41 0.5201530612244898 0.12301587301587301 0.0005102040816326531 0.020923520923520924
26 0.5908163265306122 0.07864357864357864 0.00816326530612245 0.005772005772005772
26 0.5576530612244898 0.0726911976911977 0.00816326530612245 0.005411255411255411
26 0.5576530612244898 0.11381673881673882 0.00816326530612245 0.005411255411255411
41 0.6372448979591837 0.06439393939393939 0.0010204081632653062 0.01479076479076479
41 0.6160714285714286 0.06655844155844155 0.0005102040816326531 0.01479076479076479
26 0.6336734693877552 0.0726911976911977 0.00816326530612245 0.005411255411255411
26 0.6336734693877552 0.11381673881673882 0.00816326530612245 0.005411255411255411
26 0.6336734693877552 0.26172438672438675 0.00816326530612245 0.005411255411255411
24 0.6122448979591837 0.07575757575757576 0.00816326530612245 0.005772005772005772
41 0.6298469387755102 0.12463924963924963 0.0005102040816326531 0.01984126984126984
24 0.5908163265306122 0.11688311688311688 0.00816326530612245 0.005772005772005772
87 0.5905612244897959 0.2528860028860029 0.007653061224489796 0.010101010101010102
41 0.5946428571428571 0.06854256854256854 0.0005102040816326531 0.01875901875901876
41 0.5872448979591837 0.12518037518037517 0.0010204081632653062 0.015151515151515152
41 0.9176020408163266 0.12319624819624819 0.0005102040816326531 0.020562770562770564
24 0.9211734693877551 0.0698051948051948 0.007653061224489796 0.005411255411255411
24 0.9211734693877551 0.11093073593073594 0.007653061224489796 0.005411255411255411
24 0.9211734693877551 0.25865800865800864 0.007653061224489796 0.005772005772005772
41 0.9247448979591837 0.060425685425685424 0.0005102040816326531 0.016955266955266956
41 0.9247448979591837 0.24801587301587302 0.0005102040816326531 0.01984126984126984
47 0.9283163265306122 0.24134199134199133 0.0066326530612244895 0.006493506493506494
41 0.8747448979591836 0.12355699855699856 0.0005102040816326531 0.016955266955266956
26 0.9 0.0726911976911977 0.00816326530612245 0.005411255411255411
41 0.9038265306122449 0.06240981240981241 0.0005102040816326531 0.01875901875901876
121 0.5448979591836735 0.057178932178932176 0.0336734693877551 0.003246753246753247
121 0.9038265306122449 0.05176767676767677 0.042346938775510205 0.003968253968253968
121 0.8933673469387755 0.057178932178932176 0.02040816326530612 0.003246753246753247
121 0.8627551020408163 0.13347763347763347 0.10918367346938776 0.0021645021645021645
121 0.8321428571428572 0.05248917748917749 0.0326530612244898 0.003246753246753247
121 0.7403061224489796 0.13582251082251082 0.0663265306122449 0.0018037518037518038
121 0.7311224489795919 0.05303030303030303 0.1 0.0021645021645021645
121 0.6160714285714286 0.05772005772005772 0.042346938775510205 0.004329004329004329
121 0.6053571428571428 0.06313131313131314 0.020918367346938777 0.002886002886002886
121 0.575 0.134018759018759 0.10918367346938776 0.003246753246753247
121 0.45229591836734695 0.1406926406926407 0.06683673469387755 0.0021645021645021645
84 0.5193877551020408 0.18344155844155843 0.011224489795918367 0.003246753246753247
121 0.4431122448979592 0.05772005772005772 0.10051020408163265 0.0021645021645021645
121 0.32755102040816325 0.05772005772005772 0.04285714285714286 0.004329004329004329
121 0.3168367346938776 0.06313131313131314 0.019387755102040816 0.002886002886002886
121 0.286734693877551 0.1396103896103896 0.10918367346938776 0.0021645021645021645
121 0.2558673469387755 0.057178932178932176 0.03316326530612245 0.003246753246753247
121 0.16403061224489796 0.1406926406926407 0.06683673469387755 0.0021645021645021645
41 0.7732142857142857 0.12842712842712842 0.0005102040816326531 0.01443001443001443
41 0.7808673469387755 0.0633116883116883 0.0005102040816326531 0.020562770562770564
41 0.7808673469387755 0.2472943722943723 0.0005102040816326531 0.0183982683982684
47 0.7844387755102041 0.24134199134199133 0.0066326530612244895 0.006493506493506494
26 0.811734693877551 0.0726911976911977 0.00816326530612245 0.005411255411255411
26 0.811734693877551 0.10786435786435787 0.00816326530612245 0.005772005772005772
87 0.8114795918367347 0.2528860028860029 0.007653061224489796 0.010101010101010102
59 0.7336734693877551 0.11183261183261184 0.007142857142857143 0.012987012987012988
59 0.7336734693877551 0.06764069264069264 0.007142857142857143 0.013347763347763348
41 0.7410714285714286 0.12518037518037517 0.0005102040816326531 0.020923520923520924
41 0.815561224489796 0.06240981240981241 0.0005102040816326531 0.01875901875901876
24 0.7770408163265307 0.07575757575757576 0.00816326530612245 0.005772005772005772
26 0.7770408163265307 0.11976911976911978 0.00816326530612245 0.005772005772005772
24 0.7770408163265307 0.25865800865800864 0.00816326530612245 0.005772005772005772
41 0.8487244897959184 0.24765512265512266 0.0005102040816326531 0.01911976911976912
41 0.8410714285714286 0.1275252525252525 0.0005102040816326531 0.011904761904761904
47 0.8520408163265306 0.24134199134199133 0.006122448979591836 0.006493506493506494
24 0.8785714285714286 0.07575757575757576 0.00816326530612245 0.005772005772005772
26 0.8785714285714286 0.11381673881673882 0.00816326530612245 0.005411255411255411
87 0.8783163265306122 0.2528860028860029 0.007653061224489796 0.010101010101010102
41 0.8823979591836735 0.06385281385281386 0.0005102040816326531 0.021645021645021644
41 0.8079081632653061 0.12103174603174603 0.0005102040816326531 0.024891774891774892
24 0.8448979591836735 0.0698051948051948 0.00816326530612245 0.005411255411255411
26 0.8448979591836735 0.11976911976911978 0.00816326530612245 0.005772005772005772
24 0.8448979591836735 0.25865800865800864 0.00816326530612245 0.005772005772005772
41 0.8487244897959184 0.060425685425685424 0.0005102040816326531 0.016955266955266956
41 0.20484693877551022 0.06746031746031746 0.0005102040816326531 0.01875901875901876
41 0.1971938775510204 0.1323953823953824 0.0005102040816326531 0.015873015873015872
26 0.2010204081632653 0.26172438672438675 0.00816326530612245 0.005411255411255411
41 0.20484693877551022 0.2509018759018759 0.0005102040816326531 0.01984126984126984
47 0.20841836734693878 0.24422799422799424 0.0066326530612244895 0.006493506493506494
24 0.2357142857142857 0.07575757575757576 0.00816326530612245 0.005772005772005772
24 0.2357142857142857 0.11075036075036075 0.00816326530612245 0.005772005772005772
87 0.23545918367346938 0.2528860028860029 0.007653061224489796 0.010101010101010102
87 0.16862244897959183 0.2528860028860029 0.007653061224489796 0.010101010101010102
41 0.17270408163265305 0.06457431457431458 0.0005102040816326531 0.012987012987012988
41 0.16505102040816327 0.12950937950937952 0.0005102040816326531 0.021645021645021644
41 0.23954081632653063 0.06637806637806638 0.0005102040816326531 0.016594516594516596
26 0.2010204081632653 0.07864357864357864 0.00816326530612245 0.005772005772005772
24 0.2010204081632653 0.12283549783549784 0.00816326530612245 0.005411255411255411
41 0.2724489795918367 0.25072150072150073 0.0010204081632653062 0.01948051948051948
41 0.26505102040816325 0.13203463203463203 0.0005102040816326531 0.01443001443001443
24 0.5239795918367347 0.11075036075036075 0.00816326530612245 0.005772005772005772
26 0.3025510204081633 0.07864357864357864 0.00816326530612245 0.005772005772005772
24 0.3025510204081633 0.11688311688311688 0.00816326530612245 0.005772005772005772
87 0.3022959183673469 0.2528860028860029 0.007653061224489796 0.010101010101010102
41 0.30637755102040815 0.06854256854256854 0.0005102040816326531 0.01875901875901876
41 0.23188775510204082 0.12554112554112554 0.0005102040816326531 0.027417027417027416
24 0.16887755102040816 0.11688311688311688 0.00816326530612245 0.005772005772005772
26 0.26887755102040817 0.0726911976911977 0.00816326530612245 0.005411255411255411
24 0.26887755102040817 0.12283549783549784 0.00816326530612245 0.005411255411255411
26 0.26887755102040817 0.26172438672438675 0.00816326530612245 0.005411255411255411
41 0.2724489795918367 0.06439393939393939 0.0010204081632653062 0.01479076479076479
5 0.06505102040816327 0.12337662337662338 0.020918367346938777 0.03535353535353535
5 0.06505102040816327 0.18831168831168832 0.020918367346938777 0.03535353535353535
5 0.06505102040816327 0.2532467532467532 0.020918367346938777 0.03535353535353535
84 0.225 0.18344155844155843 0.011224489795918367 0.003246753246753247
84 0.8076530612244898 0.18344155844155843 0.011224489795918367 0.003246753246753247
5 0.06505102040816327 0.05844155844155844 0.020918367346938777 0.03535353535353535
26 0.13418367346938775 0.26172438672438675 0.00816326530612245 0.005411255411255411
41 0.13801020408163264 0.06601731601731602 0.0005102040816326531 0.015873015873015872
41 0.13035714285714287 0.1323953823953824 0.0005102040816326531 0.015873015873015872
24 0.13418367346938775 0.12283549783549784 0.00816326530612245 0.005411255411255411
41 0.13801020408163264 0.2509018759018759 0.0005102040816326531 0.01984126984126984
47 0.1413265306122449 0.24422799422799424 0.006122448979591836 0.006493506493506494
26 0.16887755102040816 0.0726911976911977 0.00816326530612245 0.005411255411255411
26 0.10051020408163265 0.07864357864357864 0.00816326530612245 0.005772005772005772
87 0.10025510204081632 0.12283549783549784 0.007653061224489796 0.00974025974025974
87 0.10025510204081632 0.2528860028860029 0.007653061224489796 0.010101010101010102
41 0.10433673469387755 0.06800144300144301 0.0005102040816326531 0.01984126984126984
47 0.2760204081632653 0.24422799422799424 0.006122448979591836 0.006493506493506494
24 0.13418367346938775 0.07575757575757576 0.00816326530612245 0.005772005772005772
24 0.42244897959183675 0.12283549783549784 0.00816326530612245 0.005411255411255411
26 0.42244897959183675 0.26172438672438675 0.00816326530612245 0.005411255411255411
41 0.4262755102040816 0.06583694083694083 0.0005102040816326531 0.015512265512265512
41 0.41862244897959183 0.13203463203463203 0.0005102040816326531 0.016594516594516596
24 0.42244897959183675 0.07575757575757576 0.00816326530612245 0.005772005772005772
41 0.4262755102040816 0.2509018759018759 0.0005102040816326531 0.01984126984126984
47 0.4298469387755102 0.24422799422799424 0.0066326530612244895 0.006493506493506494
26 0.45714285714285713 0.0726911976911977 0.00816326530612245 0.005411255411255411
26 0.48928571428571427 0.26172438672438675 0.00816326530612245 0.005411255411255411
41 0.4931122448979592 0.06727994227994227 0.0005102040816326531 0.0183982683982684
41 0.4857142857142857 0.13203463203463203 0.0010204081632653062 0.016594516594516596
24 0.48928571428571427 0.12283549783549784 0.00816326530612245 0.005411255411255411
41 0.4931122448979592 0.2509018759018759 0.0005102040816326531 0.01984126984126984
47 0.49668367346938774 0.24422799422799424 0.0066326530612244895 0.006493506493506494
24 0.5239795918367347 0.07575757575757576 0.00816326530612245 0.005772005772005772
24 0.45714285714285713 0.1167027417027417 0.00816326530612245 0.005411255411255411
87 0.4568877551020408 0.2528860028860029 0.007653061224489796 0.010101010101010102
41 0.46096938775510204 0.06493506493506493 0.0005102040816326531 0.013708513708513708
41 0.45331632653061227 0.12896825396825398 0.0005102040816326531 0.022727272727272728
26 0.48928571428571427 0.07864357864357864 0.00816326530612245 0.005772005772005772
41 0.3413265306122449 0.12716450216450217 0.0010204081632653062 0.024170274170274172
47 0.3525510204081633 0.24422799422799424 0.006122448979591836 0.006493506493506494
41 0.34872448979591836 0.25036075036075034 0.0005102040816326531 0.01875901875901876
59 0.3336734693877551 0.11183261183261184 0.007142857142857143 0.012987012987012988
24 0.3239795918367347 0.07575757575757576 0.00816326530612245 0.005772005772005772
41 0.34872448979591836 0.06385281385281386 0.0005102040816326531 0.013708513708513708
26 0.3448979591836735 0.26172438672438675 0.00816326530612245 0.005411255411255411
26 0.3448979591836735 0.11381673881673882 0.00816326530612245 0.005411255411255411
26 0.3448979591836735 0.0726911976911977 0.00816326530612245 0.005411255411255411
41 0.32755102040816325 0.06637806637806638 0.0010204081632653062 0.016594516594516596
41 0.29872448979591837 0.12842712842712842 0.0005102040816326531 0.021645021645021644
41 0.39260204081632655 0.06727994227994227 0.0005102040816326531 0.0183982683982684
87 0.38877551020408163 0.2528860028860029 0.007142857142857143 0.010101010101010102
87 0.38877551020408163 0.12301587301587301 0.007142857142857143 0.010101010101010102
26 0.38903061224489793 0.07864357864357864 0.007653061224489796 0.005772005772005772
134 0.4997448979591837 0.3995310245310245 0.9045918367346939 0.024170274170274172
134 0.4997448979591837 0.5945165945165946 0.9045918367346939 0.023809523809523808
134 0.4997448979591837 0.5294011544011544 0.9045918367346939 0.024170274170274172
1 0.8994897959183673 0.41738816738816736 0.012244897959183673 0.0007215007215007215
1 0.8783163265306122 0.41738816738816736 0.012755102040816327 0.0007215007215007215
1 0.8112244897959183 0.41738816738816736 0.012244897959183673 0.0007215007215007215
1 0.7775510204081633 0.41738816738816736 0.012244897959183673 0.0007215007215007215
1 0.7104591836734694 0.41738816738816736 0.012755102040816327 0.0007215007215007215
1 0.6767857142857143 0.41738816738816736 0.012755102040816327 0.0007215007215007215
1 0.611734693877551 0.41738816738816736 0.012244897959183673 0.0007215007215007215
1 0.5903061224489796 0.41738816738816736 0.012244897959183673 0.0007215007215007215
1 0.523469387755102 0.41738816738816736 0.012244897959183673 0.0007215007215007215
1 0.48928571428571427 0.41738816738816736 0.012244897959183673 0.0007215007215007215
1 0.42244897959183675 0.41738816738816736 0.012244897959183673 0.0007215007215007215
1 0.38877551020408163 0.41738816738816736 0.012244897959183673 0.0007215007215007215
1 0.3020408163265306 0.41738816738816736 0.012244897959183673 0.0007215007215007215
1 0.20051020408163264 0.41738816738816736 0.012244897959183673 0.0007215007215007215
1 0.10051020408163265 0.41738816738816736 0.012244897959183673 0.0007215007215007215
134 0.4997448979591837 0.46446608946608947 0.9045918367346939 0.024170274170274172
121 0.15433673469387754 0.39466089466089466 0.09948979591836735 0.0021645021645021645
41 0.6806122448979591 0.40945165945165946 0.0010204081632653062 0.01948051948051948
87 0.6767857142857143 0.5946969696969697 0.007653061224489796 0.00974025974025974
87 0.6767857142857143 0.46464646464646464 0.007653061224489796 0.010101010101010102
26 0.6770408163265306 0.42045454545454547 0.00816326530612245 0.005411255411255411
24 0.523469387755102 0.41738816738816736 0.00816326530612245 0.005772005772005772
47 0.6403061224489796 0.5862193362193362 0.006122448979591836 0.006493506493506494
41 0.6364795918367347 0.591991341991342 0.0005102040816326531 0.01875901875901876
41 0.7068877551020408 0.4624819624819625 0.0005102040816326531 0.015873015873015872
41 0.7140306122448979 0.591991341991342 0.0005102040816326531 0.01875901875901876
47 0.7176020408163265 0.5862193362193362 0.0066326530612244895 0.006493506493506494
26 0.7443877551020408 0.4145021645021645 0.00816326530612245 0.005772005772005772
26 0.7443877551020408 0.4556277056277056 0.00816326530612245 0.005772005772005772
87 0.7441326530612244 0.5946969696969697 0.007653061224489796 0.00974025974025974
41 0.7482142857142857 0.4071067821067821 0.0005102040816326531 0.012626262626262626
24 0.7104591836734694 0.41738816738816736 0.007653061224489796 0.005772005772005772
24 0.7104591836734694 0.45256132756132755 0.007653061224489796 0.005411255411255411
26 0.7104591836734694 0.6033549783549783 0.007653061224489796 0.005411255411255411
41 0.7140306122448979 0.4087301587301587 0.0005102040816326531 0.015873015873015872
41 0.5533163265306122 0.4659090909090909 0.0005102040816326531 0.016955266955266956
41 0.5272959183673469 0.4087301587301587 0.0005102040816326531 0.015873015873015872
41 0.5609693877551021 0.40566378066378067 0.0005102040816326531 0.01406926406926407
87 0.5232142857142857 0.5946969696969697 0.007653061224489796 0.00974025974025974
41 0.5609693877551021 0.5921717171717171 0.0005102040816326531 0.01911976911976912
47 0.5642857142857143 0.5862193362193362 0.006122448979591836 0.006493506493506494
26 0.5903061224489796 0.42045454545454547 0.00816326530612245 0.005411255411255411
41 0.5196428571428572 0.4642857142857143 0.0005102040816326531 0.01948051948051948
24 0.5903061224489796 0.45851370851370854 0.00816326530612245 0.005772005772005772
26 0.5571428571428572 0.4145021645021645 0.00816326530612245 0.005772005772005772
26 0.5571428571428572 0.4556277056277056 0.00816326530612245 0.005772005772005772
26 0.5571428571428572 0.6033549783549783 0.00816326530612245 0.005411255411255411
26 0.6326530612244898 0.4145021645021645 0.00816326530612245 0.005772005772005772
26 0.6329081632653061 0.4556277056277056 0.007653061224489796 0.005772005772005772
26 0.6329081632653061 0.6033549783549783 0.007653061224489796 0.005411255411255411
41 0.6364795918367347 0.4065656565656566 0.0005102040816326531 0.013708513708513708
41 0.6155612244897959 0.4083694083694084 0.0005102040816326531 0.015151515151515152
41 0.6290816326530613 0.4662698412698413 0.0010204081632653062 0.01984126984126984
87 0.5900510204081633 0.5946969696969697 0.007653061224489796 0.00974025974025974
41 0.5941326530612245 0.4107142857142857 0.0005102040816326531 0.017676767676767676
41 0.5864795918367347 0.4671717171717172 0.0005102040816326531 0.015151515151515152
24 0.523469387755102 0.45256132756132755 0.00816326530612245 0.005411255411255411
24 0.611734693877551 0.41738816738816736 0.00816326530612245 0.005772005772005772
24 0.9209183673469388 0.46446608946608947 0.00816326530612245 0.005411255411255411
26 0.9209183673469388 0.6033549783549783 0.00816326530612245 0.005411255411255411
41 0.9247448979591837 0.40566378066378067 0.0005102040816326531 0.01406926406926407
41 0.9170918367346939 0.4725829725829726 0.0005102040816326531 0.01443001443001443
26 0.9209183673469388 0.4145021645021645 0.00816326530612245 0.005772005772005772
41 0.9247448979591837 0.5925324675324676 0.0005102040816326531 0.01984126984126984
47 0.9280612244897959 0.5862193362193362 0.006122448979591836 0.006493506493506494
41 0.8747448979591836 0.4707792207792208 0.0005102040816326531 0.01443001443001443
24 0.8994897959183673 0.41738816738816736 0.00816326530612245 0.005772005772005772
41 0.9033163265306122 0.4087301587301587 0.0005102040816326531 0.015873015873015872
121 0.5438775510204081 0.398989898989899 0.0336734693877551 0.002886002886002886
121 0.9033163265306122 0.3995310245310245 0.042346938775510205 0.003968253968253968
121 0.8933673469387755 0.40494227994227994 0.02040816326530612 0.003246753246753247
121 0.8625 0.4788961038961039 0.1096938775510204 0.006854256854256854
121 0.8321428571428572 0.398989898989899 0.0336734693877551 0.002886002886002886
121 0.7400510204081633 0.4734848484848485 0.06683673469387755 0.005411255411255411
121 0.7308673469387755 0.3995310245310245 0.10051020408163265 0.0018037518037518038
121 0.6153061224489796 0.3997113997113997 0.04285714285714286 0.004329004329004329
121 0.6045918367346939 0.40494227994227994 0.02142857142857143 0.003246753246753247
121 0.574234693877551 0.476010101010101 0.1096938775510204 0.003246753246753247
121 0.45229591836734695 0.4734848484848485 0.06683673469387755 0.005411255411255411
84 0.5191326530612245 0.5252525252525253 0.010714285714285714 0.002886002886002886
121 0.4431122448979592 0.3995310245310245 0.10051020408163265 0.0018037518037518038
121 0.32729591836734695 0.3935786435786436 0.042346938775510205 0.004329004329004329
121 0.3165816326530612 0.398989898989899 0.01989795918367347 0.002886002886002886
121 0.28622448979591836 0.47655122655122656 0.10918367346938776 0.0021645021645021645
121 0.25535714285714284 0.3941197691197691 0.03316326530612245 0.003246753246753247
121 0.16377551020408163 0.47763347763347763 0.0663265306122449 0.0021645021645021645
41 0.7813775510204082 0.5921717171717171 0.0005102040816326531 0.01911976911976912
41 0.7737244897959183 0.4677128427128427 0.0005102040816326531 0.01479076479076479
47 0.7846938775510204 0.5862193362193362 0.006122448979591836 0.006493506493506494
24 0.8112244897959183 0.41738816738816736 0.00816326530612245 0.005772005772005772
26 0.8112244897959183 0.4556277056277056 0.00816326530612245 0.005772005772005772
87 0.8109693877551021 0.5946969696969697 0.007653061224489796 0.00974025974025974
41 0.8150510204081632 0.4081890331890332 0.0005102040816326531 0.016955266955266956
41 0.7405612244897959 0.4648268398268398 0.0005102040816326531 0.016955266955266956
59 0.7331632653061224 0.45346320346320346 0.007142857142857143 0.012987012987012988
26 0.7775510204081633 0.42045454545454547 0.00816326530612245 0.005411255411255411
24 0.7775510204081633 0.45851370851370854 0.00816326530612245 0.005772005772005772
26 0.7775510204081633 0.6033549783549783 0.00816326530612245 0.005411255411255411
41 0.7813775510204082 0.4096320346320346 0.0005102040816326531 0.01984126984126984
41 0.8415816326530612 0.46915584415584416 0.0005102040816326531 0.016955266955266956
41 0.8487244897959184 0.591991341991342 0.0005102040816326531 0.01875901875901876
47 0.852295918367347 0.5862193362193362 0.0066326530612244895 0.006493506493506494
26 0.8783163265306122 0.42045454545454547 0.007653061224489796 0.005411255411255411
26 0.8783163265306122 0.4615800865800866 0.007653061224489796 0.005411255411255411
87 0.878061224489796 0.5946969696969697 0.007142857142857143 0.00974025974025974
41 0.8821428571428571 0.4101731601731602 0.0010204081632653062 0.01875901875901876
41 0.8073979591836735 0.4662698412698413 0.0005102040816326531 0.01984126984126984
26 0.8451530612244897 0.4145021645021645 0.007653061224489796 0.005772005772005772
24 0.8451530612244897 0.45851370851370854 0.007653061224489796 0.005772005772005772
26 0.8451530612244897 0.6033549783549783 0.007653061224489796 0.005411255411255411
41 0.8487244897959184 0.406024531024531 0.0005102040816326531 0.01479076479076479
41 0.19668367346938775 0.47023809523809523 0.0005102040816326531 0.01406926406926407
24 0.20051020408163264 0.41738816738816736 0.00816326530612245 0.005772005772005772
26 0.20051020408163264 0.4615800865800866 0.00816326530612245 0.005411255411255411
24 0.20051020408163264 0.6004689754689755 0.00816326530612245 0.005411255411255411
41 0.20433673469387756 0.40584415584415584 0.0005102040816326531 0.021645021645021644
41 0.20433673469387756 0.5896464646464646 0.0005102040816326531 0.01984126984126984
47 0.2076530612244898 0.5831529581529582 0.006122448979591836 0.006854256854256854
41 0.16454081632653061 0.4675324675324675 0.0005102040816326531 0.01948051948051948
87 0.16785714285714284 0.5946969696969697 0.007142857142857143 0.00974025974025974
41 0.17168367346938776 0.4022366522366522 0.0005102040816326531 0.01443001443001443
59 0.1568877551020408 0.40945165945165946 0.007653061224489796 0.012987012987012988
59 0.1568877551020408 0.45346320346320346 0.007653061224489796 0.012987012987012988
26 0.2683673469387755 0.4615800865800866 0.00816326530612245 0.005411255411255411
24 0.2683673469387755 0.6004689754689755 0.00816326530612245 0.005411255411255411
41 0.27193877551020407 0.4022366522366522 0.0010204081632653062 0.016594516594516596
41 0.2645408163265306 0.46933621933621933 0.0005102040816326531 0.013708513708513708
24 0.2683673469387755 0.41143578643578643 0.00816326530612245 0.005411255411255411
41 0.27193877551020407 0.5896464646464646 0.0010204081632653062 0.01984126984126984
47 0.2755102040816326 0.5829725829725829 0.006122448979591836 0.006493506493506494
41 0.23137755102040816 0.4639249639249639 0.0005102040816326531 0.024531024531024532
26 0.23520408163265305 0.4145021645021645 0.00816326530612245 0.005772005772005772
26 0.23520408163265305 0.4496753246753247 0.00816326530612245 0.005411255411255411
87 0.23494897959183675 0.5946969696969697 0.007653061224489796 0.00974025974025974
41 0.23903061224489797 0.4042207792207792 0.0005102040816326531 0.0183982683982684
26 0.16811224489795917 0.4556277056277056 0.007653061224489796 0.005772005772005772
5 0.06505102040816327 0.4651875901875902 0.020918367346938777 0.03571428571428571
5 0.06505102040816327 0.5303030303030303 0.020918367346938777 0.03535353535353535
5 0.06505102040816327 0.5952380952380952 0.020918367346938777 0.03535353535353535
84 0.225 0.5252525252525253 0.011224489795918367 0.002886002886002886
84 0.8071428571428572 0.5252525252525253 0.011224489795918367 0.002886002886002886
5 0.06505102040816327 0.4000721500721501 0.020918367346938777 0.03535353535353535
24 0.13418367346938775 0.6004689754689755 0.00816326530612245 0.005411255411255411
41 0.13801020408163264 0.40386002886002886 0.0005102040816326531 0.017676767676767676
41 0.13035714285714287 0.47023809523809523 0.0005102040816326531 0.01406926406926407
26 0.13418367346938775 0.4615800865800866 0.00816326530612245 0.005411255411255411
41 0.13801020408163264 0.5896464646464646 0.0005102040816326531 0.01984126984126984
47 0.14158163265306123 0.5831529581529582 0.0066326530612244895 0.006854256854256854
24 0.16811224489795917 0.41143578643578643 0.007653061224489796 0.005411255411255411
24 0.10051020408163265 0.41738816738816736 0.00816326530612245 0.005772005772005772
87 0.10025510204081632 0.46464646464646464 0.007653061224489796 0.010101010101010102
87 0.10025510204081632 0.5946969696969697 0.007653061224489796 0.00974025974025974
41 0.10433673469387755 0.40584415584415584 0.0005102040816326531 0.021645021645021644
26 0.13418367346938775 0.4145021645021645 0.00816326530612245 0.005772005772005772
41 0.41862244897959183 0.4613997113997114 0.0005102040816326531 0.020202020202020204
24 0.42244897959183675 0.41738816738816736 0.00816326530612245 0.005772005772005772
26 0.42244897959183675 0.4496753246753247 0.00816326530612245 0.005411255411255411
26 0.42244897959183675 0.6033549783549783 0.00816326530612245 0.005411255411255411
41 0.4262755102040816 0.4081890331890332 0.0005102040816326531 0.016955266955266956
41 0.4262755102040816 0.5925324675324676 0.0005102040816326531 0.01984126984126984
47 0.42959183673469387 0.5862193362193362 0.006122448979591836 0.006493506493506494
24 0.3020408163265306 0.41738816738816736 0.00816326530612245 0.005772005772005772
26 0.48928571428571427 0.4556277056277056 0.00816326530612245 0.005772005772005772
26 0.48928571428571427 0.6033549783549783 0.00816326530612245 0.005411255411255411
41 0.4931122448979592 0.4090909090909091 0.0005102040816326531 0.01875901875901876
41 0.4854591836734694 0.4657287157287157 0.0005102040816326531 0.01875901875901876
26 0.48928571428571427 0.42045454545454547 0.00816326530612245 0.005411255411255411
59 0.47806122448979593 0.45346320346320346 0.007142857142857143 0.012987012987012988
41 0.4931122448979592 0.5925324675324676 0.0005102040816326531 0.01984126984126984
47 0.49668367346938774 0.5862193362193362 0.0066326530612244895 0.006493506493506494
41 0.4528061224489796 0.46410533910533913 0.0005102040816326531 0.0183982683982684
26 0.45637755102040817 0.4145021645021645 0.007653061224489796 0.005772005772005772
24 0.45637755102040817 0.45256132756132755 0.007653061224489796 0.005411255411255411
87 0.4561224489795918 0.5946969696969697 0.007142857142857143 0.00974025974025974
41 0.4599489795918367 0.4065656565656566 0.0005102040816326531 0.013708513708513708
24 0.34464285714285714 0.41143578643578643 0.007653061224489796 0.005411255411255411
24 0.34464285714285714 0.45851370851370854 0.007653061224489796 0.005772005772005772
24 0.34464285714285714 0.6004689754689755 0.007653061224489796 0.005411255411255411
41 0.3482142857142857 0.4015151515151515 0.0005102040816326531 0.018037518037518036
41 0.32729591836734695 0.4034992784992785 0.0005102040816326531 0.01911976911976912
41 0.3410714285714286 0.4678932178932179 0.0005102040816326531 0.016594516594516596
24 0.3020408163265306 0.45256132756132755 0.00816326530612245 0.005411255411255411
87 0.30178571428571427 0.5946969696969697 0.007653061224489796 0.00974025974025974
41 0.3058673469387755 0.40584415584415584 0.0005102040816326531 0.021645021645021644
41 0.2982142857142857 0.4648268398268398 0.0005102040816326531 0.022727272727272728
26 0.32346938775510203 0.4145021645021645 0.00816326530612245 0.005772005772005772
41 0.39260204081632655 0.4090909090909091 0.0005102040816326531 0.01875901875901876
87 0.38852040816326533 0.5946969696969697 0.007653061224489796 0.00974025974025974
87 0.38852040816326533 0.46464646464646464 0.007653061224489796 0.010101010101010102
26 0.38877551020408163 0.42045454545454547 0.00816326530612245 0.005411255411255411
41 0.3482142857142857 0.5896464646464646 0.0005102040816326531 0.01984126984126984
47 0.3517857142857143 0.5829725829725829 0.0066326530612244895 0.006493506493506494
134 0.4997448979591837 0.9363275613275613 0.9045918367346939 0.024170274170274172
134 0.4997448979591837 0.7413419913419913 0.9045918367346939 0.023809523809523808
1 0.9002551020408164 0.7591991341991342 0.012755102040816327 0.0010822510822510823
1 0.8793367346938775 0.7591991341991342 0.012755102040816327 0.0010822510822510823
1 0.8140306122448979 0.7591991341991342 0.012755102040816327 0.0010822510822510823
1 0.7806122448979592 0.7591991341991342 0.012244897959183673 0.0010822510822510823
1 0.7155612244897959 0.7591991341991342 0.012755102040816327 0.0010822510822510823
1 0.6826530612244898 0.7591991341991342 0.012244897959183673 0.0010822510822510823
1 0.5887755102040816 0.7591991341991342 0.012244897959183673 0.0010822510822510823
1 0.4897959183673469 0.7591991341991342 0.012244897959183673 0.0010822510822510823
1 0.39183673469387753 0.7591991341991342 0.012244897959183673 0.0010822510822510823
1 0.29744897959183675 0.7591991341991342 0.012244897959183673 0.0010822510822510823
1 0.1989795918367347 0.7591991341991342 0.012244897959183673 0.0010822510822510823
1 0.10051020408163265 0.7591991341991342 0.012244897959183673 0.0010822510822510823
134 0.4997448979591837 0.8062770562770563 0.9045918367346939 0.023809523809523808
134 0.4997448979591837 0.8713924963924964 0.9045918367346939 0.024170274170274172
41 0.6267857142857143 0.8771645021645021 0.0005102040816326531 0.01406926406926407
41 0.6862244897959183 0.7510822510822511 0.0010204081632653062 0.01948051948051948
87 0.6823979591836735 0.9365079365079365 0.007653061224489796 0.010101010101010102
26 0.6826530612244898 0.8623737373737373 0.00816326530612245 0.005411255411255411
26 0.6826530612244898 0.7622655122655123 0.00816326530612245 0.005772005772005772
47 0.6380102040816327 0.924963924963925 0.005612244897959183 0.006493506493506494
41 0.6344387755102041 0.9309163059163059 0.0005102040816326531 0.01911976911976912
41 0.7191326530612245 0.9338023088023089 0.0005102040816326531 0.0183982683982684
41 0.7191326530612245 0.75 0.0005102040816326531 0.01443001443001443
26 0.7153061224489796 0.9451659451659452 0.00816326530612245 0.005772005772005772
24 0.7155612244897959 0.7591991341991342 0.007653061224489796 0.005411255411255411
40 0.6923469387755102 0.8623737373737373 0.003061224489795918 0.0018037518037518038
59 0.6711734693877551 0.8603896103896104 0.007653061224489796 0.012987012987012988
41 0.6788265306122448 0.8731962481962482 0.0005102040816326531 0.01984126984126984
24 0.5561224489795918 0.7532467532467533 0.00816326530612245 0.005772005772005772
47 0.5637755102040817 0.924963924963925 0.006122448979591836 0.006493506493506494
41 0.5599489795918368 0.9307359307359307 0.0005102040816326531 0.01875901875901876
41 0.5599489795918368 0.7445887445887446 0.0005102040816326531 0.015873015873015872
24 0.5561224489795918 0.9422799422799423 0.00816326530612245 0.005772005772005772
87 0.5558673469387755 0.8713924963924964 0.007653061224489796 0.00974025974025974
41 0.5267857142857143 0.7453102453102453 0.0005102040816326531 0.017316017316017316
87 0.5229591836734694 0.9365079365079365 0.007142857142857143 0.010101010101010102
26 0.5232142857142857 0.7563131313131313 0.007653061224489796 0.005411255411255411
47 0.49744897959183676 0.924963924963925 0.006122448979591836 0.006493506493506494
121 0.15357142857142858 0.7364718614718615 0.09795918367346938 0.0018037518037518038
41 0.6344387755102041 0.7429653679653679 0.0005102040816326531 0.016955266955266956
24 0.6306122448979592 0.9422799422799423 0.00816326530612245 0.005772005772005772
26 0.6306122448979592 0.8683261183261183 0.00816326530612245 0.005772005772005772
24 0.6306122448979592 0.7532467532467533 0.00816326530612245 0.005772005772005772
41 0.6135204081632653 0.7456709956709957 0.0005102040816326531 0.018037518037518036
26 0.6096938775510204 0.7563131313131313 0.00816326530612245 0.005411255411255411
41 0.5849489795918368 0.8751803751803752 0.0005102040816326531 0.015873015873015872
41 0.5926020408163265 0.7476551226551227 0.0005102040816326531 0.01984126984126984
87 0.5885204081632653 0.9365079365079365 0.007653061224489796 0.010101010101010102
24 0.5887755102040816 0.8652597402597403 0.00816326530612245 0.005411255411255411
24 0.5887755102040816 0.7591991341991342 0.00816326530612245 0.005411255411255411
26 0.9211734693877551 0.7563131313131313 0.007653061224489796 0.005411255411255411
47 0.9285714285714286 0.9278499278499278 0.006122448979591836 0.006493506493506494
41 0.9247448979591837 0.9338023088023089 0.0005102040816326531 0.0183982683982684
53 0.9214285714285714 0.8795093795093795 0.006122448979591836 0.006493506493506494
41 0.9176020408163266 0.8737373737373737 0.0005102040816326531 0.01875901875901876
41 0.9247448979591837 0.7485569985569985 0.0005102040816326531 0.013708513708513708
26 0.9211734693877551 0.9451659451659452 0.007653061224489796 0.005772005772005772
26 0.9211734693877551 0.8623737373737373 0.007653061224489796 0.005411255411255411
41 0.9038265306122449 0.75 0.0005102040816326531 0.01443001443001443
24 0.9002551020408164 0.7591991341991342 0.007653061224489796 0.005411255411255411
41 0.8829081632653061 0.7514430014430015 0.0005102040816326531 0.017316017316017316
121 0.25229591836734694 0.7359307359307359 0.03316326530612245 0.002886002886002886
121 0.32193877551020406 0.7353896103896104 0.04183673469387755 0.003968253968253968
121 0.31173469387755104 0.7408008658008658 0.019387755102040816 0.003246753246753247
121 0.4446428571428571 0.7364718614718615 0.09846938775510204 0.0018037518037518038
84 0.5150510204081633 0.801948051948052 0.010714285714285714 0.002886002886002886
121 0.5436224489795919 0.7359307359307359 0.03316326530612245 0.002886002886002886
121 0.613265306122449 0.7353896103896104 0.04183673469387755 0.003968253968253968
121 0.6028061224489796 0.7408008658008658 0.020918367346938777 0.003246753246753247
121 0.6058673469387755 0.8836580086580087 0.0413265306122449 0.003246753246753247
121 0.7354591836734694 0.7413419913419913 0.09846938775510204 0.0021645021645021645
121 0.8344387755102041 0.7408008658008658 0.03316326530612245 0.003246753246753247
121 0.9040816326530612 0.7413419913419913 0.04183673469387755 0.004329004329004329
121 0.8936224489795919 0.7465728715728716 0.020918367346938777 0.003246753246753247
87 0.8790816326530613 0.9365079365079365 0.007142857142857143 0.010101010101010102
24 0.7806122448979592 0.8652597402597403 0.00816326530612245 0.005411255411255411
47 0.7882653061224489 0.9278499278499278 0.006122448979591836 0.006493506493506494
41 0.7844387755102041 0.9338023088023089 0.0005102040816326531 0.0183982683982684
53 0.7808673469387755 0.8825757575757576 0.0066326530612244895 0.006854256854256854
41 0.7767857142857143 0.8760822510822511 0.0005102040816326531 0.01984126984126984
41 0.7844387755102041 0.7507215007215007 0.0005102040816326531 0.01875901875901876
26 0.7806122448979592 0.9451659451659452 0.00816326530612245 0.005772005772005772
26 0.7806122448979592 0.7622655122655123 0.00816326530612245 0.005772005772005772
41 0.7525510204081632 0.7481962481962482 0.0010204081632653062 0.013708513708513708
87 0.7487244897959183 0.9365079365079365 0.007653061224489796 0.010101010101010102
26 0.7489795918367347 0.7563131313131313 0.00816326530612245 0.005411255411255411
47 0.7227040816326531 0.9278499278499278 0.0066326530612244895 0.006493506493506494
26 0.8793367346938775 0.7622655122655123 0.007653061224489796 0.005772005772005772
47 0.8545918367346939 0.9278499278499278 0.006122448979591836 0.006493506493506494
41 0.8507653061224489 0.933982683982684 0.0005102040816326531 0.01875901875901876
41 0.8507653061224489 0.7472943722943723 0.0005102040816326531 0.01406926406926407
26 0.8469387755102041 0.9451659451659452 0.00816326530612245 0.005772005772005772
26 0.8469387755102041 0.7563131313131313 0.00816326530612245 0.005411255411255411
41 0.8104591836734694 0.8796897546897547 0.0005102040816326531 0.0183982683982684
40 0.8239795918367347 0.8683261183261183 0.003061224489795918 0.0021645021645021645
41 0.8176020408163265 0.7492784992784993 0.0005102040816326531 0.015873015873015872
87 0.8137755102040817 0.9365079365079365 0.007142857142857143 0.010101010101010102
26 0.8140306122448979 0.8683261183261183 0.007653061224489796 0.005772005772005772
24 0.8140306122448979 0.7591991341991342 0.007653061224489796 0.005411255411255411
24 0.1989795918367347 0.8712121212121212 0.00816326530612245 0.005772005772005772
24 0.1989795918367347 0.9422799422799423 0.00816326530612245 0.005772005772005772
41 0.20280612244897958 0.7471139971139971 0.0005102040816326531 0.020923520923520924
41 0.1951530612244898 0.8816738816738817 0.0005102040816326531 0.01875901875901876
24 0.1989795918367347 0.7591991341991342 0.00816326530612245 0.005411255411255411
53 0.19872448979591836 0.8878066378066378 0.0066326530612244895 0.006493506493506494
41 0.20280612244897958 0.9312770562770563 0.0005102040816326531 0.01984126984126984
47 0.20612244897959184 0.924963924963925 0.006122448979591836 0.006493506493506494
59 0.1556122448979592 0.7510822510822511 0.007142857142857143 0.012987012987012988
41 0.17066326530612244 0.7440476190476191 0.0005102040816326531 0.01479076479076479
87 0.16658163265306122 0.9365079365079365 0.007653061224489796 0.010101010101010102
24 0.16683673469387755 0.7532467532467533 0.00816326530612245 0.005772005772005772
47 0.2727040816326531 0.924963924963925 0.005612244897959183 0.006493506493506494
41 0.26913265306122447 0.9310966810966811 0.0005102040816326531 0.01948051948051948
41 0.26913265306122447 0.7436868686868687 0.0005102040816326531 0.016233766233766232
24 0.2653061224489796 0.9422799422799423 0.00816326530612245 0.005772005772005772
24 0.2653061224489796 0.7532467532467533 0.00816326530612245 0.005772005772005772
47 0.14107142857142857 0.924963924963925 0.005612244897959183 0.006493506493506494
59 0.2209183673469388 0.8692279942279942 0.007142857142857143 0.013347763347763348
41 0.22831632653061223 0.8820346320346321 0.0005102040816326531 0.018037518037518036
40 0.24183673469387756 0.8683261183261183 0.003061224489795918 0.0021645021645021645
41 0.23596938775510204 0.7454906204906205 0.0005102040816326531 0.017676767676767676
87 0.23188775510204082 0.9365079365079365 0.007653061224489796 0.010101010101010102
24 0.23214285714285715 0.8712121212121212 0.00816326530612245 0.005772005772005772
26 0.23214285714285715 0.7563131313131313 0.00816326530612245 0.005411255411255411
5 0.06505102040816327 0.7420634920634921 0.020918367346938777 0.03535353535353535
5 0.06505102040816327 0.806998556998557 0.020918367346938777 0.03535353535353535
5 0.06505102040816327 0.8719336219336219 0.020918367346938777 0.03535353535353535
5 0.06505102040816327 0.9368686868686869 0.020918367346938777 0.03535353535353535
4 0.07576530612244899 0.7137445887445888 0.02193877551020408 0.020562770562770564
84 0.8061224489795918 0.801948051948052 0.011224489795918367 0.002886002886002886
84 0.22244897959183674 0.801948051948052 0.011224489795918367 0.002886002886002886
41 0.1375 0.9309163059163059 0.0005102040816326531 0.01911976911976912
41 0.1375 0.7456709956709957 0.0005102040816326531 0.018037518037518036
24 0.1336734693877551 0.9422799422799423 0.00816326530612245 0.005772005772005772
26 0.1336734693877551 0.7563131313131313 0.00816326530612245 0.005411255411255411
41 0.09668367346938775 0.8793290043290043 0.0005102040816326531 0.01911976911976912
40 0.11020408163265306 0.8683261183261183 0.003061224489795918 0.0021645021645021645
41 0.10433673469387755 0.7469336219336219 0.0005102040816326531 0.020562770562770564
87 0.10025510204081632 0.9363275613275613 0.007653061224489796 0.00974025974025974
26 0.10051020408163265 0.8683261183261183 0.00816326530612245 0.005772005772005772
24 0.10051020408163265 0.7591991341991342 0.00816326530612245 0.005411255411255411
41 0.42831632653061225 0.7453102453102453 0.0005102040816326531 0.017316017316017316
24 0.4247448979591837 0.9422799422799423 0.007653061224489796 0.005772005772005772
26 0.4247448979591837 0.7563131313131313 0.007653061224489796 0.005411255411255411
41 0.42831632653061225 0.9312770562770563 0.0005102040816326531 0.01984126984126984
59 0.38035714285714284 0.8692279942279942 0.007653061224489796 0.013347763347763348
41 0.38801020408163267 0.8822150072150072 0.0005102040816326531 0.017676767676767676
41 0.45433673469387753 0.8795093795093795 0.0005102040816326531 0.01875901875901876
41 0.49362244897959184 0.9307359307359307 0.0005102040816326531 0.01875901875901876
41 0.49362244897959184 0.7469336219336219 0.0005102040816326531 0.020562770562770564
24 0.4897959183673469 0.9422799422799423 0.00816326530612245 0.005772005772005772
24 0.4897959183673469 0.7591991341991342 0.00816326530612245 0.005411255411255411
40 0.46785714285714286 0.8683261183261183 0.003061224489795918 0.0021645021645021645
59 0.44668367346938775 0.7512626262626263 0.007653061224489796 0.013347763347763348
41 0.461734693877551 0.7444083694083694 0.0010204081632653062 0.015512265512265512
87 0.45790816326530615 0.9365079365079365 0.007653061224489796 0.010101010101010102
26 0.45816326530612245 0.8683261183261183 0.00816326530612245 0.005772005772005772
24 0.45816326530612245 0.7532467532467533 0.00816326530612245 0.005772005772005772
47 0.4318877551020408 0.924963924963925 0.0066326530612244895 0.006493506493506494
47 0.3466836734693878 0.924963924963925 0.005612244897959183 0.006493506493506494
41 0.34311224489795916 0.9309163059163059 0.0005102040816326531 0.01911976911976912
47 0.3466836734693878 0.8569624819624819 0.005612244897959183 0.006854256854256854
41 0.34311224489795916 0.8630952380952381 0.0005102040816326531 0.01911976911976912
41 0.34311224489795916 0.7429653679653679 0.0005102040816326531 0.016955266955266956
24 0.3392857142857143 0.9422799422799423 0.00816326530612245 0.005772005772005772
26 0.3392857142857143 0.8742784992784993 0.00816326530612245 0.005411255411255411
24 0.3392857142857143 0.7532467532467533 0.00816326530612245 0.005772005772005772
26 0.3183673469387755 0.7563131313131313 0.00816326530612245 0.005411255411255411
41 0.3221938775510204 0.7454906204906205 0.0005102040816326531 0.01984126984126984
24 0.29744897959183675 0.7591991341991342 0.00816326530612245 0.005411255411255411
87 0.2971938775510204 0.9365079365079365 0.007653061224489796 0.010101010101010102
41 0.3012755102040816 0.7474747474747475 0.0005102040816326531 0.021645021645021644
41 0.39566326530612245 0.7472943722943723 0.0005102040816326531 0.021284271284271284
87 0.39158163265306123 0.9365079365079365 0.007653061224489796 0.010101010101010102
24 0.39183673469387753 0.7591991341991342 0.00816326530612245 0.005411255411255411
24 0.39183673469387753 0.8712121212121212 0.00816326530612245 0.005772005772005772