134 0.4997448979591837 0.057900432900432904 0.9045918367346939 0.024170274170274172
1 0.9030612244897959 0.22943722943722944 0.02142857142857143 0.0007215007215007215
1 0.8270408163265306 0.22943722943722944 0.02142857142857143 0.0007215007215007215
1 0.7510204081632653 0.22943722943722944 0.022448979591836733 0.0007215007215007215
1 0.6826530612244898 0.22943722943722944 0.022448979591836733 0.0007215007215007215
134 0.4997448979591837 0.2115800865800866 0.9045918367346939 0.024170274170274172
134 0.4997448979591837 0.13474025974025974 0.9045918367346939 0.024170274170274172
134 0.4997448979591837 0.27813852813852813 0.9045918367346939 0.023809523809523808
134 0.4997448979591837 0.363997113997114 0.9045918367346939 0.0
1 0.4260204081632653 0.295995670995671 0.02040816326530612 0.0010822510822510823
1 0.5719387755102041 0.1525974025974026 0.022448979591836733 0.0007215007215007215
1 0.5719387755102041 0.15854978354978355 0.022448979591836733 0.0010822510822510823
1 0.425 0.1525974025974026 0.022448979591836733 0.0007215007215007215
1 0.425 0.15854978354978355 0.022448979591836733 0.0010822510822510823
1 0.425 0.1645021645021645 0.022448979591836733 0.0007215007215007215
1 0.2811224489795918 0.1525974025974026 0.02142857142857143 0.0007215007215007215
1 0.2811224489795918 0.15854978354978355 0.02142857142857143 0.0010822510822510823
1 0.14438775510204083 0.1525974025974026 0.022448979591836733 0.0007215007215007215
84 0.46938775510204084 0.20707070707070707 0.01020408163265306 0.002886002886002886
84 0.46938775510204084 0.36544011544011545 0.01020408163265306 0.002886002886002886
34 0.750765306122449 0.2326839826839827 0.01479591836734694 0.005772005772005772
34 0.750765306122449 0.21428571428571427 0.01479591836734694 0.005772005772005772
84 0.3193877551020408 0.36544011544011545 0.01020408163265306 0.002886002886002886
84 0.6035714285714285 0.20707070707070707 0.01020408163265306 0.002886002886002886
121 0.5255102040816326 0.07287157287157287 0.013265306122448979 0.0036075036075036075
121 0.5155612244897959 0.07665945165945166 0.03520408163265306 0.006132756132756133
122 0.498469387755102 0.04996392496392496 0.00510204081632653 0.0010822510822510823
34 0.750765306122449 0.22655122655122656 0.01479591836734694 0.005772005772005772
121 0.4788265306122449 0.04347041847041847 0.027040816326530614 0.009018759018759018
121 0.48775510204081635 0.046176046176046176 0.00816326530612245 0.004329004329004329
34 0.750765306122449 0.2205988455988456 0.01479591836734694 0.006132756132756133
84 0.3193877551020408 0.20707070707070707 0.01020408163265306 0.002886002886002886
41 0.6165816326530612 0.05140692640692641 0.0005102040816326531 0.020562770562770564
24 0.6119897959183673 0.06367243867243867 0.009693877551020408 0.006132756132756133
26 0.6316326530612245 0.060786435786435784 0.01020408163265306 0.006132756132756133
112 0.2045918367346939 0.08387445887445888 0.007142857142857143 0.007575757575757576
133 0.2038265306122449 0.08261183261183261 0.060714285714285714 0.0036075036075036075
34 0.6829081632653061 0.22637085137085136 0.01479591836734694 0.005411255411255411
34 0.6829081632653061 0.21428571428571427 0.01479591836734694 0.005772005772005772
34 0.6829081632653061 0.2205988455988456 0.01479591836734694 0.006132756132756133
34 0.6829081632653061 0.2325036075036075 0.01479591836734694 0.006132756132756133
34 0.6829081632653061 0.06673881673881674 0.01479591836734694 0.005772005772005772
41 0.6517857142857143 0.05140692640692641 0.0005102040816326531 0.020562770562770564
24 0.6469387755102041 0.06367243867243867 0.01020408163265306 0.006132756132756133
41 0.6364795918367347 0.051226551226551224 0.0005102040816326531 0.017316017316017316
84 0.761734693877551 0.36544011544011545 0.01020408163265306 0.002886002886002886
84 0.761734693877551 0.2736291486291486 0.01020408163265306 0.0025252525252525255
61 0.889030612244898 0.22348484848484848 0.005612244897959183 0.015512265512265512
59 0.8808673469387756 0.22294372294372294 0.0066326530612244895 0.01443001443001443
84 0.761734693877551 0.13023088023088022 0.01020408163265306 0.002886002886002886
84 0.8339285714285715 0.13023088023088022 0.010714285714285714 0.002886002886002886
84 0.8339285714285715 0.36544011544011545 0.010714285714285714 0.002886002886002886
84 0.8339285714285715 0.2736291486291486 0.010714285714285714 0.0025252525252525255
84 0.8339285714285715 0.05321067821067821 0.010714285714285714 0.0025252525252525255
84 0.6936224489795918 0.13023088023088022 0.010714285714285714 0.002886002886002886
121 0.6341836734693878 0.04112554112554113 0.03469387755102041 0.0021645021645021645
121 0.6441326530612245 0.045815295815295816 0.01479591836734694 0.0021645021645021645
84 0.6035714285714285 0.36544011544011545 0.01020408163265306 0.002886002886002886
32 0.8267857142857142 0.21753246753246752 0.01479591836734694 0.005772005772005772
32 0.8400510204081633 0.22348484848484848 0.01479591836734694 0.006132756132756133
34 0.8267857142857142 0.22637085137085136 0.01479591836734694 0.006132756132756133
34 0.8267857142857142 0.2325036075036075 0.01479591836734694 0.006132756132756133
32 0.9022959183673469 0.21753246753246752 0.01479591836734694 0.005772005772005772
32 0.9155612244897959 0.22348484848484848 0.01479591836734694 0.006132756132756133
34 0.9022959183673469 0.2261904761904762 0.01479591836734694 0.005772005772005772
34 0.9022959183673469 0.2325036075036075 0.01479591836734694 0.006132756132756133
84 0.761734693877551 0.05321067821067821 0.01020408163265306 0.0025252525252525255
84 0.6936224489795918 0.36544011544011545 0.010714285714285714 0.002886002886002886
84 0.6936224489795918 0.2736291486291486 0.010714285714285714 0.0025252525252525255
61 0.8130102040816326 0.22348484848484848 0.005612244897959183 0.015512265512265512
59 0.8051020408163265 0.22294372294372294 0.006122448979591836 0.01443001443001443
34 0.2808673469387755 0.14935064935064934 0.01479591836734694 0.005772005772005772
26 0.2783163265306122 0.06673881673881674 0.009693877551020408 0.005772005772005772
109 0.25637755102040816 0.1553030303030303 0.0035714285714285713 0.012626262626262626
34 0.2808673469387755 0.16161616161616163 0.01479591836734694 0.005772005772005772
34 0.28061224489795916 0.15566378066378067 0.015306122448979591 0.006132756132756133
41 0.23188775510204082 0.05248917748917749 0.0005102040816326531 0.01911976911976912
32 0.28061224489795916 0.29004329004329005 0.015306122448979591 0.005772005772005772
41 0.2829081632653061 0.05591630591630592 0.0005102040816326531 0.01948051948051948
24 0.22704081632653061 0.06367243867243867 0.01020408163265306 0.006132756132756133
41 0.19923469387755102 0.06854256854256854 0.0005102040816326531 0.018037518037518036
24 0.20408163265306123 0.057900432900432904 0.01020408163265306 0.006132756132756133
41 0.17576530612244898 0.06601731601731602 0.0005102040816326531 0.01875901875901876
26 0.18061224489795918 0.05483405483405483 0.01020408163265306 0.005772005772005772
41 0.31198979591836734 0.05844155844155844 0.0005102040816326531 0.01875901875901876
24 0.30714285714285716 0.0698051948051948 0.01020408163265306 0.006132756132756133
61 0.2670918367346939 0.15566378066378067 0.005612244897959183 0.015512265512265512
84 0.17525510204081632 0.20707070707070707 0.010714285714285714 0.002886002886002886
67 0.08698979591836735 0.13131313131313133 0.0066326530612244895 0.01443001443001443
67 0.09387755102040816 0.12229437229437229 0.006122448979591836 0.01443001443001443
67 0.10051020408163265 0.1341991341991342 0.006122448979591836 0.01443001443001443
5 0.06479591836734694 0.13528138528138528 0.02040816326530612 0.04040404040404041
67 0.08698979591836735 0.05447330447330447 0.0066326530612244895 0.01443001443001443
67 0.09387755102040816 0.045454545454545456 0.006122448979591836 0.01443001443001443
67 0.10051020408163265 0.05735930735930736 0.006122448979591836 0.01443001443001443
5 0.06479591836734694 0.05844155844155844 0.02040816326530612 0.04040404040404041
84 0.9094387755102041 0.36544011544011545 0.010714285714285714 0.002886002886002886
84 0.9094387755102041 0.2736291486291486 0.010714285714285714 0.0025252525252525255
84 0.9094387755102041 0.13023088023088022 0.010714285714285714 0.002886002886002886
84 0.9094387755102041 0.05321067821067821 0.010714285714285714 0.0025252525252525255
84 0.17525510204081632 0.36544011544011545 0.010714285714285714 0.002886002886002886
0 0.03903061224489796 0.24494949494949494 0.009693877551020408 0.09090909090909091
85 0.14260204081632652 0.05627705627705628 0.010714285714285714 0.002886002886002886
59 0.1306122448979592 0.1370851370851371 0.006122448979591836 0.01443001443001443
34 0.14464285714285716 0.286976911976912 0.01479591836734694 0.006132756132756133
32 0.14464285714285716 0.1405122655122655 0.01479591836734694 0.006132756132756133
32 0.14464285714285716 0.14646464646464646 0.01479591836734694 0.005772005772005772
32 0.14464285714285716 0.1525974025974026 0.01479591836734694 0.005772005772005772
109 0.11938775510204082 0.1462842712842713 0.004081632653061225 0.012626262626262626
67 0.08698979591836735 0.28066378066378067 0.0066326530612244895 0.01443001443001443
67 0.09387755102040816 0.27164502164502163 0.006122448979591836 0.01443001443001443
67 0.10051020408163265 0.28354978354978355 0.006122448979591836 0.01443001443001443
8 0.0653061224489796 0.2756132756132756 0.02142857142857143 0.01875901875901876
67 0.08698979591836735 0.20815295815295815 0.0066326530612244895 0.01443001443001443
67 0.09387755102040816 0.19913419913419914 0.006122448979591836 0.01443001443001443
67 0.10051020408163265 0.21103896103896103 0.006122448979591836 0.01443001443001443
5 0.06479591836734694 0.21212121212121213 0.02040816326530612 0.04040404040404041
41 0.5181122448979592 0.06836219336219336 0.0005102040816326531 0.016955266955266956
24 0.522704081632653 0.057900432900432904 0.009693877551020408 0.006132756132756133
41 0.4982142857142857 0.06565656565656566 0.0005102040816326531 0.017316017316017316
26 0.503061224489796 0.05483405483405483 0.01020408163265306 0.005772005772005772
41 0.4926020408163265 0.046536796536796536 0.0005102040816326531 0.012987012987012988
26 0.48775510204081635 0.05483405483405483 0.01020408163265306 0.005772005772005772
41 0.46505102040816326 0.055735930735930736 0.0005102040816326531 0.017676767676767676
40 0.47091836734693876 0.06673881673881674 0.003061224489795918 0.0021645021645021645
26 0.4604591836734694 0.06673881673881674 0.009693877551020408 0.005772005772005772
34 0.5716836734693878 0.2931096681096681 0.01479591836734694 0.006132756132756133
41 0.5645408163265306 0.06854256854256854 0.0005102040816326531 0.018037518037518036
40 0.5798469387755102 0.05483405483405483 0.002551020408163265 0.0021645021645021645
32 0.5716836734693878 0.14646464646464646 0.01479591836734694 0.005772005772005772
32 0.5716836734693878 0.1525974025974026 0.01479591836734694 0.005772005772005772
32 0.5716836734693878 0.15854978354978355 0.01479591836734694 0.006132756132756133
109 0.5563775510204082 0.15223665223665223 0.0035714285714285713 0.012265512265512266
28 0.5693877551020409 0.057900432900432904 0.01020408163265306 0.006132756132756133
41 0.5331632653061225 0.07034632034632035 0.0010204081632653062 0.015873015873015872
26 0.5377551020408163 0.060786435786435784 0.01020408163265306 0.006132756132756133
32 0.4247448979591837 0.1645021645021645 0.01479591836734694 0.005772005772005772
41 0.4272959183673469 0.05555555555555555 0.0005102040816326531 0.01875901875901876
34 0.4247448979591837 0.29888167388167386 0.01479591836734694 0.006132756132756133
34 0.4247448979591837 0.14953102453102454 0.01479591836734694 0.006132756132756133
32 0.4247448979591837 0.15854978354978355 0.01479591836734694 0.006132756132756133
109 0.39974489795918366 0.15512265512265513 0.0035714285714285713 0.01875901875901876
30 0.42244897959183675 0.06673881673881674 0.01020408163265306 0.005772005772005772
41 0.36964285714285716 0.05230880230880231 0.0005102040816326531 0.01875901875901876
24 0.3647959183673469 0.06367243867243867 0.01020408163265306 0.006132756132756133
41 0.3408163265306122 0.055735930735930736 0.0010204081632653062 0.01911976911976912
26 0.33622448979591835 0.06673881673881674 0.01020408163265306 0.005772005772005772
59 0.4107142857142857 0.29545454545454547 0.006122448979591836 0.01443001443001443
59 0.4107142857142857 0.1461038961038961 0.006122448979591836 0.01443001443001443
134 0.4971938775510204 0.5901875901875901 0.8994897959183673 0.023809523809523808
134 0.4997448979591837 0.8962842712842712 0.9045918367346939 0.00036075036075036075
1 0.6941326530612245 0.8284632034632035 0.02295918367346939 0.0010822510822510823
1 0.6941326530612245 0.8344155844155844 0.02295918367346939 0.0007215007215007215
1 0.6941326530612245 0.8403679653679653 0.02295918367346939 0.0010822510822510823
1 0.6941326530612245 0.8463203463203464 0.02295918367346939 0.0007215007215007215
1 0.5188775510204081 0.8284632034632035 0.015306122448979591 0.0010822510822510823
1 0.5188775510204081 0.8344155844155844 0.015306122448979591 0.0007215007215007215
1 0.14081632653061224 0.8284632034632035 0.015306122448979591 0.0010822510822510823
1 0.14081632653061224 0.8344155844155844 0.015306122448979591 0.0007215007215007215
1 0.14081632653061224 0.8403679653679653 0.015306122448979591 0.0010822510822510823
1 0.14081632653061224 0.8463203463203464 0.015306122448979591 0.0007215007215007215
134 0.4997448979591837 0.8104256854256854 0.9045918367346939 0.024170274170274172
1 0.6941326530612245 0.5663780663780664 0.02295918367346939 0.0007215007215007215
1 0.6941326530612245 0.5723304473304474 0.02295918367346939 0.0010822510822510823
1 0.5841836734693877 0.5663780663780664 0.015306122448979591 0.0007215007215007215
1 0.5841836734693877 0.5723304473304474 0.015306122448979591 0.0010822510822510823
134 0.4997448979591837 0.7440476190476191 0.9045918367346939 0.024170274170274172
134 0.4997448979591837 0.6672077922077922 0.9045918367346939 0.024170274170274172
1 0.6941326530612245 0.685064935064935 0.02295918367346939 0.0007215007215007215
1 0.6941326530612245 0.6908369408369408 0.02295918367346939 0.0007215007215007215
1 0.6941326530612245 0.696969696969697 0.02295918367346939 0.0007215007215007215
1 0.1433673469387755 0.685064935064935 0.022448979591836733 0.0007215007215007215
1 0.1433673469387755 0.6908369408369408 0.022448979591836733 0.0007215007215007215
1 0.1433673469387755 0.696969696969697 0.022448979591836733 0.0007215007215007215
32 0.6941326530612245 0.8463203463203464 0.01479591836734694 0.005772005772005772
122 0.41862244897959183 0.7036435786435786 0.5474489795918367 0.00468975468975469
34 0.6941326530612245 0.5871212121212122 0.01479591836734694 0.006132756132756133
26 0.5846938775510204 0.5871212121212122 0.009183673469387756 0.006132756132756133
26 0.5846938775510204 0.5752164502164502 0.009183673469387756 0.006132756132756133
41 0.5237244897959183 0.8216089466089466 0.0005102040816326531 0.022005772005772004
24 0.5841836734693877 0.5661976911976911 0.01020408163265306 0.006132756132756133
41 0.5793367346938776 0.5876623376623377 0.0005102040816326531 0.04040404040404041
53 0.5841836734693877 0.5988455988455988 0.009183673469387756 0.017316017316017316
80 0.6941326530612245 0.7925685425685426 0.020918367346938777 0.007936507936507936
34 0.6941326530612245 0.5752164502164502 0.01479591836734694 0.006132756132756133
32 0.6941326530612245 0.5661976911976911 0.01479591836734694 0.006132756132756133
80 0.6941326530612245 0.5523088023088023 0.020918367346938777 0.007936507936507936
24 0.5188775510204081 0.8344155844155844 0.01020408163265306 0.005772005772005772
32 0.6941326530612245 0.696969696969697 0.01479591836734694 0.005772005772005772
32 0.6941326530612245 0.691017316017316 0.01479591836734694 0.006132756132756133
32 0.6941326530612245 0.685064935064935 0.01479591836734694 0.005772005772005772
32 0.6941326530612245 0.6791125541125541 0.01479591836734694 0.006132756132756133
80 0.6941326530612245 0.6491702741702742 0.020918367346938777 0.008297258297258298
122 0.6392857142857142 0.5580808080808081 0.10612244897959183 0.004329004329004329
122 0.6380102040816327 0.56998556998557 0.0933673469387755 0.004329004329004329
122 0.6413265306122449 0.5961399711399712 0.10204081632653061 0.003968253968253968
122 0.3448979591836735 0.8304473304473304 0.058163265306122446 0.004329004329004329
122 0.4188775510204082 0.6722582972582972 0.5469387755102041 0.00468975468975469
122 0.41862244897959183 0.6902958152958153 0.5321428571428571 0.00468975468975469
122 0.41862244897959183 0.6964285714285714 0.5321428571428571 0.00468975468975469
5 0.06479591836734694 0.6677489177489178 0.02040816326530612 0.04040404040404041
67 0.08698979591836735 0.6636002886002886 0.0066326530612244895 0.01479076479076479
67 0.09387755102040816 0.6547619047619048 0.006122448979591836 0.01443001443001443
67 0.10051020408163265 0.6666666666666666 0.006122448979591836 0.01443001443001443
5 0.06479591836734694 0.7445887445887446 0.02040816326530612 0.04040404040404041
67 0.08698979591836735 0.7406204906204906 0.0066326530612244895 0.01443001443001443
67 0.09387755102040816 0.7316017316017316 0.006122448979591836 0.01443001443001443
67 0.10051020408163265 0.7435064935064936 0.006122448979591836 0.01443001443001443
8 0.0653061224489796 0.8080808080808081 0.02142857142857143 0.01875901875901876
67 0.08698979591836735 0.8131313131313131 0.0066326530612244895 0.01443001443001443
67 0.09387755102040816 0.8041125541125541 0.006122448979591836 0.01443001443001443
67 0.10051020408163265 0.816017316017316 0.006122448979591836 0.01443001443001443
26 0.14081632653061224 0.599025974025974 0.01020408163265306 0.006132756132756133
109 0.1278061224489796 0.6875901875901876 0.0035714285714285713 0.01875901875901876
32 0.14311224489795918 0.696969696969697 0.01479591836734694 0.005772005772005772
32 0.14311224489795918 0.691017316017316 0.01479591836734694 0.006132756132756133
41 0.4487244897959184 0.5966810966810967 0.0005102040816326531 0.026695526695526696
0 0.03903061224489796 0.7770562770562771 0.009693877551020408 0.09090909090909091
32 0.14311224489795918 0.685064935064935 0.01479591836734694 0.005772005772005772
84 0.3767857142857143 0.7393578643578643 0.010714285714285714 0.0025252525252525255
84 0.3767857142857143 0.8977272727272727 0.010714285714285714 0.0025252525252525255
84 0.7971938775510204 0.7393578643578643 0.010714285714285714 0.0025252525252525255
84 0.7971938775510204 0.8977272727272727 0.010714285714285714 0.0025252525252525255
4 0.1038265306122449 0.5647546897546898 0.018877551020408164 0.016233766233766232
5 0.06479591836734694 0.5909090909090909 0.02040816326530612 0.04040404040404041
67 0.08698979591836735 0.5865800865800865 0.0066326530612244895 0.01443001443001443
67 0.09387755102040816 0.577922077922078 0.006122448979591836 0.01443001443001443
67 0.10051020408163265 0.5898268398268398 0.006122448979591836 0.01443001443001443
26 0.38112244897959185 0.8255772005772006 0.01020408163265306 0.006132756132756133
47 0.31785714285714284 0.58495670995671 0.007142857142857143 0.016233766233766232
32 0.14311224489795918 0.6791125541125541 0.01479591836734694 0.006132756132756133
41 0.3135204081632653 0.8143939393939394 0.0005102040816326531 0.01911976911976912
47 0.31760204081632654 0.8138528138528138 0.007653061224489796 0.017316017316017316
26 0.38112244897959185 0.599025974025974 0.01020408163265306 0.006132756132756133
26 0.3806122448979592 0.5932539682539683 0.009183673469387756 0.006132756132756133
41 0.38596938775510203 0.5853174603174603 0.0005102040816326531 0.025613275613275612
47 0.39005102040816325 0.5815295815295816 0.007653061224489796 0.017316017316017316
41 0.38596938775510203 0.8145743145743146 0.0005102040816326531 0.01948051948051948
24 0.45357142857142857 0.5901875901875901 0.01020408163265306 0.005772005772005772
26 0.45357142857142857 0.5813492063492064 0.01020408163265306 0.006132756132756133
40 0.15127551020408164 0.8432539682539683 0.002551020408163265 0.0018037518037518038
24 0.14081632653061224 0.8463203463203464 0.01020408163265306 0.005772005772005772
40 0.15127551020408164 0.5992063492063492 0.002551020408163265 0.0021645021645021645
41 0.14566326530612245 0.5882034632034632 0.0005102040816326531 0.01984126984126984
41 0.3135204081632653 0.588023088023088 0.0005102040816326531 0.025252525252525252
41 0.14566326530612245 0.827922077922078 0.0005102040816326531 0.03463203463203463
26 0.3086734693877551 0.8255772005772006 0.01020408163265306 0.006132756132756133
24 0.3086734693877551 0.5961399711399712 0.01020408163265306 0.006132756132756133
24 0.3086734693877551 0.6020923520923521 0.01020408163265306 0.005772005772005772