134 0.5356919223544145 0.17419212040725984 0.8334376956793988 0.029659141212926073
134 0.5356919223544145 0.2742363877822045 0.8334376956793988 0.029659141212926073
1 0.6443331246086412 0.2961487383798141 0.01878522229179712 0.0008853474988933156
1 0.5485284909204758 0.2961487383798141 0.01878522229179712 0.0008853474988933156
1 0.43581715716969316 0.2961487383798141 0.01878522229179712 0.0008853474988933156
1 0.3287413901064496 0.2961487383798141 0.01878522229179712 0.0008853474988933156
134 0.5356919223544145 0.35900841080123946 0.8334376956793988 0.029216467463479414
26 0.7510958046336882 0.2923860115095175 0.011897307451471509 0.007525453740593183
41 0.7573575453976206 0.27689243027888444 0.0006261740763932373 0.02877379371403276
41 0.7573575453976206 0.1699867197875166 0.0006261740763932373 0.02036299247454626
24 0.7510958046336882 0.36631252766710937 0.011897307451471509 0.007525453740593183
24 0.7510958046336882 0.1814962372731297 0.011897307451471509 0.007082779991146525
41 0.7116468378209142 0.26759628154050463 0.0006261740763932373 0.015493581230633024
41 0.7116468378209142 0.16755201416555998 0.0006261740763932373 0.015493581230633024
24 0.7845961177207263 0.16688800354139 0.012523481527864746 0.007082779991146525
41 0.7573575453976206 0.3530323151837096 0.0006261740763932373 0.02434705621956618
40 0.7639323731997495 0.36277113767153607 0.003757044458359424 0.002213368747233289
26 0.7056981840951785 0.1777335104028331 0.012523481527864746 0.007525453740593183
26 0.6443331246086412 0.3698539176626826 0.012523481527864746 0.007525453740593183
24 0.6443331246086412 0.2961487383798141 0.012523481527864746 0.007082779991146525
87 0.6430807764558547 0.17397078353253653 0.010018785222291797 0.011509517485613104
41 0.6208515967438948 0.26759628154050463 0.0006261740763932373 0.015493581230633024
53 0.6152160300563556 0.1845949535192563 0.010644959298685034 0.02036299247454626
41 0.6089542892924233 0.18437361664453297 0.0006261740763932373 0.023461708720672863
26 0.6149029430181591 0.2777777777777778 0.012523481527864746 0.007525453740593183
26 0.6149029430181591 0.17065073041168657 0.012523481527864746 0.007525453740593183
26 0.6750156543519098 0.17065073041168657 0.012523481527864746 0.007525453740593183
24 0.7845961177207263 0.2815405046480744 0.012523481527864746 0.007082779991146525
41 0.6809643080776456 0.2737937140327579 0.0006261740763932373 0.01814962372731297
41 0.6809643080776456 0.1615759185480301 0.0006261740763932373 0.015050907481186366
26 0.6750156543519098 0.28530323151837095 0.012523481527864746 0.007525453740593183
26 0.7056981840951785 0.2777777777777778 0.012523481527864746 0.007525453740593183
41 0.650281778334377 0.3565737051792829 0.0006261740763932373 0.02434705621956618
40 0.6571696931747025 0.3700752545374059 0.0031308703819661866 0.0026560424966799467
121 0.3675641828428303 0.2631695440460381 0.06637445209768315 0.012837538733953076
41 0.650281778334377 0.2815405046480744 0.0006261740763932373 0.02656042496679947
24 0.9292423293675642 0.2742363877822045 0.012523481527864746 0.007525453740593183
41 0.9351909830933 0.2618415227976981 0.0006261740763932373 0.021691013722886232
47 0.9405134627426425 0.16777335104028332 0.008766437069505322 0.019477644975652943
41 0.9351909830933 0.16777335104028332 0.0006261740763932373 0.023019034971226208
24 0.9292423293675642 0.1814962372731297 0.012523481527864746 0.007082779991146525
41 0.9032561051972449 0.268481629039398 0.0006261740763932373 0.021691013722886232
41 0.9032561051972449 0.16489597166888004 0.0006261740763932373 0.021691013722886232
24 0.897307451471509 0.2815405046480744 0.012523481527864746 0.007082779991146525
121 0.7736380713838447 0.15338645418326693 0.03318722604884158 0.01195219123505976
120 0.7701941139636819 0.183709606020363 0.03256105197244834 0.015050907481186366
121 0.7896055103318722 0.2558654271801682 0.06512210394489668 0.01239486498450642
120 0.8506574827802129 0.1806108897742364 0.02567313713212273 0.007082779991146525
121 0.8869755792110207 0.1529437804338203 0.031934877896055106 0.00398406374501992
120 0.8807138384470883 0.1852589641434263 0.031934877896055106 0.004869411243913236
121 0.9029430181590482 0.2558654271801682 0.06386975579211021 0.01239486498450642
26 0.897307451471509 0.1777335104028331 0.012523481527864746 0.007525453740593183
121 0.6812773951158422 0.2631695440460381 0.061365059486537255 0.012837538733953076
121 0.5879774577332498 0.2631695440460381 0.06637445209768315 0.012837538733953076
26 0.8387601753287414 0.17065073041168657 0.008140262993112084 0.004869411243913236
121 0.47526612398246715 0.2631695440460381 0.06637445209768315 0.012837538733953076
41 0.8224796493425173 0.26162018592297476 0.0006261740763932373 0.021248339973439574
53 0.8168440826549781 0.18437361664453297 0.010644959298685034 0.0199203187250996
41 0.8105823418910457 0.1845949535192563 0.0006261740763932373 0.023019034971226208
41 0.843143393863494 0.16069057104913678 0.0006261740763932373 0.017706949977866312
24 0.8165309956167814 0.2742363877822045 0.012523481527864746 0.007525453740593183
26 0.8165309956167814 0.17065073041168657 0.012523481527864746 0.007525453740593183
41 0.7905447714464621 0.2680389552899513 0.0006261740763932373 0.02434705621956618
41 0.7905447714464621 0.15737051792828685 0.0006261740763932373 0.01637892872952634
41 0.8713212273011898 0.34904825143868967 0.0006261740763932373 0.023461708720672863
40 0.8778960551033187 0.36277113767153607 0.003757044458359424 0.002213368747233289
41 0.8713212273011898 0.27578574590526783 0.0006261740763932373 0.029216467463479414
121 0.6966186599874765 0.15582115980522354 0.030682529743268627 0.007082779991146525
41 0.8713212273011898 0.16246126604692343 0.0006261740763932373 0.019477644975652943
26 0.8653725735754539 0.36277113767153607 0.012523481527864746 0.007525453740593183
26 0.8653725735754539 0.2923860115095175 0.012523481527864746 0.007525453740593183
24 0.8653725735754539 0.17419212040725984 0.012523481527864746 0.007525453740593183
47 0.8459611772072636 0.15958388667552015 0.012523481527864746 0.014608233731739707
41 0.33469004383218537 0.16423196104471005 0.0006261740763932373 0.02390438247011952
24 0.3287413901064496 0.3517042939353696 0.012523481527864746 0.007525453740593183
24 0.3287413901064496 0.2961487383798141 0.012523481527864746 0.007082779991146525
26 0.3287413901064496 0.1777335104028331 0.012523481527864746 0.007525453740593183
53 0.2739511584220413 0.1874723328906596 0.010644959298685034 0.0199203187250996
41 0.26768941765810894 0.1876936697653829 0.0006261740763932373 0.02213368747233289
87 0.27238572323105825 0.35856573705179284 0.010018785222291797 0.011509517485613104
87 0.27238572323105825 0.2737937140327579 0.010018785222291797 0.01195219123505976
24 0.2736380713838447 0.17419212040725984 0.012523481527864746 0.007525453740593183
26 0.36192861615529115 0.28530323151837095 0.012523481527864746 0.007525453740593183
41 0.5876643706950532 0.2731297034085879 0.0006261740763932373 0.019477644975652943
41 0.3227927363807138 0.3649845064187694 0.0006261740763932373 0.02434705621956618
40 0.34126487163431435 0.34794156706507307 0.003757044458359424 0.0026560424966799467
41 0.33469004383218537 0.2815405046480744 0.0006261740763932373 0.02656042496679947
26 0.22542266750156542 0.17065073041168657 0.012523481527864746 0.007525453740593183
8 0.1408891671884784 0.3559096945551129 0.026299311208515967 0.023019034971226208
87 0.22417031934877896 0.35878707392651615 0.010018785222291797 0.01195219123505976
18 0.19098309329993737 0.26693227091633465 0.013775829680651221 0.01239486498450642
20 0.19098309329993737 0.2815405046480744 0.013775829680651221 0.01239486498450642
67 0.16750156543519099 0.27003098716246127 0.008140262993112084 0.017706949977866312
5 0.13994990607388855 0.2749003984063745 0.02567313713212273 0.04957945993802568
87 0.22417031934877896 0.2737937140327579 0.010018785222291797 0.01195219123505976
18 0.19098309329993737 0.16688800354139 0.013775829680651221 0.01239486498450642
20 0.19098309329993737 0.1814962372731297 0.013775829680651221 0.01239486498450642
67 0.16750156543519099 0.1699867197875166 0.008140262993112084 0.017706949977866312
5 0.13994990607388855 0.17485613103142983 0.02567313713212273 0.04957945993802568
67 0.16750156543519099 0.3621071270473661 0.008140262993112084 0.017706949977866312
0 0.10895428929242329 0.31651173085436035 0.012523481527864746 0.11420982735723771
53 0.22573575453976205 0.18481629039397965 0.010644959298685034 0.02080566622399292
41 0.21947401377582967 0.18393094289508632 0.0006261740763932373 0.02434705621956618
4 0.17157169693174704 0.14298362107127047 0.022542266750156543 0.02036299247454626
18 0.19098309329993737 0.3517042939353696 0.013775829680651221 0.01195219123505976
20 0.19098309329993737 0.366091190792386 0.013775829680651221 0.01239486498450642
41 0.5425798371947401 0.1806108897742364 0.0006261740763932373 0.023019034971226208
24 0.5485284909204758 0.3517042939353696 0.012523481527864746 0.007525453740593183
24 0.5485284909204758 0.2961487383798141 0.012523481527864746 0.007082779991146525
24 0.5485284909204758 0.16688800354139 0.012523481527864746 0.007082779991146525
41 0.5081402629931121 0.26693227091633465 0.0006261740763932373 0.016821602478972998
53 0.5025046963055729 0.1876936697653829 0.010644959298685034 0.02036299247454626
41 0.49624295554164055 0.1874723328906596 0.0006261740763932373 0.02257636122177955
41 0.3678772698810269 0.2735723771580345 0.0006261740763932373 0.02036299247454626
24 0.5021916092673764 0.17419212040725984 0.012523481527864746 0.007525453740593183
26 0.5817157169693175 0.28530323151837095 0.012523481527864746 0.007525453740593183
26 0.5021916092673764 0.2777777777777778 0.012523481527864746 0.007525453740593183
41 0.5425798371947401 0.3649845064187694 0.0006261740763932373 0.02434705621956618
40 0.5613650594865373 0.34794156706507307 0.0031308703819661866 0.0026560424966799467
41 0.5544771446462117 0.2815405046480744 0.0006261740763932373 0.02656042496679947
41 0.4010644959298685 0.267153607791058 0.0006261740763932373 0.017264276228419653
41 0.44176581089542893 0.2810978308986277 0.0006261740763932373 0.025675077467906152
24 0.43581715716969316 0.3517042939353696 0.012523481527864746 0.007525453740593183
24 0.43581715716969316 0.2961487383798141 0.012523481527864746 0.007082779991146525
26 0.43581715716969316 0.1777335104028331 0.012523481527864746 0.007525453740593183
41 0.44176581089542893 0.1644532979194334 0.0006261740763932373 0.02434705621956618
47 0.406386975579211 0.1640106241699867 0.008766437069505322 0.0199203187250996
41 0.4010644959298685 0.1640106241699867 0.0006261740763932373 0.023461708720672863
26 0.39511584220413276 0.2777777777777778 0.012523481527864746 0.007525453740593183
26 0.39511584220413276 0.1777335104028331 0.012523481527864746 0.007525453740593183
26 0.46900438321853477 0.28530323151837095 0.012523481527864746 0.007525453740593183
41 0.42986850344395744 0.3649845064187694 0.0006261740763932373 0.02434705621956618
41 0.4749530369442705 0.2735723771580345 0.0006261740763932373 0.02036299247454626
40 0.4486537257357545 0.34794156706507307 0.0031308703819661866 0.0026560424966799467
134 0.5 0.6741921204072598 0.9048215403882279 0.029216467463479414
1 0.6487163431433939 0.796148738379814 0.01878522229179712 0.0013280212483399733
1 0.5560425798371947 0.796148738379814 0.01878522229179712 0.0013280212483399733
1 0.44708829054477145 0.796148738379814 0.01878522229179712 0.0013280212483399733
1 0.3512836568566061 0.796148738379814 0.01878522229179712 0.0013280212483399733
1 0.24608641202254228 0.796148738379814 0.01878522229179712 0.0013280212483399733
1 0.154351909830933 0.796148738379814 0.019411396368190358 0.0013280212483399733
134 0.5 0.7742363877822045 0.9048215403882279 0.029216467463479414
134 0.5 0.8590084108012395 0.9048215403882279 0.029659141212926073
47 0.7207263619286162 0.66423196104471 0.008766437069505322 0.0199203187250996
41 0.7154038822792737 0.6640106241699867 0.0006261740763932373 0.023019034971226208
41 0.7154038822792737 0.7669322709163346 0.0006261740763932373 0.017264276228419653
26 0.7094552285535379 0.7779991146525012 0.012523481527864746 0.007525453740593183
26 0.7094552285535379 0.6779548472775564 0.012523481527864746 0.007525453740593183
41 0.684721352536005 0.7742363877822045 0.0006261740763932373 0.01859229747675963
53 0.6787726988102692 0.684373616644533 0.010018785222291797 0.02036299247454626
41 0.6728240450845335 0.6845949535192563 0.0006261740763932373 0.02257636122177955
26 0.6787726988102692 0.7850818946436476 0.012523481527864746 0.007525453740593183
26 0.6787726988102692 0.6704293935369633 0.012523481527864746 0.007525453740593183
41 0.7592360676268003 0.8523683045595396 0.0006261740763932373 0.02257636122177955
40 0.7661239824671259 0.8625498007968128 0.0031308703819661866 0.002213368747233289
41 0.7592360676268003 0.7753430721558212 0.0006261740763932373 0.02877379371403276
41 0.7592360676268003 0.6664453297919434 0.0006261740763932373 0.025232403718459494
24 0.7532874139010645 0.8663125276671093 0.012523481527864746 0.007082779991146525
26 0.7532874139010645 0.7926073483842409 0.012523481527864746 0.007525453740593183
24 0.7532874139010645 0.6814962372731297 0.012523481527864746 0.007525453740593183
41 0.5945522855353789 0.7742363877822045 0.0006261740763932373 0.01859229747675963
26 0.588603631809643 0.7850818946436476 0.012523481527864746 0.007525453740593183
26 0.6205385097056982 0.6704293935369633 0.012523481527864746 0.007525453740593183
41 0.550093926111459 0.8654271801682161 0.0006261740763932373 0.023019034971226208
40 0.5688791484032562 0.8479415670650731 0.0031308703819661866 0.002213368747233289
120 0.14182842830306824 0.6885790172642763 0.02567313713212273 0.005754758742806552
26 0.6487163431433939 0.870075254537406 0.012523481527864746 0.007525453740593183
41 0.6546649968691296 0.8565737051792829 0.0006261740763932373 0.02390438247011952
40 0.6615529117094552 0.870075254537406 0.0031308703819661866 0.002213368747233289
41 0.6546649968691296 0.7810978308986277 0.0006261740763932373 0.025232403718459494
24 0.6487163431433939 0.796148738379814 0.012523481527864746 0.007525453740593183
87 0.6474639949906074 0.6737494466578132 0.010018785222291797 0.011509517485613104
41 0.626487163431434 0.7669322709163346 0.0006261740763932373 0.017264276228419653
53 0.6208515967438948 0.6845949535192563 0.010644959298685034 0.02080566622399292
41 0.6145898559799624 0.6839309428950863 0.0006261740763932373 0.02390438247011952
26 0.6205385097056982 0.7779991146525012 0.012523481527864746 0.007525453740593183
41 0.9320601127113337 0.7616201859229748 0.0006261740763932373 0.02080566622399292
47 0.9373825923606762 0.6677733510402833 0.008766437069505322 0.0199203187250996
41 0.9320601127113337 0.6677733510402833 0.0006261740763932373 0.023461708720672863
24 0.926111458985598 0.7742363877822045 0.012523481527864746 0.007082779991146525
24 0.926111458985598 0.6814962372731297 0.012523481527864746 0.007525453740593183
41 0.9010644959298685 0.7682602921646746 0.0 0.02080566622399292
41 0.9010644959298685 0.6653386454183267 0.0 0.019477644975652943
24 0.8951158422041328 0.7815405046480743 0.011897307451471509 0.007525453740593183
26 0.8951158422041328 0.6779548472775564 0.011897307451471509 0.007525453740593183
121 0.9010644959298685 0.7558654271801682 0.061365059486537255 0.012837538733953076
121 0.19254852849092047 0.7631695440460381 0.06449592986850344 0.01239486498450642
121 0.2820914214151534 0.7631695440460381 0.06073888541014402 0.01239486498450642
121 0.3894802755165936 0.7631695440460381 0.06386975579211021 0.01239486498450642
121 0.4852849092047589 0.7631695440460381 0.06386975579211021 0.01239486498450642
121 0.5942391984971822 0.7631695440460381 0.06386975579211021 0.01239486498450642
121 0.6850344395742016 0.7631695440460381 0.06011271133375078 0.01239486498450642
121 0.7755165936130244 0.6498450641876937 0.031934877896055106 0.009738822487826471
120 0.7720726361928616 0.683709606020363 0.031308703819661866 0.014608233731739707
121 0.7908578584846587 0.7558654271801682 0.06261740763932373 0.012837538733953076
120 0.8500313087038197 0.6806108897742363 0.02567313713212273 0.006640106241699867
121 0.8857232310582341 0.6531651173085437 0.030682529743268627 0.00398406374501992
120 0.8791484032561052 0.685037627268703 0.03005635566687539 0.004869411243913236
41 0.7917971195992486 0.6558211598052236 0.0006261740763932373 0.01814962372731297
53 0.8168440826549781 0.6845949535192563 0.010644959298685034 0.02080566622399292
41 0.8105823418910457 0.684373616644533 0.0006261740763932373 0.023019034971226208
24 0.8165309956167814 0.7740150509074812 0.012523481527864746 0.007525453740593183
26 0.8165309956167814 0.6704293935369633 0.012523481527864746 0.007525453740593183
41 0.7917971195992486 0.767817618415228 0.0006261740763932373 0.023461708720672863
24 0.7858484658735129 0.7815405046480743 0.012523481527864746 0.007525453740593183
24 0.7858484658735129 0.66688800354139 0.012523481527864746 0.007525453740593183
26 0.8641202254226675 0.7926073483842409 0.012523481527864746 0.007525453740593183
41 0.8700688791484033 0.848605577689243 0.0006261740763932373 0.023019034971226208
40 0.8769567939887288 0.8625498007968128 0.0031308703819661866 0.002213368747233289
41 0.8700688791484033 0.7760070827799912 0.0006261740763932373 0.03010181496237273
41 0.8700688791484033 0.6620185922974767 0.0006261740763932373 0.019034971226206288
26 0.8641202254226675 0.8625498007968128 0.012523481527864746 0.007525453740593183
24 0.8641202254226675 0.6741921204072598 0.012523481527864746 0.007082779991146525
47 0.8453350031308704 0.6600265604249668 0.012523481527864746 0.013280212483399735
41 0.8425172197871008 0.6604692341744135 0.0006261740763932373 0.017706949977866312
26 0.8384470882905448 0.6704293935369633 0.008766437069505322 0.004869411243913236
41 0.8224796493425173 0.7620628596724214 0.0006261740763932373 0.021691013722886232
41 0.252035065748278 0.7813191677733511 0.0006261740763932373 0.025675077467906152
24 0.24608641202254228 0.8517042939353696 0.012523481527864746 0.007082779991146525
24 0.24608641202254228 0.796148738379814 0.012523481527864746 0.007525453740593183
87 0.24483406386975579 0.6737494466578132 0.010018785222291797 0.011509517485613104
40 0.25860989355040703 0.8479415670650731 0.003757044458359424 0.002213368747233289
41 0.2247964934251722 0.7667109340416113 0.0 0.016821602478972998
26 0.21884783969943644 0.7779991146525012 0.011897307451471509 0.007525453740593183
87 0.21790857858484658 0.6739707835325365 0.010018785222291797 0.01195219123505976
41 0.19254852849092047 0.7731297034085879 0.0006261740763932373 0.019034971226206288
26 0.18659987476518472 0.7850818946436476 0.012523481527864746 0.007525453740593183
41 0.31246086412022545 0.7667109340416113 0.0 0.016821602478972998
53 0.30651221039448967 0.6879150066401063 0.010644959298685034 0.02036299247454626
41 0.5619912335629305 0.7810978308986277 0.0006261740763932373 0.025232403718459494
41 0.3005635566687539 0.6876936697653829 0.0 0.021691013722886232
26 0.30651221039448967 0.7779991146525012 0.011897307451471509 0.007525453740593183
24 0.30651221039448967 0.6741921204072598 0.011897307451471509 0.007082779991146525
41 0.28146524733876016 0.7731297034085879 0.0006261740763932373 0.019034971226206288
53 0.27582968065122104 0.6845949535192563 0.010644959298685034 0.02080566622399292
41 0.26956793988728867 0.684373616644533 0.0006261740763932373 0.023019034971226208
26 0.27551659361302444 0.7850818946436476 0.012523481527864746 0.007525453740593183
26 0.27551659361302444 0.6704293935369633 0.012523481527864746 0.007525453740593183
41 0.2401377582968065 0.8649845064187693 0.0006261740763932373 0.02390438247011952
67 0.09580463368816532 0.8618857901726428 0.007514088916718848 0.017706949977866312
8 0.06919223544145273 0.8559096945551129 0.026925485284909206 0.02257636122177955
67 0.09580463368816532 0.769809650287738 0.007514088916718848 0.017706949977866312
5 0.06856606136505948 0.7749003984063745 0.02567313713212273 0.05002213368747233
67 0.09580463368816532 0.6697653829127933 0.007514088916718848 0.017706949977866312
5 0.06856606136505948 0.6750774679061532 0.02567313713212273 0.04957945993802568
0 0.03725735754539762 0.8165117308543604 0.011897307451471509 0.11465250110668437
24 0.15466499686912963 0.8517042939353696 0.012523481527864746 0.007082779991146525
41 0.14871634314339385 0.8649845064187693 0.0006261740763932373 0.02390438247011952
40 0.16718847839699436 0.8479415670650731 0.003757044458359424 0.002213368747233289
41 0.16061365059486538 0.7815405046480743 0.0006261740763932373 0.02611775121735281
41 0.16061365059486538 0.66423196104471 0.0006261740763932373 0.023461708720672863
24 0.15466499686912963 0.796148738379814 0.012523481527864746 0.007525453740593183
26 0.15466499686912963 0.6779548472775564 0.012523481527864746 0.007525453740593183
47 0.13494051346274263 0.6691013722886233 0.013149655604257984 0.014608233731739707
41 0.13212273011897308 0.6704293935369633 0.0 0.01814962372731297
24 0.12805259862241702 0.6814962372731297 0.008140262993112084 0.004869411243913236
26 0.47902316844082654 0.7850818946436476 0.012523481527864746 0.007525453740593183
41 0.4411396368190357 0.8654271801682161 0.0006261740763932373 0.023019034971226208
40 0.4596117720726362 0.8479415670650731 0.003757044458359424 0.002213368747233289
41 0.4530369442705072 0.7810978308986277 0.0006261740763932373 0.025232403718459494
41 0.4849718221665623 0.7737937140327579 0.0006261740763932373 0.02036299247454626
41 0.4530369442705072 0.6640106241699867 0.0006261740763932373 0.023019034971226208
24 0.44708829054477145 0.8517042939353696 0.012523481527864746 0.007082779991146525
24 0.44708829054477145 0.796148738379814 0.012523481527864746 0.007525453740593183
26 0.44708829054477145 0.6779548472775564 0.012523481527864746 0.007525453740593183
41 0.42172824045084534 0.767153607791058 0.0006261740763932373 0.017706949977866312
47 0.42705072010018785 0.66423196104471 0.008766437069505322 0.0199203187250996
41 0.550093926111459 0.6806108897742363 0.0006261740763932373 0.023461708720672863
24 0.5560425798371947 0.8517042939353696 0.012523481527864746 0.007082779991146525
24 0.5560425798371947 0.796148738379814 0.012523481527864746 0.007525453740593183
24 0.5560425798371947 0.66688800354139 0.012523481527864746 0.007525453740593183
41 0.5175328741390106 0.767153607791058 0.0006261740763932373 0.017706949977866312
53 0.5118973074514716 0.6874723328906596 0.010644959298685034 0.019477644975652943
41 0.5056355666875392 0.6876936697653829 0.0006261740763932373 0.021691013722886232
26 0.5115842204132749 0.7779991146525012 0.012523481527864746 0.007525453740593183
24 0.5115842204132749 0.6741921204072598 0.012523481527864746 0.007082779991146525
41 0.42172824045084534 0.66423196104471 0.0006261740763932373 0.023461708720672863
41 0.3572323105823419 0.7810978308986277 0.0006261740763932373 0.025232403718459494
41 0.3453350031308704 0.8654271801682161 0.0006261740763932373 0.023019034971226208
40 0.3638071383844709 0.8479415670650731 0.003757044458359424 0.002213368747233289
26 0.38321853475266127 0.7850818946436476 0.012523481527864746 0.007525453740593183
24 0.3512836568566061 0.796148738379814 0.012523481527864746 0.007525453740593183
26 0.3512836568566061 0.6779548472775564 0.012523481527864746 0.007525453740593183
24 0.3512836568566061 0.8517042939353696 0.012523481527864746 0.007082779991146525
41 0.389167188478397 0.7737937140327579 0.0006261740763932373 0.02036299247454626
41 0.3572323105823419 0.6644532979194334 0.0006261740763932373 0.02390438247011952
26 0.41577958672510956 0.6779548472775564 0.012523481527864746 0.007525453740593183
26 0.41577958672510956 0.7779991146525012 0.012523481527864746 0.007525453740593183