134 0.5354591836734693 0.07918470418470419 0.8331632653061225 0.024170274170274172
2 0.43112244897959184 0.21103896103896103 0.003061224489795918 0.0021645021645021645
2 0.4308673469387755 0.21717171717171718 0.0035714285714285713 0.0021645021645021645
2 0.43112244897959184 0.15746753246753248 0.003061224489795918 0.0018037518037518038
2 0.4308673469387755 0.1634199134199134 0.0035714285714285713 0.0021645021645021645
2 0.4308673469387755 0.07611832611832611 0.0035714285714285713 0.0021645021645021645
2 0.43112244897959184 0.08207070707070707 0.003061224489795918 0.0018037518037518038
134 0.5354591836734693 0.2141053391053391 0.8331632653061225 0.024170274170274172
134 0.5354591836734693 0.16035353535353536 0.8331632653061225 0.024170274170274172
1 0.8505102040816327 0.1782106782106782 0.012244897959183673 0.0007215007215007215
1 0.8262755102040816 0.1782106782106782 0.012755102040816327 0.0007215007215007215
1 0.8262755102040816 0.18434343434343434 0.012755102040816327 0.0007215007215007215
1 0.8022959183673469 0.1782106782106782 0.012755102040816327 0.0007215007215007215
1 0.7780612244897959 0.1782106782106782 0.012244897959183673 0.0007215007215007215
1 0.564795918367347 0.1782106782106782 0.012244897959183673 0.0007215007215007215
1 0.5298469387755103 0.1782106782106782 0.012755102040816327 0.0007215007215007215
1 0.5056122448979592 0.1782106782106782 0.012244897959183673 0.0007215007215007215
1 0.5056122448979592 0.18434343434343434 0.012244897959183673 0.0007215007215007215
1 0.4816326530612245 0.1782106782106782 0.012244897959183673 0.0007215007215007215
1 0.4816326530612245 0.18434343434343434 0.012244897959183673 0.0007215007215007215
1 0.45663265306122447 0.1782106782106782 0.012244897959183673 0.0007215007215007215
1 0.45663265306122447 0.18434343434343434 0.012244897959183673 0.0007215007215007215
1 0.45663265306122447 0.19011544011544013 0.012244897959183673 0.0007215007215007215
1 0.8505102040816327 0.09704184704184704 0.012244897959183673 0.0007215007215007215
1 0.8505102040816327 0.10281385281385282 0.012244897959183673 0.0007215007215007215
1 0.8262755102040816 0.09704184704184704 0.012755102040816327 0.0007215007215007215
1 0.8022959183673469 0.09704184704184704 0.012755102040816327 0.0007215007215007215
1 0.8022959183673469 0.10281385281385282 0.012755102040816327 0.0007215007215007215
1 0.7780612244897959 0.09704184704184704 0.012244897959183673 0.0007215007215007215
1 0.7431122448979591 0.09704184704184704 0.012755102040816327 0.0007215007215007215
1 0.7431122448979591 0.10281385281385282 0.012755102040816327 0.0007215007215007215
1 0.7191326530612245 0.09704184704184704 0.012755102040816327 0.0007215007215007215
1 0.7191326530612245 0.10281385281385282 0.012755102040816327 0.0007215007215007215
1 0.6959183673469388 0.09704184704184704 0.012244897959183673 0.0007215007215007215
1 0.6760204081632653 0.09704184704184704 0.02040816326530612 0.0007215007215007215
1 0.6719387755102041 0.10281385281385282 0.012244897959183673 0.0007215007215007215
1 0.636734693877551 0.09704184704184704 0.012244897959183673 0.0007215007215007215
1 0.636734693877551 0.10281385281385282 0.012244897959183673 0.0007215007215007215
1 0.6137755102040816 0.09704184704184704 0.012244897959183673 0.0007215007215007215
1 0.5887755102040816 0.09704184704184704 0.012244897959183673 0.0007215007215007215
1 0.5887755102040816 0.10281385281385282 0.012244897959183673 0.0007215007215007215
1 0.5688775510204082 0.09704184704184704 0.02040816326530612 0.0007215007215007215
1 0.564795918367347 0.10281385281385282 0.012244897959183673 0.0007215007215007215
1 0.5336734693877551 0.09704184704184704 0.02040816326530612 0.0007215007215007215
1 0.45663265306122447 0.09704184704184704 0.012244897959183673 0.0007215007215007215
1 0.45663265306122447 0.10281385281385282 0.012244897959183673 0.0007215007215007215
1 0.27729591836734696 0.09704184704184704 0.012755102040816327 0.0007215007215007215
1 0.25076530612244896 0.09704184704184704 0.012755102040816327 0.0007215007215007215
1 0.22448979591836735 0.09704184704184704 0.012244897959183673 0.0007215007215007215
1 0.22448979591836735 0.10281385281385282 0.012244897959183673 0.0007215007215007215
1 0.1961734693877551 0.09704184704184704 0.012755102040816327 0.0007215007215007215
1 0.1961734693877551 0.10281385281385282 0.012755102040816327 0.0007215007215007215
24 0.564795918367347 0.102994227994228 0.00816326530612245 0.005411255411255411
41 0.675765306122449 0.15512265512265513 0.0005102040816326531 0.01875901875901876
26 0.7191326530612245 0.10588023088023088 0.007653061224489796 0.005411255411255411
24 0.7188775510204082 0.17243867243867245 0.00816326530612245 0.005772005772005772
41 0.675765306122449 0.09000721500721501 0.0005102040816326531 0.021284271284271284
24 0.6719387755102041 0.16630591630591632 0.00816326530612245 0.005772005772005772
41 0.7227040816326531 0.09217171717171717 0.0005102040816326531 0.025613275613275612
26 0.6801020408163265 0.09992784992784992 0.00816326530612245 0.005772005772005772
24 0.6719387755102041 0.102994227994228 0.00816326530612245 0.005411255411255411
26 0.6959183673469388 0.09992784992784992 0.00816326530612245 0.005772005772005772
26 0.6959183673469388 0.16937229437229437 0.00816326530612245 0.005411255411255411
41 0.6997448979591837 0.08928571428571429 0.0005102040816326531 0.01984126984126984
41 0.6997448979591837 0.15854978354978355 0.0005102040816326531 0.01984126984126984
26 0.5887755102040816 0.10588023088023088 0.00816326530612245 0.005411255411255411
41 0.5686224489795918 0.1672077922077922 0.0005102040816326531 0.01911976911976912
41 0.5686224489795918 0.09072871572871573 0.0005102040816326531 0.022727272727272728
24 0.564795918367347 0.17839105339105338 0.00816326530612245 0.005411255411255411
26 0.5729591836734694 0.09992784992784992 0.00816326530612245 0.005772005772005772
120 0.2693877551020408 0.13997113997113997 0.12448979591836734 0.010822510822510822
41 0.6405612244897959 0.09163059163059163 0.0005102040816326531 0.024531024531024532
26 0.636734693877551 0.16937229437229437 0.00816326530612245 0.005411255411255411
26 0.636734693877551 0.10588023088023088 0.00816326530612245 0.005411255411255411
41 0.6176020408163265 0.1608946608946609 0.0005102040816326531 0.01875901875901876
41 0.6405612244897959 0.15854978354978355 0.0005102040816326531 0.01984126984126984
41 0.6176020408163265 0.08874458874458875 0.0005102040816326531 0.01875901875901876
24 0.6137755102040816 0.17225829725829725 0.00816326530612245 0.005411255411255411
26 0.6137755102040816 0.09992784992784992 0.00816326530612245 0.005772005772005772
41 0.5926020408163265 0.16414141414141414 0.0005102040816326531 0.01875901875901876
41 0.5926020408163265 0.09217171717171717 0.0005102040816326531 0.025613275613275612
26 0.5887755102040816 0.17532467532467533 0.00816326530612245 0.005772005772005772
41 0.8540816326530613 0.17027417027417027 0.0010204081632653062 0.01948051948051948
41 0.8540816326530613 0.09054834054834054 0.0010204081632653062 0.022366522366522368
26 0.8505102040816327 0.1812770562770563 0.00816326530612245 0.005411255411255411
24 0.8505102040816327 0.102994227994228 0.00816326530612245 0.005411255411255411
41 0.8298469387755102 0.17135642135642135 0.0005102040816326531 0.021645021645021644
41 0.8298469387755102 0.08856421356421357 0.0005102040816326531 0.0183982683982684
121 0.3408163265306122 0.14357864357864358 0.04897959183673469 0.0021645021645021645
84 0.3647959183673469 0.20977633477633478 0.011224489795918367 0.003246753246753247
84 0.49744897959183676 0.20977633477633478 0.011224489795918367 0.003246753246753247
24 0.8262755102040816 0.18434343434343434 0.007653061224489796 0.005772005772005772
84 0.6053571428571428 0.20977633477633478 0.010714285714285714 0.003246753246753247
84 0.7122448979591837 0.20977633477633478 0.011224489795918367 0.003246753246753247
41 0.7818877551020408 0.08874458874458875 0.0005102040816326531 0.01875901875901876
26 0.7864795918367347 0.17532467532467533 0.007653061224489796 0.005772005772005772
24 0.7780612244897959 0.17839105339105338 0.00816326530612245 0.005411255411255411
26 0.7780612244897959 0.09992784992784992 0.00816326530612245 0.005772005772005772
41 0.7818877551020408 0.16612554112554112 0.0005102040816326531 0.022727272727272728
41 0.7466836734693878 0.16396103896103897 0.0005102040816326531 0.0183982683982684
41 0.7466836734693878 0.09000721500721501 0.0005102040816326531 0.021284271284271284
26 0.7431122448979591 0.17532467532467533 0.007653061224489796 0.005772005772005772
24 0.7431122448979591 0.102994227994228 0.007653061224489796 0.005411255411255411
41 0.7227040816326531 0.16143578643578643 0.0005102040816326531 0.01984126984126984
26 0.8262755102040816 0.09992784992784992 0.007653061224489796 0.005772005772005772
41 0.8058673469387755 0.1699134199134199 0.0005102040816326531 0.01875901875901876
41 0.8058673469387755 0.09018759018759019 0.0005102040816326531 0.021645021645021644
26 0.8020408163265306 0.1812770562770563 0.00816326530612245 0.005411255411255411
24 0.8020408163265306 0.102994227994228 0.00816326530612245 0.005411255411255411
41 0.31607142857142856 0.1525974025974026 0.0005102040816326531 0.017316017316017316
41 0.31607142857142856 0.08261183261183261 0.0005102040816326531 0.01875901875901876
26 0.3122448979591837 0.1634199134199134 0.00816326530612245 0.005772005772005772
26 0.3122448979591837 0.09397546897546898 0.00816326530612245 0.005411255411255411
41 0.2811224489795918 0.08603896103896104 0.0010204081632653062 0.01984126984126984
24 0.27755102040816326 0.09704184704184704 0.00816326530612245 0.005772005772005772
41 0.2471938775510204 0.169011544011544 0.0005102040816326531 0.0183982683982684
41 0.3318877551020408 0.1525974025974026 0.0005102040816326531 0.017316017316017316
41 0.3479591836734694 0.15313852813852813 0.0010204081632653062 0.0183982683982684
41 0.3479591836734694 0.08026695526695526 0.0010204081632653062 0.01984126984126984
24 0.3441326530612245 0.0910894660894661 0.007653061224489796 0.005411255411255411
26 0.32831632653061227 0.1634199134199134 0.007653061224489796 0.005772005772005772
84 0.8545918367346939 0.20977633477633478 0.011224489795918367 0.003246753246753247
16 0.16785714285714284 0.20815295815295815 0.013265306122448979 0.011544011544011544
16 0.16785714285714284 0.22023809523809523 0.013265306122448979 0.011904761904761904
8 0.1364795918367347 0.21103896103896103 0.020918367346938777 0.015151515151515152
16 0.16785714285714284 0.1544011544011544 0.013265306122448979 0.011544011544011544
16 0.16785714285714284 0.16666666666666666 0.013265306122448979 0.011544011544011544
5 0.1364795918367347 0.16107503607503607 0.020918367346938777 0.03571428571428571
30 0.1982142857142857 0.1634199134199134 0.01173469387755102 0.005772005772005772
16 0.16785714285714284 0.07323232323232323 0.013265306122448979 0.011544011544011544
16 0.16785714285714284 0.08513708513708514 0.013265306122448979 0.011544011544011544
5 0.1364795918367347 0.07972582972582973 0.020918367346938777 0.03535353535353535
26 0.1961734693877551 0.10588023088023088 0.007653061224489796 0.005411255411255411
3 0.14744897959183673 0.05266955266955267 0.02040816326530612 0.013708513708513708
0 0.11173469387755101 0.18722943722943722 0.00816326530612245 0.07792207792207792
84 0.23673469387755103 0.20977633477633478 0.011224489795918367 0.003246753246753247
41 0.2543367346938776 0.08856421356421357 0.0005102040816326531 0.0183982683982684
30 0.2528061224489796 0.15746753246753248 0.01173469387755102 0.006132756132756133
26 0.25076530612244896 0.09992784992784992 0.007653061224489796 0.005772005772005772
41 0.22831632653061223 0.09036796536796536 0.0005102040816326531 0.022005772005772004
24 0.22448979591836735 0.102994227994228 0.00816326530612245 0.005411255411255411
26 0.34438775510204084 0.1634199134199134 0.00816326530612245 0.005772005772005772
41 0.2038265306122449 0.15241702741702742 0.0005102040816326531 0.01911976911976912
41 0.19974489795918368 0.09217171717171717 0.0005102040816326531 0.025613275613275612
41 0.5094387755102041 0.08261183261183261 0.0005102040816326531 0.01875901875901876
41 0.4604591836734694 0.1746031746031746 0.0005102040816326531 0.02813852813852814
24 0.5056122448979592 0.18434343434343434 0.00816326530612245 0.005772005772005772
41 0.4604591836734694 0.09181096681096682 0.0005102040816326531 0.024891774891774892
24 0.45663265306122447 0.1902958152958153 0.00816326530612245 0.005411255411255411
26 0.45663265306122447 0.09992784992784992 0.00816326530612245 0.005772005772005772
41 0.5094387755102041 0.1718975468975469 0.0005102040816326531 0.022727272727272728
26 0.45663265306122447 0.10588023088023088 0.00816326530612245 0.005411255411255411
41 0.4854591836734694 0.17297979797979798 0.0005102040816326531 0.024891774891774892
41 0.4854591836734694 0.08261183261183261 0.0005102040816326531 0.01875901875901876
26 0.4816326530612245 0.18722943722943722 0.00816326530612245 0.005772005772005772
26 0.4816326530612245 0.09397546897546898 0.00816326530612245 0.005411255411255411
26 0.5056122448979592 0.09397546897546898 0.00816326530612245 0.005411255411255411
26 0.38698979591836735 0.08802308802308802 0.007653061224489796 0.005772005772005772
41 0.3823979591836735 0.07828282828282829 0.0005102040816326531 0.021645021645021644
26 0.5298469387755103 0.1812770562770563 0.007653061224489796 0.005411255411255411
41 0.5334183673469388 0.08676046176046176 0.0005102040816326531 0.021284271284271284
26 0.37857142857142856 0.1634199134199134 0.00816326530612245 0.005772005772005772
41 0.3823979591836735 0.1527777777777778 0.0005102040816326531 0.01984126984126984
24 0.37857142857142856 0.0910894660894661 0.00816326530612245 0.005411255411255411
41 0.5334183673469388 0.17045454545454544 0.0005102040816326531 0.01984126984126984
41 0.3650510204081633 0.1525974025974026 0.0005102040816326531 0.017316017316017316
26 0.36122448979591837 0.1634199134199134 0.00816326530612245 0.005772005772005772
41 0.4135204081632653 0.0735930735930736 0.0005102040816326531 0.01875901875901876
86 0.4091836734693878 0.15782828282828282 0.007142857142857143 0.01479076479076479
24 0.40994897959183674 0.08513708513708514 0.007653061224489796 0.005772005772005772
26 0.5295918367346939 0.09992784992784992 0.00816326530612245 0.005772005772005772
87 0.39413265306122447 0.16053391053391053 0.007653061224489796 0.010101010101010102
24 0.5377551020408163 0.09704184704184704 0.00816326530612245 0.005772005772005772
47 0.38596938775510203 0.1461038961038961 0.0066326530612244895 0.006493506493506494
134 0.4997448979591837 0.2857142857142857 0.9045918367346939 0.023809523809523808
1 0.6928571428571428 0.35714285714285715 0.012244897959183673 0.0007215007215007215
1 0.6005102040816327 0.35714285714285715 0.012244897959183673 0.0007215007215007215
1 0.563265306122449 0.35714285714285715 0.012244897959183673 0.0007215007215007215
1 0.10051020408163265 0.35714285714285715 0.012244897959183673 0.0007215007215007215
134 0.4997448979591837 0.393037518037518 0.9045918367346939 0.024170274170274172
134 0.4997448979591837 0.3392857142857143 0.9045918367346939 0.024170274170274172
41 0.6043367346938775 0.34613997113997114 0.0005102040816326531 0.01911976911976912
24 0.6928571428571428 0.3573232323232323 0.00816326530612245 0.005411255411255411
41 0.6966836734693878 0.3465007215007215 0.0005102040816326531 0.01984126984126984
121 0.26403061224489793 0.3345959595959596 0.037244897959183676 0.0018037518037518038
26 0.525765306122449 0.35425685425685427 0.007653061224489796 0.005772005772005772
41 0.5293367346938775 0.34595959595959597 0.0005102040816326531 0.015151515151515152
24 0.6005102040816327 0.3573232323232323 0.00816326530612245 0.005411255411255411
24 0.563265306122449 0.3573232323232323 0.00816326530612245 0.005411255411255411
41 0.5668367346938775 0.34794372294372294 0.0010204081632653062 0.016955266955266956
122 0.6466836734693877 0.363997113997114 0.08928571428571429 0.004329004329004329
121 0.5482142857142858 0.3389249639249639 0.037244897959183676 0.003246753246753247
84 0.5260204081632653 0.3887085137085137 0.011224489795918367 0.003246753246753247
84 0.5260204081632653 0.2813852813852814 0.011224489795918367 0.002886002886002886
41 0.7704081632653061 0.34325396825396826 0.0010204081632653062 0.01911976911976912
30 0.764795918367347 0.35425685425685427 0.012244897959183673 0.005772005772005772
86 0.8783163265306122 0.33676046176046176 0.007653061224489796 0.01479076479076479
5 0.06505102040816327 0.3401875901875902 0.020918367346938777 0.03535353535353535
8 0.06505102040816327 0.38997113997113997 0.020918367346938777 0.015151515151515152
24 0.10051020408163265 0.3573232323232323 0.00816326530612245 0.005411255411255411
41 0.10433673469387755 0.3465007215007215 0.0005102040816326531 0.01984126984126984
41 0.17576530612244898 0.34325396825396826 0.0005102040816326531 0.01911976911976912
0 0.04005102040816327 0.3661616161616162 0.008673469387755102 0.07792207792207792
26 0.1719387755102041 0.35425685425685427 0.00816326530612245 0.005772005772005772
84 0.22959183673469388 0.2813852813852814 0.011224489795918367 0.002886002886002886
84 0.22959183673469388 0.3887085137085137 0.011224489795918367 0.003246753246753247
84 0.8061224489795918 0.2813852813852814 0.011224489795918367 0.002886002886002886
84 0.8061224489795918 0.3887085137085137 0.011224489795918367 0.003246753246753247
4 0.07576530612244899 0.25811688311688313 0.02193877551020408 0.020562770562770564
5 0.06505102040816327 0.28643578643578643 0.020918367346938777 0.03535353535353535
26 0.3163265306122449 0.35425685425685427 0.00816326530612245 0.005772005772005772
41 0.3201530612244898 0.3436147186147186 0.0005102040816326531 0.01984126984126984
30 0.41122448979591836 0.35425685425685427 0.012244897959183673 0.005772005772005772
41 0.41709183673469385 0.3434343434343434 0.0005102040816326531 0.01948051948051948
41 0.2826530612244898 0.343975468975469 0.0010204081632653062 0.0183982683982684
59 0.1604591836734694 0.3522727272727273 0.007653061224489796 0.013347763347763348
26 0.24158163265306123 0.35425685425685427 0.007653061224489796 0.005772005772005772
41 0.2451530612244898 0.34415584415584416 0.0005102040816326531 0.01875901875901876
61 0.2308673469387755 0.3538961038961039 0.005612244897959183 0.015873015873015872
26 0.27908163265306124 0.35425685425685427 0.00816326530612245 0.005772005772005772