134 0.5354591836734693 0.7472943722943723 0.8331632653061225 0.024170274170274172
1 0.7926020408163266 0.8585858585858586 0.015816326530612244 0.0007215007215007215
134 0.5354591836734693 0.8407287157287158 0.8331632653061225 0.024170274170274172
134 0.5354591836734693 0.37283549783549785 0.8331632653061225 0.024170274170274172
1 0.7586734693877552 0.4843073593073593 0.011224489795918367 0.0010822510822510823
134 0.5354591836734693 0.4662698412698413 0.8331632653061225 0.024170274170274172
134 0.5354591836734693 0.27904040404040403 0.8331632653061225 0.024170274170274172
1 0.775765306122449 0.29707792207792205 0.015816326530612244 0.0010822510822510823
1 0.775765306122449 0.30303030303030304 0.015816326530612244 0.0007215007215007215
1 0.7431122448979591 0.29707792207792205 0.015816326530612244 0.0010822510822510823
1 0.7431122448979591 0.30303030303030304 0.015816326530612244 0.0007215007215007215
1 0.7096938775510204 0.29707792207792205 0.0163265306122449 0.0010822510822510823
1 0.6872448979591836 0.29707792207792205 0.0163265306122449 0.0010822510822510823
1 0.664795918367347 0.29707792207792205 0.0163265306122449 0.0010822510822510823
1 0.6426020408163265 0.29707792207792205 0.015816326530612244 0.0010822510822510823
1 0.5214285714285715 0.29707792207792205 0.0163265306122449 0.0010822510822510823
1 0.49923469387755104 0.29707792207792205 0.015816326530612244 0.0010822510822510823
1 0.4770408163265306 0.29707792207792205 0.0163265306122449 0.0010822510822510823
134 0.5354591836734693 0.560064935064935 0.8331632653061225 0.024170274170274172
134 0.5354591836734693 0.1856060606060606 0.8331632653061225 0.024170274170274172
134 0.5354591836734693 0.6534992784992785 0.8331632653061225 0.024170274170274172
1 0.775765306122449 0.6713564213564214 0.015816326530612244 0.0007215007215007215
1 0.775765306122449 0.6774891774891775 0.015816326530612244 0.0007215007215007215
1 0.7431122448979591 0.6713564213564214 0.015816326530612244 0.0007215007215007215
1 0.7431122448979591 0.6774891774891775 0.015816326530612244 0.0007215007215007215
1 0.7096938775510204 0.6713564213564214 0.0163265306122449 0.0007215007215007215
1 0.6872448979591836 0.6713564213564214 0.0163265306122449 0.0007215007215007215
1 0.664795918367347 0.6713564213564214 0.0163265306122449 0.0007215007215007215
1 0.6426020408163265 0.6713564213564214 0.015816326530612244 0.0007215007215007215
1 0.5214285714285715 0.6713564213564214 0.0163265306122449 0.0007215007215007215
1 0.49923469387755104 0.6713564213564214 0.015816326530612244 0.0007215007215007215
1 0.4770408163265306 0.6713564213564214 0.0163265306122449 0.0007215007215007215
41 0.7482142857142857 0.6652236652236653 0.0005102040816326531 0.020202020202020204
41 0.7482142857142857 0.2907647907647908 0.0005102040816326531 0.020202020202020204
41 0.7482142857142857 0.5588023088023089 0.0005102040816326531 0.016594516594516596
26 0.775765306122449 0.7501803751803752 0.010714285714285714 0.006132756132756133
41 0.7808673469387755 0.1838023088023088 0.0005102040816326531 0.017676767676767676
41 0.7808673469387755 0.2902236652236652 0.0005102040816326531 0.022005772005772004
41 0.7808673469387755 0.3643578643578644 0.0005102040816326531 0.01875901875901876
24 0.775765306122449 0.6773088023088023 0.010714285714285714 0.006132756132756133
41 0.7706632653061225 0.4772727272727273 0.0005102040816326531 0.017316017316017316
41 0.7808673469387755 0.5582611832611832 0.0005102040816326531 0.017676767676767676
41 0.7808673469387755 0.66504329004329 0.0005102040816326531 0.022727272727272728
26 0.7586734693877552 0.4871933621933622 0.007142857142857143 0.003968253968253968
41 0.7619897959183674 0.47853535353535354 0.0005102040816326531 0.015512265512265512
26 0.775765306122449 0.19444444444444445 0.010714285714285714 0.005772005772005772
24 0.775765306122449 0.30303030303030304 0.010714285714285714 0.005772005772005772
26 0.775765306122449 0.37572150072150073 0.010714285714285714 0.006132756132756133
93 0.775765306122449 0.3948412698412698 0.008673469387755102 0.011904761904761904
24 0.775765306122449 0.4662698412698413 0.010714285714285714 0.006132756132756133
26 0.775765306122449 0.5689033189033189 0.010714285714285714 0.005772005772005772
41 0.647704081632653 0.6616161616161617 0.0005102040816326531 0.015873015873015872
26 0.6650510204081632 0.1884920634920635 0.010714285714285714 0.006132756132756133
24 0.6650510204081632 0.29707792207792205 0.010714285714285714 0.006132756132756133
26 0.6650510204081632 0.562950937950938 0.010714285714285714 0.006132756132756133
24 0.6650510204081632 0.6715367965367965 0.010714285714285714 0.006132756132756133
41 0.6698979591836735 0.18091630591630592 0.0010204081632653062 0.012626262626262626
41 0.647704081632653 0.5546536796536796 0.0005102040816326531 0.012626262626262626
41 0.6698979591836735 0.2876984126984127 0.0010204081632653062 0.016233766233766232
41 0.6698979591836735 0.5553751803751804 0.0010204081632653062 0.012626262626262626
41 0.6698979591836735 0.6621572871572872 0.0010204081632653062 0.016233766233766232
41 0.6252551020408164 0.2837301587301587 0.0005102040816326531 0.016233766233766232
41 0.6153061224489796 0.5696248196248196 0.0010204081632653062 0.015873015873015872
41 0.6252551020408164 0.6581890331890332 0.0005102040816326531 0.016233766233766232
26 0.6426020408163265 0.1884920634920635 0.010714285714285714 0.006132756132756133
24 0.6426020408163265 0.29707792207792205 0.010714285714285714 0.006132756132756133
26 0.6426020408163265 0.562950937950938 0.010714285714285714 0.006132756132756133
24 0.6426020408163265 0.6715367965367965 0.010714285714285714 0.006132756132756133
41 0.647704081632653 0.18055555555555555 0.0005102040816326531 0.013347763347763348
41 0.647704081632653 0.2875180375180375 0.0005102040816326531 0.016594516594516596
41 0.7145408163265307 0.2884199134199134 0.0005102040816326531 0.0183982683982684
41 0.7145408163265307 0.5566378066378066 0.0005102040816326531 0.01443001443001443
41 0.7145408163265307 0.6628787878787878 0.0005102040816326531 0.0183982683982684
26 0.7431122448979591 0.19444444444444445 0.010714285714285714 0.005772005772005772
24 0.7431122448979591 0.30303030303030304 0.010714285714285714 0.005772005772005772
87 0.7420918367346939 0.373015873015873 0.010714285714285714 0.011544011544011544
87 0.7420918367346939 0.46645021645021645 0.010714285714285714 0.011544011544011544
93 0.7426020408163265 0.48863636363636365 0.008673469387755102 0.011904761904761904
26 0.7431122448979591 0.5689033189033189 0.010714285714285714 0.005772005772005772
24 0.7431122448979591 0.6773088023088023 0.010714285714285714 0.006132756132756133
87 0.7420918367346939 0.7474747474747475 0.010714285714285714 0.011544011544011544
86 0.7415816326530612 0.8409090909090909 0.009693877551020408 0.01875901875901876
41 0.7482142857142857 0.1847041847041847 0.0005102040816326531 0.017316017316017316
41 0.6920918367346939 0.5566378066378066 0.0005102040816326531 0.013708513708513708
24 0.6872448979591836 0.19137806637806637 0.01020408163265306 0.006132756132756133
26 0.6872448979591836 0.299963924963925 0.01020408163265306 0.006132756132756133
24 0.6872448979591836 0.5658369408369408 0.01020408163265306 0.006132756132756133
26 0.6872448979591836 0.6744227994227994 0.01020408163265306 0.006132756132756133
41 0.6920918367346939 0.18272005772005773 0.0005102040816326531 0.01479076479076479
41 0.6920918367346939 0.2895021645021645 0.0005102040816326531 0.0183982683982684
41 0.6920918367346939 0.6637806637806638 0.0005102040816326531 0.01875901875901876
24 0.7094387755102041 0.19137806637806637 0.010714285714285714 0.006132756132756133
26 0.7094387755102041 0.299963924963925 0.010714285714285714 0.006132756132756133
24 0.7094387755102041 0.5658369408369408 0.010714285714285714 0.006132756132756133
26 0.7094387755102041 0.6744227994227994 0.010714285714285714 0.006132756132756133
41 0.7145408163265307 0.18253968253968253 0.0005102040816326531 0.015151515151515152
121 0.888265306122449 0.7660533910533911 0.0826530612244898 0.006132756132756133
121 0.888265306122449 0.3915945165945166 0.0826530612244898 0.006132756132756133
53 0.9357142857142857 0.47655122655122656 0.01020408163265306 0.01875901875901876
41 0.9298469387755102 0.7566738816738817 0.0005102040816326531 0.01406926406926407
41 0.9298469387755102 0.47763347763347763 0.0005102040816326531 0.017316017316017316
41 0.9298469387755102 0.38221500721500723 0.0005102040816326531 0.01406926406926407
121 0.3191326530612245 0.2730880230880231 0.027040816326530614 0.0021645021645021645
121 0.3191326530612245 0.547979797979798 0.027040816326530614 0.0021645021645021645
121 0.3191326530612245 0.6475468975468975 0.027040816326530614 0.0021645021645021645
121 0.3191326530612245 0.17352092352092352 0.027040816326530614 0.0021645021645021645
84 0.46658163265306124 0.36886724386724384 0.015816326530612244 0.003968253968253968
84 0.46658163265306124 0.4624819624819625 0.015816326530612244 0.0036075036075036075
84 0.46658163265306124 0.7433261183261183 0.015816326530612244 0.003968253968253968
121 0.2642857142857143 0.6428571428571429 0.027551020408163266 0.0021645021645021645
121 0.2642857142857143 0.5432900432900433 0.027551020408163266 0.0021645021645021645
121 0.2642857142857143 0.2683982683982684 0.027551020408163266 0.0021645021645021645
121 0.2642857142857143 0.16883116883116883 0.027551020408163266 0.0021645021645021645
121 0.7642857142857142 0.6536796536796536 0.0326530612244898 0.0021645021645021645
121 0.7642857142857142 0.549062049062049 0.0326530612244898 0.0021645021645021645
121 0.7642857142857142 0.2792207792207792 0.0326530612244898 0.0021645021645021645
121 0.7642857142857142 0.1747835497835498 0.0326530612244898 0.0018037518037518038
121 0.6808673469387755 0.6531385281385281 0.06683673469387755 0.003246753246753247
121 0.6808673469387755 0.547979797979798 0.06683673469387755 0.004329004329004329
121 0.6808673469387755 0.2786796536796537 0.06683673469387755 0.003246753246753247
121 0.6808673469387755 0.17352092352092352 0.06683673469387755 0.004329004329004329
121 0.6142857142857143 0.6488095238095238 0.022448979591836733 0.0018037518037518038
121 0.6040816326530613 0.577922077922078 0.022448979591836733 0.0021645021645021645
121 0.6142857142857143 0.27435064935064934 0.022448979591836733 0.0018037518037518038
121 0.6040816326530613 0.20346320346320346 0.022448979591836733 0.0021645021645021645
84 0.6380102040816327 0.836940836940837 0.015816326530612244 0.0036075036075036075
84 0.6380102040816327 0.7433261183261183 0.015816326530612244 0.003968253968253968
84 0.6380102040816327 0.4624819624819625 0.015816326530612244 0.0036075036075036075
84 0.6380102040816327 0.36886724386724384 0.015816326530612244 0.003968253968253968
121 0.4931122448979592 0.6536796536796536 0.02193877551020408 0.0021645021645021645
121 0.4931122448979592 0.5541125541125541 0.02193877551020408 0.0021645021645021645
121 0.4931122448979592 0.2792207792207792 0.02193877551020408 0.0021645021645021645
121 0.4931122448979592 0.17965367965367965 0.02193877551020408 0.0021645021645021645
121 0.44846938775510203 0.6488095238095238 0.022448979591836733 0.0018037518037518038
121 0.44846938775510203 0.549062049062049 0.022448979591836733 0.0021645021645021645
121 0.44846938775510203 0.27435064935064934 0.022448979591836733 0.0018037518037518038
121 0.44846938775510203 0.1747835497835498 0.022448979591836733 0.0018037518037518038
84 0.46658163265306124 0.836940836940837 0.015816326530612244 0.0036075036075036075
41 0.8196428571428571 0.47745310245310246 0.0005102040816326531 0.016955266955266956
53 0.825765306122449 0.37193362193362195 0.010714285714285714 0.01875901875901876
41 0.8196428571428571 0.37247474747474746 0.0005102040816326531 0.0183982683982684
24 0.8247448979591837 0.7353896103896104 0.010714285714285714 0.006132756132756133
24 0.8247448979591837 0.4662698412698413 0.010714285714285714 0.006132756132756133
24 0.8247448979591837 0.36093073593073594 0.010714285714285714 0.006132756132756133
41 0.8033163265306122 0.851911976911977 0.0005102040816326531 0.016955266955266956
41 0.8196428571428571 0.7462121212121212 0.0005102040816326531 0.01984126984126984
53 0.8255102040816327 0.7463924963924964 0.011224489795918367 0.01875901875901876
85 0.8533163265306123 0.1838023088023088 0.012755102040816327 0.003246753246753247
85 0.8533163265306123 0.2774170274170274 0.012755102040816327 0.002886002886002886
26 0.852295918367347 0.37572150072150073 0.010714285714285714 0.006132756132756133
85 0.8533163265306123 0.5582611832611832 0.012755102040816327 0.003246753246753247
85 0.8533163265306123 0.6518759018759018 0.012755102040816327 0.002886002886002886
26 0.852295918367347 0.7501803751803752 0.010714285714285714 0.006132756132756133
28 0.8086734693877551 0.8409090909090909 0.011224489795918367 0.006493506493506494
86 0.8068877551020408 0.6536796536796536 0.009693877551020408 0.01875901875901876
86 0.8068877551020408 0.560064935064935 0.009693877551020408 0.0183982683982684
86 0.8068877551020408 0.2792207792207792 0.009693877551020408 0.01875901875901876
86 0.8068877551020408 0.1856060606060606 0.009693877551020408 0.0183982683982684
34 0.7926020408163266 0.8618326118326118 0.009693877551020408 0.004329004329004329
40 0.8227040816326531 0.8378427128427128 0.004591836734693878 0.0025252525252525255
24 0.9071428571428571 0.7353896103896104 0.01020408163265306 0.006132756132756133
24 0.9071428571428571 0.36093073593073594 0.01020408163265306 0.006132756132756133
41 0.8747448979591836 0.7581168831168831 0.0005102040816326531 0.016955266955266956
41 0.8747448979591836 0.47745310245310246 0.0005102040816326531 0.016955266955266956
41 0.8747448979591836 0.38365800865800864 0.0005102040816326531 0.016955266955266956
41 0.9022959183673469 0.37644300144300147 0.0005102040816326531 0.0284992784992785
41 0.9022959183673469 0.7507215007215007 0.0005102040816326531 0.02886002886002886
24 0.9346938775510204 0.37283549783549785 0.01020408163265306 0.006132756132756133
24 0.9346938775510204 0.4662698412698413 0.01020408163265306 0.006132756132756133
24 0.9346938775510204 0.7472943722943723 0.01020408163265306 0.006132756132756133
41 0.8471938775510204 0.3852813852813853 0.0005102040816326531 0.016594516594516596
41 0.7808673469387755 0.7391774891774892 0.0005102040816326531 0.01948051948051948
41 0.8471938775510204 0.7597402597402597 0.0005102040816326531 0.016594516594516596
24 0.8795918367346939 0.37283549783549785 0.01020408163265306 0.006132756132756133
24 0.8798469387755102 0.4662698412698413 0.010714285714285714 0.006132756132756133
24 0.8795918367346939 0.7472943722943723 0.01020408163265306 0.006132756132756133
41 0.3053571428571429 0.18163780663780663 0.0005102040816326531 0.015512265512265512
24 0.30025510204081635 0.6654040404040404 0.010714285714285714 0.006132756132756133
24 0.30025510204081635 0.5658369408369408 0.010714285714285714 0.006132756132756133
24 0.30025510204081635 0.29094516594516595 0.010714285714285714 0.006132756132756133
24 0.30025510204081635 0.19137806637806637 0.010714285714285714 0.006132756132756133
41 0.27780612244897956 0.6515151515151515 0.0005102040816326531 0.017316017316017316
41 0.3053571428571429 0.2815656565656566 0.0005102040816326531 0.016233766233766232
41 0.3053571428571429 0.5564574314574314 0.0005102040816326531 0.016233766233766232
41 0.3053571428571429 0.6560245310245311 0.0005102040816326531 0.016233766233766232
41 0.2502551020408163 0.551948051948052 0.0005102040816326531 0.017316017316017316
41 0.2502551020408163 0.6515151515151515 0.0005102040816326531 0.017316017316017316
26 0.2729591836734694 0.1884920634920635 0.01020408163265306 0.006132756132756133
26 0.2729591836734694 0.28805916305916307 0.01020408163265306 0.006132756132756133
26 0.2729591836734694 0.562950937950938 0.01020408163265306 0.006132756132756133
26 0.2729591836734694 0.6625180375180375 0.01020408163265306 0.006132756132756133
41 0.27780612244897956 0.17803030303030304 0.0005102040816326531 0.0183982683982684
41 0.27780612244897956 0.2775974025974026 0.0005102040816326531 0.0183982683982684
41 0.27780612244897956 0.5524891774891775 0.0005102040816326531 0.0183982683982684
41 0.3604591836734694 0.5575396825396826 0.0005102040816326531 0.0183982683982684
41 0.3604591836734694 0.28264790764790765 0.0005102040816326531 0.0183982683982684
41 0.3604591836734694 0.1830808080808081 0.0005102040816326531 0.0183982683982684
26 0.35535714285714287 0.6684704184704184 0.010714285714285714 0.005772005772005772
26 0.35535714285714287 0.5689033189033189 0.010714285714285714 0.005772005772005772
26 0.35535714285714287 0.29419191919191917 0.010714285714285714 0.006132756132756133
41 0.3604591836734694 0.6576479076479076 0.0005102040816326531 0.01948051948051948
86 0.3989795918367347 0.1856060606060606 0.01020408163265306 0.0183982683982684
86 0.3989795918367347 0.27940115440115443 0.01020408163265306 0.0183982683982684
86 0.3989795918367347 0.560064935064935 0.01020408163265306 0.0183982683982684
86 0.39872448979591835 0.6538600288600288 0.009693877551020408 0.0183982683982684
24 0.3278061224489796 0.19137806637806637 0.010714285714285714 0.006132756132756133
24 0.3278061224489796 0.29094516594516595 0.010714285714285714 0.006132756132756133
24 0.3278061224489796 0.5658369408369408 0.010714285714285714 0.006132756132756133
24 0.3278061224489796 0.6654040404040404 0.010714285714285714 0.006132756132756133
41 0.33290816326530615 0.181998556998557 0.0005102040816326531 0.016233766233766232
41 0.33290816326530615 0.2815656565656566 0.0005102040816326531 0.016233766233766232
41 0.33290816326530615 0.5564574314574314 0.0005102040816326531 0.016233766233766232
41 0.33290816326530615 0.6560245310245311 0.0005102040816326531 0.016233766233766232
26 0.35535714285714287 0.19444444444444445 0.010714285714285714 0.005772005772005772
86 0.21198979591836734 0.27940115440115443 0.009693877551020408 0.0183982683982684
16 0.1836734693877551 0.17875180375180375 0.012244897959183673 0.013347763347763348
16 0.1836734693877551 0.1928210678210678 0.012244897959183673 0.013347763347763348
67 0.16326530612244897 0.18235930735930736 0.007142857142857143 0.01984126984126984
5 0.1377551020408163 0.18578643578643578 0.02346938775510204 0.051226551226551224
93 0.21198979591836734 0.20797258297258298 0.008673469387755102 0.011904761904761904
86 0.21198979591836734 0.1856060606060606 0.009693877551020408 0.0183982683982684
93 0.21198979591836734 0.3014069264069264 0.008673469387755102 0.011904761904761904
122 0.9454081632653061 0.46356421356421357 0.007142857142857143 0.001443001443001443
122 0.8798469387755102 0.8326118326118326 0.13826530612244897 0.004329004329004329
5 0.1377551020408163 0.2795815295815296 0.02346938775510204 0.051226551226551224
67 0.16326530612244897 0.2757936507936508 0.007142857142857143 0.01984126984126984
16 0.1836734693877551 0.27236652236652237 0.012244897959183673 0.013708513708513708
16 0.1836734693877551 0.28643578643578643 0.012244897959183673 0.013708513708513708
5 0.1377551020408163 0.373015873015873 0.02346938775510204 0.051226551226551224
10 0.13545918367346937 0.4016955266955267 0.005612244897959183 0.005411255411255411
67 0.16326530612244897 0.3695887445887446 0.007142857142857143 0.01984126984126984
16 0.1836734693877551 0.36598124098124096 0.012244897959183673 0.013347763347763348
16 0.1836734693877551 0.380050505050505 0.012244897959183673 0.013347763347763348
8 0.14081632653061224 0.466991341991342 0.02959183673469388 0.027056277056277056
67 0.16326530612244897 0.46915584415584416 0.007142857142857143 0.01984126984126984
16 0.1836734693877551 0.4595959595959596 0.012244897959183673 0.013708513708513708
16 0.1836734693877551 0.4736652236652237 0.012244897959183673 0.013708513708513708
86 0.21198979591836734 0.560064935064935 0.009693877551020408 0.0183982683982684
93 0.21198979591836734 0.5820707070707071 0.008673469387755102 0.011904761904761904
5 0.1377551020408163 0.5602453102453102 0.02346938775510204 0.051226551226551224
67 0.16326530612244897 0.5568181818181818 0.007142857142857143 0.01984126984126984
16 0.1836734693877551 0.5532106782106783 0.012244897959183673 0.013347763347763348
16 0.1836734693877551 0.5672799422799423 0.012244897959183673 0.013347763347763348
84 0.28596938775510206 0.36886724386724384 0.015816326530612244 0.003968253968253968
84 0.28596938775510206 0.4624819624819625 0.015816326530612244 0.0036075036075036075
86 0.21198979591836734 0.6538600288600288 0.009693877551020408 0.0183982683982684
84 0.28596938775510206 0.7433261183261183 0.015816326530612244 0.003968253968253968
84 0.28596938775510206 0.836940836940837 0.015816326530612244 0.0036075036075036075
26 0.24540816326530612 0.1884920634920635 0.01020408163265306 0.006132756132756133
26 0.24540816326530612 0.28805916305916307 0.01020408163265306 0.006132756132756133
26 0.24540816326530612 0.562950937950938 0.01020408163265306 0.006132756132756133
26 0.24540816326530612 0.6625180375180375 0.01020408163265306 0.006132756132756133
41 0.2502551020408163 0.17803030303030304 0.0005102040816326531 0.0183982683982684
41 0.2502551020408163 0.2775974025974026 0.0005102040816326531 0.0183982683982684
93 0.21198979591836734 0.6758658008658008 0.008673469387755102 0.011904761904761904
5 0.1377551020408163 0.6540404040404041 0.02346938775510204 0.051226551226551224
67 0.16326530612244897 0.6502525252525253 0.007142857142857143 0.01984126984126984
16 0.1836734693877551 0.6468253968253969 0.012244897959183673 0.013708513708513708
16 0.1836734693877551 0.6608946608946609 0.012244897959183673 0.013708513708513708
5 0.1377551020408163 0.7474747474747475 0.02346938775510204 0.051226551226551224
10 0.13545918367346937 0.7761544011544012 0.005612244897959183 0.005411255411255411
67 0.16326530612244897 0.7440476190476191 0.007142857142857143 0.01984126984126984
16 0.1836734693877551 0.7404401154401155 0.012244897959183673 0.013347763347763348
16 0.1836734693877551 0.7545093795093795 0.012244897959183673 0.013347763347763348
8 0.14081632653061224 0.8414502164502164 0.02959183673469388 0.027056277056277056
67 0.16326530612244897 0.8436147186147186 0.007142857142857143 0.01984126984126984
16 0.1836734693877551 0.834054834054834 0.012244897959183673 0.013708513708513708
16 0.1836734693877551 0.8481240981240982 0.012244897959183673 0.013708513708513708
86 0.564795918367347 0.560064935064935 0.01020408163265306 0.0183982683982684
86 0.5645408163265306 0.27940115440115443 0.009693877551020408 0.0183982683982684
86 0.564795918367347 0.1856060606060606 0.01020408163265306 0.0183982683982684
41 0.5267857142857143 0.6632395382395382 0.0005102040816326531 0.01911976911976912
86 0.5645408163265306 0.6538600288600288 0.009693877551020408 0.0183982683982684
41 0.5267857142857143 0.5636724386724387 0.0005102040816326531 0.01911976911976912
41 0.5267857142857143 0.2887806637806638 0.0005102040816326531 0.01911976911976912
41 0.5043367346938775 0.562049062049062 0.0005102040816326531 0.015873015873015872
24 0.49923469387755104 0.1975108225108225 0.010714285714285714 0.006132756132756133
24 0.49923469387755104 0.29707792207792205 0.010714285714285714 0.006132756132756133
24 0.49923469387755104 0.571969696969697 0.010714285714285714 0.006132756132756133
24 0.49923469387755104 0.6715367965367965 0.010714285714285714 0.006132756132756133
41 0.5043367346938775 0.2875180375180375 0.0005102040816326531 0.016594516594516596
41 0.5043367346938775 0.661976911976912 0.0005102040816326531 0.016594516594516596
26 0.5216836734693877 0.2003968253968254 0.010714285714285714 0.006132756132756133
26 0.5216836734693877 0.299963924963925 0.010714285714285714 0.006132756132756133
26 0.5216836734693877 0.5748556998556998 0.010714285714285714 0.006132756132756133
26 0.5216836734693877 0.6744227994227994 0.010714285714285714 0.006132756132756133
41 0.5267857142857143 0.1893939393939394 0.0005102040816326531 0.01948051948051948
41 0.5931122448979592 0.56998556998557 0.0005102040816326531 0.015151515151515152
24 0.5979591836734693 0.1856060606060606 0.01020408163265306 0.006132756132756133
26 0.5979591836734693 0.29419191919191917 0.01020408163265306 0.006132756132756133
24 0.5979591836734693 0.560064935064935 0.01020408163265306 0.006132756132756133
26 0.5979591836734693 0.6684704184704184 0.01020408163265306 0.005772005772005772
41 0.5931122448979592 0.19498556998556998 0.0005102040816326531 0.016233766233766232
41 0.6028061224489796 0.2837301587301587 0.0005102040816326531 0.0183982683982684
41 0.6028061224489796 0.6581890331890332 0.0005102040816326531 0.0183982683982684
24 0.6204081632653061 0.1856060606060606 0.01020408163265306 0.006132756132756133
26 0.6201530612244898 0.29419191919191917 0.010714285714285714 0.006132756132756133
24 0.6201530612244898 0.560064935064935 0.010714285714285714 0.006132756132756133
26 0.6201530612244898 0.6684704184704184 0.010714285714285714 0.005772005772005772
41 0.6153061224489796 0.19498556998556998 0.0010204081632653062 0.016233766233766232
41 0.5043367346938775 0.18795093795093795 0.0005102040816326531 0.016594516594516596
26 0.43239795918367346 0.19444444444444445 0.010714285714285714 0.005772005772005772
26 0.43239795918367346 0.29419191919191917 0.010714285714285714 0.006132756132756133
26 0.43239795918367346 0.5689033189033189 0.010714285714285714 0.005772005772005772
26 0.43239795918367346 0.6684704184704184 0.010714285714285714 0.005772005772005772
41 0.4372448979591837 0.18416305916305917 0.0010204081632653062 0.0183982683982684
41 0.4372448979591837 0.2837301587301587 0.0010204081632653062 0.0183982683982684
41 0.4372448979591837 0.6581890331890332 0.0010204081632653062 0.0183982683982684
41 0.4372448979591837 0.5586219336219336 0.0010204081632653062 0.0183982683982684
41 0.45943877551020407 0.6576479076479076 0.0005102040816326531 0.017316017316017316
24 0.4767857142857143 0.1975108225108225 0.010714285714285714 0.006132756132756133
24 0.4767857142857143 0.29707792207792205 0.010714285714285714 0.006132756132756133
24 0.4767857142857143 0.571969696969697 0.010714285714285714 0.006132756132756133
24 0.4767857142857143 0.6715367965367965 0.010714285714285714 0.006132756132756133
41 0.4818877551020408 0.18795093795093795 0.0005102040816326531 0.016594516594516596
41 0.4818877551020408 0.2875180375180375 0.0005102040816326531 0.016594516594516596
41 0.4818877551020408 0.5624098124098124 0.0005102040816326531 0.016594516594516596
41 0.4818877551020408 0.661976911976912 0.0005102040816326531 0.016594516594516596
26 0.4545918367346939 0.19462481962481962 0.01020408163265306 0.006132756132756133
26 0.4545918367346939 0.29419191919191917 0.01020408163265306 0.006132756132756133
26 0.4545918367346939 0.5689033189033189 0.01020408163265306 0.005772005772005772
26 0.4545918367346939 0.6684704184704184 0.01020408163265306 0.005772005772005772
41 0.45943877551020407 0.18416305916305917 0.0005102040816326531 0.0183982683982684
41 0.45943877551020407 0.2837301587301587 0.0005102040816326531 0.0183982683982684
41 0.45943877551020407 0.5586219336219336 0.0005102040816326531 0.0183982683982684