134 0.4997448979591837 0.058261183261183264 0.9045918367346939 0.024170274170274172
41 0.675765306122449 0.06673881673881674 0.0005102040816326531 0.01948051948051948
26 0.6806122448979591 0.055375180375180376 0.01020408163265306 0.006132756132756133
41 0.6334183673469388 0.04527417027417027 0.0005102040816326531 0.016233766233766232
41 0.6487244897959183 0.07106782106782107 0.0005102040816326531 0.015873015873015872
26 0.6535714285714286 0.06132756132756133 0.01020408163265306 0.006493506493506494
41 0.7584183673469388 0.05375180375180375 0.0005102040816326531 0.023809523809523808
24 0.7056122448979592 0.05248917748917749 0.01020408163265306 0.006132756132756133
41 0.700765306122449 0.06421356421356421 0.0005102040816326531 0.021645021645021644
26 0.7306122448979592 0.055375180375180376 0.01020408163265306 0.006132756132756133
41 0.7257653061224489 0.06493506493506493 0.0005102040816326531 0.017316017316017316
26 0.7535714285714286 0.06727994227994227 0.01020408163265306 0.006132756132756133
26 0.551530612244898 0.06727994227994227 0.01020408163265306 0.006132756132756133
121 0.1520408163265306 0.07233044733044733 0.07653061224489796 0.006132756132756133
121 0.15229591836734693 0.0772005772005772 0.07806122448979592 0.005772005772005772
41 0.5563775510204082 0.05357142857142857 0.0005102040816326531 0.025613275613275612
63 0.539030612244898 0.06727994227994227 0.008673469387755102 0.017676767676767676
26 0.6285714285714286 0.055375180375180376 0.01020408163265306 0.006132756132756133
26 0.5785714285714286 0.055375180375180376 0.01020408163265306 0.006132756132756133
41 0.5834183673469387 0.047258297258297256 0.0005102040816326531 0.01443001443001443
24 0.6035714285714285 0.05248917748917749 0.01020408163265306 0.006132756132756133
41 0.6084183673469388 0.04491341991341991 0.0005102040816326531 0.012626262626262626
24 0.9051020408163265 0.05248917748917749 0.01020408163265306 0.006132756132756133
41 0.9099489795918367 0.044372294372294376 0.0005102040816326531 0.013708513708513708
26 0.9301020408163265 0.055375180375180376 0.01020408163265306 0.006132756132756133
41 0.9349489795918368 0.04455266955266955 0.0005102040816326531 0.01984126984126984
121 0.8966836734693877 0.03751803751803752 0.0770408163265306 0.010101010101010102
121 0.8969387755102041 0.04220779220779221 0.07653061224489796 0.010101010101010102
121 0.7966836734693877 0.038059163059163056 0.0770408163265306 0.006854256854256854
121 0.7964285714285714 0.04274891774891775 0.07653061224489796 0.006854256854256854
121 0.6875 0.07233044733044733 0.0770408163265306 0.006132756132756133
121 0.6875 0.07702020202020202 0.0770408163265306 0.006132756132756133
121 0.5951530612244897 0.038059163059163056 0.0770408163265306 0.006854256854256854
121 0.5951530612244897 0.04274891774891775 0.0770408163265306 0.006854256854256854
121 0.45816326530612245 0.07323232323232323 0.07653061224489796 0.007936507936507936
121 0.45790816326530615 0.07828282828282829 0.07806122448979592 0.007936507936507936
121 0.35586734693877553 0.07233044733044733 0.0770408163265306 0.006132756132756133
121 0.35586734693877553 0.07702020202020202 0.07806122448979592 0.006132756132756133
121 0.2625 0.036976911976911976 0.07806122448979592 0.009018759018759018
121 0.26224489795918365 0.041666666666666664 0.07653061224489796 0.009018759018759018
26 0.8306122448979592 0.055375180375180376 0.01020408163265306 0.006132756132756133
26 0.7806122448979592 0.055375180375180376 0.01020408163265306 0.006132756132756133
41 0.7854591836734693 0.04671717171717172 0.0005102040816326531 0.015512265512265512
24 0.8056122448979591 0.05248917748917749 0.01020408163265306 0.006132756132756133
41 0.8104591836734694 0.044372294372294376 0.0005102040816326531 0.013708513708513708
41 0.8354591836734694 0.045093795093795096 0.0005102040816326531 0.01875901875901876
26 0.8533163265306123 0.07323232323232323 0.009693877551020408 0.006493506493506494
41 0.8579081632653062 0.056998556998557 0.0005102040816326531 0.030303030303030304
26 0.8803571428571428 0.055375180375180376 0.009693877551020408 0.006132756132756133
41 0.8852040816326531 0.04671717171717172 0.0010204081632653062 0.015512265512265512
41 0.2502551020408163 0.045815295815295816 0.0005102040816326531 0.015151515151515152
26 0.24540816326530612 0.055375180375180376 0.01020408163265306 0.006132756132756133
41 0.22321428571428573 0.05447330447330447 0.0005102040816326531 0.02813852813852814
24 0.21836734693877552 0.07016594516594517 0.01020408163265306 0.006132756132756133
41 0.19107142857142856 0.06601731601731602 0.0005102040816326531 0.018037518037518036
26 0.19591836734693877 0.055375180375180376 0.01020408163265306 0.006132756132756133
26 0.2724489795918367 0.049422799422799424 0.01020408163265306 0.006493506493506494
41 0.27729591836734696 0.042027417027417024 0.0005102040816326531 0.012626262626262626
26 0.29642857142857143 0.055375180375180376 0.01020408163265306 0.006132756132756133
41 0.3012755102040816 0.04401154401154401 0.0005102040816326531 0.020923520923520924
5 0.06556122448979591 0.056998556998557 0.02193877551020408 0.044733044733044736
67 0.0875 0.055014430014430016 0.007653061224489796 0.01479076479076479
26 0.11785714285714285 0.06132756132756133 0.01020408163265306 0.006493506493506494
41 0.11301020408163265 0.0707070707070707 0.0005102040816326531 0.016594516594516596
26 0.14489795918367346 0.055375180375180376 0.01020408163265306 0.006132756132756133
41 0.14005102040816325 0.06691919191919192 0.0005102040816326531 0.021284271284271284
26 0.1719387755102041 0.049422799422799424 0.01020408163265306 0.006493506493506494
41 0.16709183673469388 0.0633116883116883 0.0005102040816326531 0.025613275613275612
41 0.3706632653061224 0.06367243867243867 0.0005102040816326531 0.024891774891774892
41 0.4732142857142857 0.06421356421356421 0.0005102040816326531 0.025252525252525252
26 0.47806122448979593 0.049422799422799424 0.01020408163265306 0.006493506493506494
26 0.4 0.055375180375180376 0.01020408163265306 0.006132756132756133
41 0.3951530612244898 0.06565656565656566 0.0005102040816326531 0.01875901875901876
26 0.37551020408163266 0.049422799422799424 0.01020408163265306 0.006493506493506494
41 0.4191326530612245 0.07377344877344877 0.0005102040816326531 0.01406926406926407
24 0.42372448979591837 0.06439393939393939 0.009693877551020408 0.006132756132756133
41 0.4461734693877551 0.06818181818181818 0.0005102040816326531 0.020923520923520924
26 0.32142857142857145 0.06132756132756133 0.01020408163265306 0.006493506493506494
41 0.3165816326530612 0.0707070707070707 0.0005102040816326531 0.016594516594516596
26 0.45102040816326533 0.055375180375180376 0.01020408163265306 0.006132756132756133
26 0.34846938775510206 0.055375180375180376 0.01020408163265306 0.006132756132756133
41 0.3436224489795918 0.06691919191919192 0.0005102040816326531 0.021284271284271284
41 0.4971938775510204 0.0661976911976912 0.0005102040816326531 0.017676767676767676
26 0.5020408163265306 0.055375180375180376 0.01020408163265306 0.006132756132756133
134 0.4989795918367347 0.15115440115440115 0.9030612244897959 0.023809523809523808
1 0.8548469387755102 0.169011544011544 0.015816326530612244 0.0010822510822510823
1 0.6579081632653061 0.169011544011544 0.015816326530612244 0.0010822510822510823
24 0.636734693877551 0.15115440115440115 0.01020408163265306 0.006493506493506494
41 0.6895408163265306 0.13762626262626262 0.0005102040816326531 0.024170274170274172
24 0.6846938775510204 0.15115440115440115 0.01020408163265306 0.006493506493506494
24 0.7581632653061224 0.16323953823953824 0.01020408163265306 0.006132756132756133
41 0.6627551020408163 0.14754689754689754 0.0010204081632653062 0.04040404040404041
24 0.6581632653061225 0.169011544011544 0.01020408163265306 0.006132756132756133
41 0.6318877551020409 0.159992784992785 0.0005102040816326531 0.015512265512265512
26 0.7112244897959183 0.13618326118326118 0.01020408163265306 0.006132756132756133
41 0.7160714285714286 0.12878787878787878 0.0005102040816326531 0.012987012987012988
24 0.7336734693877551 0.15115440115440115 0.01020408163265306 0.006493506493506494
41 0.7385204081632653 0.13437950937950938 0.0005102040816326531 0.031385281385281384
121 0.15153061224489797 0.16504329004329005 0.07551020408163266 0.006132756132756133
121 0.15153061224489797 0.1700937950937951 0.07653061224489796 0.006132756132756133
24 0.5612244897959183 0.16305916305916307 0.01020408163265306 0.006493506493506494
41 0.5563775510204082 0.170995670995671 0.0005102040816326531 0.013708513708513708
24 0.5877551020408164 0.15115440115440115 0.01020408163265306 0.006493506493506494
41 0.5829081632653061 0.16287878787878787 0.0005102040816326531 0.021284271284271284
26 0.6142857142857143 0.13618326118326118 0.01020408163265306 0.006132756132756133
41 0.6094387755102041 0.15386002886002886 0.0005102040816326531 0.03282828282828283
26 0.9081632653061225 0.13618326118326118 0.01020408163265306 0.006132756132756133
41 0.9130102040816327 0.12878787878787878 0.0005102040816326531 0.012987012987012988
24 0.9306122448979591 0.15115440115440115 0.01020408163265306 0.006493506493506494
41 0.935204081632653 0.13437950937950938 0.0010204081632653062 0.031385281385281384
121 0.8974489795918368 0.12265512265512266 0.07551020408163266 0.010822510822510822
121 0.897704081632653 0.1277056277056277 0.075 0.010822510822510822
121 0.7910714285714285 0.16883116883116883 0.07397959183673469 0.010822510822510822
121 0.7908163265306123 0.17352092352092352 0.07551020408163266 0.010822510822510822
121 0.7005102040816327 0.12283549783549784 0.07551020408163266 0.011183261183261184
121 0.7005102040816327 0.1277056277056277 0.07551020408163266 0.010822510822510822
121 0.5943877551020408 0.16865079365079366 0.07551020408163266 0.011183261183261184
121 0.5943877551020408 0.17352092352092352 0.07551020408163266 0.010822510822510822
121 0.48622448979591837 0.12824675324675325 0.07653061224489796 0.006132756132756133
121 0.48622448979591837 0.13293650793650794 0.07551020408163266 0.006132756132756133
121 0.3663265306122449 0.16504329004329005 0.07551020408163266 0.006132756132756133
121 0.3663265306122449 0.1700937950937951 0.07653061224489796 0.006132756132756133
121 0.27448979591836736 0.12824675324675325 0.07653061224489796 0.006132756132756133
121 0.27448979591836736 0.13293650793650794 0.07551020408163266 0.006132756132756133
24 0.7846938775510204 0.15115440115440115 0.01020408163265306 0.006493506493506494
41 0.7798469387755103 0.1634199134199134 0.0005102040816326531 0.022366522366522368
26 0.8112244897959183 0.13618326118326118 0.01020408163265306 0.006132756132756133
41 0.8063775510204082 0.15458152958152957 0.0005102040816326531 0.03427128427128427
41 0.7533163265306122 0.170995670995671 0.0005102040816326531 0.013708513708513708
24 0.8336734693877551 0.15115440115440115 0.01020408163265306 0.006493506493506494
41 0.8288265306122449 0.16053391053391053 0.0005102040816326531 0.016594516594516596
24 0.8548469387755102 0.169011544011544 0.009693877551020408 0.006132756132756133
41 0.8594387755102041 0.14772727272727273 0.0005102040816326531 0.04076479076479077
24 0.8816326530612245 0.15115440115440115 0.01020408163265306 0.006493506493506494
41 0.8862244897959184 0.13726551226551226 0.0010204081632653062 0.025613275613275612
63 0.21862244897959185 0.16017316017316016 0.008673469387755102 0.017316017316017316
41 0.23596938775510204 0.1443001443001443 0.0005102040816326531 0.027417027417027416
26 0.23112244897959183 0.159992784992785 0.01020408163265306 0.006132756132756133
24 0.25790816326530613 0.15115440115440115 0.009693877551020408 0.006493506493506494
41 0.19005102040816327 0.16053391053391053 0.0005102040816326531 0.01443001443001443
24 0.19489795918367347 0.15115440115440115 0.01020408163265306 0.006493506493506494
41 0.2625 0.1396103896103896 0.0005102040816326531 0.020923520923520924
24 0.28469387755102044 0.1452020202020202 0.01020408163265306 0.006132756132756133
41 0.2892857142857143 0.13600288600288601 0.0010204081632653062 0.016594516594516596
24 0.3081632653061224 0.15115440115440115 0.01020408163265306 0.006493506493506494
41 0.31301020408163266 0.13816738816738816 0.0005102040816326531 0.023809523809523808
5 0.06556122448979591 0.1497113997113997 0.02193877551020408 0.044733044733044736
67 0.0875 0.1479076479076479 0.007653061224489796 0.015151515151515152
24 0.11785714285714285 0.1571067821067821 0.01020408163265306 0.006132756132756133
41 0.11301020408163265 0.16504329004329005 0.0005102040816326531 0.013347763347763348
24 0.14438775510204083 0.15115440115440115 0.01020408163265306 0.006493506493506494
41 0.13954081632653062 0.16125541125541126 0.0005102040816326531 0.018037518037518036
24 0.17091836734693877 0.1452020202020202 0.01020408163265306 0.006132756132756133
41 0.16607142857142856 0.15764790764790765 0.0005102040816326531 0.023088023088023088
24 0.40969387755102044 0.15115440115440115 0.01020408163265306 0.006493506493506494
41 0.4048469387755102 0.159992784992785 0.0005102040816326531 0.015512265512265512
26 0.44285714285714284 0.159992784992785 0.01020408163265306 0.006132756132756133
41 0.4477040816326531 0.14484126984126985 0.0005102040816326531 0.0284992784992785
61 0.4316326530612245 0.16017316017316016 0.00510204081632653 0.017316017316017316
24 0.46938775510204084 0.15115440115440115 0.01020408163265306 0.006493506493506494
41 0.474234693877551 0.1396103896103896 0.0005102040816326531 0.020923520923520924
24 0.4961734693877551 0.1452020202020202 0.009693877551020408 0.006132756132756133
41 0.500765306122449 0.13600288600288601 0.0005102040816326531 0.016594516594516596
24 0.5198979591836734 0.15115440115440115 0.01020408163265306 0.006493506493506494
41 0.5247448979591837 0.13816738816738816 0.0005102040816326531 0.023809523809523808
41 0.3278061224489796 0.16540404040404041 0.0005102040816326531 0.012626262626262626
24 0.3326530612244898 0.1571067821067821 0.01020408163265306 0.006132756132756133
24 0.38571428571428573 0.1452020202020202 0.01020408163265306 0.006132756132756133
41 0.35433673469387755 0.16161616161616163 0.0005102040816326531 0.017316017316017316
24 0.35918367346938773 0.15115440115440115 0.01020408163265306 0.006493506493506494
41 0.3808673469387755 0.15764790764790765 0.0005102040816326531 0.023088023088023088
134 0.4997448979591837 0.24404761904761904 0.9045918367346939 0.024170274170274172
41 0.7451530612244898 0.26136363636363635 0.0005102040816326531 0.012626262626262626
41 0.6701530612244898 0.2588383838383838 0.0005102040816326531 0.01911976911976912
26 0.675 0.24693362193362192 0.01020408163265306 0.006132756132756133
41 0.6426020408163265 0.26515151515151514 0.0005102040816326531 0.01443001443001443
24 0.6474489795918368 0.25595238095238093 0.01020408163265306 0.006132756132756133
24 0.702295918367347 0.23214285714285715 0.009693877551020408 0.006132756132756133
41 0.6974489795918367 0.24945887445887446 0.0010204081632653062 0.03282828282828283
26 0.7255102040816327 0.24693362193362192 0.01020408163265306 0.006132756132756133
41 0.7206632653061225 0.2564935064935065 0.0005102040816326531 0.016594516594516596
26 0.75 0.25306637806637805 0.01020408163265306 0.006132756132756133
121 0.1520408163265306 0.2601010101010101 0.07653061224489796 0.007936507936507936
121 0.1520408163265306 0.2647907647907648 0.07755102040816327 0.007936507936507936
26 0.5438775510204081 0.2588383838383838 0.01020408163265306 0.006132756132756133
41 0.5487244897959184 0.23971861471861472 0.0005102040816326531 0.03643578643578643
41 0.6267857142857143 0.23088023088023088 0.0005102040816326531 0.02813852813852814
26 0.5714285714285714 0.24693362193362192 0.01020408163265306 0.006132756132756133
41 0.5762755102040816 0.23322510822510822 0.0005102040816326531 0.025613275613275612
24 0.5989795918367347 0.23214285714285715 0.01020408163265306 0.006132756132756133
41 0.6038265306122449 0.22456709956709955 0.0005102040816326531 0.012626262626262626
26 0.621938775510204 0.24693362193362192 0.01020408163265306 0.006132756132756133
24 0.9061224489795918 0.23214285714285715 0.01020408163265306 0.006132756132756133
41 0.9109693877551021 0.22456709956709955 0.0005102040816326531 0.012626262626262626
26 0.9290816326530612 0.24693362193362192 0.01020408163265306 0.006132756132756133
41 0.9339285714285714 0.23142135642135642 0.0005102040816326531 0.02922077922077922
121 0.8951530612244898 0.21825396825396826 0.07806122448979592 0.007936507936507936
121 0.8954081632653061 0.22294372294372294 0.07755102040816327 0.007936507936507936
121 0.7839285714285714 0.2601010101010101 0.0770408163265306 0.007936507936507936
121 0.7841836734693878 0.2647907647907648 0.07755102040816327 0.007936507936507936
121 0.6816326530612244 0.2638888888888889 0.07755102040816327 0.00974025974025974
121 0.6816326530612244 0.2689393939393939 0.07755102040816327 0.00974025974025974
121 0.5880102040816326 0.21825396825396826 0.07806122448979592 0.007936507936507936
121 0.5880102040816326 0.22294372294372294 0.07806122448979592 0.007936507936507936
121 0.45918367346938777 0.2638888888888889 0.07653061224489796 0.00974025974025974
121 0.45943877551020407 0.2689393939393939 0.07806122448979592 0.00974025974025974
121 0.35714285714285715 0.2601010101010101 0.07653061224489796 0.007936507936507936
121 0.3568877551020408 0.2647907647907648 0.07806122448979592 0.007936507936507936
121 0.2545918367346939 0.2638888888888889 0.07653061224489796 0.00974025974025974
121 0.2543367346938776 0.2689393939393939 0.07806122448979592 0.00974025974025974
26 0.8280612244897959 0.24693362193362192 0.01020408163265306 0.006132756132756133
26 0.7775510204081633 0.24693362193362192 0.01020408163265306 0.006132756132756133
41 0.772704081632653 0.25685425685425683 0.0005102040816326531 0.017316017316017316
24 0.8045918367346939 0.23214285714285715 0.01020408163265306 0.006132756132756133
41 0.8 0.2481962481962482 0.0010204081632653062 0.030303030303030304
41 0.8232142857142857 0.255050505050505 0.0005102040816326531 0.013708513708513708
26 0.8510204081632653 0.2588383838383838 0.01020408163265306 0.006132756132756133
41 0.8558673469387755 0.23971861471861472 0.0005102040816326531 0.03643578643578643
26 0.8785714285714286 0.24693362193362192 0.01020408163265306 0.006132756132756133
41 0.8834183673469388 0.2326839826839827 0.0005102040816326531 0.026695526695526696
41 0.24285714285714285 0.25901875901875904 0.0010204081632653062 0.021645021645021644
26 0.19591836734693877 0.24693362193362192 0.01020408163265306 0.006132756132756133
41 0.19107142857142856 0.255050505050505 0.0005102040816326531 0.013708513708513708
24 0.22040816326530613 0.25595238095238093 0.01020408163265306 0.006132756132756133
41 0.21556122448979592 0.26461038961038963 0.0005102040816326531 0.015512265512265512
26 0.24744897959183673 0.24693362193362192 0.01020408163265306 0.006132756132756133
24 0.275 0.23214285714285715 0.01020408163265306 0.006132756132756133
41 0.2701530612244898 0.25 0.0005102040816326531 0.03391053391053391
26 0.29846938775510207 0.24693362193362192 0.01020408163265306 0.006132756132756133
41 0.29362244897959183 0.2564935064935065 0.0005102040816326531 0.016594516594516596
5 0.06556122448979591 0.2426046176046176 0.02193877551020408 0.045093795093795096
67 0.0875 0.2408008658008658 0.007653061224489796 0.01479076479076479
26 0.11785714285714285 0.25306637806637805 0.01020408163265306 0.006132756132756133
41 0.11301020408163265 0.26082251082251084 0.0005102040816326531 0.013708513708513708
26 0.14540816326530612 0.24693362193362192 0.01020408163265306 0.006132756132756133
41 0.1405612244897959 0.25685425685425683 0.0005102040816326531 0.017316017316017316
24 0.17270408163265305 0.23214285714285715 0.009693877551020408 0.006132756132756133
41 0.16785714285714284 0.2481962481962482 0.0010204081632653062 0.030303030303030304
41 0.47525510204081634 0.25054112554112556 0.0005102040816326531 0.03282828282828283
24 0.4801020408163265 0.23214285714285715 0.01020408163265306 0.006132756132756133
26 0.4010204081632653 0.24693362193362192 0.01020408163265306 0.006132756132756133
41 0.3961734693877551 0.255050505050505 0.0005102040816326531 0.013708513708513708
24 0.425 0.25595238095238093 0.01020408163265306 0.006132756132756133
41 0.4477040816326531 0.2593795093795094 0.0005102040816326531 0.020923520923520924
26 0.45255102040816325 0.24693362193362192 0.01020408163265306 0.006132756132756133
41 0.4201530612244898 0.26461038961038963 0.0005102040816326531 0.015512265512265512
24 0.37755102040816324 0.23214285714285715 0.01020408163265306 0.006132756132756133
26 0.3229591836734694 0.25306637806637805 0.01020408163265306 0.006132756132756133
41 0.3181122448979592 0.26082251082251084 0.0005102040816326531 0.013708513708513708
41 0.4982142857142857 0.25667388167388167 0.0005102040816326531 0.016233766233766232
26 0.503061224489796 0.24693362193362192 0.01020408163265306 0.006132756132756133
26 0.35 0.24693362193362192 0.01020408163265306 0.006132756132756133
41 0.3454081632653061 0.25685425685425683 0.0010204081632653062 0.017316017316017316
41 0.37270408163265306 0.2481962481962482 0.0005102040816326531 0.030303030303030304
134 0.4997448979591837 0.33676046176046176 0.9045918367346939 0.024170274170274172
1 0.7829081632653061 0.3189033189033189 0.015816326530612244 0.0007215007215007215
1 0.6946428571428571 0.3129509379509379 0.01683673469387755 0.0010822510822510823
1 0.6946428571428571 0.3189033189033189 0.01683673469387755 0.0007215007215007215
1 0.6946428571428571 0.3546176046176046 0.01683673469387755 0.0007215007215007215
1 0.5936224489795918 0.3546176046176046 0.015816326530612244 0.0007215007215007215
1 0.5936224489795918 0.36075036075036077 0.015816326530612244 0.0007215007215007215
1 0.5295918367346939 0.3546176046176046 0.015306122448979591 0.0007215007215007215
1 0.4010204081632653 0.3546176046176046 0.014285714285714285 0.0007215007215007215
24 0.5936224489795918 0.3605699855699856 0.009693877551020408 0.006132756132756133
41 0.6165816326530612 0.332972582972583 0.0005102040816326531 0.015873015873015872
24 0.611734693877551 0.3428932178932179 0.01020408163265306 0.006132756132756133
41 0.5982142857142857 0.3428932178932179 0.0005102040816326531 0.03354978354978355
41 0.5844387755102041 0.33116883116883117 0.0005102040816326531 0.01948051948051948
24 0.5795918367346938 0.3428932178932179 0.01020408163265306 0.006132756132756133
41 0.6892857142857143 0.3418109668109668 0.0010204081632653062 0.05519480519480519
6 0.6625 0.33676046176046176 0.017857142857142856 0.017676767676767676
28 0.6946428571428571 0.3129509379509379 0.010714285714285714 0.006132756132756133
30 0.6946428571428571 0.3277417027417027 0.010714285714285714 0.006132756132756133
28 0.6943877551020409 0.3428932178932179 0.011224489795918367 0.006132756132756133
28 0.6943877551020409 0.3547979797979798 0.011224489795918367 0.006132756132756133
41 0.6487244897959183 0.33080808080808083 0.0005102040816326531 0.020923520923520924
24 0.6438775510204081 0.3428932178932179 0.01020408163265306 0.006132756132756133
41 0.6323979591836735 0.33044733044733043 0.0005102040816326531 0.01443001443001443
26 0.6275510204081632 0.3398268398268398 0.01020408163265306 0.006493506493506494
41 0.4885204081632653 0.33261183261183264 0.0005102040816326531 0.016594516594516596
41 0.5043367346938775 0.33026695526695526 0.0005102040816326531 0.01479076479076479
26 0.49948979591836734 0.3398268398268398 0.01020408163265306 0.006493506493506494
24 0.5158163265306123 0.3428932178932179 0.01020408163265306 0.006132756132756133
24 0.48367346938775513 0.3428932178932179 0.01020408163265306 0.006132756132756133
41 0.4701530612244898 0.3373015873015873 0.0005102040816326531 0.024531024531024532
26 0.46530612244897956 0.35173160173160173 0.01020408163265306 0.006493506493506494
121 0.14770408163265306 0.32323232323232326 0.050510204081632655 0.005050505050505051
121 0.14770408163265306 0.3282828282828283 0.04846938775510204 0.005050505050505051
41 0.5686224489795918 0.33044733044733043 0.0005102040816326531 0.015151515151515152
26 0.5637755102040817 0.33964646464646464 0.01020408163265306 0.006132756132756133
41 0.5522959183673469 0.3324314574314574 0.0005102040816326531 0.016233766233766232
24 0.547704081632653 0.3428932178932179 0.009693877551020408 0.006132756132756133
41 0.5344387755102041 0.33946608946608947 0.0005102040816326531 0.026695526695526696
24 0.5295918367346939 0.3547979797979798 0.01020408163265306 0.006132756132756133
41 0.5206632653061225 0.330988455988456 0.0005102040816326531 0.021284271284271284
41 0.8676020408163265 0.3288239538239538 0.0005102040816326531 0.01911976911976912
41 0.9272959183673469 0.3407287157287157 0.0005102040816326531 0.01911976911976912
26 0.9224489795918367 0.35173160173160173 0.01020408163265306 0.006493506493506494
41 0.8971938775510204 0.3344155844155844 0.0005102040816326531 0.01875901875901876
26 0.8923469387755102 0.3457792207792208 0.01020408163265306 0.006132756132756133
26 0.8627551020408163 0.33964646464646464 0.01020408163265306 0.006132756132756133
121 0.4301020408163265 0.32233044733044736 0.05 0.006854256854256854
121 0.4303571428571429 0.3272005772005772 0.04846938775510204 0.006493506493506494
121 0.4954081632653061 0.32233044733044736 0.05 0.006854256854256854
121 0.4954081632653061 0.3273809523809524 0.05 0.006854256854256854
121 0.559438775510204 0.32233044733044736 0.050510204081632655 0.006854256854256854
121 0.559438775510204 0.3273809523809524 0.050510204081632655 0.006854256854256854
121 0.6234693877551021 0.32287157287157287 0.05 0.007936507936507936
121 0.6234693877551021 0.32792207792207795 0.05 0.007936507936507936
121 0.7877551020408163 0.3398268398268398 0.019387755102040816 0.005772005772005772
120 0.7938775510204081 0.3152958152958153 0.019387755102040816 0.006493506493506494
121 0.2780612244897959 0.32341269841269843 0.05 0.00468975468975469
121 0.2783163265306122 0.3282828282828283 0.04846938775510204 0.005050505050505051
41 0.7778061224489796 0.3291847041847042 0.0005102040816326531 0.017676767676767676
5 0.7604591836734694 0.33784271284271283 0.015816326530612244 0.03571428571428571
24 0.7826530612244897 0.3189033189033189 0.01020408163265306 0.006493506493506494
86 0.735969387755102 0.32341269841269843 0.007653061224489796 0.017676767676767676
121 0.21275510204081632 0.32233044733044736 0.05 0.006854256854256854
121 0.21301020408163265 0.3272005772005772 0.04846938775510204 0.006493506493506494
41 0.827295918367347 0.3421717171717172 0.0005102040816326531 0.0183982683982684
24 0.8321428571428572 0.33080808080808083 0.01020408163265306 0.006493506493506494
121 0.3433673469387755 0.32233044733044736 0.05 0.006854256854256854
121 0.3433673469387755 0.3273809523809524 0.04897959183673469 0.006854256854256854
41 0.7971938775510204 0.33405483405483405 0.0005102040816326531 0.01443001443001443
24 0.8020408163265306 0.32485569985569984 0.01020408163265306 0.006132756132756133
41 0.23801020408163265 0.3306277056277056 0.0005102040816326531 0.020562770562770564
24 0.23316326530612244 0.3428932178932179 0.01020408163265306 0.006132756132756133
41 0.22193877551020408 0.3300865800865801 0.0010204081632653062 0.016594516594516596
26 0.2173469387755102 0.33964646464646464 0.01020408163265306 0.006132756132756133
41 0.2058673469387755 0.33207070707070707 0.0005102040816326531 0.017676767676767676
24 0.2010204081632653 0.3428932178932179 0.01020408163265306 0.006132756132756133
24 0.29846938775510207 0.3428932178932179 0.01020408163265306 0.006132756132756133
41 0.2872448979591837 0.3306277056277056 0.0010204081632653062 0.015512265512265512
26 0.2826530612244898 0.33964646464646464 0.01020408163265306 0.006132756132756133
41 0.18801020408163266 0.33766233766233766 0.0005102040816326531 0.025252525252525252
41 0.2711734693877551 0.3324314574314574 0.0005102040816326531 0.016955266955266956
24 0.26632653061224487 0.3428932178932179 0.01020408163265306 0.006132756132756133
41 0.25331632653061226 0.336038961038961 0.0005102040816326531 0.022005772005772004
24 0.24846938775510205 0.3486652236652237 0.01020408163265306 0.006132756132756133
67 0.0875 0.33351370851370854 0.007653061224489796 0.01479076479076479
41 0.12270408163265306 0.336038961038961 0.0005102040816326531 0.022005772005772004
24 0.11785714285714285 0.3486652236652237 0.01020408163265306 0.006132756132756133
5 0.06556122448979591 0.3354978354978355 0.02193877551020408 0.044733044733044736
26 0.18316326530612245 0.35173160173160173 0.01020408163265306 0.006493506493506494
41 0.17270408163265305 0.3315295815295815 0.0005102040816326531 0.01875901875901876
24 0.16785714285714284 0.3428932178932179 0.01020408163265306 0.006132756132756133
41 0.1568877551020408 0.33044733044733043 0.0005102040816326531 0.015151515151515152
26 0.1520408163265306 0.33964646464646464 0.01020408163265306 0.006132756132756133
41 0.1405612244897959 0.33225108225108224 0.0005102040816326531 0.016594516594516596
24 0.13596938775510203 0.3428932178932179 0.009693877551020408 0.006132756132756133
41 0.4232142857142857 0.33207070707070707 0.0005102040816326531 0.017676767676767676
41 0.30331632653061225 0.3318903318903319 0.0005102040816326531 0.01948051948051948
24 0.41836734693877553 0.3428932178932179 0.01020408163265306 0.006132756132756133
41 0.36862244897959184 0.33080808080808083 0.0005102040816326531 0.020923520923520924
24 0.4005102040816326 0.3547979797979798 0.01020408163265306 0.006132756132756133
24 0.3637755102040816 0.3428932178932179 0.01020408163265306 0.006132756132756133
63 0.3875 0.3546176046176046 0.008673469387755102 0.017316017316017316
41 0.40535714285714286 0.3392857142857143 0.0005102040816326531 0.0284992784992785
41 0.3181122448979592 0.3373015873015873 0.0005102040816326531 0.024531024531024532
24 0.33163265306122447 0.3428932178932179 0.01020408163265306 0.006132756132756133
41 0.3522959183673469 0.3297258297258297 0.0005102040816326531 0.015873015873015872
26 0.3135204081632653 0.35173160173160173 0.009693877551020408 0.006493506493506494
24 0.45051020408163267 0.3428932178932179 0.01020408163265306 0.006132756132756133
41 0.45535714285714285 0.330988455988456 0.0005102040816326531 0.021284271284271284
41 0.3364795918367347 0.3324314574314574 0.0005102040816326531 0.0183982683982684
26 0.34744897959183674 0.3398268398268398 0.01020408163265306 0.006493506493506494
26 0.4344387755102041 0.33964646464646464 0.009693877551020408 0.006132756132756133
41 0.4392857142857143 0.33026695526695526 0.0010204081632653062 0.016955266955266956
134 0.4997448979591837 0.4296536796536797 0.9045918367346939 0.023809523809523808
1 0.5048469387755102 0.4475108225108225 0.015816326530612244 0.0010822510822510823
1 0.4362244897959184 0.4475108225108225 0.014285714285714285 0.0010822510822510823
1 0.12270408163265306 0.4475108225108225 0.015816326530612244 0.0010822510822510823
26 0.6989795918367347 0.4384920634920635 0.01020408163265306 0.006132756132756133
41 0.7038265306122449 0.42712842712842713 0.0005102040816326531 0.020923520923520924
41 0.6859693877551021 0.4152236652236652 0.0005102040816326531 0.012987012987012988
24 0.6811224489795918 0.4237012987012987 0.01020408163265306 0.006132756132756133
41 0.7808673469387755 0.4163059163059163 0.0005102040816326531 0.016594516594516596
26 0.7760204081632653 0.42658730158730157 0.01020408163265306 0.006132756132756133
63 0.7339285714285714 0.4384920634920635 0.008673469387755102 0.017676767676767676
41 0.7420918367346939 0.44805194805194803 0.0005102040816326531 0.01443001443001443
41 0.7515306122448979 0.41414141414141414 0.0010204081632653062 0.016594516594516596
30 0.7471938775510204 0.4384920634920635 0.010714285714285714 0.006132756132756133
24 0.746938775510204 0.4237012987012987 0.01020408163265306 0.006132756132756133
41 0.7262755102040817 0.4154040404040404 0.0005102040816326531 0.012626262626262626
24 0.7214285714285714 0.4237012987012987 0.01020408163265306 0.006132756132756133
41 0.5670918367346939 0.4301948051948052 0.0005102040816326531 0.020562770562770564
41 0.5966836734693878 0.4087301587301587 0.0005102040816326531 0.013708513708513708
30 0.5923469387755103 0.4327200577200577 0.011224489795918367 0.006132756132756133
24 0.5918367346938775 0.4175685425685426 0.01020408163265306 0.006132756132756133
41 0.5872448979591837 0.44264069264069267 0.0010204081632653062 0.017316017316017316
24 0.5719387755102041 0.4175685425685426 0.01020408163265306 0.006132756132756133
121 0.18801020408163266 0.4466089466089466 0.05357142857142857 0.0036075036075036075
121 0.18775510204081633 0.4514790764790765 0.05510204081632653 0.003968253968253968
24 0.6612244897959184 0.4296536796536797 0.01020408163265306 0.006493506493506494
41 0.6563775510204082 0.4401154401154401 0.0005102040816326531 0.01875901875901876
41 0.6660714285714285 0.4137806637806638 0.0005102040816326531 0.010822510822510822
26 0.6612244897959184 0.4208152958152958 0.01020408163265306 0.006132756132756133
41 0.6262755102040817 0.41143578643578643 0.0005102040816326531 0.01479076479076479
26 0.6214285714285714 0.42063492063492064 0.01020408163265306 0.006493506493506494
26 0.9260204081632653 0.4384920634920635 0.01020408163265306 0.006132756132756133
41 0.9211734693877551 0.4475108225108225 0.0005102040816326531 0.015512265512265512
41 0.9308673469387755 0.42153679653679654 0.0005102040816326531 0.01911976911976912
26 0.9260204081632653 0.4327200577200577 0.01020408163265306 0.006132756132756133
41 0.8915816326530612 0.44552669552669555 0.0005102040816326531 0.015873015873015872
41 0.9012755102040816 0.41883116883116883 0.0005102040816326531 0.018037518037518036
120 0.7663265306122449 0.4175685425685426 0.02346938775510204 0.005411255411255411
120 0.22321428571428573 0.413961038961039 0.11683673469387755 0.012626262626262626
121 0.2540816326530612 0.4392135642135642 0.044897959183673466 0.006854256854256854
121 0.2540816326530612 0.4439033189033189 0.04591836734693878 0.006854256854256854
121 0.33418367346938777 0.44155844155844154 0.06326530612244897 0.011544011544011544
121 0.4290816326530612 0.41774891774891776 0.0673469387755102 0.0021645021645021645
121 0.5558673469387755 0.4439033189033189 0.02193877551020408 0.009018759018759018
120 0.5581632653061225 0.41865079365079366 0.022448979591836733 0.01479076479076479
120 0.6114795918367347 0.411976911976912 0.02295918367346939 0.005050505050505051
121 0.675765306122449 0.4078282828282828 0.01989795918367347 0.003968253968253968
120 0.676530612244898 0.4024170274170274 0.019387755102040816 0.003968253968253968
121 0.7150510204081633 0.4126984126984127 0.02193877551020408 0.00937950937950938
24 0.8964285714285715 0.4356060606060606 0.01020408163265306 0.006132756132756133
121 0.8308673469387755 0.41233766233766234 0.01989795918367347 0.002886002886002886
120 0.8311224489795919 0.40674603174603174 0.019387755102040816 0.003246753246753247
121 0.8698979591836735 0.4152236652236652 0.022448979591836733 0.008658008658008658
41 0.8109693877551021 0.4453463203463203 0.0005102040816326531 0.016233766233766232
41 0.8206632653061224 0.41829004329004327 0.0005102040816326531 0.012626262626262626
24 0.8158163265306122 0.4356060606060606 0.01020408163265306 0.006132756132756133
26 0.8158163265306122 0.42658730158730157 0.01020408163265306 0.006132756132756133
24 0.8964285714285715 0.4296536796536797 0.01020408163265306 0.006493506493506494
41 0.8808673469387756 0.41973304473304474 0.0005102040816326531 0.015512265512265512
24 0.8762755102040817 0.4296536796536797 0.009693877551020408 0.006493506493506494
41 0.8589285714285714 0.43073593073593075 0.0005102040816326531 0.023809523809523808
26 0.8540816326530613 0.44462481962481964 0.01020408163265306 0.006132756132756133
41 0.8410714285714286 0.42063492063492064 0.0005102040816326531 0.015151515151515152
24 0.8362244897959183 0.4296536796536797 0.01020408163265306 0.006493506493506494
41 0.2308673469387755 0.4374098124098124 0.0005102040816326531 0.017676767676767676
26 0.26658163265306123 0.4208152958152958 0.009693877551020408 0.006132756132756133
41 0.24642857142857144 0.4348845598845599 0.0010204081632653062 0.01911976911976912
24 0.2510204081632653 0.4237012987012987 0.01020408163265306 0.006132756132756133
41 0.26198979591836735 0.43235930735930733 0.0005102040816326531 0.021284271284271284
26 0.2357142857142857 0.42658730158730157 0.01020408163265306 0.006132756132756133
41 0.21556122448979592 0.44191919191919193 0.0005102040816326531 0.020202020202020204
24 0.22040816326530613 0.4296536796536797 0.01020408163265306 0.006493506493506494
26 0.3076530612244898 0.4146825396825397 0.01020408163265306 0.006132756132756133
41 0.3028061224489796 0.42622655122655123 0.0005102040816326531 0.020562770562770564
41 0.5448979591836735 0.44065656565656564 0.0010204081632653062 0.013347763347763348
41 0.27729591836734696 0.43073593073593075 0.0005102040816326531 0.021645021645021644
24 0.28214285714285714 0.4175685425685426 0.01020408163265306 0.006132756132756133
41 0.12729591836734694 0.4287518037518038 0.0005102040816326531 0.03354978354978355
30 0.12193877551020409 0.4327200577200577 0.011224489795918367 0.006132756132756133
28 0.12193877551020409 0.44155844155844154 0.011224489795918367 0.006493506493506494
28 0.12193877551020409 0.4475108225108225 0.011224489795918367 0.006132756132756133
67 0.0875 0.4264069264069264 0.007653061224489796 0.015151515151515152
5 0.06556122448979591 0.4282106782106782 0.02193877551020408 0.044733044733044736
41 0.2002551020408163 0.4431818181818182 0.0005102040816326531 0.016955266955266956
26 0.20510204081632652 0.4327200577200577 0.01020408163265306 0.006132756132756133
61 0.17831632653061225 0.4296536796536797 0.005612244897959183 0.017316017316017316
41 0.18494897959183673 0.44155844155844154 0.0005102040816326531 0.01948051948051948
24 0.18979591836734694 0.4296536796536797 0.01020408163265306 0.006493506493506494
63 0.15229591836734693 0.42658730158730157 0.008673469387755102 0.017676767676767676
41 0.1604591836734694 0.43957431457431456 0.0005102040816326531 0.021284271284271284
26 0.1653061224489796 0.42658730158730157 0.01020408163265306 0.006132756132756133
63 0.10841836734693877 0.44733044733044736 0.008673469387755102 0.017316017316017316
41 0.4625 0.42568542568542567 0.0005102040816326531 0.015873015873015872
24 0.4576530612244898 0.4356060606060606 0.01020408163265306 0.006132756132756133
63 0.42270408163265305 0.44733044733044736 0.008673469387755102 0.017316017316017316
41 0.4405612244897959 0.4318181818181818 0.0005102040816326531 0.02813852813852814
24 0.4357142857142857 0.4475108225108225 0.01020408163265306 0.006132756132756133
24 0.4086734693877551 0.44155844155844154 0.01020408163265306 0.006493506493506494
41 0.3951530612244898 0.42568542568542567 0.0005102040816326531 0.015873015873015872
5 0.5278061224489796 0.4305555555555556 0.015816326530612244 0.03571428571428571
26 0.5494897959183673 0.4327200577200577 0.01020408163265306 0.006132756132756133
41 0.413265306122449 0.4291125541125541 0.0010204081632653062 0.022727272727272728
41 0.5099489795918367 0.43632756132756134 0.0005102040816326531 0.01911976911976912
6 0.475765306122449 0.4296536796536797 0.017857142857142856 0.018037518037518036
24 0.5051020408163265 0.4475108225108225 0.01020408163265306 0.006132756132756133
26 0.3525510204081633 0.42658730158730157 0.01020408163265306 0.006132756132756133
41 0.34770408163265304 0.4356060606060606 0.0005102040816326531 0.015512265512265512
24 0.3903061224489796 0.4356060606060606 0.01020408163265306 0.006132756132756133
63 0.3395408163265306 0.42658730158730157 0.008673469387755102 0.017676767676767676
41 0.32066326530612244 0.4310966810966811 0.0005102040816326531 0.016594516594516596
26 0.3704081632653061 0.4327200577200577 0.01020408163265306 0.006132756132756133
41 0.36581632653061225 0.43993506493506496 0.0010204081632653062 0.012626262626262626
26 0.32551020408163267 0.4208152958152958 0.01020408163265306 0.006132756132756133
134 0.4997448979591837 0.5225468975468975 0.9045918367346939 0.024170274170274172
1 0.7869897959183674 0.5045093795093795 0.015816326530612244 0.0010822510822510823
1 0.7668367346938776 0.5045093795093795 0.015306122448979591 0.0010822510822510823
1 0.5650510204081632 0.5045093795093795 0.015816326530612244 0.0010822510822510823
1 0.3155612244897959 0.5404040404040404 0.015816326530612244 0.0007215007215007215
1 0.28622448979591836 0.5404040404040404 0.014285714285714285 0.0007215007215007215
1 0.2558673469387755 0.5404040404040404 0.015816326530612244 0.0007215007215007215
1 0.2558673469387755 0.5463564213564214 0.015816326530612244 0.0010822510822510823
1 0.2066326530612245 0.5404040404040404 0.015306122448979591 0.0007215007215007215
1 0.2066326530612245 0.5463564213564214 0.015306122448979591 0.0010822510822510823
1 0.14846938775510204 0.5404040404040404 0.014285714285714285 0.0007215007215007215
41 0.6464285714285715 0.5274170274170275 0.0010204081632653062 0.012987012987012988
26 0.6510204081632653 0.5194805194805194 0.01020408163265306 0.006493506493506494
24 0.5831632653061225 0.5106421356421357 0.01020408163265306 0.006132756132756133
41 0.6191326530612244 0.525974025974026 0.0005102040816326531 0.01443001443001443
24 0.6239795918367347 0.5164141414141414 0.01020408163265306 0.006132756132756133
41 0.5783163265306123 0.5187590187590188 0.0005102040816326531 0.01443001443001443
41 0.5987244897959184 0.5248917748917749 0.0005102040816326531 0.01875901875901876
26 0.6035714285714285 0.5135281385281385 0.01020408163265306 0.006132756132756133
26 0.475 0.5254329004329005 0.01020408163265306 0.006132756132756133
41 0.6946428571428571 0.5366161616161617 0.0005102040816326531 0.012626262626262626
24 0.6994897959183674 0.5283189033189033 0.01020408163265306 0.006132756132756133
41 0.6665816326530613 0.5263347763347763 0.0005102040816326531 0.015873015873015872
24 0.6714285714285714 0.5164141414141414 0.01020408163265306 0.006132756132756133
63 0.6385204081632653 0.5194805194805194 0.008673469387755102 0.017316017316017316
63 0.4625 0.5194805194805194 0.008673469387755102 0.017316017316017316
41 0.5081632653061224 0.5221861471861472 0.0010204081632653062 0.016955266955266956
26 0.5048469387755102 0.5313852813852814 0.0066326530612244895 0.004329004329004329
41 0.4704081632653061 0.5351731601731602 0.0010204081632653062 0.017676767676767676
41 0.4798469387755102 0.509018759018759 0.0005102040816326531 0.016594516594516596
121 0.5150510204081633 0.5115440115440115 0.013775510204081633 0.005050505050505051
121 0.5145408163265306 0.5155122655122655 0.012755102040816327 0.005050505050505051
41 0.560204081632653 0.5146103896103896 0.0010204081632653062 0.017676767676767676
24 0.5650510204081632 0.5045093795093795 0.009693877551020408 0.006132756132756133
41 0.5283163265306122 0.527958152958153 0.0005102040816326531 0.0183982683982684
24 0.5331632653061225 0.5164141414141414 0.01020408163265306 0.006132756132756133
41 0.5216836734693877 0.5171356421356421 0.0005102040816326531 0.01406926406926407
26 0.5183673469387755 0.5254329004329005 0.007142857142857143 0.003968253968253968
41 0.9130102040816327 0.52507215007215 0.0005102040816326531 0.0183982683982684
103 0.9183673469387755 0.5036075036075036 0.015306122448979591 0.010101010101010102
30 0.9181122448979592 0.5135281385281385 0.010714285714285714 0.006132756132756133
41 0.8808673469387756 0.5138888888888888 0.0005102040816326531 0.0183982683982684
30 0.875765306122449 0.5254329004329005 0.010714285714285714 0.006132756132756133
120 0.8385204081632653 0.5048701298701299 0.01989795918367347 0.00468975468975469
120 0.5137755102040816 0.5070346320346321 0.013265306122448979 0.003968253968253968
121 0.5693877551020409 0.5254329004329005 0.018367346938775512 0.005411255411255411
120 0.575765306122449 0.5009018759018758 0.017857142857142856 0.006132756132756133
121 0.6329081632653061 0.5348124098124099 0.06785714285714285 0.003246753246753247
120 0.614030612244898 0.5073953823953824 0.01989795918367347 0.003968253968253968
120 0.6604591836734693 0.5104617604617605 0.01989795918367347 0.005050505050505051
121 0.7283163265306123 0.5366161616161617 0.06683673469387755 0.015512265512265512
121 0.8127551020408164 0.5266955266955267 0.061224489795918366 0.007936507936507936
120 0.7979591836734694 0.4989177489177489 0.02040816326530612 0.004329004329004329
41 0.7619897959183674 0.5165945165945166 0.0005102040816326531 0.025974025974025976
26 0.7668367346938776 0.5016233766233766 0.01020408163265306 0.006132756132756133
41 0.7395408163265306 0.5218253968253969 0.0005102040816326531 0.024170274170274172
26 0.7443877551020408 0.5073953823953824 0.01020408163265306 0.006132756132756133
41 0.7170918367346939 0.5284992784992785 0.0005102040816326531 0.020202020202020204
24 0.7219387755102041 0.5164141414141414 0.01020408163265306 0.006132756132756133
41 0.8431122448979592 0.5223665223665224 0.0005102040816326531 0.013708513708513708
26 0.8479591836734693 0.5135281385281385 0.01020408163265306 0.006132756132756133
41 0.8227040816326531 0.5198412698412699 0.0005102040816326531 0.015151515151515152
24 0.8275510204081633 0.5106421356421357 0.01020408163265306 0.006132756132756133
41 0.8025510204081633 0.516955266955267 0.0010204081632653062 0.016594516594516596
26 0.8071428571428572 0.5073953823953824 0.01020408163265306 0.006132756132756133
41 0.7823979591836735 0.5151515151515151 0.0005102040816326531 0.016594516594516596
24 0.7872448979591836 0.5045093795093795 0.01020408163265306 0.006132756132756133
41 0.25076530612244896 0.5544733044733045 0.0005102040816326531 0.012987012987012988
41 0.2604591836734694 0.5288600288600288 0.0005102040816326531 0.01875901875901876
24 0.2556122448979592 0.5463564213564214 0.01020408163265306 0.006132756132756133
24 0.2556122448979592 0.5402236652236653 0.01020408163265306 0.006132756132756133
41 0.2017857142857143 0.5577200577200577 0.0005102040816326531 0.012265512265512266
41 0.2114795918367347 0.5119047619047619 0.0005102040816326531 0.018037518037518036
26 0.2066326530612245 0.5492424242424242 0.01020408163265306 0.006132756132756133
24 0.2066326530612245 0.5225468975468975 0.01020408163265306 0.006132756132756133
41 0.2808673469387755 0.5517676767676768 0.0005102040816326531 0.012626262626262626
41 0.29056122448979593 0.5261544011544012 0.0005102040816326531 0.01911976911976912
26 0.2857142857142857 0.5434704184704184 0.01020408163265306 0.006132756132756133
26 0.2857142857142857 0.5373376623376623 0.01020408163265306 0.006132756132756133
26 0.475 0.5194805194805194 0.01020408163265306 0.006493506493506494
41 0.17168367346938776 0.5456349206349206 0.0005102040816326531 0.012626262626262626
63 0.24311224489795918 0.5404040404040404 0.008673469387755102 0.017316017316017316
41 0.11301020408163265 0.5432900432900433 0.0005102040816326531 0.013708513708513708
41 0.12270408163265306 0.5171356421356421 0.0005102040816326531 0.01911976911976912
24 0.11785714285714285 0.5344516594516594 0.01020408163265306 0.006132756132756133
24 0.11785714285714285 0.5283189033189033 0.01020408163265306 0.006132756132756133
67 0.0875 0.5193001443001443 0.007653061224489796 0.01479076479076479
5 0.06556122448979591 0.5209235209235209 0.02193877551020408 0.044733044733044736
41 0.18137755102040817 0.5202020202020202 0.0005102040816326531 0.01875901875901876
26 0.17653061224489797 0.5373376623376623 0.01020408163265306 0.006132756132756133
26 0.17653061224489797 0.5313852813852814 0.01020408163265306 0.006493506493506494
63 0.13494897959183674 0.5404040404040404 0.008673469387755102 0.017316017316017316
41 0.14311224489795918 0.5488816738816739 0.0005102040816326531 0.012626262626262626
41 0.15255102040816326 0.5144300144300145 0.0010204081632653062 0.01948051948051948
24 0.14795918367346939 0.5402236652236653 0.01020408163265306 0.006132756132756133
26 0.14795918367346939 0.5254329004329005 0.01020408163265306 0.006132756132756133
63 0.40229591836734696 0.5313852813852814 0.008673469387755102 0.017316017316017316
41 0.3806122448979592 0.5427489177489178 0.0010204081632653062 0.01479076479076479
41 0.39005102040816325 0.516955266955267 0.0005102040816326531 0.01875901875901876
24 0.3854591836734694 0.5344516594516594 0.009693877551020408 0.006132756132756133
24 0.3854591836734694 0.5283189033189033 0.009693877551020408 0.006132756132756133
24 0.44540816326530613 0.5225468975468975 0.01020408163265306 0.006132756132756133
24 0.44540816326530613 0.5283189033189033 0.01020408163265306 0.006132756132756133
41 0.4201530612244898 0.5140692640692641 0.0005102040816326531 0.01875901875901876
26 0.4153061224489796 0.5313852813852814 0.01020408163265306 0.006493506493506494
26 0.4153061224489796 0.5254329004329005 0.01020408163265306 0.006132756132756133
41 0.4104591836734694 0.5402236652236653 0.0005102040816326531 0.015512265512265512
24 0.31581632653061226 0.5402236652236653 0.01020408163265306 0.006132756132756133
41 0.310969387755102 0.5483405483405484 0.0005102040816326531 0.013708513708513708
41 0.32040816326530613 0.5234487734487735 0.0010204081632653062 0.01948051948051948
24 0.31581632653061226 0.5344516594516594 0.01020408163265306 0.006132756132756133
61 0.43392857142857144 0.5225468975468975 0.005612244897959183 0.017676767676767676
61 0.274234693877551 0.5432900432900433 0.005612244897959183 0.017316017316017316
41 0.4502551020408163 0.512085137085137 0.0005102040816326531 0.0183982683982684
41 0.3405612244897959 0.5454545454545454 0.0005102040816326531 0.012987012987012988
41 0.35025510204081634 0.5202020202020202 0.0005102040816326531 0.01875901875901876
26 0.3454081632653061 0.5373376623376623 0.01020408163265306 0.006132756132756133
26 0.3454081632653061 0.5313852813852814 0.01020408163265306 0.006493506493506494
41 0.4405612244897959 0.5378787878787878 0.0005102040816326531 0.016594516594516596
134 0.4997448979591837 0.6152597402597403 0.9045918367346939 0.024170274170274172
1 0.9392857142857143 0.5974025974025974 0.015306122448979591 0.0007215007215007215
1 0.8137755102040817 0.6331168831168831 0.015306122448979591 0.0007215007215007215
1 0.8137755102040817 0.6390692640692641 0.015306122448979591 0.0010822510822510823
1 0.7926020408163266 0.6331168831168831 0.015816326530612244 0.0007215007215007215
1 0.7926020408163266 0.6390692640692641 0.015816326530612244 0.0010822510822510823
1 0.7926020408163266 0.645021645021645 0.015816326530612244 0.0007215007215007215
1 0.7418367346938776 0.6331168831168831 0.015306122448979591 0.0007215007215007215
1 0.7418367346938776 0.6390692640692641 0.015306122448979591 0.0010822510822510823
1 0.7038265306122449 0.6331168831168831 0.015816326530612244 0.0007215007215007215
1 0.7038265306122449 0.6390692640692641 0.015816326530612244 0.0010822510822510823
1 0.6658163265306123 0.6331168831168831 0.015306122448979591 0.0007215007215007215
1 0.5778061224489796 0.6331168831168831 0.01479591836734694 0.0007215007215007215
1 0.13903061224489796 0.5974025974025974 0.015816326530612244 0.0007215007215007215
41 0.6918367346938775 0.6121933621933622 0.0010204081632653062 0.015151515151515152
24 0.6872448979591836 0.6212121212121212 0.01020408163265306 0.006493506493506494
41 0.6706632653061224 0.6206709956709957 0.0005102040816326531 0.027056277056277056
26 0.6658163265306123 0.6361832611832612 0.01020408163265306 0.006132756132756133
41 0.6538265306122449 0.6152597402597403 0.0005102040816326531 0.01406926406926407
26 0.6489795918367347 0.6242784992784993 0.01020408163265306 0.006132756132756133
26 0.725 0.6242784992784993 0.01020408163265306 0.006132756132756133
41 0.7466836734693878 0.6253607503607503 0.0005102040816326531 0.02922077922077922
26 0.7418367346938776 0.6421356421356421 0.01020408163265306 0.006493506493506494
41 0.7298469387755102 0.6168831168831169 0.0005102040816326531 0.012265512265512266
41 0.7089285714285715 0.6240981240981242 0.0005102040816326531 0.026695526695526696
24 0.7040816326530612 0.6390692640692641 0.01020408163265306 0.006132756132756133
24 0.5510204081632653 0.6212121212121212 0.01020408163265306 0.006493506493506494
26 0.5107142857142857 0.6242784992784993 0.01020408163265306 0.006132756132756133
41 0.5818877551020408 0.6185064935064936 0.0005102040816326531 0.025613275613275612
24 0.5770408163265306 0.6332972582972582 0.01020408163265306 0.006132756132756133
41 0.5155612244897959 0.6143578643578643 0.0005102040816326531 0.017316017316017316
41 0.5558673469387755 0.612914862914863 0.0005102040816326531 0.01443001443001443
41 0.5346938775510204 0.6152597402597403 0.0010204081632653062 0.021284271284271284
24 0.5301020408163265 0.6271645021645021 0.01020408163265306 0.006132756132756133
121 0.14260204081632652 0.6260822510822511 0.058673469387755105 0.0018037518037518038
41 0.6329081632653061 0.6190476190476191 0.0005102040816326531 0.01875901875901876
26 0.628061224489796 0.6300505050505051 0.01020408163265306 0.006132756132756133
41 0.6030612244897959 0.6152597402597403 0.0010204081632653062 0.021284271284271284
24 0.5984693877551021 0.6271645021645021 0.01020408163265306 0.006132756132756133
63 0.5645408163265306 0.6331168831168831 0.008673469387755102 0.017316017316017316
41 0.934438775510204 0.6098484848484849 0.0005102040816326531 0.020562770562770564
24 0.9392857142857143 0.5974025974025974 0.01020408163265306 0.006493506493506494
41 0.9132653061224489 0.6138167388167388 0.0010204081632653062 0.017676767676767676
24 0.9178571428571428 0.6033549783549783 0.01020408163265306 0.006132756132756133
41 0.8920918367346938 0.6188672438672439 0.0005102040816326531 0.015512265512265512
24 0.8969387755102041 0.6093073593073594 0.01020408163265306 0.006493506493506494
41 0.8711734693877551 0.6255411255411255 0.0005102040816326531 0.010101010101010102
121 0.22551020408163266 0.6260822510822511 0.06836734693877551 0.0018037518037518038
121 0.31581632653061226 0.6320346320346321 0.05918367346938776 0.0021645021645021645
121 0.39183673469387753 0.6361832611832612 0.05918367346938776 0.0018037518037518038
121 0.48622448979591837 0.6044372294372294 0.05918367346938776 0.0018037518037518038
121 0.5688775510204082 0.6044372294372294 0.06836734693877551 0.0018037518037518038
121 0.6622448979591836 0.6064213564213564 0.05918367346938776 0.005772005772005772
121 0.738265306122449 0.6093073593073594 0.05918367346938776 0.0021645021645021645
121 0.8290816326530612 0.6127344877344877 0.06326530612244897 0.006854256854256854
121 0.9025510204081633 0.6260822510822511 0.06326530612244897 0.01406926406926407
26 0.8760204081632653 0.6181457431457431 0.01020408163265306 0.006132756132756133
41 0.797704081632653 0.6295093795093795 0.0005102040816326531 0.02813852813852814
24 0.7928571428571428 0.6452020202020202 0.01020408163265306 0.006132756132756133
41 0.7678571428571429 0.6177849927849928 0.0010204081632653062 0.016955266955266956
24 0.7630102040816327 0.6271645021645021 0.009693877551020408 0.006132756132756133
41 0.8395408163265307 0.6201298701298701 0.0005102040816326531 0.015873015873015872
41 0.860969387755102 0.6167027417027418 0.0005102040816326531 0.011904761904761904
26 0.8561224489795919 0.6242784992784993 0.01020408163265306 0.006132756132756133
26 0.8346938775510204 0.6300505050505051 0.01020408163265306 0.006132756132756133
41 0.8186224489795918 0.6255411255411255 0.0005102040816326531 0.023088023088023088
24 0.8137755102040817 0.6390692640692641 0.01020408163265306 0.006132756132756133
41 0.2385204081632653 0.6201298701298701 0.0005102040816326531 0.011544011544011544
41 0.25943877551020406 0.6170634920634921 0.0005102040816326531 0.017676767676767676
26 0.2642857142857143 0.6062409812409812 0.01020408163265306 0.006132756132756133
63 0.23035714285714284 0.6121933621933622 0.008673469387755102 0.017316017316017316
26 0.24336734693877551 0.6123737373737373 0.01020408163265306 0.006132756132756133
41 0.21224489795918366 0.6138167388167388 0.0010204081632653062 0.024170274170274172
26 0.21683673469387754 0.6004689754689755 0.01020408163265306 0.006132756132756133
41 0.30739795918367346 0.6185064935064936 0.0005102040816326531 0.026334776334776336
24 0.3122448979591837 0.6033549783549783 0.01020408163265306 0.006132756132756133
41 0.2864795918367347 0.6215728715728716 0.0005102040816326531 0.020202020202020204
24 0.2913265306122449 0.6093073593073594 0.01020408163265306 0.006493506493506494
41 0.11301020408163265 0.6156204906204906 0.0005102040816326531 0.020562770562770564
24 0.11785714285714285 0.6033549783549783 0.01020408163265306 0.006132756132756133
67 0.0875 0.612012987012987 0.007653061224489796 0.01479076479076479
5 0.06556122448979591 0.613997113997114 0.02193877551020408 0.044733044733044736
41 0.19107142857142856 0.6170634920634921 0.0005102040816326531 0.017676767676767676
26 0.19591836734693877 0.6062409812409812 0.01020408163265306 0.006132756132756133
41 0.17219387755102042 0.6156204906204906 0.0005102040816326531 0.020562770562770564
24 0.17704081632653063 0.6033549783549783 0.01020408163265306 0.006132756132756133
41 0.1510204081632653 0.6183261183261183 0.0010204081632653062 0.015151515151515152
24 0.1556122448979592 0.6093073593073594 0.01020408163265306 0.006493506493506494
41 0.13392857142857142 0.6123737373737373 0.0005102040816326531 0.027056277056277056
24 0.13877551020408163 0.5974025974025974 0.01020408163265306 0.006493506493506494
41 0.42142857142857143 0.6217532467532467 0.0010204081632653062 0.0284992784992785
41 0.45663265306122447 0.6138167388167388 0.0010204081632653062 0.0183982683982684
26 0.4517857142857143 0.6242784992784993 0.009693877551020408 0.006132756132756133
26 0.4260204081632653 0.6062409812409812 0.01020408163265306 0.006132756132756133
41 0.4002551020408163 0.6295093795093795 0.0005102040816326531 0.012987012987012988
24 0.4051020408163265 0.6212121212121212 0.01020408163265306 0.006493506493506494
26 0.4729591836734694 0.6181457431457431 0.01020408163265306 0.006132756132756133
41 0.49464285714285716 0.6165223665223665 0.0005102040816326531 0.023809523809523808
26 0.4897959183673469 0.6300505050505051 0.01020408163265306 0.006132756132756133
41 0.4778061224489796 0.6109307359307359 0.0005102040816326531 0.012626262626262626
26 0.35025510204081634 0.6004689754689755 0.009693877551020408 0.006132756132756133
41 0.3625 0.6282467532467533 0.0005102040816326531 0.015512265512265512
26 0.3673469387755102 0.6181457431457431 0.01020408163265306 0.006132756132756133
41 0.34566326530612246 0.6165223665223665 0.0005102040816326531 0.030303030303030304
41 0.324234693877551 0.6244588744588745 0.0005102040816326531 0.01443001443001443
24 0.32908163265306123 0.6152597402597403 0.01020408163265306 0.006132756132756133
24 0.38826530612244897 0.6033549783549783 0.01020408163265306 0.006132756132756133
41 0.3834183673469388 0.6201298701298701 0.0005102040816326531 0.031746031746031744
134 0.4997448979591837 0.7079725829725829 0.9045918367346939 0.024170274170274172
1 0.8591836734693877 0.726010101010101 0.011224489795918367 0.0010822510822510823
1 0.8191326530612245 0.726010101010101 0.01683673469387755 0.0010822510822510823
1 0.8191326530612245 0.7319624819624819 0.01683673469387755 0.0007215007215007215
1 0.7918367346938775 0.726010101010101 0.015306122448979591 0.0010822510822510823
1 0.7918367346938775 0.7319624819624819 0.015306122448979591 0.0007215007215007215
1 0.2627551020408163 0.6901154401154401 0.015306122448979591 0.0007215007215007215
1 0.13877551020408163 0.726010101010101 0.015306122448979591 0.0010822510822510823
1 0.11785714285714285 0.726010101010101 0.015306122448979591 0.0010822510822510823
1 0.11785714285714285 0.7319624819624819 0.015306122448979591 0.0007215007215007215
26 0.7030612244897959 0.711038961038961 0.01020408163265306 0.006493506493506494
41 0.6714285714285714 0.7236652236652237 0.0010204081632653062 0.015873015873015872
26 0.7030612244897959 0.716991341991342 0.01020408163265306 0.006132756132756133
41 0.6808673469387755 0.6971500721500722 0.0005102040816326531 0.017676767676767676
24 0.6760204081632653 0.7141053391053391 0.01020408163265306 0.006132756132756133
24 0.6760204081632653 0.7079725829725829 0.01020408163265306 0.006132756132756133
41 0.7344387755102041 0.7025613275613276 0.0005102040816326531 0.0183982683982684
26 0.7658163265306123 0.7231240981240982 0.01020408163265306 0.006132756132756133
26 0.7658163265306123 0.716991341991342 0.01020408163265306 0.006132756132756133
41 0.725 0.7283549783549783 0.0010204081632653062 0.01443001443001443
41 0.7079081632653061 0.7002164502164502 0.0005102040816326531 0.01948051948051948
24 0.7298469387755102 0.7198773448773449 0.009693877551020408 0.006132756132756133
24 0.7298469387755102 0.7141053391053391 0.009693877551020408 0.006132756132756133
41 0.6982142857142857 0.726010101010101 0.0005102040816326531 0.015512265512265512
41 0.5732142857142857 0.7092352092352092 0.0005102040816326531 0.010822510822510822
24 0.5780612244897959 0.7022005772005772 0.01020408163265306 0.006132756132756133
41 0.5568877551020408 0.7061688311688312 0.0005102040816326531 0.015512265512265512
24 0.5614795918367347 0.6960678210678211 0.009693877551020408 0.006132756132756133
41 0.5380102040816327 0.70995670995671 0.0005102040816326531 0.017316017316017316
26 0.5428571428571428 0.6991341991341992 0.01020408163265306 0.006493506493506494
41 0.5211734693877551 0.7050865800865801 0.0005102040816326531 0.01984126984126984
26 0.5260204081632653 0.6931818181818182 0.01020408163265306 0.006132756132756133
121 0.1538265306122449 0.6996753246753247 0.06275510204081633 0.009018759018759018
41 0.6454081632653061 0.7132034632034632 0.0010204081632653062 0.01948051948051948
24 0.65 0.7022005772005772 0.01020408163265306 0.006132756132756133
63 0.6104591836734694 0.7050865800865801 0.008673469387755102 0.017676767676767676
41 0.6181122448979591 0.7121212121212122 0.0005102040816326531 0.010822510822510822
26 0.6229591836734694 0.7050865800865801 0.01020408163265306 0.006132756132756133
41 0.5920918367346939 0.7086940836940837 0.0005102040816326531 0.01479076479076479
26 0.5969387755102041 0.6991341991341992 0.01020408163265306 0.006493506493506494
85 0.9135204081632653 0.6944444444444444 0.010714285714285714 0.002886002886002886
41 0.8834183673469388 0.7022005772005772 0.0005102040816326531 0.031385281385281384
30 0.878061224489796 0.7050865800865801 0.011224489795918367 0.006132756132756133
28 0.878061224489796 0.7141053391053391 0.011224489795918367 0.006132756132756133
28 0.878061224489796 0.7198773448773449 0.011224489795918367 0.006132756132756133
49 0.8660714285714286 0.716991341991342 0.005612244897959183 0.012626262626262626
41 0.8625 0.7171717171717171 0.0005102040816326531 0.015151515151515152
121 0.22653061224489796 0.7195165945165946 0.06224489795918367 0.012626262626262626
120 0.413265306122449 0.6991341991341992 0.02040816326530612 0.0036075036075036075
121 0.5002551020408164 0.6892135642135642 0.020918367346938777 0.006132756132756133
120 0.49948979591836734 0.683982683982684 0.02040816326530612 0.005050505050505051
121 0.5295918367346939 0.716991341991342 0.0163265306122449 0.005411255411255411
120 0.5362244897959184 0.6895743145743146 0.0163265306122449 0.006132756132756133
121 0.5875 0.7171717171717171 0.06173469387755102 0.005772005772005772
120 0.5714285714285714 0.6920995670995671 0.0163265306122449 0.005411255411255411
120 0.610969387755102 0.6951659451659452 0.026020408163265306 0.007215007215007215
120 0.8663265306122448 0.7050865800865801 0.017346938775510204 0.012626262626262626
41 0.7966836734693877 0.7086940836940837 0.0005102040816326531 0.01911976911976912
26 0.7918367346938775 0.73502886002886 0.01020408163265306 0.006132756132756133
24 0.7918367346938775 0.7198773448773449 0.01020408163265306 0.006132756132756133
41 0.7612244897959184 0.7308802308802309 0.0010204081632653062 0.013708513708513708
6 0.8362244897959183 0.7079725829725829 0.017346938775510204 0.017676767676767676
24 0.8591836734693877 0.726010101010101 0.007142857142857143 0.003968253968253968
63 0.8058673469387755 0.7258297258297258 0.008673469387755102 0.017316017316017316
41 0.8137755102040817 0.7400793650793651 0.0010204081632653062 0.013347763347763348
41 0.7706632653061225 0.7061688311688312 0.0005102040816326531 0.01984126984126984
41 0.824234693877551 0.7144660894660895 0.0005102040816326531 0.0183982683982684
28 0.8188775510204082 0.7319624819624819 0.011224489795918367 0.006493506493506494
103 0.8191326530612245 0.689033189033189 0.015816326530612244 0.010101010101010102
28 0.8188775510204082 0.726010101010101 0.011224489795918367 0.006132756132756133
41 0.7869897959183674 0.7427849927849928 0.0005102040816326531 0.013708513708513708
41 0.29362244897959183 0.6998556998556998 0.0005102040816326531 0.01875901875901876
30 0.288265306122449 0.7112193362193362 0.011224489795918367 0.006132756132756133
41 0.25790816326530613 0.7016594516594516 0.0005102040816326531 0.024531024531024532
26 0.2627551020408163 0.6872294372294372 0.01020408163265306 0.006493506493506494
41 0.23698979591836736 0.7063492063492064 0.0005102040816326531 0.022366522366522368
26 0.24183673469387756 0.6931818181818182 0.01020408163265306 0.006132756132756133
41 0.21607142857142858 0.7126623376623377 0.0005102040816326531 0.016955266955266956
24 0.2209183673469388 0.7022005772005772 0.01020408163265306 0.006132756132756133
103 0.32602040816326533 0.689033189033189 0.015306122448979591 0.010101010101010102
41 0.3732142857142857 0.6922799422799423 0.0005102040816326531 0.015873015873015872
26 0.3683673469387755 0.711038961038961 0.01020408163265306 0.006493506493506494
24 0.3683673469387755 0.7022005772005772 0.01020408163265306 0.006132756132756133
41 0.32066326530612244 0.7104978354978355 0.0005102040816326531 0.0183982683982684
30 0.32602040816326533 0.6991341991341992 0.011224489795918367 0.006493506493506494
41 0.12270408163265306 0.7182539682539683 0.0005102040816326531 0.02958152958152958
26 0.11785714285714285 0.73502886002886 0.01020408163265306 0.006132756132756133
26 0.13877551020408163 0.7288961038961039 0.01020408163265306 0.006132756132756133
67 0.0875 0.7047258297258298 0.007653061224489796 0.01479076479076479
5 0.06556122448979591 0.7067099567099567 0.02193877551020408 0.044733044733044736
41 0.1951530612244898 0.7173520923520924 0.0005102040816326531 0.01479076479076479
24 0.2 0.7079725829725829 0.01020408163265306 0.006132756132756133
41 0.1854591836734694 0.7043650793650794 0.0005102040816326531 0.016233766233766232
24 0.18061224489795918 0.7141053391053391 0.01020408163265306 0.006132756132756133
41 0.16454081632653061 0.7101370851370852 0.0005102040816326531 0.022727272727272728
26 0.1596938775510204 0.7231240981240982 0.01020408163265306 0.006132756132756133
41 0.14362244897959184 0.7144660894660895 0.0005102040816326531 0.027056277056277056
41 0.45357142857142857 0.700036075036075 0.0010204081632653062 0.01911976911976912
26 0.4489795918367347 0.716991341991342 0.01020408163265306 0.006132756132756133
26 0.4489795918367347 0.711038961038961 0.01020408163265306 0.006493506493506494
41 0.41709183673469385 0.7238455988455988 0.0005102040816326531 0.015512265512265512
41 0.42678571428571427 0.6973304473304474 0.0005102040816326531 0.018037518037518036
41 0.4897959183673469 0.6991341991341992 0.0010204081632653062 0.015151515151515152
24 0.48520408163265305 0.7141053391053391 0.01020408163265306 0.006132756132756133
24 0.48520408163265305 0.7079725829725829 0.01020408163265306 0.006132756132756133
41 0.48035714285714287 0.7233044733044733 0.0005102040816326531 0.016594516594516596
63 0.435969387755102 0.716991341991342 0.008673469387755102 0.017676767676767676
41 0.4441326530612245 0.726010101010101 0.0005102040816326531 0.015512265512265512
24 0.5061224489795918 0.7022005772005772 0.01020408163265306 0.006132756132756133
26 0.3951530612244898 0.7050865800865801 0.009693877551020408 0.006132756132756133
24 0.4219387755102041 0.7141053391053391 0.01020408163265306 0.006132756132756133
41 0.5107142857142857 0.6942640692640693 0.0010204081632653062 0.013347763347763348
41 0.3635204081632653 0.7209595959595959 0.0005102040816326531 0.017676767676767676
26 0.3951530612244898 0.711038961038961 0.009693877551020408 0.006493506493506494
24 0.4219387755102041 0.7079725829725829 0.01020408163265306 0.006132756132756133
41 0.3905612244897959 0.7209595959595959 0.0005102040816326531 0.017676767676767676
41 0.39974489795918366 0.6953463203463204 0.0005102040816326531 0.017676767676767676