134 0.4997830802603037 0.18174846625766872 0.9041214750542299 0.020552147239263803
134 0.5 0.24095092024539877 0.9045553145336226 0.020552147239263803
134 0.4997830802603037 0.3004601226993865 0.9041214750542299 0.020552147239263803
1 0.36746203904555313 0.1664110429447853 0.012147505422993492 0.0009202453987730061
1 0.31453362255965295 0.1664110429447853 0.012147505422993492 0.0009202453987730061
1 0.26073752711496745 0.1664110429447853 0.013015184381778741 0.0009202453987730061
134 0.5 0.12223926380368098 0.9045553145336226 0.020552147239263803
1 0.40997830802603036 0.10199386503067484 0.013015184381778741 0.0009202453987730061
1 0.40997830802603036 0.10705521472392639 0.013015184381778741 0.0006134969325153375
1 0.36746203904555313 0.10705521472392639 0.012147505422993492 0.0006134969325153375
1 0.3140997830802603 0.10199386503067484 0.013015184381778741 0.0009202453987730061
1 0.3140997830802603 0.10705521472392639 0.013015184381778741 0.0006134969325153375
1 0.26073752711496745 0.10199386503067484 0.013015184381778741 0.0009202453987730061
1 0.26073752711496745 0.10705521472392639 0.013015184381778741 0.0006134969325153375
1 0.23427331887201736 0.10199386503067484 0.013015184381778741 0.0009202453987730061
1 0.23427331887201736 0.10705521472392639 0.013015184381778741 0.0006134969325153375
1 0.11366594360086768 0.10705521472392639 0.013015184381778741 0.0006134969325153375
1 0.848590021691974 0.042484662576687114 0.013015184381778741 0.0009202453987730061
1 0.848590021691974 0.04754601226993865 0.013015184381778741 0.0006134969325153375
1 0.8039045553145336 0.042484662576687114 0.013015184381778741 0.0009202453987730061
1 0.8039045553145336 0.04754601226993865 0.013015184381778741 0.0006134969325153375
1 0.7713665943600868 0.042484662576687114 0.013015184381778741 0.0009202453987730061
1 0.7713665943600868 0.04754601226993865 0.013015184381778741 0.0006134969325153375
1 0.7540130151843818 0.03742331288343558 0.012147505422993492 0.0006134969325153375
1 0.7535791757049891 0.042484662576687114 0.013015184381778741 0.0009202453987730061
1 0.7535791757049891 0.04754601226993865 0.013015184381778741 0.0006134969325153375
1 0.7297180043383948 0.042484662576687114 0.013015184381778741 0.0009202453987730061
1 0.7297180043383948 0.04754601226993865 0.013015184381778741 0.0006134969325153375
1 0.23427331887201736 0.042484662576687114 0.013015184381778741 0.0009202453987730061
1 0.23427331887201736 0.04754601226993865 0.013015184381778741 0.0006134969325153375
1 0.11301518438177874 0.042484662576687114 0.014316702819956615 0.0009202453987730061
1 0.11301518438177874 0.04754601226993865 0.014316702819956615 0.0006134969325153375
134 0.4997830802603037 0.06273006134969325 0.9041214750542299 0.020552147239263803
1 0.9286334056399133 0.37515337423312883 0.013449023861171366 0.0006134969325153375
1 0.9019522776572668 0.37515337423312883 0.013015184381778741 0.0006134969325153375
1 0.8750542299349241 0.37515337423312883 0.013015184381778741 0.0006134969325153375
1 0.8308026030368764 0.37515337423312883 0.013015184381778741 0.0006134969325153375
1 0.8039045553145336 0.37515337423312883 0.013015184381778741 0.0006134969325153375
1 0.7535791757049891 0.37515337423312883 0.013015184381778741 0.0006134969325153375
1 0.7101952277657266 0.37515337423312883 0.013015184381778741 0.0006134969325153375
1 0.6676789587852494 0.37515337423312883 0.013015184381778741 0.0006134969325153375
1 0.6123644251626899 0.37515337423312883 0.013449023861171366 0.0006134969325153375
1 0.5856832971800434 0.37515337423312883 0.013015184381778741 0.0006134969325153375
1 0.5162689804772235 0.37515337423312883 0.013015184381778741 0.0006134969325153375
1 0.4629067245119306 0.37515337423312883 0.013015184381778741 0.0006134969325153375
1 0.40997830802603036 0.37515337423312883 0.013015184381778741 0.0006134969325153375
1 0.3403470715835141 0.37515337423312883 0.013449023861171366 0.0006134969325153375
1 0.2872017353579176 0.37515337423312883 0.013015184381778741 0.0006134969325153375
1 0.23427331887201736 0.37515337423312883 0.013015184381778741 0.0006134969325153375
134 0.4997830802603037 0.3599693251533742 0.9041214750542299 0.020552147239263803
134 0.4997830802603037 0.419478527607362 0.9041214750542299 0.020552147239263803
1 0.9286334056399133 0.43466257668711655 0.013449023861171366 0.0006134969325153375
1 0.9019522776572668 0.43466257668711655 0.013015184381778741 0.0006134969325153375
1 0.8750542299349241 0.43466257668711655 0.013015184381778741 0.0006134969325153375
1 0.8308026030368764 0.43466257668711655 0.013015184381778741 0.0006134969325153375
1 0.8039045553145336 0.43466257668711655 0.013015184381778741 0.0006134969325153375
1 0.7535791757049891 0.43466257668711655 0.013015184381778741 0.0006134969325153375
1 0.7101952277657266 0.43466257668711655 0.013015184381778741 0.0006134969325153375
1 0.6676789587852494 0.43466257668711655 0.013015184381778741 0.0006134969325153375
1 0.6123644251626899 0.43466257668711655 0.013449023861171366 0.0006134969325153375
1 0.5856832971800434 0.43466257668711655 0.013015184381778741 0.0006134969325153375
1 0.5162689804772235 0.43466257668711655 0.013015184381778741 0.0006134969325153375
1 0.4629067245119306 0.43466257668711655 0.013015184381778741 0.0006134969325153375
1 0.40997830802603036 0.43466257668711655 0.013015184381778741 0.0006134969325153375
1 0.3403470715835141 0.43466257668711655 0.013449023861171366 0.0006134969325153375
1 0.2872017353579176 0.43466257668711655 0.013015184381778741 0.0006134969325153375
1 0.23427331887201736 0.43466257668711655 0.013015184381778741 0.0006134969325153375
24 0.7535791757049891 0.03742331288343558 0.008676789587852495 0.005521472392638037
26 0.7101952277657266 0.050153374233128836 0.008676789587852495 0.005214723926380368
41 0.7255965292841648 0.05276073619631902 0.0004338394793926247 0.01717791411042945
41 0.7140997830802603 0.3674846625766871 0.0008676789587852494 0.012883435582822086
26 0.7535791757049891 0.17914110429447852 0.008676789587852495 0.005521472392638037
72 0.7535791757049891 0.174079754601227 0.0026030368763557484 0.0015337423312883436
26 0.7535791757049891 0.11457055214723927 0.008676789587852495 0.005214723926380368
72 0.7535791757049891 0.10950920245398774 0.0026030368763557484 0.0018404907975460123
24 0.7297180043383948 0.042484662576687114 0.008676789587852495 0.005214723926380368
41 0.7140997830802603 0.4269938650306748 0.0008676789587852494 0.012883435582822086
73 0.7099783080260303 0.3131901840490798 0.0021691973969631237 0.0018404907975460123
41 0.7060737527114967 0.05674846625766871 0.0004338394793926247 0.011656441717791411
73 0.7099783080260303 0.43941717791411045 0.0021691973969631237 0.0015337423312883436
24 0.7101952277657266 0.4345092024539877 0.008676789587852495 0.005214723926380368
73 0.7099783080260303 0.3799079754601227 0.0021691973969631237 0.0015337423312883436
24 0.7101952277657266 0.37515337423312883 0.008676789587852495 0.005521472392638037
24 0.7101952277657266 0.3056748466257669 0.008676789587852495 0.005214723926380368
72 0.7099783080260303 0.22837423312883437 0.0021691973969631237 0.0015337423312883436
26 0.7101952277657266 0.23358895705521474 0.008676789587852495 0.005214723926380368
72 0.7099783080260303 0.174079754601227 0.0021691973969631237 0.0015337423312883436
26 0.7101952277657266 0.17914110429447852 0.008676789587852495 0.005521472392638037
72 0.7099783080260303 0.10950920245398774 0.0021691973969631237 0.0018404907975460123
26 0.7101952277657266 0.11457055214723927 0.008676789587852495 0.005214723926380368
41 0.7140997830802603 0.29800613496932515 0.0008676789587852494 0.013190184049079755
41 0.7060737527114967 0.24171779141104294 0.0004338394793926247 0.014723926380368098
41 0.7060737527114967 0.18742331288343558 0.0004338394793926247 0.014723926380368098
41 0.7060737527114967 0.12300613496932515 0.0004338394793926247 0.014723926380368098
26 0.8039045553145336 0.11457055214723927 0.008676789587852495 0.005214723926380368
24 0.8041214750542299 0.042484662576687114 0.00824295010845987 0.005214723926380368
41 0.7674620390455531 0.051533742331288344 0.0008676789587852494 0.020245398773006136
26 0.7713665943600868 0.040030674846625765 0.008676789587852495 0.005214723926380368
72 0.8041214750542299 0.10950920245398774 0.0021691973969631237 0.0018404907975460123
41 0.7577006507592191 0.42622699386503066 0.0004338394793926247 0.013190184049079755
24 0.8039045553145336 0.4345092024539877 0.008676789587852495 0.005214723926380368
41 0.8 0.05291411042944785 0.0008676789587852494 0.01932515337423313
73 0.8041214750542299 0.43941717791411045 0.0021691973969631237 0.0015337423312883436
41 0.7577006507592191 0.36687116564417177 0.0004338394793926247 0.013496932515337423
73 0.8041214750542299 0.3799079754601227 0.0021691973969631237 0.0015337423312883436
24 0.8041214750542299 0.37515337423312883 0.00824295010845987 0.005521472392638037
73 0.8041214750542299 0.3131901840490798 0.0021691973969631237 0.0018404907975460123
24 0.8039045553145336 0.3056748466257669 0.008676789587852495 0.005214723926380368
72 0.8041214750542299 0.22837423312883437 0.0021691973969631237 0.0015337423312883436
26 0.8041214750542299 0.23358895705521474 0.00824295010845987 0.005214723926380368
72 0.8041214750542299 0.174079754601227 0.0021691973969631237 0.0015337423312883436
26 0.8039045553145336 0.17914110429447852 0.008676789587852495 0.005521472392638037
41 0.7496746203904555 0.12346625766871165 0.0008676789587852494 0.015644171779141104
63 0.7425162689804772 0.03773006134969325 0.00737527114967462 0.01411042944785276
41 0.7496746203904555 0.04969325153374233 0.0008676789587852494 0.022699386503067485
73 0.7535791757049891 0.43941717791411045 0.0026030368763557484 0.0015337423312883436
24 0.7535791757049891 0.4345092024539877 0.008676789587852495 0.005214723926380368
73 0.7535791757049891 0.3799079754601227 0.0026030368763557484 0.0015337423312883436
24 0.7535791757049891 0.37515337423312883 0.008676789587852495 0.005521472392638037
73 0.7535791757049891 0.3131901840490798 0.0026030368763557484 0.0018404907975460123
24 0.7535791757049891 0.3056748466257669 0.008676789587852495 0.005214723926380368
72 0.7535791757049891 0.22837423312883437 0.0026030368763557484 0.0015337423312883436
41 0.7577006507592191 0.29754601226993865 0.0004338394793926247 0.01411042944785276
26 0.7535791757049891 0.23358895705521474 0.008676789587852495 0.005214723926380368
41 0.7496746203904555 0.24217791411042944 0.0008676789587852494 0.015644171779141104
41 0.7496746203904555 0.18788343558282208 0.0008676789587852494 0.015644171779141104
41 0.6162689804772234 0.36549079754601227 0.0004338394793926247 0.015644171779141104
41 0.6162689804772234 0.2958588957055215 0.0004338394793926247 0.015644171779141104
41 0.6084598698481561 0.24340490797546013 0.0004338394793926247 0.015644171779141104
41 0.6084598698481561 0.18880368098159508 0.0004338394793926247 0.015644171779141104
63 0.6015184381778742 0.11457055214723927 0.00737527114967462 0.015030674846625767
41 0.6518438177874186 0.0558282208588957 0.0004338394793926247 0.020245398773006136
24 0.6477223427331887 0.06794478527607362 0.008676789587852495 0.005214723926380368
63 0.6188720173535792 0.07024539877300613 0.00737527114967462 0.014723926380368098
41 0.634056399132321 0.05874233128834356 0.0004338394793926247 0.019938650306748466
26 0.6299349240780912 0.07039877300613497 0.008676789587852495 0.005214723926380368
41 0.6162689804772234 0.42484662576687116 0.0004338394793926247 0.015950920245398775
47 0.5937093275488069 0.4251533742331288 0.006507592190889371 0.012269938650306749
41 0.589587852494577 0.425 0.0008676789587852494 0.01625766871165644
47 0.5937093275488069 0.36595092024539877 0.006507592190889371 0.012269938650306749
41 0.589587852494577 0.3656441717791411 0.0008676789587852494 0.015950920245398775
120 0.1735357917570499 0.09524539877300614 0.12060737527114967 0.007668711656441718
26 0.6125813449023861 0.23358895705521474 0.008676789587852495 0.005214723926380368
41 0.6084598698481561 0.12438650306748467 0.0004338394793926247 0.015644171779141104
107 0.6123644251626899 0.404601226993865 0.009978308026030369 0.006134969325153374
24 0.6125813449023861 0.4345092024539877 0.008676789587852495 0.005214723926380368
107 0.6123644251626899 0.3450920245398773 0.009978308026030369 0.006134969325153374
24 0.6125813449023861 0.37515337423312883 0.008676789587852495 0.005521472392638037
107 0.6123644251626899 0.2837423312883436 0.009978308026030369 0.006134969325153374
24 0.6125813449023861 0.3056748466257669 0.008676789587852495 0.005214723926380368
107 0.6123644251626899 0.22622699386503067 0.009978308026030369 0.005828220858895706
107 0.6123644251626899 0.1668711656441718 0.009978308026030369 0.006134969325153374
26 0.6125813449023861 0.17914110429447852 0.008676789587852495 0.005521472392638037
107 0.6123644251626899 0.10383435582822086 0.009978308026030369 0.005828220858895706
26 0.6125813449023861 0.11457055214723927 0.008676789587852495 0.005214723926380368
41 0.6715835140997831 0.3670245398773006 0.0008676789587852494 0.013803680981595092
41 0.6715835140997831 0.2973926380368098 0.0008676789587852494 0.013803680981595092
41 0.6635574837310195 0.24263803680981594 0.0004338394793926247 0.014723926380368098
63 0.6804772234273319 0.05521472392638037 0.00737527114967462 0.014723926380368098
41 0.6954446854663774 0.04570552147239264 0.0008676789587852494 0.015950920245398775
26 0.6915401301518438 0.055061349693251535 0.008676789587852495 0.005214723926380368
41 0.6715835140997831 0.4263803680981595 0.0008676789587852494 0.013496932515337423
26 0.6676789587852494 0.23358895705521474 0.008676789587852495 0.005214723926380368
24 0.6676789587852494 0.4345092024539877 0.008676789587852495 0.005214723926380368
108 0.6674620390455531 0.34309815950920247 0.00824295010845987 0.010122699386503068
73 0.6674620390455531 0.3799079754601227 0.0021691973969631237 0.0015337423312883436
24 0.6676789587852494 0.37515337423312883 0.008676789587852495 0.005521472392638037
108 0.6674620390455531 0.28297546012269936 0.00824295010845987 0.010122699386503068
73 0.6674620390455531 0.3131901840490798 0.0021691973969631237 0.0018404907975460123
24 0.6676789587852494 0.3056748466257669 0.008676789587852495 0.005214723926380368
108 0.6674620390455531 0.2179447852760736 0.00824295010845987 0.010122699386503068
72 0.6674620390455531 0.22837423312883437 0.0021691973969631237 0.0015337423312883436
73 0.6674620390455531 0.43941717791411045 0.0021691973969631237 0.0015337423312883436
108 0.6676789587852494 0.16349693251533742 0.0078091106290672455 0.0098159509202454
72 0.6674620390455531 0.174079754601227 0.0021691973969631237 0.0015337423312883436
26 0.6676789587852494 0.17914110429447852 0.008676789587852495 0.005521472392638037
108 0.6676789587852494 0.09907975460122699 0.0078091106290672455 0.0098159509202454
72 0.6674620390455531 0.10950920245398774 0.0021691973969631237 0.0018404907975460123
26 0.6676789587852494 0.11457055214723927 0.008676789587852495 0.005214723926380368
26 0.6676789587852494 0.0602760736196319 0.008676789587852495 0.005214723926380368
41 0.6635574837310195 0.18788343558282208 0.0004338394793926247 0.015644171779141104
41 0.6635574837310195 0.12346625766871165 0.0004338394793926247 0.015644171779141104
41 0.6715835140997831 0.05076687116564417 0.0008676789587852494 0.01687116564417178
108 0.6676789587852494 0.40245398773006136 0.0078091106290672455 0.0098159509202454
72 0.9286334056399133 0.174079754601227 0.0021691973969631237 0.0015337423312883436
41 0.9247288503253797 0.12392638036809817 0.0004338394793926247 0.014723926380368098
73 0.9286334056399133 0.43941717791411045 0.0021691973969631237 0.0015337423312883436
24 0.9288503253796095 0.4345092024539877 0.008676789587852495 0.005214723926380368
73 0.9286334056399133 0.3799079754601227 0.0021691973969631237 0.0015337423312883436
24 0.9288503253796095 0.37515337423312883 0.008676789587852495 0.005521472392638037
73 0.9286334056399133 0.3131901840490798 0.0021691973969631237 0.0018404907975460123
24 0.9288503253796095 0.3056748466257669 0.008676789587852495 0.005214723926380368
72 0.9286334056399133 0.22837423312883437 0.0021691973969631237 0.0015337423312883436
26 0.9288503253796095 0.23358895705521474 0.008676789587852495 0.005214723926380368
26 0.9288503253796095 0.17914110429447852 0.008676789587852495 0.005521472392638037
72 0.9286334056399133 0.10950920245398774 0.0021691973969631237 0.0018404907975460123
26 0.9288503253796095 0.11457055214723927 0.008676789587852495 0.005214723926380368
41 0.9058568329718004 0.426840490797546 0.0008676789587852494 0.012576687116564417
41 0.9247288503253797 0.24217791411042944 0.0004338394793926247 0.015644171779141104
41 0.9325379609544469 0.29800613496932515 0.0004338394793926247 0.013190184049079755
41 0.9247288503253797 0.18788343558282208 0.0004338394793926247 0.015644171779141104
41 0.8978308026030368 0.18788343558282208 0.0004338394793926247 0.013803680981595092
41 0.8978308026030368 0.12331288343558282 0.0004338394793926247 0.01411042944785276
73 0.9019522776572668 0.43941717791411045 0.0026030368763557484 0.0015337423312883436
24 0.9019522776572668 0.4345092024539877 0.008676789587852495 0.005214723926380368
73 0.9019522776572668 0.3799079754601227 0.0026030368763557484 0.0015337423312883436
24 0.9019522776572668 0.37515337423312883 0.008676789587852495 0.005521472392638037
73 0.9019522776572668 0.3131901840490798 0.0026030368763557484 0.0018404907975460123
24 0.9019522776572668 0.3056748466257669 0.008676789587852495 0.005214723926380368
72 0.9019522776572668 0.22837423312883437 0.0026030368763557484 0.0015337423312883436
26 0.9019522776572668 0.23358895705521474 0.008676789587852495 0.005214723926380368
41 0.9058568329718004 0.29800613496932515 0.0008676789587852494 0.013190184049079755
41 0.9058568329718004 0.36763803680981594 0.0008676789587852494 0.013190184049079755
41 0.8978308026030368 0.24171779141104294 0.0004338394793926247 0.014723926380368098
122 0.8262472885032538 0.03696319018404908 0.04121475054229935 0.003374233128834356
121 0.7067245119305857 0.25030674846625767 0.0859002169197397 0.0018404907975460123
120 0.7357917570498915 0.2223926380368098 0.13622559652928418 0.006748466257668712
121 0.7145336225596529 0.2903374233128834 0.0859002169197397 0.0015337423312883436
120 0.7357917570498915 0.3200920245398773 0.13622559652928418 0.006441717791411043
121 0.7145336225596529 0.3599693251533742 0.0859002169197397 0.0015337423312883436
120 0.7357917570498915 0.38634969325153373 0.13622559652928418 0.006441717791411043
121 0.7145336225596529 0.419478527607362 0.0859002169197397 0.0015337423312883436
120 0.7357917570498915 0.4457055214723926 0.13622559652928418 0.006748466257668712
121 0.7368763557483731 0.05812883435582822 0.06117136659436009 0.0027607361963190185
121 0.7368763557483731 0.06226993865030675 0.06117136659436009 0.00245398773006135
120 0.7357917570498915 0.16794478527607362 0.13622559652928418 0.006441717791411043
121 0.8978308026030368 0.13144171779141103 0.05336225596529284 0.0015337423312883436
121 0.8978308026030368 0.19585889570552148 0.05336225596529284 0.0015337423312883436
121 0.8978308026030368 0.25030674846625767 0.05336225596529284 0.0018404907975460123
121 0.9060737527114967 0.2903374233128834 0.05336225596529284 0.0015337423312883436
121 0.9060737527114967 0.3599693251533742 0.05336225596529284 0.0015337423312883436
121 0.9060737527114967 0.419478527607362 0.05336225596529284 0.0015337423312883436
120 0.5112798264642082 0.2233128834355828 0.14880694143167028 0.0098159509202454
120 0.1735357917570499 0.16395705521472392 0.12147505422993492 0.00950920245398773
120 0.1735357917570499 0.22346625766871164 0.12147505422993492 0.00950920245398773
120 0.1735357917570499 0.2884969325153374 0.12060737527114967 0.008282208588957056
120 0.3355748373101952 0.15874233128834356 0.14880694143167028 0.00950920245398773
120 0.3355748373101952 0.2233128834355828 0.14880694143167028 0.0098159509202454
120 0.361822125813449 0.09355828220858896 0.09544468546637744 0.006134969325153374
84 0.47787418655097613 0.05920245398773006 0.00911062906724512 0.00245398773006135
120 0.5119305856832972 0.28343558282208586 0.15010845986984817 0.006748466257668712
122 0.5644251626898048 0.17392638036809815 0.039913232104121475 0.003067484662576687
120 0.6815618221258134 0.04171779141104295 0.1787418655097614 0.024539877300613498
121 0.6646420824295011 0.042484662576687114 0.061605206073752715 0.01196319018404908
121 0.6646420824295011 0.046625766871165646 0.061605206073752715 0.011656441717791411
121 0.7067245119305857 0.13144171779141103 0.0859002169197397 0.0015337423312883436
120 0.7357917570498915 0.10337423312883436 0.13622559652928418 0.006748466257668712
121 0.7067245119305857 0.19585889570552148 0.0859002169197397 0.0015337423312883436
41 0.9325379609544469 0.42668711656441716 0.0004338394793926247 0.01411042944785276
41 0.9325379609544469 0.36717791411042944 0.0004338394793926247 0.01411042944785276
72 0.9019522776572668 0.174079754601227 0.0026030368763557484 0.0015337423312883436
47 0.8121475054229935 0.4251533742331288 0.006941431670281995 0.012883435582822086
41 0.8080260303687635 0.42530674846625766 0.0004338394793926247 0.01687116564417178
47 0.8121475054229935 0.3656441717791411 0.006941431670281995 0.012883435582822086
41 0.8080260303687635 0.36595092024539877 0.0004338394793926247 0.016564417177914112
24 0.8308026030368764 0.37515337423312883 0.008676789587852495 0.005521472392638037
41 0.8268980477223428 0.18865030674846625 0.0008676789587852494 0.015950920245398775
41 0.8268980477223428 0.12423312883435583 0.0008676789587852494 0.015950920245398775
24 0.8308026030368764 0.4345092024539877 0.008676789587852495 0.005214723926380368
24 0.8308026030368764 0.3056748466257669 0.008676789587852495 0.005214723926380368
26 0.8308026030368764 0.23358895705521474 0.008676789587852495 0.005214723926380368
26 0.8308026030368764 0.17914110429447852 0.008676789587852495 0.005521472392638037
26 0.8308026030368764 0.11457055214723927 0.008676789587852495 0.005214723926380368
63 0.7932754880694143 0.11457055214723927 0.00737527114967462 0.015030674846625767
53 0.8039045553145336 0.18880368098159508 0.006073752711496746 0.013190184049079755
41 0.8 0.18834355828220858 0.0008676789587852494 0.016564417177914112
53 0.8039045553145336 0.12423312883435583 0.006073752711496746 0.013496932515337423
41 0.8 0.12392638036809817 0.0008676789587852494 0.016564417177914112
63 0.7932754880694143 0.2334355828220859 0.00737527114967462 0.014723926380368098
47 0.8121475054229935 0.2960122699386503 0.006941431670281995 0.012883435582822086
41 0.8080260303687635 0.296319018404908 0.0004338394793926247 0.016564417177914112
53 0.8039045553145336 0.2432515337423313 0.006073752711496746 0.013496932515337423
41 0.8 0.2427914110429448 0.0008676789587852494 0.01687116564417178
41 0.879175704989154 0.29708588957055215 0.0004338394793926247 0.013190184049079755
41 0.8711496746203905 0.24233128834355827 0.0008676789587852494 0.015337423312883436
41 0.8711496746203905 0.18803680981595092 0.0008676789587852494 0.015337423312883436
41 0.8711496746203905 0.12346625766871165 0.0008676789587852494 0.015644171779141104
41 0.879175704989154 0.42622699386503066 0.0004338394793926247 0.013190184049079755
26 0.9019522776572668 0.17914110429447852 0.008676789587852495 0.005521472392638037
72 0.9019522776572668 0.10950920245398774 0.0026030368763557484 0.0018404907975460123
26 0.9019522776572668 0.11457055214723927 0.008676789587852495 0.005214723926380368
86 0.900650759219089 0.06165644171779141 0.006941431670281995 0.014723926380368098
41 0.879175704989154 0.36671779141104294 0.0004338394793926247 0.013190184049079755
41 0.8349240780911062 0.36595092024539877 0.0004338394793926247 0.016564417177914112
41 0.8444685466377441 0.05352760736196319 0.0004338394793926247 0.018098159509202454
24 0.848590021691974 0.042484662576687114 0.008676789587852495 0.005214723926380368
41 0.8349240780911062 0.42530674846625766 0.0004338394793926247 0.01687116564417178
41 0.8349240780911062 0.296319018404908 0.0004338394793926247 0.016564417177914112
41 0.8268980477223428 0.2427914110429448 0.0008676789587852494 0.01687116564417178
26 0.8750542299349241 0.23358895705521474 0.008676789587852495 0.005214723926380368
73 0.8752711496746204 0.43941717791411045 0.0021691973969631237 0.0015337423312883436
24 0.8750542299349241 0.4345092024539877 0.008676789587852495 0.005214723926380368
73 0.8752711496746204 0.3799079754601227 0.0021691973969631237 0.0015337423312883436
24 0.8750542299349241 0.37515337423312883 0.008676789587852495 0.005521472392638037
73 0.8752711496746204 0.3131901840490798 0.0021691973969631237 0.0018404907975460123
24 0.8750542299349241 0.3056748466257669 0.008676789587852495 0.005214723926380368
72 0.8752711496746204 0.22837423312883437 0.0021691973969631237 0.0015337423312883436
72 0.8752711496746204 0.174079754601227 0.0021691973969631237 0.0015337423312883436
26 0.8750542299349241 0.17914110429447852 0.008676789587852495 0.005521472392638037
72 0.8752711496746204 0.10950920245398774 0.0021691973969631237 0.0018404907975460123
26 0.8750542299349241 0.11457055214723927 0.008676789587852495 0.005214723926380368
87 0.8748373101952278 0.06334355828220858 0.00824295010845987 0.008895705521472393
53 0.847939262472885 0.055061349693251535 0.006507592190889371 0.01441717791411043
47 0.2420824295010846 0.4245398773006135 0.006941431670281995 0.01411042944785276
41 0.23796095444685467 0.42484662576687116 0.0004338394793926247 0.015950920245398775
47 0.2420824295010846 0.36503067484662577 0.006941431670281995 0.01411042944785276
41 0.23796095444685467 0.36549079754601227 0.0004338394793926247 0.015644171779141104
26 0.26073752711496745 0.22837423312883437 0.008676789587852495 0.005214723926380368
41 0.25683297180043385 0.11257668711656442 0.0008676789587852494 0.01901840490797546
87 0.26052060737527116 0.4199386503067485 0.00824295010845987 0.009202453987730062
87 0.26052060737527116 0.3604294478527607 0.00824295010845987 0.009202453987730062
87 0.26052060737527116 0.3010736196319018 0.00824295010845987 0.008895705521472393
26 0.26073752711496745 0.16395705521472392 0.008676789587852495 0.005214723926380368
24 0.26073752711496745 0.10199386503067484 0.008676789587852495 0.005214723926380368
87 0.26052060737527116 0.06334355828220858 0.00824295010845987 0.008895705521472393
53 0.23383947939262473 0.18389570552147239 0.006073752711496746 0.013803680981595092
41 0.23015184381778742 0.18389570552147239 0.0004338394793926247 0.015644171779141104
53 0.23383947939262473 0.1142638036809816 0.006073752711496746 0.013803680981595092
41 0.23015184381778742 0.11288343558282209 0.0004338394793926247 0.018404907975460124
53 0.23383947939262473 0.30782208588957055 0.006073752711496746 0.013803680981595092
41 0.23015184381778742 0.30782208588957055 0.0004338394793926247 0.015644171779141104
63 0.22321041214750542 0.2334355828220859 0.00737527114967462 0.014723926380368098
53 0.23383947939262473 0.24340490797546013 0.006073752711496746 0.013803680981595092
41 0.23015184381778742 0.2432515337423313 0.0004338394793926247 0.015950920245398775
63 0.22321041214750542 0.17392638036809815 0.00737527114967462 0.014723926380368098
24 0.3140997830802603 0.2308282208588957 0.008676789587852495 0.005214723926380368
41 0.3099783080260304 0.17622699386503068 0.0004338394793926247 0.015644171779141104
41 0.3099783080260304 0.11288343558282209 0.0004338394793926247 0.018404907975460124
87 0.313882863340564 0.4199386503067485 0.00824295010845987 0.009202453987730062
87 0.313882863340564 0.3605828220858896 0.00824295010845987 0.008895705521472393
24 0.3140997830802603 0.1664110429447853 0.008676789587852495 0.005214723926380368
24 0.3140997830802603 0.10199386503067484 0.008676789587852495 0.005214723926380368
47 0.29522776572668114 0.4251533742331288 0.006507592190889371 0.012269938650306749
41 0.2913232104121475 0.42484662576687116 0.0004338394793926247 0.015950920245398775
24 0.3405639913232104 0.37515337423312883 0.008676789587852495 0.005521472392638037
63 0.3030368763557484 0.23098159509202454 0.00737527114967462 0.014723926380368098
41 0.3099783080260304 0.2401840490797546 0.0004338394793926247 0.016564417177914112
63 0.3030368763557484 0.1664110429447853 0.00737527114967462 0.015030674846625767
41 0.25683297180043385 0.23773006134969324 0.0008676789587852494 0.016564417177914112
41 0.25683297180043385 0.173159509202454 0.0008676789587852494 0.01687116564417178
47 0.29522776572668114 0.36579754601226994 0.006507592190889371 0.012576687116564417
41 0.2913232104121475 0.3656441717791411 0.0004338394793926247 0.015950920245398775
24 0.2872017353579176 0.4345092024539877 0.008676789587852495 0.005214723926380368
24 0.2872017353579176 0.37515337423312883 0.008676789587852495 0.005521472392638037
85 0.2874186550976139 0.299079754601227 0.00911062906724512 0.00245398773006135
85 0.2874186550976139 0.06134969325153374 0.00911062906724512 0.00245398773006135
69 0.08308026030368763 0.295398773006135 0.00737527114967462 0.014723926380368098
69 0.08308026030368763 0.4142638036809816 0.00737527114967462 0.015030674846625767
8 0.0633405639913232 0.41779141104294476 0.019956616052060738 0.01717791411042945
69 0.08308026030368763 0.3549079754601227 0.00737527114967462 0.014723926380368098
8 0.0633405639913232 0.35828220858895704 0.019956616052060738 0.01717791411042945
8 0.0633405639913232 0.2987730061349693 0.019956616052060738 0.01717791411042945
69 0.08308026030368763 0.23588957055214724 0.00737527114967462 0.014723926380368098
8 0.0633405639913232 0.23957055214723927 0.019956616052060738 0.01717791411042945
69 0.08308026030368763 0.17653374233128835 0.00737527114967462 0.015030674846625767
28 0.11323210412147505 0.2955521472392638 0.009544468546637744 0.005214723926380368
41 0.1086767895878525 0.05214723926380368 0.0004338394793926247 0.020858895705521473
40 0.12299349240780912 0.040030674846625765 0.003036876355748373 0.002147239263803681
28 0.11323210412147505 0.42438650306748466 0.009544468546637744 0.005214723926380368
28 0.11323210412147505 0.36503067484662577 0.009544468546637744 0.005521472392638037
8 0.0633405639913232 0.18006134969325152 0.019956616052060738 0.01717791411042945
26 0.11279826464208242 0.22837423312883437 0.008676789587852495 0.005214723926380368
26 0.11279826464208242 0.16886503067484662 0.008676789587852495 0.005214723926380368
30 0.11323210412147505 0.10444785276073619 0.009544468546637744 0.005214723926380368
30 0.11323210412147505 0.040030674846625765 0.009544468546637744 0.005214723926380368
122 0.09783080260303688 0.03619631901840491 0.017787418655097614 0.00245398773006135
69 0.08308026030368763 0.11717791411042945 0.00737527114967462 0.014723926380368098
8 0.0633405639913232 0.1205521472392638 0.019956616052060738 0.01717791411042945
69 0.08308026030368763 0.05766871165644172 0.00737527114967462 0.014723926380368098
8 0.0633405639913232 0.061042944785276075 0.019956616052060738 0.01717791411042945
40 0.12299349240780912 0.10444785276073619 0.003036876355748373 0.002147239263803681
120 0.9130151843817788 0.4434049079754601 0.07505422993492408 0.00705521472392638
120 0.9130151843817788 0.38404907975460123 0.07505422993492408 0.007361963190184049
120 0.9130151843817788 0.3159509202453988 0.07505422993492408 0.008588957055214725
120 0.9130151843817788 0.22469325153374234 0.07505422993492408 0.00705521472392638
120 0.9130151843817788 0.17024539877300612 0.07505422993492408 0.007361963190184049
120 0.9130151843817788 0.10567484662576687 0.07505422993492408 0.00705521472392638
63 0.13731019522776572 0.23098159509202454 0.00737527114967462 0.014723926380368098
61 0.17440347071583515 0.17147239263803682 0.004338394793926247 0.014723926380368098
41 0.18004338394793926 0.18098159509202455 0.0008676789587852494 0.015950920245398775
24 0.18394793926247288 0.2308282208588957 0.008676789587852495 0.005214723926380368
24 0.18394793926247288 0.17162576687116565 0.008676789587852495 0.005214723926380368
41 0.18004338394793926 0.2401840490797546 0.0008676789587852494 0.016564417177914112
41 0.1442516268980477 0.24049079754601227 0.0004338394793926247 0.015950920245398775
63 0.13731019522776572 0.17147239263803682 0.00737527114967462 0.014723926380368098
26 0.23427331887201736 0.23358895705521474 0.008676789587852495 0.005214723926380368
53 0.23383947939262473 0.05475460122699387 0.006073752711496746 0.013803680981595092
41 0.23015184381778742 0.05352760736196319 0.0004338394793926247 0.018098159509202454
24 0.23427331887201736 0.4345092024539877 0.008676789587852495 0.005214723926380368
24 0.23427331887201736 0.37515337423312883 0.008676789587852495 0.005521472392638037
26 0.23427331887201736 0.29800613496932515 0.008676789587852495 0.005214723926380368
26 0.23427331887201736 0.174079754601227 0.008676789587852495 0.005214723926380368
24 0.23427331887201736 0.10199386503067484 0.008676789587852495 0.005214723926380368
24 0.23427331887201736 0.042484662576687114 0.008676789587852495 0.005214723926380368
61 0.17440347071583515 0.23098159509202454 0.004338394793926247 0.014723926380368098
41 0.1086767895878525 0.3049079754601227 0.0004338394793926247 0.016564417177914112
40 0.12299349240780912 0.29279141104294476 0.003036876355748373 0.002147239263803681
41 0.1086767895878525 0.23773006134969324 0.0004338394793926247 0.016564417177914112
41 0.1086767895878525 0.17822085889570552 0.0004338394793926247 0.016564417177914112
63 0.1017353579175705 0.10444785276073619 0.00737527114967462 0.015030674846625767
41 0.1086767895878525 0.11380368098159509 0.0004338394793926247 0.016564417177914112
40 0.12299349240780912 0.4219325153374233 0.003036876355748373 0.002147239263803681
41 0.1442516268980477 0.18113496932515338 0.0004338394793926247 0.015644171779141104
24 0.14837310195227765 0.2308282208588957 0.008676789587852495 0.005214723926380368
24 0.14837310195227765 0.17162576687116565 0.008676789587852495 0.005214723926380368
41 0.11735357917570499 0.41503067484662576 0.0004338394793926247 0.016564417177914112
41 0.11735357917570499 0.3558282208588957 0.0004338394793926247 0.016564417177914112
40 0.12299349240780912 0.3624233128834356 0.003036876355748373 0.002147239263803681
26 0.4898047722342733 0.3030674846625767 0.008676789587852495 0.005521472392638037
41 0.4856832971800434 0.2406441717791411 0.0004338394793926247 0.015644171779141104
41 0.4856832971800434 0.18880368098159508 0.0004338394793926247 0.015644171779141104
87 0.489587852494577 0.4199386503067485 0.00824295010845987 0.009202453987730062
87 0.489587852494577 0.3605828220858896 0.00824295010845987 0.008895705521472393
24 0.4898047722342733 0.2308282208588957 0.008676789587852495 0.005214723926380368
26 0.4898047722342733 0.17914110429447852 0.008676789587852495 0.005521472392638037
53 0.585466377440347 0.18926380368098158 0.006507592190889371 0.01411042944785276
47 0.47093275488069414 0.4251533742331288 0.006507592190889371 0.012269938650306749
41 0.46702819956616054 0.42484662576687116 0.0004338394793926247 0.015950920245398775
63 0.4787418655097614 0.3030674846625767 0.00737527114967462 0.014723926380368098
41 0.5815618221258134 0.18865030674846625 0.0004338394793926247 0.015950920245398775
41 0.4937093275488069 0.29386503067484665 0.0008676789587852494 0.016564417177914112
63 0.4787418655097614 0.23098159509202454 0.00737527114967462 0.014723926380368098
24 0.3405639913232104 0.4345092024539877 0.008676789587852495 0.005214723926380368
41 0.43275488069414314 0.3098159509202454 0.0004338394793926247 0.014723926380368098
41 0.43275488069414314 0.23819018404907977 0.0004338394793926247 0.015644171779141104
47 0.47093275488069414 0.36579754601226994 0.006507592190889371 0.012576687116564417
41 0.46702819956616054 0.36549079754601227 0.0004338394793926247 0.015644171779141104
24 0.4629067245119306 0.4345092024539877 0.008676789587852495 0.005214723926380368
24 0.4629067245119306 0.37515337423312883 0.008676789587852495 0.005521472392638037
85 0.4631236442516269 0.12085889570552147 0.00911062906724512 0.00245398773006135
61 0.5334056399132321 0.3030674846625767 0.004772234273318872 0.014723926380368098
47 0.5509761388286334 0.293558282208589 0.006941431670281995 0.012883435582822086
41 0.5468546637744035 0.29340490797546015 0.0004338394793926247 0.015644171779141104
24 0.5856832971800434 0.37515337423312883 0.008676789587852495 0.005521472392638037
41 0.589587852494577 0.05828220858895705 0.0008676789587852494 0.015950920245398775
24 0.5856832971800434 0.4345092024539877 0.008676789587852495 0.005214723926380368
61 0.5334056399132321 0.23098159509202454 0.004772234273318872 0.014723926380368098
24 0.5856832971800434 0.3056748466257669 0.008676789587852495 0.005214723926380368
26 0.5856832971800434 0.23358895705521474 0.008676789587852495 0.005214723926380368
26 0.5856832971800434 0.17914110429447852 0.008676789587852495 0.005521472392638037
87 0.585466377440347 0.12285276073619632 0.00824295010845987 0.008895705521472393
24 0.5856832971800434 0.06794478527607362 0.008676789587852495 0.005214723926380368
47 0.5240780911062907 0.36533742331288344 0.006941431670281995 0.013496932515337423
26 0.5427331887201735 0.17914110429447852 0.008676789587852495 0.005521472392638037
47 0.5240780911062907 0.4246932515337423 0.006941431670281995 0.013803680981595092
41 0.5199566160520608 0.42484662576687116 0.0004338394793926247 0.015950920245398775
24 0.5427331887201735 0.2308282208588957 0.008676789587852495 0.005214723926380368
41 0.5199566160520608 0.36549079754601227 0.0004338394793926247 0.015644171779141104
24 0.5162689804772235 0.4345092024539877 0.008676789587852495 0.005214723926380368
24 0.5162689804772235 0.37515337423312883 0.008676789587852495 0.005521472392638037
53 0.5427331887201735 0.2406441717791411 0.006073752711496746 0.013190184049079755
41 0.5388286334056399 0.2401840490797546 0.0008676789587852494 0.016564417177914112
53 0.5427331887201735 0.18880368098159508 0.006073752711496746 0.013190184049079755
41 0.5388286334056399 0.18834355828220858 0.0008676789587852494 0.016564417177914112
87 0.5425162689804772 0.4199386503067485 0.00824295010845987 0.009202453987730062
87 0.5425162689804772 0.3604294478527607 0.00824295010845987 0.009202453987730062
26 0.5427331887201735 0.3030674846625767 0.008676789587852495 0.005521472392638037
63 0.5746203904555315 0.2334355828220859 0.00737527114967462 0.014723926380368098
24 0.40997830802603036 0.10199386503067484 0.008676789587852495 0.005214723926380368
61 0.3574837310195228 0.23098159509202454 0.004338394793926247 0.014723926380368098
53 0.3670281995661605 0.2406441717791411 0.006073752711496746 0.013190184049079755
41 0.3631236442516269 0.24049079754601227 0.0008676789587852494 0.015950920245398775
53 0.40954446854663773 0.11441717791411044 0.006073752711496746 0.01411042944785276
41 0.4058568329718004 0.11242331288343559 0.0004338394793926247 0.01932515337423313
24 0.40997830802603036 0.4345092024539877 0.008676789587852495 0.005214723926380368
24 0.40997830802603036 0.37515337423312883 0.008676789587852495 0.005521472392638037
87 0.40976138828633407 0.30122699386503066 0.00824295010845987 0.009202453987730062
26 0.40997830802603036 0.23358895705521474 0.008676789587852495 0.005214723926380368
26 0.40997830802603036 0.16886503067484662 0.008676789587852495 0.005214723926380368
47 0.34837310195227766 0.425 0.006941431670281995 0.013190184049079755
87 0.3668112798264642 0.4199386503067485 0.00824295010845987 0.009202453987730062
87 0.3668112798264642 0.3605828220858896 0.00824295010845987 0.008895705521472393
24 0.3670281995661605 0.23098159509202454 0.008676789587852495 0.005521472392638037
24 0.3670281995661605 0.1664110429447853 0.008676789587852495 0.005214723926380368
26 0.3670281995661605 0.10444785276073619 0.008676789587852495 0.005214723926380368
41 0.3631236442516269 0.11365030674846625 0.0008676789587852494 0.01687116564417178
41 0.3442516268980477 0.42530674846625766 0.0004338394793926247 0.01687116564417178
47 0.34837310195227766 0.36549079754601227 0.006941431670281995 0.013190184049079755
41 0.3442516268980477 0.36595092024539877 0.0004338394793926247 0.016564417177914112
47 0.5937093275488069 0.296319018404908 0.006507592190889371 0.012269938650306749
41 0.589587852494577 0.296319018404908 0.0008676789587852494 0.016564417177914112
61 0.3574837310195228 0.1664110429447853 0.004338394793926247 0.015030674846625767
53 0.3670281995661605 0.17607361963190185 0.006073752711496746 0.013496932515337423
41 0.3631236442516269 0.17576687116564418 0.0008676789587852494 0.016564417177914112
63 0.3559652928416486 0.10444785276073619 0.00737527114967462 0.015030674846625767
53 0.3668112798264642 0.11457055214723927 0.006507592190889371 0.01441717791411043
47 0.41800433839479395 0.4254601226993865 0.006507592190889371 0.012269938650306749
41 0.413882863340564 0.42530674846625766 0.0008676789587852494 0.01687116564417178
47 0.41800433839479395 0.36595092024539877 0.006507592190889371 0.012269938650306749
24 0.4366594360086768 0.3004601226993865 0.00824295010845987 0.005214723926380368
41 0.43275488069414314 0.18880368098159508 0.0004338394793926247 0.015644171779141104
87 0.43644251626898045 0.4199386503067485 0.0078091106290672455 0.009202453987730062
87 0.43644251626898045 0.3604294478527607 0.0078091106290672455 0.009202453987730062
26 0.4366594360086768 0.22837423312883437 0.00824295010845987 0.005214723926380368
26 0.4366594360086768 0.17914110429447852 0.00824295010845987 0.005521472392638037
87 0.43644251626898045 0.12269938650306748 0.0078091106290672455 0.009202453987730062
41 0.5815618221258134 0.2427914110429448 0.0004338394793926247 0.01687116564417178
41 0.413882863340564 0.36595092024539877 0.0008676789587852494 0.016564417177914112
53 0.40954446854663773 0.24355828220858897 0.006073752711496746 0.01411042944785276
41 0.4058568329718004 0.2427914110429448 0.0004338394793926247 0.01687116564417178
53 0.40954446854663773 0.1789877300613497 0.006073752711496746 0.013803680981595092
41 0.4058568329718004 0.17822085889570552 0.0004338394793926247 0.016564417177914112
53 0.5852494577006507 0.2437116564417178 0.006941431670281995 0.01441717791411043
63 0.3989154013015184 0.2334355828220859 0.00737527114967462 0.014723926380368098
134 0.4997830802603037 0.572239263803681 0.9041214750542299 0.020552147239263803
134 0.5 0.928680981595092 0.9045553145336226 0.020552147239263803
1 0.5943600867678959 0.9440184049079755 0.013015184381778741 0.0009202453987730061
1 0.3292841648590022 0.9440184049079755 0.013015184381778741 0.0009202453987730061
1 0.2806941431670282 0.9440184049079755 0.013015184381778741 0.0009202453987730061
1 0.224295010845987 0.9440184049079755 0.013015184381778741 0.0009202453987730061
1 0.18524945770065077 0.9440184049079755 0.013015184381778741 0.0009202453987730061
1 0.13600867678958786 0.9440184049079755 0.013449023861171366 0.0009202453987730061
1 0.11279826464208242 0.9440184049079755 0.013015184381778741 0.0009202453987730061
134 0.4997830802603037 0.6909509202453987 0.9041214750542299 0.020552147239263803
134 0.5 0.8691717791411043 0.9045553145336226 0.020552147239263803
1 0.5943600867678959 0.8845092024539877 0.013015184381778741 0.0009202453987730061
1 0.3292841648590022 0.8845092024539877 0.013015184381778741 0.0009202453987730061
1 0.2806941431670282 0.8845092024539877 0.013015184381778741 0.0009202453987730061
1 0.224295010845987 0.8845092024539877 0.013015184381778741 0.0009202453987730061
1 0.18524945770065077 0.8845092024539877 0.013015184381778741 0.0009202453987730061
1 0.13600867678958786 0.8845092024539877 0.013449023861171366 0.0009202453987730061
1 0.11279826464208242 0.8845092024539877 0.013015184381778741 0.0009202453987730061
134 0.5 0.631441717791411 0.9045553145336226 0.020552147239263803
134 0.4997830802603037 0.8099693251533743 0.9041214750542299 0.020552147239263803
1 0.8637744034707159 0.5569018404907975 0.013015184381778741 0.0009202453987730061
1 0.8477223427331887 0.5569018404907975 0.013015184381778741 0.0009202453987730061
1 0.8314533622559653 0.5569018404907975 0.013449023861171366 0.0009202453987730061
1 0.7718004338394794 0.5569018404907975 0.013015184381778741 0.0009202453987730061
1 0.7557483731019523 0.5569018404907975 0.013015184381778741 0.0009202453987730061
1 0.7394793926247288 0.5569018404907975 0.013449023861171366 0.0009202453987730061
1 0.6859002169197397 0.5569018404907975 0.013015184381778741 0.0009202453987730061
1 0.5943600867678959 0.5265337423312884 0.013015184381778741 0.0009202453987730061
1 0.5943600867678959 0.5315950920245399 0.013015184381778741 0.0006134969325153375
1 0.5943600867678959 0.5366564417177914 0.013015184381778741 0.0009202453987730061
1 0.5943600867678959 0.5417177914110429 0.013015184381778741 0.0006134969325153375
1 0.5943600867678959 0.5467791411042945 0.013015184381778741 0.0009202453987730061
1 0.5943600867678959 0.551840490797546 0.013015184381778741 0.0006134969325153375
1 0.5943600867678959 0.5569018404907975 0.013015184381778741 0.0009202453987730061
1 0.4297180043383948 0.5265337423312884 0.014316702819956615 0.0009202453987730061
1 0.4297180043383948 0.5315950920245399 0.014316702819956615 0.0006134969325153375
1 0.4297180043383948 0.5366564417177914 0.014316702819956615 0.0009202453987730061
1 0.4297180043383948 0.5417177914110429 0.014316702819956615 0.0006134969325153375
1 0.4297180043383948 0.5467791411042945 0.014316702819956615 0.0009202453987730061
1 0.4297180043383948 0.551840490797546 0.014316702819956615 0.0006134969325153375
1 0.4297180043383948 0.5569018404907975 0.014316702819956615 0.0009202453987730061
1 0.3295010845986985 0.5467791411042945 0.014316702819956615 0.0009202453987730061
1 0.3295010845986985 0.551840490797546 0.014316702819956615 0.0006134969325153375
1 0.3295010845986985 0.5569018404907975 0.014316702819956615 0.0009202453987730061
1 0.2986984815618221 0.551840490797546 0.013449023861171366 0.0006134969325153375
1 0.2986984815618221 0.5569018404907975 0.013449023861171366 0.0009202453987730061
1 0.2811279826464208 0.5569018404907975 0.012147505422993492 0.0009202453987730061
134 0.4997830802603037 0.7504601226993866 0.9041214750542299 0.020552147239263803
53 0.5941431670281996 0.63420245398773 0.006507592190889371 0.01441717791411043
53 0.5941431670281996 0.5645705521472393 0.006507592190889371 0.01441717791411043
53 0.5941431670281996 0.6986196319018405 0.006507592190889371 0.01441717791411043
41 0.590238611713666 0.6335889570552147 0.0004338394793926247 0.01625766871165644
41 0.590238611713666 0.698159509202454 0.0004338394793926247 0.015950920245398775
63 0.5832971800433839 0.6239263803680981 0.00737527114967462 0.014723926380368098
88 0.4691973969631236 0.6941717791411043 0.00911062906724512 0.01411042944785276
24 0.5943600867678959 0.5265337423312884 0.008676789587852495 0.005214723926380368
24 0.5943600867678959 0.9440184049079755 0.008676789587852495 0.005214723926380368
24 0.5943600867678959 0.8845092024539877 0.008676789587852495 0.005214723926380368
26 0.5943600867678959 0.807361963190184 0.008676789587852495 0.005521472392638037
26 0.5943600867678959 0.7427914110429448 0.008676789587852495 0.005214723926380368
26 0.5943600867678959 0.6884969325153374 0.008676789587852495 0.005214723926380368
26 0.5943600867678959 0.624079754601227 0.008676789587852495 0.005214723926380368
41 0.590238611713666 0.5496932515337424 0.0004338394793926247 0.04478527607361963
87 0.6175704989154013 0.8699386503067484 0.00824295010845987 0.009202453987730062
87 0.6175704989154013 0.691717791411043 0.00824295010845987 0.009202453987730062
87 0.6175704989154013 0.7510736196319019 0.00824295010845987 0.008895705521472393
87 0.6175704989154013 0.8104294478527607 0.00824295010845987 0.009202453987730062
47 0.6023861171366595 0.8751533742331289 0.006507592190889371 0.012269938650306749
87 0.6175704989154013 0.9294478527607362 0.00824295010845987 0.009202453987730062
41 0.5982646420824295 0.8753067484662577 0.0008676789587852494 0.01687116564417178
41 0.5982646420824295 0.9346625766871166 0.0008676789587852494 0.016564417177914112
47 0.6021691973969632 0.9337423312883436 0.006941431670281995 0.01411042944785276
87 0.6175704989154013 0.6322085889570552 0.00824295010845987 0.009202453987730062
87 0.6175704989154013 0.5726993865030675 0.00824295010845987 0.009202453987730062
53 0.5941431670281996 0.7529141104294479 0.006507592190889371 0.01441717791411043
63 0.5832971800433839 0.7427914110429448 0.00737527114967462 0.015030674846625767
41 0.590238611713666 0.7521472392638037 0.0004338394793926247 0.016564417177914112
41 0.590238611713666 0.8165644171779141 0.0004338394793926247 0.016564417177914112
53 0.5939262472885033 0.817638036809816 0.006941431670281995 0.01441717791411043
53 0.4854663774403471 0.7526073619631902 0.006073752711496746 0.013803680981595092
41 0.4817787418655098 0.7526073619631902 0.0004338394793926247 0.015644171779141104
53 0.4854663774403471 0.6983128834355828 0.006073752711496746 0.013803680981595092
41 0.4817787418655098 0.6983128834355828 0.0004338394793926247 0.015644171779141104
53 0.4854663774403471 0.6337423312883436 0.006073752711496746 0.013496932515337423
41 0.4817787418655098 0.6337423312883436 0.0004338394793926247 0.015950920245398775
108 0.4856832971800434 0.9098159509202454 0.00824295010845987 0.0098159509202454
24 0.48590021691973967 0.9338957055214724 0.008676789587852495 0.005214723926380368
108 0.4856832971800434 0.8503067484662576 0.00824295010845987 0.0098159509202454
24 0.48590021691973967 0.8743865030674847 0.008676789587852495 0.005214723926380368
87 0.5086767895878525 0.750920245398773 0.00824295010845987 0.009202453987730062
87 0.5086767895878525 0.6915644171779141 0.00824295010845987 0.008895705521472393
87 0.5088937093275488 0.6322085889570552 0.0078091106290672455 0.009202453987730062
47 0.4937093275488069 0.9237730061349694 0.006941431670281995 0.013803680981595092
41 0.489587852494577 0.9245398773006135 0.0004338394793926247 0.016564417177914112
108 0.4856832971800434 0.7929447852760736 0.00824295010845987 0.0098159509202454
47 0.4937093275488069 0.8642638036809815 0.006941431670281995 0.013803680981595092
41 0.489587852494577 0.8651840490797545 0.0004338394793926247 0.01687116564417178
53 0.4854663774403471 0.8171779141104294 0.006073752711496746 0.013496932515337423
41 0.4817787418655098 0.8170245398773006 0.0004338394793926247 0.015644171779141104
88 0.4691973969631236 0.9319018404907975 0.00911062906724512 0.01411042944785276
88 0.4691973969631236 0.8723926380368098 0.00911062906724512 0.01411042944785276
88 0.4691973969631236 0.813036809815951 0.00911062906724512 0.013803680981595092
88 0.4691973969631236 0.7535276073619632 0.00911062906724512 0.013803680981595092
120 0.20759219088937092 0.5443251533742332 0.18177874186550977 0.007668711656441718
26 0.48590021691973967 0.807361963190184 0.008676789587852495 0.005521472392638037
108 0.4856832971800434 0.7294478527607362 0.00824295010845987 0.0098159509202454
26 0.48590021691973967 0.7427914110429448 0.008676789587852495 0.005214723926380368
108 0.4856832971800434 0.674079754601227 0.00824295010845987 0.010122699386503068
26 0.48590021691973967 0.6884969325153374 0.008676789587852495 0.005214723926380368
108 0.4856832971800434 0.6104294478527608 0.00824295010845987 0.0098159509202454
26 0.48590021691973967 0.624079754601227 0.008676789587852495 0.005214723926380368
87 0.5088937093275488 0.8104294478527607 0.0078091106290672455 0.009202453987730062
47 0.5401301518438177 0.8700920245398773 0.006941431670281995 0.012576687116564417
41 0.5360086767895879 0.8697852760736197 0.0004338394793926247 0.015644171779141104
53 0.531887201735358 0.8170245398773006 0.006073752711496746 0.013190184049079755
41 0.5279826464208243 0.8168711656441717 0.0008676789587852494 0.015950920245398775
53 0.531887201735358 0.7524539877300613 0.006073752711496746 0.013496932515337423
41 0.5279826464208243 0.7523006134969326 0.0008676789587852494 0.01625766871165644
53 0.531887201735358 0.698159509202454 0.006073752711496746 0.013496932515337423
41 0.5279826464208243 0.6980061349693252 0.0008676789587852494 0.01625766871165644
63 0.5212581344902386 0.938957055214724 0.00737527114967462 0.014723926380368098
87 0.5550976138828634 0.9294478527607362 0.00824295010845987 0.009202453987730062
87 0.5550976138828634 0.8699386503067484 0.00824295010845987 0.009202453987730062
87 0.5550976138828634 0.8104294478527607 0.00824295010845987 0.009202453987730062
87 0.5550976138828634 0.7510736196319019 0.00824295010845987 0.008895705521472393
87 0.5550976138828634 0.691717791411043 0.00824295010845987 0.009202453987730062
87 0.5550976138828634 0.6322085889570552 0.00824295010845987 0.009202453987730062
47 0.5401301518438177 0.9292944785276074 0.006941431670281995 0.012576687116564417
41 0.5360086767895879 0.9291411042944785 0.0004338394793926247 0.015950920245398775
63 0.5212581344902386 0.8794478527607362 0.00737527114967462 0.014723926380368098
87 0.5086767895878525 0.9292944785276074 0.00824295010845987 0.008895705521472393
87 0.5088937093275488 0.8699386503067484 0.0078091106290672455 0.009202453987730062
26 0.531887201735358 0.6884969325153374 0.008676789587852495 0.005214723926380368
53 0.531887201735358 0.6335889570552147 0.006073752711496746 0.013190184049079755
41 0.5279826464208243 0.6335889570552147 0.0008676789587852494 0.01625766871165644
24 0.531887201735358 0.9388036809815951 0.008676789587852495 0.005214723926380368
24 0.531887201735358 0.8794478527607362 0.008676789587852495 0.005521472392638037
26 0.531887201735358 0.807361963190184 0.008676789587852495 0.005521472392638037
26 0.531887201735358 0.7427914110429448 0.008676789587852495 0.005214723926380368
26 0.531887201735358 0.624079754601227 0.008676789587852495 0.005214723926380368
41 0.8813449023861172 0.5699386503067485 0.0004338394793926247 0.012269938650306749
24 0.8854663774403471 0.5621165644171779 0.008676789587852495 0.005214723926380368
41 0.9297180043383948 0.5705521472392638 0.0008676789587852494 0.014723926380368098
24 0.9336225596529284 0.5621165644171779 0.008676789587852495 0.005214723926380368
61 0.8991323210412148 0.5670245398773006 0.004772234273318872 0.015030674846625767
41 0.9047722342733189 0.5746932515337423 0.0004338394793926247 0.011349693251533743
24 0.9086767895878525 0.5670245398773006 0.00824295010845987 0.005214723926380368
41 0.8436008676789588 0.564877300613497 0.0004338394793926247 0.012576687116564417
24 0.8477223427331887 0.5569018404907975 0.008676789587852495 0.005214723926380368
41 0.8275488069414316 0.5650306748466257 0.0004338394793926247 0.012269938650306749
24 0.8316702819956616 0.5569018404907975 0.008676789587852495 0.005214723926380368
85 0.8639913232104122 0.8677914110429448 0.00911062906724512 0.00245398773006135
41 0.8598698481561822 0.56579754601227 0.0008676789587852494 0.01441717791411043
85 0.8639913232104122 0.8084355828220859 0.00911062906724512 0.0027607361963190185
85 0.8639913232104122 0.749079754601227 0.00911062906724512 0.00245398773006135
85 0.8639913232104122 0.6895705521472393 0.00911062906724512 0.00245398773006135
85 0.8639913232104122 0.6300613496932516 0.00911062906724512 0.00245398773006135
24 0.8637744034707159 0.5569018404907975 0.008676789587852495 0.005214723926380368
121 0.42950108459869846 0.8794478527607362 0.006941431670281995 0.0018404907975460123
121 0.4336225596529284 0.8835889570552147 0.016052060737527116 0.0015337423312883436
121 0.42950108459869846 0.9388036809815951 0.006941431670281995 0.0015337423312883436
121 0.4336225596529284 0.9430981595092025 0.016052060737527116 0.0015337423312883436
122 0.5121475054229935 0.519478527607362 0.16095444685466379 0.003987730061349694
120 0.5088937093275488 0.6164110429447853 0.04598698481561822 0.004601226993865031
120 0.5088937093275488 0.6808282208588957 0.04598698481561822 0.004601226993865031
120 0.5088937093275488 0.7351226993865031 0.04598698481561822 0.004601226993865031
120 0.5088937093275488 0.7996932515337424 0.04598698481561822 0.0049079754601227
120 0.5086767895878525 0.8858895705521472 0.04642082429501085 0.005521472392638037
120 0.5084598698481562 0.945398773006135 0.04598698481561822 0.005521472392638037
121 0.42950108459869846 0.8200920245398773 0.006941431670281995 0.0015337423312883436
121 0.4336225596529284 0.824079754601227 0.016052060737527116 0.0015337423312883436
84 0.7360086767895878 0.6279141104294479 0.00911062906724512 0.00245398773006135
84 0.7360086767895878 0.6874233128834356 0.00911062906724512 0.00245398773006135
84 0.7360086767895878 0.7467791411042944 0.00911062906724512 0.0027607361963190185
84 0.7360086767895878 0.8061349693251534 0.00911062906724512 0.00245398773006135
120 0.23297180043383947 0.8291411042944785 0.09544468546637744 0.006134969325153374
121 0.18308026030368763 0.5501533742331288 0.05639913232104121 0.010122699386503068
121 0.18308026030368763 0.5542944785276074 0.054663774403470713 0.0098159509202454
121 0.22906724511930585 0.6407975460122699 0.09544468546637744 0.0018404907975460123
120 0.23297180043383947 0.6128834355828221 0.09544468546637744 0.006134969325153374
121 0.22906724511930585 0.7053680981595092 0.09544468546637744 0.0015337423312883436
120 0.23297180043383947 0.6776073619631902 0.09544468546637744 0.006134969325153374
121 0.22906724511930585 0.7596625766871166 0.09544468546637744 0.0015337423312883436
120 0.23297180043383947 0.7319018404907975 0.09544468546637744 0.006134969325153374
121 0.2368763557483731 0.7996932515337424 0.09544468546637744 0.0018404907975460123
84 0.7360086767895878 0.8656441717791411 0.00911062906724512 0.00245398773006135
121 0.2368763557483731 0.8693251533742331 0.09544468546637744 0.0018404907975460123
120 0.23297180043383947 0.895398773006135 0.09544468546637744 0.006134969325153374
121 0.2368763557483731 0.928680981595092 0.09544468546637744 0.0015337423312883436
120 0.23297180043383947 0.9549079754601227 0.09544468546637744 0.006134969325153374
121 0.25748373101952277 0.5776073619631902 0.07331887201735358 0.00245398773006135
121 0.25748373101952277 0.5819018404907975 0.07418655097613883 0.00245398773006135
121 0.42950108459869846 0.6366564417177915 0.006941431670281995 0.0015337423312883436
121 0.4336225596529284 0.6407975460122699 0.016052060737527116 0.0018404907975460123
121 0.42950108459869846 0.7010736196319018 0.006941431670281995 0.0015337423312883436
121 0.4336225596529284 0.7053680981595092 0.016052060737527116 0.0015337423312883436
121 0.42950108459869846 0.755521472392638 0.006941431670281995 0.0018404907975460123
121 0.4336225596529284 0.7596625766871166 0.016052060737527116 0.0015337423312883436
84 0.7360086767895878 0.9251533742331288 0.00911062906724512 0.00245398773006135
121 0.7436008676789588 0.5679447852760736 0.01475054229934924 0.0015337423312883436
121 0.7433839479392624 0.572239263803681 0.016052060737527116 0.0015337423312883436
121 0.8355748373101952 0.5679447852760736 0.01648590021691974 0.0015337423312883436
121 0.8355748373101952 0.572239263803681 0.01648590021691974 0.0015337423312883436
121 0.8704989154013015 0.5746932515337423 0.02125813449023861 0.004601226993865031
121 0.9171366594360086 0.5797546012269938 0.025162689804772233 0.0049079754601227
8 0.6600867678958785 0.5696319018404908 0.015184381778741865 0.012883435582822086
41 0.6819956616052061 0.5662576687116564 0.0008676789587852494 0.016564417177914112
94 0.6815618221258134 0.5918711656441717 0.012147505422993492 0.005214723926380368
95 0.6911062906724512 0.5918711656441717 0.015618221258134491 0.01196319018404908
24 0.6859002169197397 0.5569018404907975 0.008676789587852495 0.005214723926380368
85 0.6407809110629067 0.6300613496932516 0.008676789587852495 0.00245398773006135
85 0.6407809110629067 0.9273006134969325 0.008676789587852495 0.00245398773006135
85 0.6407809110629067 0.8677914110429448 0.008676789587852495 0.00245398773006135
85 0.6407809110629067 0.8084355828220859 0.008676789587852495 0.0027607361963190185
85 0.6407809110629067 0.749079754601227 0.008676789587852495 0.00245398773006135
85 0.6407809110629067 0.6895705521472393 0.008676789587852495 0.00245398773006135
85 0.6407809110629067 0.5707055214723926 0.008676789587852495 0.0027607361963190185
24 0.7396963123644251 0.5569018404907975 0.008676789587852495 0.005214723926380368
41 0.7516268980477223 0.5654907975460123 0.0004338394793926247 0.013190184049079755
24 0.7557483731019523 0.5569018404907975 0.008676789587852495 0.005214723926380368
41 0.7355748373101952 0.5650306748466257 0.0004338394793926247 0.01411042944785276
87 0.7164859002169197 0.5726993865030675 0.00824295010845987 0.009202453987730062
86 0.8071583514099783 0.6303680981595092 0.006507592190889371 0.014723926380368098
86 0.8071583514099783 0.8680981595092024 0.006507592190889371 0.014723926380368098
86 0.8071583514099783 0.8087423312883436 0.006507592190889371 0.015030674846625767
86 0.8071583514099783 0.7492331288343558 0.006507592190889371 0.015030674846625767
86 0.8073752711496747 0.689877300613497 0.006941431670281995 0.014723926380368098
87 0.8084598698481562 0.5726993865030675 0.00824295010845987 0.009202453987730062
41 0.7676789587852495 0.5665644171779141 0.0004338394793926247 0.015950920245398775
24 0.7718004338394794 0.5569018404907975 0.008676789587852495 0.005214723926380368
41 0.1891540130151844 0.9355828220858896 0.0008676789587852494 0.013496932515337423
41 0.1891540130151844 0.8762269938650307 0.0008676789587852494 0.013803680981595092
41 0.1891540130151844 0.8067484662576687 0.0008676789587852494 0.013496932515337423
26 0.224295010845987 0.5593558282208589 0.008676789587852495 0.005214723926380368
73 0.224295010845987 0.8225460122699386 0.0026030368763557484 0.0015337423312883436
24 0.224295010845987 0.814877300613497 0.008676789587852495 0.005214723926380368
72 0.224295010845987 0.7377300613496932 0.0026030368763557484 0.0018404907975460123
26 0.224295010845987 0.7427914110429448 0.008676789587852495 0.005214723926380368
72 0.224295010845987 0.6834355828220859 0.0026030368763557484 0.0018404907975460123
26 0.224295010845987 0.6884969325153374 0.008676789587852495 0.005214723926380368
72 0.224295010845987 0.6188650306748467 0.0026030368763557484 0.0015337423312883436
26 0.224295010845987 0.624079754601227 0.008676789587852495 0.005214723926380368
41 0.18112798264642083 0.7519938650306749 0.0004338394793926247 0.015030674846625767
63 0.1963123644251627 0.5644171779141104 0.00737527114967462 0.014723926380368098
41 0.21127982646420823 0.5544478527607362 0.0008676789587852494 0.01687116564417178
26 0.20737527114967463 0.5645705521472393 0.008676789587852495 0.005214723926380368
26 0.18524945770065077 0.5696319018404908 0.008676789587852495 0.005521472392638037
24 0.18524945770065077 0.8845092024539877 0.008676789587852495 0.005214723926380368
73 0.18503253796095445 0.8225460122699386 0.0021691973969631237 0.0015337423312883436
24 0.18524945770065077 0.814877300613497 0.008676789587852495 0.005214723926380368
72 0.18524945770065077 0.7377300613496932 0.0026030368763557484 0.0018404907975460123
26 0.18524945770065077 0.7427914110429448 0.008676789587852495 0.005214723926380368
72 0.18524945770065077 0.6834355828220859 0.0026030368763557484 0.0018404907975460123
26 0.18524945770065077 0.6884969325153374 0.008676789587852495 0.005214723926380368
72 0.18524945770065077 0.6188650306748467 0.0026030368763557484 0.0015337423312883436
26 0.18524945770065077 0.624079754601227 0.008676789587852495 0.005214723926380368
73 0.18524945770065077 0.8892638036809816 0.0026030368763557484 0.0018404907975460123
41 0.17114967462039046 0.5638036809815951 0.0004338394793926247 0.023312883435582823
24 0.16746203904555315 0.5771472392638037 0.008676789587852495 0.005214723926380368
63 0.1403470715835141 0.5797546012269938 0.00737527114967462 0.014723926380368098
41 0.18112798264642083 0.697239263803681 0.0004338394793926247 0.015950920245398775
24 0.224295010845987 0.8845092024539877 0.008676789587852495 0.005214723926380368
41 0.18112798264642083 0.6326687116564417 0.0004338394793926247 0.015644171779141104
41 0.1891540130151844 0.5590490797546013 0.0008676789587852494 0.01932515337423313
73 0.18524945770065077 0.9487730061349693 0.0026030368763557484 0.0018404907975460123
24 0.18524945770065077 0.9440184049079755 0.008676789587852495 0.005214723926380368
72 0.2806941431670282 0.6834355828220859 0.0026030368763557484 0.0018404907975460123
26 0.2806941431670282 0.6884969325153374 0.008676789587852495 0.005214723926380368
72 0.2806941431670282 0.6188650306748467 0.0026030368763557484 0.0015337423312883436
26 0.2806941431670282 0.624079754601227 0.008676789587852495 0.005214723926380368
24 0.2806941431670282 0.5569018404907975 0.008676789587852495 0.005214723926380368
26 0.2806941431670282 0.7427914110429448 0.008676789587852495 0.005214723926380368
41 0.2544468546637744 0.5726993865030675 0.0004338394793926247 0.017791411042944787
7 0.23991323210412147 0.5670245398773006 0.01475054229934924 0.015030674846625767
24 0.25856832971800436 0.5621165644171779 0.008676789587852495 0.005214723926380368
41 0.2767895878524946 0.6326687116564417 0.0008676789587852494 0.015644171779141104
63 0.26963123644251624 0.5569018404907975 0.00737527114967462 0.015030674846625767
41 0.2767895878524946 0.5696319018404908 0.0008676789587852494 0.023312883435582823
73 0.2806941431670282 0.9487730061349693 0.0026030368763557484 0.0018404907975460123
24 0.2806941431670282 0.9440184049079755 0.008676789587852495 0.005214723926380368
88 0.4691973969631236 0.6346625766871166 0.00911062906724512 0.01411042944785276
24 0.2806941431670282 0.8845092024539877 0.008676789587852495 0.005214723926380368
73 0.2806941431670282 0.8225460122699386 0.0026030368763557484 0.0015337423312883436
24 0.2806941431670282 0.814877300613497 0.008676789587852495 0.005214723926380368
72 0.2806941431670282 0.7377300613496932 0.0026030368763557484 0.0018404907975460123
41 0.22017353579175705 0.6326687116564417 0.0004338394793926247 0.015644171779141104
41 0.22017353579175705 0.697239263803681 0.0004338394793926247 0.015950920245398775
41 0.22017353579175705 0.7516871165644172 0.0004338394793926247 0.015644171779141104
41 0.22017353579175705 0.571319018404908 0.0004338394793926247 0.021779141104294478
73 0.224295010845987 0.9487730061349693 0.0026030368763557484 0.0018404907975460123
24 0.224295010845987 0.9440184049079755 0.008676789587852495 0.005214723926380368
73 0.224295010845987 0.8892638036809816 0.0026030368763557484 0.0018404907975460123
41 0.22819956616052062 0.9358895705521473 0.0008676789587852494 0.01411042944785276
41 0.22819956616052062 0.8765337423312883 0.0008676789587852494 0.01441717791411043
41 0.22819956616052062 0.8070552147239264 0.0008676789587852494 0.01411042944785276
69 0.08308026030368763 0.9236196319018405 0.00737527114967462 0.014723926380368098
8 0.0633405639913232 0.9269938650306748 0.019956616052060738 0.01717791411042945
69 0.08308026030368763 0.8641104294478528 0.00737527114967462 0.014723926380368098
8 0.0633405639913232 0.8677914110429448 0.019956616052060738 0.01717791411042945
69 0.08308026030368763 0.8047546012269938 0.00737527114967462 0.015030674846625767
8 0.0633405639913232 0.808282208588957 0.019956616052060738 0.01717791411042945
69 0.08308026030368763 0.745398773006135 0.00737527114967462 0.014723926380368098
8 0.0633405639913232 0.7487730061349693 0.019956616052060738 0.01717791411042945
26 0.11279826464208242 0.7427914110429448 0.008676789587852495 0.005214723926380368
41 0.11670281995661605 0.567638036809816 0.0008676789587852494 0.01625766871165644
73 0.11258134490238612 0.9487730061349693 0.0021691973969631237 0.0018404907975460123
24 0.11279826464208242 0.9440184049079755 0.008676789587852495 0.005214723926380368
73 0.11258134490238612 0.8892638036809816 0.0021691973969631237 0.0018404907975460123
24 0.11279826464208242 0.8845092024539877 0.008676789587852495 0.005214723926380368
73 0.11258134490238612 0.8225460122699386 0.0021691973969631237 0.0015337423312883436
24 0.11279826464208242 0.814877300613497 0.008676789587852495 0.005214723926380368
72 0.11258134490238612 0.7377300613496932 0.0021691973969631237 0.0018404907975460123
69 0.08308026030368763 0.6858895705521473 0.00737527114967462 0.014723926380368098
72 0.11258134490238612 0.6834355828220859 0.0021691973969631237 0.0018404907975460123
26 0.11279826464208242 0.6884969325153374 0.008676789587852495 0.005214723926380368
72 0.11258134490238612 0.6188650306748467 0.0021691973969631237 0.0015337423312883436
26 0.11279826464208242 0.624079754601227 0.008676789587852495 0.005214723926380368
24 0.11279826464208242 0.5771472392638037 0.008676789587852495 0.005214723926380368
120 0.09978308026030369 0.6164110429447853 0.025162689804772233 0.004601226993865031
120 0.09956616052060738 0.6808282208588957 0.02472885032537961 0.004601226993865031
8 0.0633405639913232 0.5705521472392638 0.019956616052060738 0.01717791411042945
8 0.0633405639913232 0.6892638036809816 0.019956616052060738 0.01717791411042945
69 0.08308026030368763 0.6263803680981596 0.00737527114967462 0.014723926380368098
8 0.0633405639913232 0.6300613496932516 0.019956616052060738 0.01717791411042945
69 0.08308026030368763 0.5670245398773006 0.00737527114967462 0.015030674846625767
84 0.8744034707158351 0.9251533742331288 0.00911062906724512 0.00245398773006135
120 0.09956616052060738 0.9516871165644172 0.02472885032537961 0.004601226993865031
120 0.09956616052060738 0.8921779141104295 0.02472885032537961 0.004601226993865031
120 0.09934924078091106 0.8242331288343558 0.024295010845986984 0.006134969325153374
120 0.09956616052060738 0.7351226993865031 0.02472885032537961 0.004601226993865031
41 0.13210412147505424 0.7526073619631902 0.0004338394793926247 0.015644171779141104
41 0.13210412147505424 0.6983128834355828 0.0004338394793926247 0.015644171779141104
41 0.13210412147505424 0.6337423312883436 0.0004338394793926247 0.015950920245398775
24 0.13622559652928418 0.9440184049079755 0.008676789587852495 0.005214723926380368
24 0.13622559652928418 0.8845092024539877 0.008676789587852495 0.005214723926380368
24 0.13622559652928418 0.814877300613497 0.008676789587852495 0.005214723926380368
26 0.13622559652928418 0.7427914110429448 0.008676789587852495 0.005214723926380368
26 0.13622559652928418 0.6884969325153374 0.008676789587852495 0.005214723926380368
26 0.13622559652928418 0.624079754601227 0.008676789587852495 0.005214723926380368
41 0.1399132321041215 0.9346625766871166 0.0004338394793926247 0.016564417177914112
41 0.15509761388286333 0.5662576687116564 0.0004338394793926247 0.023312883435582823
26 0.1509761388286334 0.5797546012269938 0.008676789587852495 0.005521472392638037
41 0.1399132321041215 0.8753067484662577 0.0004338394793926247 0.01687116564417178
41 0.1399132321041215 0.8056748466257668 0.0004338394793926247 0.01687116564417178
53 0.11236442516268981 0.752760736196319 0.006073752711496746 0.01411042944785276
41 0.1086767895878525 0.7521472392638037 0.0004338394793926247 0.016564417177914112
53 0.11236442516268981 0.6983128834355828 0.006073752711496746 0.013803680981595092
41 0.1086767895878525 0.6976993865030675 0.0004338394793926247 0.01687116564417178
63 0.1017353579175705 0.6239263803680981 0.00737527114967462 0.014723926380368098
53 0.11236442516268981 0.6338957055214723 0.006073752711496746 0.013803680981595092
41 0.1086767895878525 0.633282208588957 0.0004338394793926247 0.01687116564417178
47 0.12082429501084599 0.9346625766871166 0.006507592190889371 0.012269938650306749
41 0.11670281995661605 0.9346625766871166 0.0008676789587852494 0.016564417177914112
47 0.12082429501084599 0.8753067484662577 0.006507592190889371 0.01196319018404908
41 0.11670281995661605 0.8753067484662577 0.0008676789587852494 0.01687116564417178
73 0.2806941431670282 0.8892638036809816 0.0026030368763557484 0.0018404907975460123
47 0.12082429501084599 0.8056748466257668 0.006507592190889371 0.01196319018404908
41 0.11670281995661605 0.8056748466257668 0.0008676789587852494 0.01687116564417178
63 0.1017353579175705 0.7427914110429448 0.00737527114967462 0.015030674846625767
41 0.4253796095444686 0.5501533742331288 0.0004338394793926247 0.04386503067484662
40 0.4396963123644252 0.524079754601227 0.003036876355748373 0.002147239263803681
26 0.42950108459869846 0.9262269938650307 0.008676789587852495 0.005214723926380368
26 0.42950108459869846 0.866717791411043 0.008676789587852495 0.005214723926380368
26 0.42950108459869846 0.807361963190184 0.008676789587852495 0.005521472392638037
26 0.42950108459869846 0.7427914110429448 0.008676789587852495 0.005214723926380368
26 0.42950108459869846 0.6884969325153374 0.008676789587852495 0.005214723926380368
26 0.42950108459869846 0.624079754601227 0.008676789587852495 0.005214723926380368
28 0.4299349240780911 0.5265337423312884 0.009544468546637744 0.005214723926380368
85 0.375704989154013 0.8677914110429448 0.008676789587852495 0.00245398773006135
41 0.441648590021692 0.6975460122699386 0.0008676789587852494 0.015337423312883436
85 0.375704989154013 0.9273006134969325 0.008676789587852495 0.00245398773006135
85 0.375704989154013 0.8084355828220859 0.008676789587852495 0.0027607361963190185
85 0.375704989154013 0.749079754601227 0.008676789587852495 0.00245398773006135
85 0.375704989154013 0.6895705521472393 0.008676789587852495 0.00245398773006135
85 0.375704989154013 0.6300613496932516 0.008676789587852495 0.00245398773006135
26 0.4455531453362256 0.624079754601227 0.008676789587852495 0.005214723926380368
41 0.4253796095444686 0.8756134969325153 0.0004338394793926247 0.015644171779141104
41 0.4253796095444686 0.8161042944785276 0.0004338394793926247 0.015644171779141104
63 0.4184381778741866 0.7427914110429448 0.00737527114967462 0.015030674846625767
26 0.4455531453362256 0.6884969325153374 0.008676789587852495 0.005214723926380368
41 0.4253796095444686 0.9349693251533743 0.0004338394793926247 0.015950920245398775
63 0.4184381778741866 0.6239263803680981 0.00737527114967462 0.014723926380368098
26 0.4455531453362256 0.866717791411043 0.008676789587852495 0.005214723926380368
41 0.4253796095444686 0.697239263803681 0.0004338394793926247 0.015950920245398775
41 0.4253796095444686 0.6326687116564417 0.0004338394793926247 0.015644171779141104
26 0.4455531453362256 0.9262269938650307 0.008676789587852495 0.005214723926380368
41 0.441648590021692 0.6326687116564417 0.0008676789587852494 0.015644171779141104
26 0.4455531453362256 0.7427914110429448 0.008676789587852495 0.005214723926380368
41 0.4253796095444686 0.7516871165644172 0.0004338394793926247 0.015644171779141104
26 0.4455531453362256 0.807361963190184 0.008676789587852495 0.005521472392638037
26 0.3292841648590022 0.624079754601227 0.008676789587852495 0.005214723926380368
41 0.32516268980477225 0.5590490797546013 0.0004338394793926247 0.02607361963190184
40 0.33947939262472887 0.5443251533742332 0.003036876355748373 0.002147239263803681
24 0.3292841648590022 0.9440184049079755 0.008676789587852495 0.005214723926380368
24 0.3292841648590022 0.8845092024539877 0.008676789587852495 0.005214723926380368
24 0.3292841648590022 0.814877300613497 0.008676789587852495 0.005214723926380368
26 0.3292841648590022 0.7427914110429448 0.008676789587852495 0.005214723926380368
26 0.3292841648590022 0.6884969325153374 0.008676789587852495 0.005214723926380368
30 0.3297180043383948 0.5443251533742332 0.009544468546637744 0.005214723926380368
41 0.441648590021692 0.9349693251533743 0.0008676789587852494 0.015950920245398775
53 0.32885032537960956 0.6338957055214723 0.006073752711496746 0.013803680981595092
41 0.32516268980477225 0.6976993865030675 0.0004338394793926247 0.01687116564417178
63 0.31822125813449026 0.6239263803680981 0.00737527114967462 0.014723926380368098
41 0.32516268980477225 0.633282208588957 0.0004338394793926247 0.01687116564417178
41 0.2848156182212581 0.8070552147239264 0.0004338394793926247 0.01411042944785276
41 0.2848156182212581 0.8765337423312883 0.0004338394793926247 0.01441717791411043
41 0.2767895878524946 0.7516871165644172 0.0008676789587852494 0.015644171779141104
41 0.2767895878524946 0.697239263803681 0.0008676789587852494 0.015950920245398775
41 0.2947939262472885 0.5674846625766872 0.0004338394793926247 0.027607361963190184
24 0.29891540130151845 0.551840490797546 0.008676789587852495 0.005521472392638037
41 0.2848156182212581 0.9358895705521473 0.0004338394793926247 0.01411042944785276
47 0.33731019522776573 0.9346625766871166 0.006507592190889371 0.012269938650306749
41 0.3331887201735358 0.9346625766871166 0.0008676789587852494 0.016564417177914112
47 0.33731019522776573 0.8753067484662577 0.006507592190889371 0.01196319018404908
87 0.3524945770065076 0.8104294478527607 0.00824295010845987 0.009202453987730062
41 0.441648590021692 0.7516871165644172 0.0008676789587852494 0.015644171779141104
87 0.3524945770065076 0.9294478527607362 0.00824295010845987 0.009202453987730062
87 0.3524945770065076 0.8699386503067484 0.00824295010845987 0.009202453987730062
53 0.3286334056399132 0.6986196319018405 0.006507592190889371 0.01441717791411043
87 0.3524945770065076 0.750920245398773 0.00824295010845987 0.009202453987730062
87 0.3524945770065076 0.691717791411043 0.00824295010845987 0.009202453987730062
87 0.3524945770065076 0.6322085889570552 0.00824295010845987 0.009202453987730062
41 0.32516268980477225 0.7521472392638037 0.0004338394793926247 0.016564417177914112
53 0.3286334056399132 0.7529141104294479 0.006507592190889371 0.01441717791411043
41 0.441648590021692 0.8756134969325153 0.0008676789587852494 0.015644171779141104
41 0.441648590021692 0.8161042944785276 0.0008676789587852494 0.015644171779141104
41 0.3331887201735358 0.8753067484662577 0.0008676789587852494 0.01687116564417178
47 0.33731019522776573 0.8056748466257668 0.006507592190889371 0.01196319018404908
63 0.31822125813449026 0.7427914110429448 0.00737527114967462 0.015030674846625767
41 0.3331887201735358 0.8056748466257668 0.0008676789587852494 0.01687116564417178