134 0.5355042966983266 0.08749200255918106 0.8331071913161465 0.02143314139475368
2 0.7315694255992763 0.19625719769673705 0.003165988240615106 0.001599488163787588
2 0.7315694255992763 0.20153550863723607 0.003165988240615106 0.0019193857965451055
2 0.7315694255992763 0.14267434420985284 0.003165988240615106 0.0019193857965451055
2 0.7313432835820896 0.14811260396673065 0.0027137042062415195 0.0019193857965451055
2 0.7315694255992763 0.08493282149712092 0.003165988240615106 0.001599488163787588
2 0.7315694255992763 0.09021113243761997 0.003165988240615106 0.0019193857965451055
1 0.9086386250565355 0.16122840690978887 0.010854816824966078 0.0006397952655150352
1 0.9086386250565355 0.1665067178502879 0.010854816824966078 0.0009596928982725527
1 0.9088647670737223 0.17178502879078694 0.010402532790592492 0.0006397952655150352
1 0.8028041610131162 0.16122840690978887 0.010854816824966078 0.0006397952655150352
1 0.8028041610131162 0.1665067178502879 0.010854816824966078 0.0009596928982725527
1 0.6282225237449118 0.18298144593730006 0.016282225237449117 0.0006397952655150352
1 0.5165083672546359 0.21481126039667306 0.010854816824966078 0.0009596928982725527
1 0.42017186793306194 0.21481126039667306 0.016282225237449117 0.0009596928982725527
1 0.42017186793306194 0.2200895713371721 0.016282225237449117 0.0006397952655150352
1 0.37358661239258256 0.21481126039667306 0.010854816824966078 0.0009596928982725527
1 0.37358661239258256 0.2200895713371721 0.010854816824966078 0.0006397952655150352
1 0.29511533242876525 0.21481126039667306 0.015829941203075532 0.0009596928982725527
134 0.5355042966983266 0.14539347408829176 0.8331071913161465 0.02143314139475368
134 0.5355042966983266 0.19881637875879718 0.8331071913161465 0.02143314139475368
120 0.5723654454997739 0.07373640435060781 0.1080958842152872 0.0067178502879078695
41 0.7514699231117141 0.19849648112603968 0.0004522840343735866 0.018234165067178502
41 0.7451379466304839 0.09500959692898273 0.0004522840343735866 0.016634676903390915
24 0.7485300768882859 0.209532949456174 0.007236544549977386 0.005118362124120281
93 0.7464947987336047 0.16298784388995521 0.007688828584350972 0.0067178502879078695
86 0.7476255088195387 0.14299424184261036 0.006331976481230212 0.013435700575815739
26 0.8028041610131162 0.1692258477287268 0.007236544549977386 0.005118362124120281
24 0.8028041610131162 0.08749200255918106 0.007236544549977386 0.0047984644913627635
120 0.5723654454997739 0.1618682021753039 0.1080958842152872 0.006397952655150352
41 0.7797376752600633 0.19033909149072298 0.0009045680687471732 0.014075495841330775
24 0.7765716870194482 0.19881637875879718 0.007236544549977386 0.0047984644913627635
93 0.7473993668023519 0.10988483685220729 0.007688828584350972 0.0067178502879078695
87 0.6524197195838987 0.08765195137555983 0.0067842605156037995 0.008957133717210493
41 0.6232473993668024 0.19017914267434421 0.0009045680687471732 0.01695457453614843
47 0.6331976481230213 0.1327575175943698 0.005427408412483039 0.005758157389635317
41 0.6298055178652193 0.14059500959692897 0.0004522840343735866 0.022072936660268713
53 0.6268656716417911 0.10012795905310301 0.005427408412483039 0.005758157389635317
41 0.6232473993668024 0.09468969929622521 0.0009045680687471732 0.01727447216890595
80 0.6282225237449118 0.16938579654510558 0.013568521031207599 0.0047984644913627635
30 0.6282225237449118 0.18042226487523993 0.010854816824966078 0.005118362124120281
26 0.6264133876074175 0.14811260396673065 0.007236544549977386 0.005118362124120281
26 0.6264133876074175 0.1533909149072297 0.007236544549977386 0.0047984644913627635
26 0.6264133876074175 0.08493282149712092 0.007236544549977386 0.0047984644913627635
121 0.5608322026232474 0.1785028790786948 0.08231569425599276 0.008317338451695458
26 0.7485300768882859 0.08493282149712092 0.007236544549977386 0.0047984644913627635
118 0.748303934871099 0.07085732565579014 0.005879692446856626 0.005438259756877799
86 0.6779737675260064 0.14299424184261036 0.006331976481230212 0.013435700575815739
86 0.6779737675260064 0.08525271912987843 0.006331976481230212 0.013115802943058221
87 0.6524197195838987 0.1455534229046705 0.0067842605156037995 0.008957133717210493
41 0.9120307553143374 0.08285348688419705 0.0004522840343735866 0.016634676903390915
63 0.8986883763003166 0.17178502879078694 0.006331976481230212 0.013435700575815739
41 0.9120307553143374 0.15515035188739604 0.0004522840343735866 0.030070377479206652
86 0.9079601990049752 0.19641714651311581 0.0067842605156037995 0.013435700575815739
26 0.9158751696065129 0.15866922584772872 0.007236544549977386 0.005118362124120281
24 0.9086386250565355 0.16122840690978887 0.007236544549977386 0.005118362124120281
24 0.9086386250565355 0.1665067178502879 0.007236544549977386 0.0047984644913627635
24 0.9086386250565355 0.17178502879078694 0.007236544549977386 0.005118362124120281
24 0.9086386250565355 0.09293026231605886 0.007236544549977386 0.0047984644913627635
41 0.8857982813206694 0.19017914267434421 0.0004522840343735866 0.013755598208573257
120 0.8686114880144731 0.09532949456174024 0.02668475802804161 0.003838771593090211
121 0.872003618272275 0.18618042226487524 0.027137042062415198 0.007677543186180422
120 0.8701944821347807 0.21017274472168906 0.027137042062415198 0.010236724248240563
120 0.8156942559927635 0.09532949456174024 0.025780189959294438 0.003838771593090211
121 0.8190863862505654 0.07213691618682022 0.026232473993668022 0.0028790786948176585
41 0.8322026232473994 0.08077415227127319 0.0009045680687471732 0.015674984005118364
26 0.8290366350067843 0.09021113243761997 0.007236544549977386 0.005118362124120281
121 0.7657168701944821 0.18602047344849648 0.02804161013116237 0.00799744081893794
41 0.8059701492537313 0.15435060780550225 0.0009045680687471732 0.028470889315419065
120 0.5737222976028946 0.1738643634037108 0.1080958842152872 0.00799744081893794
41 0.8059701492537313 0.07933461292386436 0.0009045680687471732 0.01471529110684581
86 0.8018995929443691 0.19641714651311581 0.006331976481230212 0.013435700575815739
26 0.8028041610131162 0.15866922584772872 0.007236544549977386 0.005118362124120281
26 0.8028041610131162 0.16394753678822777 0.007236544549977386 0.0047984644913627635
41 0.8857982813206694 0.08077415227127319 0.0004522840343735866 0.015674984005118364
24 0.8824061510628675 0.19881637875879718 0.007236544549977386 0.0047984644913627635
26 0.8824061510628675 0.09021113243761997 0.007236544549977386 0.005118362124120281
41 0.8586612392582542 0.19865642994241842 0.0004522840343735866 0.018554062699936022
121 0.872003618272275 0.07213691618682022 0.027137042062415198 0.0028790786948176585
41 0.8586612392582542 0.07901471529110685 0.0004522840343735866 0.014075495841330775
24 0.8552691090004523 0.209532949456174 0.007236544549977386 0.005118362124120281
86 0.8543645409317051 0.14299424184261036 0.006331976481230212 0.013435700575815739
24 0.8552691090004523 0.08749200255918106 0.007236544549977386 0.0047984644913627635
30 0.29534147444595205 0.19625719769673705 0.010854816824966078 0.005438259756877799
41 0.30009045680687474 0.19625719769673705 0.0004522840343735866 0.03294945617402431
41 0.2901402080506558 0.1529110684580934 0.0004522840343735866 0.026871401151631478
41 0.2901402080506558 0.08717210492642355 0.0004522840343735866 0.016314779270633396
26 0.37358661239258256 0.07965451055662189 0.007236544549977386 0.005118362124120281
28 0.29534147444595205 0.21481126039667306 0.010854816824966078 0.005438259756877799
30 0.29534147444595205 0.13755598208573255 0.010854816824966078 0.005118362124120281
28 0.29534147444595205 0.14539347408829176 0.010854816824966078 0.005438259756877799
28 0.29534147444595205 0.15067178502879078 0.010854816824966078 0.005118362124120281
74 0.29511533242876525 0.07277671145233525 0.0067842605156037995 0.0003198976327575176
28 0.29534147444595205 0.07709532949456174 0.010854816824966078 0.005118362124120281
86 0.24875621890547264 0.08525271912987843 0.006331976481230212 0.013115802943058221
41 0.37652645861601086 0.20329494561740244 0.0004522840343735866 0.03486884197056942
41 0.37652645861601086 0.13787587971849008 0.0004522840343735866 0.026871401151631478
41 0.3701944821347806 0.08909149072296865 0.0004522840343735866 0.017594369801663467
24 0.37358661239258256 0.204254638515675 0.007236544549977386 0.0047984644913627635
26 0.37358661239258256 0.22264875239923224 0.007236544549977386 0.005118362124120281
24 0.37358661239258256 0.1401151631477927 0.007236544549977386 0.005118362124120281
24 0.37358661239258256 0.14539347408829176 0.007236544549977386 0.0047984644913627635
26 0.37358661239258256 0.1533909149072297 0.007236544549977386 0.0047984644913627635
74 0.37336047037539577 0.07437619961612284 0.0067842605156037995 0.0003198976327575176
26 0.20443238353686116 0.08493282149712092 0.007236544549977386 0.0047984644913627635
16 0.17955676164631387 0.1401151631477927 0.011759384893713252 0.010236724248240563
16 0.17955676164631387 0.15067178502879078 0.011759384893713252 0.010236724248240563
67 0.15445499773857982 0.1436340371081254 0.0067842605156037995 0.011516314779270634
67 0.1614654002713704 0.13563659628918745 0.006331976481230212 0.011516314779270634
5 0.13432835820895522 0.14587332053742802 0.018995929443690638 0.03134996801023673
94 0.2028493894165536 0.16362763915547024 0.009497964721845319 0.0047984644913627635
95 0.21144278606965175 0.163787587971849 0.007688828584350972 0.007677543186180422
28 0.20578923563998192 0.1401151631477927 0.009950248756218905 0.005118362124120281
28 0.20578923563998192 0.14539347408829176 0.009950248756218905 0.005438259756877799
30 0.2062415196743555 0.1533909149072297 0.010854816824966078 0.005438259756877799
16 0.17955676164631387 0.08221369161868203 0.011759384893713252 0.010236724248240563
16 0.17955676164631387 0.09309021113243762 0.011759384893713252 0.010236724248240563
67 0.15445499773857982 0.08829174664107485 0.0067842605156037995 0.011516314779270634
67 0.1614654002713704 0.08045425463851567 0.006331976481230212 0.011836212412028152
6 0.13455450022614202 0.08765195137555983 0.019448213478064226 0.020473448496481125
94 0.20126639529624604 0.10924504158669227 0.009950248756218905 0.0047984644913627635
95 0.20963364993215738 0.10940499040307101 0.007688828584350972 0.007677543186180422
28 0.20691994572591588 0.20409468969929623 0.009497964721845319 0.005118362124120281
0 0.11216644052464948 0.17226487523992323 0.007236544549977386 0.0745361484325016
41 0.20126639529624604 0.2034548944337812 0.0009045680687471732 0.03262955854126679
41 0.21144278606965175 0.13835572616762637 0.0004522840343735866 0.02783109404990403
41 0.20126639529624604 0.09452975047984645 0.0009045680687471732 0.017594369801663467
16 0.17955676164631387 0.19353806781829813 0.011759384893713252 0.010236724248240563
16 0.17955676164631387 0.20441458733205375 0.011759384893713252 0.010236724248240563
67 0.15445499773857982 0.2023352527191299 0.0067842605156037995 0.011836212412028152
67 0.1614654002713704 0.1944977607165707 0.006331976481230212 0.011516314779270634
8 0.13432835820895522 0.1960972488803583 0.018995929443690638 0.013435700575815739
30 0.2062415196743555 0.18570057581573896 0.010854816824966078 0.005438259756877799
41 0.5232926277702397 0.14059500959692897 0.0009045680687471732 0.022072936660268713
41 0.519674355495251 0.19897632757517594 0.0009045680687471732 0.03390914907229686
63 0.506558118498417 0.15323096609085093 0.006331976481230212 0.013435700575815739
24 0.5165083672546359 0.19881637875879718 0.007236544549977386 0.0047984644913627635
26 0.5165083672546359 0.21737044145873322 0.007236544549977386 0.0047984644913627635
30 0.5183175033921302 0.14811260396673065 0.010854816824966078 0.005118362124120281
41 0.6022161917684306 0.1809021113243762 0.0004522840343735866 0.011196417146513116
24 0.5990502035278155 0.1882597568777991 0.0067842605156037995 0.0047984644913627635
41 0.5741745816372682 0.18730006397952656 0.0004522840343735866 0.019513755598208574
24 0.5707824513794663 0.19881637875879718 0.007236544549977386 0.0047984644913627635
41 0.5131162369968341 0.09500959692898273 0.0004522840343735866 0.016634676903390915
41 0.545906829488919 0.19273832373640434 0.0009045680687471732 0.02527191298784389
26 0.5427408412483039 0.20681381957773512 0.007236544549977386 0.0047984644913627635
74 0.42017186793306194 0.07437619961612284 0.007236544549977386 0.0003198976327575176
40 0.43057440072365444 0.14811260396673065 0.0027137042062415195 0.0019193857965451055
30 0.5183175033921302 0.1533909149072297 0.010854816824966078 0.005438259756877799
41 0.4151967435549525 0.09245041586692258 0.0009045680687471732 0.016634676903390915
40 0.43057440072365444 0.07965451055662189 0.0027137042062415195 0.0019193857965451055
30 0.41949344188150156 0.20153550863723607 0.009497964721845319 0.005118362124120281
28 0.42017186793306194 0.2200895713371721 0.010854816824966078 0.005118362124120281
30 0.41949344188150156 0.14267434420985284 0.009497964721845319 0.005118362124120281
28 0.42017186793306194 0.15067178502879078 0.010854816824966078 0.005118362124120281
28 0.42017186793306194 0.08221369161868203 0.010854816824966078 0.005118362124120281
41 0.4251469923111714 0.13787587971849008 0.0009045680687471732 0.023672424824056303
74 0.5180913613749435 0.07965451055662189 0.0067842605156037995 0.0006397952655150352
40 0.43057440072365444 0.20153550863723607 0.0027137042062415195 0.0019193857965451055
40 0.43057440072365444 0.14267434420985284 0.0027137042062415195 0.0019193857965451055
40 0.43057440072365444 0.21753039027511195 0.0027137042062415195 0.0019193857965451055
41 0.4251469923111714 0.2010556621880998 0.0009045680687471732 0.03550863723608445
30 0.5183175033921302 0.08493282149712092 0.010854816824966078 0.005438259756877799
134 0.4997738579828132 0.33061420345489445 0.9045680687471732 0.02143314139475368
134 0.4997738579828132 0.38835572616762637 0.9045680687471732 0.02111324376199616
1 0.61917684305744 0.31461932181701857 0.010854816824966078 0.0009596928982725527
1 0.276797829036635 0.34644913627639157 0.010854816824966078 0.0006397952655150352
1 0.9115784712799638 0.4041906589891235 0.011307100859339666 0.0009596928982725527
1 0.9115784712799638 0.4094689699296225 0.011307100859339666 0.0006397952655150352
1 0.9120307553143374 0.4147472808701216 0.010402532790592492 0.0009596928982725527
1 0.8113975576662144 0.4041906589891235 0.010854816824966078 0.0009596928982725527
1 0.8113975576662144 0.4094689699296225 0.010854816824966078 0.0006397952655150352
1 0.6987788331071914 0.4041906589891235 0.010854816824966078 0.0009596928982725527
1 0.6987788331071914 0.4094689699296225 0.010854816824966078 0.0006397952655150352
1 0.5924920850293984 0.4041906589891235 0.010854816824966078 0.0009596928982725527
1 0.5924920850293984 0.4094689699296225 0.010854816824966078 0.0006397952655150352
1 0.4832654907281773 0.4041906589891235 0.011307100859339666 0.0009596928982725527
1 0.3812754409769335 0.4041906589891235 0.010854816824966078 0.0009596928982725527
1 0.3812754409769335 0.4094689699296225 0.010854816824966078 0.0006397952655150352
1 0.276797829036635 0.4041906589891235 0.010854816824966078 0.0009596928982725527
1 0.276797829036635 0.4094689699296225 0.010854816824966078 0.0006397952655150352
1 0.2770239710538218 0.4147472808701216 0.010402532790592492 0.0009596928982725527
1 0.16644052464947987 0.4041906589891235 0.010854816824966078 0.0009596928982725527
1 0.16644052464947987 0.4094689699296225 0.010854816824966078 0.0006397952655150352
134 0.4997738579828132 0.44769673704414586 0.9045680687471732 0.02143314139475368
63 0.6639529624604251 0.4422584772872681 0.006331976481230212 0.013115802943058221
26 0.6987788331071914 0.32789507357645553 0.007236544549977386 0.005118362124120281
24 0.6987788331071914 0.4094689699296225 0.007236544549977386 0.005118362124120281
24 0.6987788331071914 0.4041906589891235 0.007236544549977386 0.0047984644913627635
26 0.7057892356399819 0.40163147792706333 0.0067842605156037995 0.0047984644913627635
86 0.6978742650384442 0.44529750479846447 0.006331976481230212 0.013435700575815739
41 0.6953867028493894 0.336212412028151 0.0004522840343735866 0.015355086372360844
115 0.6734509271822705 0.3067818298144594 0.003618272274988693 0.005758157389635317
121 0.24174581637268205 0.43474088291746643 0.02668475802804161 0.007677543186180422
41 0.6469923111714156 0.4460972488803583 0.0004522840343735866 0.02015355086372361
24 0.6739032112166441 0.3251759436980166 0.007236544549977386 0.0047984644913627635
24 0.6739032112166441 0.4422584772872681 0.007236544549977386 0.0047984644913627635
41 0.6705110809588422 0.3338131797824696 0.0004522840343735866 0.015674984005118364
41 0.6770691994572592 0.43458093410108767 0.0009045680687471732 0.013755598208573257
86 0.7589326096788783 0.38611644273832374 0.006331976481230212 0.013435700575815739
24 0.7598371777476255 0.4580934101087652 0.007236544549977386 0.005118362124120281
41 0.7564450474898237 0.3378119001919386 0.0004522840343735866 0.016634676903390915
118 0.7596110357304388 0.3139795265515035 0.005879692446856626 0.005438259756877799
120 0.250565355042967 0.35044785668586054 0.051560379918588875 0.00799744081893794
41 0.7017186793306196 0.3960332693538068 0.0004522840343735866 0.025591810620601407
121 0.1320669380370873 0.43474088291746643 0.02532790592492085 0.007677543186180422
26 0.7598371777476255 0.32789507357645553 0.007236544549977386 0.005118362124120281
41 0.7202623247399367 0.3397312859884837 0.0004522840343735866 0.01471529110684581
24 0.7236544549977386 0.3304542546385157 0.007236544549977386 0.005118362124120281
63 0.5576662143826323 0.32293666026871404 0.006331976481230212 0.012476007677543186
26 0.5676164631388512 0.3226167626359565 0.007236544549977386 0.0047984644913627635
24 0.5676164631388512 0.4475367882277671 0.007236544549977386 0.005118362124120281
41 0.5642243328810493 0.3307741522712732 0.0004522840343735866 0.01471529110684581
41 0.5705563093622795 0.4398592450415867 0.0004522840343735866 0.014075495841330775
24 0.5924920850293984 0.3198976327575176 0.007236544549977386 0.005118362124120281
120 0.1284486657620986 0.3411708253358925 0.02532790592492085 0.005438259756877799
41 0.5407055630936228 0.4470569417786308 0.0004522840343735866 0.018234165067178502
74 0.5922659430122117 0.3158989123480486 0.0067842605156037995 0.0003198976327575176
86 0.6431478968792401 0.38611644273832374 0.006331976481230212 0.013435700575815739
24 0.61917684305744 0.31461932181701857 0.007236544549977386 0.0047984644913627635
74 0.6189507010402533 0.3106206014075496 0.0067842605156037995 0.0006397952655150352
41 0.6157847127996382 0.32501599488163785 0.0004522840343735866 0.019193857965451054
26 0.6440524649479873 0.31733845169545744 0.007236544549977386 0.005118362124120281
24 0.6440524649479873 0.45825335892514396 0.007236544549977386 0.0047984644913627635
41 0.6406603346901855 0.3285348688419706 0.0004522840343735866 0.02111324376199616
26 0.5924920850293984 0.4121880998080614 0.007236544549977386 0.0047984644913627635
26 0.5924920850293984 0.4069097888675624 0.007236544549977386 0.005118362124120281
26 0.5924920850293984 0.40163147792706333 0.007236544549977386 0.0047984644913627635
86 0.5915875169606513 0.44529750479846447 0.006331976481230212 0.013435700575815739
41 0.5890999547715966 0.3283749200255918 0.0004522840343735866 0.015035188739603326
41 0.5954319312528268 0.39731285988483683 0.0004522840343735866 0.02815099168266155
41 0.9147444595205789 0.39811260396673065 0.0004522840343735866 0.029750479846449136
63 0.9018543645409317 0.4147472808701216 0.006331976481230212 0.013115802943058221
121 0.3724559023066486 0.3178182981445937 0.0773405698778833 0.00799744081893794
124 0.42107643600180916 0.35300703774792064 0.1890547263681592 0.007357645553422905
24 0.9115784712799638 0.4147472808701216 0.0067842605156037995 0.0047984644913627635
41 0.8898688376300317 0.43921944977607164 0.0004522840343735866 0.012795905310300703
24 0.9115784712799638 0.33589251439539347 0.0067842605156037995 0.005118362124120281
24 0.9115784712799638 0.4094689699296225 0.0067842605156037995 0.005118362124120281
24 0.9115784712799638 0.4041906589891235 0.0067842605156037995 0.0047984644913627635
26 0.9185888738127544 0.40163147792706333 0.007236544549977386 0.0047984644913627635
86 0.9109000452284034 0.44529750479846447 0.006331976481230212 0.013435700575815739
41 0.9147444595205789 0.3261356365962892 0.0004522840343735866 0.017594369801663467
120 0.5517865219357757 0.3190978886756238 0.029850746268656716 0.0067178502879078695
121 0.6621438263229308 0.4315419065898912 0.029850746268656716 0.010236724248240563
125 0.6886024423337856 0.4171465131158029 0.09814563545906829 0.007037747920665387
120 0.6843057440072365 0.31717850287907867 0.07960199004975124 0.014395393474088292
125 0.6888285843509724 0.35268714011516317 0.09769335142469471 0.007357645553422905
121 0.6802351876978743 0.34373000639795265 0.07960199004975124 0.009277031349968011
121 0.555857078245138 0.4349008317338452 0.029850746268656716 0.00799744081893794
121 0.7763455450022614 0.43474088291746643 0.02668475802804161 0.007677543186180422
121 0.5748530076888286 0.3384516954574536 0.0814111261872456 0.008957133717210493
120 0.44753505201266397 0.454254638515675 0.025780189959294438 0.018554062699936022
121 0.4488919041157847 0.4315419065898912 0.025780189959294438 0.010236724248240563
120 0.44527363184079605 0.3227767114523353 0.025780189959294438 0.003838771593090211
121 0.4421076436001809 0.3459692898272553 0.025780189959294438 0.0028790786948176585
124 0.44640434192673 0.418426103646833 0.1383989145183175 0.007037747920665387
120 0.3950701040253279 0.3365323096609085 0.02668475802804161 0.006397952655150352
120 0.343509724106739 0.3440499040307102 0.025780189959294438 0.004158669225847729
121 0.3466757123473541 0.43474088291746643 0.025780189959294438 0.007677543186180422
120 0.8751696065128901 0.45873320537428025 0.02532790592492085 0.010236724248240563
121 0.8772048846675712 0.43474088291746643 0.025780189959294438 0.007677543186180422
121 0.8772048846675712 0.3150991682661548 0.025780189959294438 0.0025591810620601407
121 0.8270013568521031 0.3150991682661548 0.024875621890547265 0.0025591810620601407
26 0.8113975576662144 0.4121880998080614 0.007236544549977386 0.0047984644913627635
24 0.7865219357756671 0.4475367882277671 0.007236544549977386 0.005118362124120281
41 0.7896879240162822 0.4393793985924504 0.0009045680687471732 0.015035188739603326
24 0.8113975576662144 0.3304542546385157 0.007236544549977386 0.005118362124120281
26 0.810719131614654 0.4069097888675624 0.005879692446856626 0.005118362124120281
26 0.810719131614654 0.40163147792706333 0.005879692446856626 0.0047984644913627635
86 0.8104929895974672 0.44529750479846447 0.006331976481230212 0.013435700575815739
41 0.8145635459068294 0.322296865003199 0.0009045680687471732 0.015035188739603326
41 0.7630031659882406 0.44769673704414586 0.0009045680687471732 0.019513755598208574
121 0.1589778380823157 0.32197696737044146 0.07914970601537766 0.00799744081893794
41 0.8145635459068294 0.39731285988483683 0.0009045680687471732 0.02815099168266155
120 0.2397105382180009 0.45873320537428025 0.026232473993668022 0.010236724248240563
41 0.8640886476707372 0.4470569417786308 0.0004522840343735866 0.018234165067178502
41 0.8640886476707372 0.32165706973768393 0.0004522840343735866 0.013755598208573257
26 0.8869289914066033 0.33317338451695455 0.007236544549977386 0.0047984644913627635
24 0.8869289914066033 0.4475367882277671 0.007236544549977386 0.005118362124120281
41 0.8898688376300317 0.3240563019833653 0.0004522840343735866 0.016634676903390915
41 0.83921302578019 0.32341650671785027 0.0004522840343735866 0.015355086372360844
26 0.8362731795567616 0.33317338451695455 0.007236544549977386 0.0047984644913627635
24 0.8611488014473089 0.3304542546385157 0.007236544549977386 0.005118362124120281
86 0.8602442333785617 0.38611644273832374 0.006331976481230212 0.013435700575815739
24 0.8611488014473089 0.45825335892514396 0.007236544549977386 0.0047984644913627635
24 0.22523744911804613 0.3411708253358925 0.007236544549977386 0.0047984644913627635
86 0.22433288104929897 0.38611644273832374 0.006331976481230212 0.013435700575815739
24 0.22523744911804613 0.4580934101087652 0.007236544549977386 0.005118362124120281
41 0.22840343735866123 0.331573896353167 0.0009045680687471732 0.017594369801663467
63 0.21528720036182722 0.34101087651951373 0.006331976481230212 0.013435700575815739
41 0.22840343735866123 0.44769673704414586 0.0009045680687471732 0.019513755598208574
26 0.19538670284938942 0.34373000639795265 0.007236544549977386 0.0047984644913627635
41 0.16983265490728178 0.3968330134357006 0.0004522840343735866 0.027191298784388994
75 0.19516056083220262 0.3478886756238004 0.0067842605156037995 0.0003198976327575176
41 0.19855269109000453 0.33413307741522713 0.0009045680687471732 0.017594369801663467
61 0.18588873812754408 0.3435700575815739 0.005427408412483039 0.014075495841330775
63 0.2668475802804161 0.4147472808701216 0.006331976481230212 0.013115802943058221
41 0.2799638172772501 0.3982725527831094 0.0009045680687471732 0.030070377479206652
26 0.3306196291270918 0.3384516954574536 0.007236544549977386 0.005118362124120281
86 0.32971506105834464 0.38611644273832374 0.006331976481230212 0.013435700575815739
24 0.3306196291270918 0.45825335892514396 0.007236544549977386 0.0047984644913627635
41 0.3335594753505201 0.3294945617402431 0.0004522840343735866 0.016634676903390915
24 0.276797829036635 0.4094689699296225 0.007236544549977386 0.005118362124120281
24 0.25192220714608776 0.4475367882277671 0.007236544549977386 0.005118362124120281
41 0.25508819538670285 0.4393793985924504 0.0009045680687471732 0.015035188739603326
24 0.276797829036635 0.34644913627639157 0.007236544549977386 0.005118362124120281
24 0.276797829036635 0.4147472808701216 0.007236544549977386 0.0047984644913627635
24 0.276797829036635 0.4041906589891235 0.007236544549977386 0.0047984644913627635
26 0.2838082315694256 0.40163147792706333 0.0067842605156037995 0.0047984644913627635
86 0.27589326096788785 0.44529750479846447 0.006331976481230212 0.013435700575815739
41 0.2799638172772501 0.3366922584772873 0.0009045680687471732 0.017594369801663467
5 0.06309362279511534 0.3889955214331414 0.01854364540931705 0.03134996801023673
67 0.08299412030755314 0.38643634037108127 0.0067842605156037995 0.011516314779270634
67 0.09000452284034374 0.3785988483685221 0.006331976481230212 0.011836212412028152
8 0.06309362279511534 0.4446577095329495 0.01854364540931705 0.013435700575815739
67 0.08299412030755314 0.4510556621880998 0.0067842605156037995 0.011516314779270634
67 0.09000452284034374 0.44305822136916184 0.006331976481230212 0.011516314779270634
26 0.11601085481682497 0.33317338451695455 0.0067842605156037995 0.0047984644913627635
86 0.1151062867480778 0.385956493921945 0.0067842605156037995 0.013115802943058221
24 0.11578471279963817 0.4580934101087652 0.007236544549977386 0.005118362124120281
41 0.11917684305744007 0.32581573896353166 0.0004522840343735866 0.013115802943058221
0 0.04093170511080959 0.41794625719769674 0.007688828584350972 0.08029430582213691
6 0.06331976481230213 0.3304542546385157 0.018995929443690638 0.020473448496481125
67 0.08299412030755314 0.3314139475367882 0.0067842605156037995 0.011516314779270634
67 0.09000452284034374 0.32341650671785027 0.006331976481230212 0.011516314779270634
75 0.16666666666666666 0.34373000639795265 0.0067842605156037995 0.0003198976327575176
41 0.14495703301673452 0.4387396033269354 0.0004522840343735866 0.013755598208573257
26 0.16644052464947987 0.3384516954574536 0.007236544549977386 0.005118362124120281
26 0.16644052464947987 0.4121880998080614 0.007236544549977386 0.0047984644913627635
26 0.16644052464947987 0.4069097888675624 0.007236544549977386 0.005118362124120281
26 0.16644052464947987 0.40163147792706333 0.007236544549977386 0.0047984644913627635
86 0.1657620985979195 0.44529750479846447 0.0067842605156037995 0.013435700575815739
41 0.16983265490728178 0.3304542546385157 0.0004522840343735866 0.01471529110684581
41 0.11917684305744007 0.44769673704414586 0.0004522840343735866 0.019513755598208574
82 0.304161013116237 0.3202175303902751 0.002261420171867933 0.004478566858605247
24 0.1417910447761194 0.33589251439539347 0.0067842605156037995 0.005118362124120281
24 0.1415649027589326 0.4475367882277671 0.007236544549977386 0.005118362124120281
41 0.14495703301673452 0.3280550223928343 0.0004522840343735866 0.013755598208573257
26 0.45861601085481685 0.32789507357645553 0.007236544549977386 0.005118362124120281
41 0.4357756671189507 0.4460972488803583 0.0004522840343735866 0.02015355086372361
26 0.45861601085481685 0.4396992962252079 0.007236544549977386 0.0047984644913627635
41 0.4552238805970149 0.33685220729366605 0.0004522840343735866 0.016634676903390915
41 0.46155585707824515 0.43330134357005756 0.0004522840343735866 0.011196417146513116
26 0.4079601990049751 0.32789507357645553 0.007236544549977386 0.005118362124120281
116 0.4077340569877883 0.30758157389635316 0.004975124378109453 0.005438259756877799
41 0.41090004522840345 0.3210172744721689 0.0004522840343735866 0.012476007677543186
24 0.43283582089552236 0.3304542546385157 0.007236544549977386 0.005118362124120281
86 0.4319312528267752 0.38611644273832374 0.006331976481230212 0.013435700575815739
24 0.43283582089552236 0.45825335892514396 0.007236544549977386 0.0047984644913627635
41 0.4294436906377205 0.33877159309021115 0.0004522840343735866 0.01471529110684581
26 0.5377657168701945 0.32789507357645553 0.007236544549977386 0.005118362124120281
86 0.5368611488014473 0.38611644273832374 0.006331976481230212 0.013435700575815739
24 0.5375395748530077 0.45825335892514396 0.0067842605156037995 0.0047984644913627635
41 0.5343735866123925 0.3352527191298784 0.0004522840343735866 0.013435700575815739
24 0.4832654907281773 0.3251759436980166 0.0067842605156037995 0.0047984644913627635
24 0.4832654907281773 0.4041906589891235 0.0067842605156037995 0.0047984644913627635
24 0.48281320669380373 0.39891234804862447 0.005879692446856626 0.005118362124120281
24 0.48281320669380373 0.3936340371081254 0.005879692446856626 0.0047984644913627635
86 0.48258706467661694 0.44529750479846447 0.006331976481230212 0.013435700575815739
41 0.48009950248756217 0.3347728726807422 0.0004522840343735866 0.017594369801663467
41 0.4864314789687924 0.3893154190658989 0.0004522840343735866 0.02815099168266155
24 0.35639981908638624 0.3357325655790147 0.007236544549977386 0.0047984644913627635
41 0.35933966530981454 0.326935380678183 0.0004522840343735866 0.01599488163787588
41 0.35933966530981454 0.4387396033269354 0.0004522840343735866 0.013755598208573257
24 0.35639981908638624 0.4475367882277671 0.007236544549977386 0.005118362124120281
41 0.3335594753505201 0.44769673704414586 0.0004522840343735866 0.019513755598208574
41 0.38421528720036185 0.39667306461932184 0.0004522840343735866 0.026871401151631478
41 0.38421528720036185 0.3240563019833653 0.0004522840343735866 0.014075495841330775
86 0.38037087290818633 0.44529750479846447 0.006331976481230212 0.013435700575815739
26 0.3812754409769335 0.40163147792706333 0.007236544549977386 0.0047984644913627635
26 0.3812754409769335 0.4069097888675624 0.007236544549977386 0.005118362124120281
26 0.3812754409769335 0.4121880998080614 0.007236544549977386 0.0047984644913627635
26 0.3812754409769335 0.33317338451695455 0.007236544549977386 0.0047984644913627635
134 0.4997738579828132 0.5791746641074856 0.9045680687471732 0.02143314139475368
2 0.9063772048846676 0.5766154830454254 0.0027137042062415195 0.001599488163787588
2 0.9063772048846676 0.5818937939859246 0.0027137042062415195 0.0019193857965451055
2 0.9063772048846676 0.6343570057581573 0.0027137042062415195 0.0019193857965451055
2 0.9063772048846676 0.6397952655150352 0.0027137042062415195 0.0019193857965451055
2 0.9063772048846676 0.6951375559820857 0.0027137042062415195 0.0019193857965451055
2 0.9063772048846676 0.7005758157389635 0.0027137042062415195 0.0019193857965451055
1 0.8141112618724559 0.5950095969289827 0.010854816824966078 0.0006397952655150352
1 0.7675260063319764 0.5950095969289827 0.010854816824966078 0.0006397952655150352
1 0.7209407507914971 0.5950095969289827 0.010854816824966078 0.0006397952655150352
1 0.6110357304387155 0.5950095969289827 0.010854816824966078 0.0006397952655150352
1 0.5400271370420624 0.5950095969289827 0.010854816824966078 0.0006397952655150352
134 0.4997738579828132 0.6370761356365963 0.9045680687471732 0.02143314139475368
1 0.6110357304387155 0.7136916186820218 0.010854816824966078 0.0006397952655150352
1 0.5160560832202623 0.7136916186820218 0.010854816824966078 0.0006397952655150352
1 0.5160560832202623 0.7189699296225208 0.010854816824966078 0.0009596928982725527
1 0.21347806422433288 0.7136916186820218 0.010854816824966078 0.0006397952655150352
134 0.4997738579828132 0.6978566858605246 0.9045680687471732 0.02143314139475368
1 0.8625056535504296 0.6529110684580934 0.010854816824966078 0.0006397952655150352
1 0.8625056535504296 0.6581893793985925 0.010854816824966078 0.0009596928982725527
1 0.8625056535504296 0.6634676903390915 0.010854816824966078 0.0006397952655150352
1 0.7675260063319764 0.6529110684580934 0.010854816824966078 0.0006397952655150352
1 0.7675260063319764 0.6581893793985925 0.010854816824966078 0.0009596928982725527
1 0.7209407507914971 0.6529110684580934 0.010854816824966078 0.0006397952655150352
1 0.7209407507914971 0.6581893793985925 0.010854816824966078 0.0009596928982725527
1 0.7211668928086838 0.6634676903390915 0.010402532790592492 0.0006397952655150352
1 0.6594301221166893 0.6529110684580934 0.010854816824966078 0.0006397952655150352
1 0.6594301221166893 0.6581893793985925 0.010854816824966078 0.0009596928982725527
1 0.6596562641338761 0.6634676903390915 0.010402532790592492 0.0006397952655150352
1 0.5644504748982361 0.6529110684580934 0.010854816824966078 0.0006397952655150352
1 0.5644504748982361 0.6581893793985925 0.010854816824966078 0.0009596928982725527
1 0.4554500226142017 0.6529110684580934 0.010854816824966078 0.0006397952655150352
1 0.4554500226142017 0.6581893793985925 0.010854816824966078 0.0009596928982725527
1 0.3613749434644957 0.6529110684580934 0.010854816824966078 0.0006397952655150352
1 0.3613749434644957 0.6581893793985925 0.010854816824966078 0.0009596928982725527
1 0.3618272274988693 0.6634676903390915 0.009950248756218905 0.0006397952655150352
1 0.2618724559023066 0.6529110684580934 0.010854816824966078 0.0006397952655150352
1 0.16327453640886477 0.6529110684580934 0.010854816824966078 0.0006397952655150352
1 0.16327453640886477 0.6581893793985925 0.010854816824966078 0.0009596928982725527
41 0.6829488919041158 0.5746960972488804 0.0009045680687471732 0.01695457453614843
24 0.6797829036635007 0.5844529750479847 0.007236544549977386 0.005118362124120281
47 0.6861148801447309 0.5690978886756238 0.005427408412483039 0.005758157389635317
24 0.7209407507914971 0.5951695457453615 0.007236544549977386 0.0047984644913627635
24 0.7209407507914971 0.6634676903390915 0.007236544549977386 0.005118362124120281
24 0.6594301221166893 0.6634676903390915 0.007236544549977386 0.005118362124120281
24 0.6363636363636364 0.6978566858605246 0.007236544549977386 0.0047984644913627635
41 0.6393034825870647 0.6906589891234804 0.0004522840343735866 0.012795905310300703
24 0.6589778380823157 0.6581893793985925 0.006331976481230212 0.0047984644913627635
26 0.6589778380823157 0.6503518873960332 0.006331976481230212 0.005118362124120281
86 0.6585255540479421 0.6954574536148432 0.006331976481230212 0.013435700575815739
41 0.6628222523744912 0.6473128598848369 0.0004522840343735866 0.031030070377479207
63 0.6494798733604704 0.6633077415227128 0.006331976481230212 0.013115802943058221
121 0.1555857078245138 0.567658349328215 0.07236544549977386 0.001599488163787588
63 0.7109905020352781 0.6633077415227128 0.006331976481230212 0.013115802943058221
24 0.7204884667571235 0.6581893793985925 0.006331976481230212 0.0047984644913627635
47 0.7277250113071009 0.6349968010236724 0.005427408412483039 0.005758157389635317
41 0.7243328810492989 0.6473128598848369 0.0004522840343735866 0.031030070377479207
41 0.7243328810492989 0.5847728726807422 0.0004522840343735866 0.019193857965451054
86 0.7202623247399367 0.6954574536148432 0.0067842605156037995 0.013435700575815739
26 0.7209407507914971 0.6503518873960332 0.007236544549977386 0.005118362124120281
24 0.5400271370420624 0.7084133077415227 0.007236544549977386 0.0047984644913627635
41 0.5434192672998643 0.5846129238643634 0.0004522840343735866 0.01695457453614843
41 0.5434192672998643 0.7007357645553423 0.0004522840343735866 0.013755598208573257
24 0.5400271370420624 0.5951695457453615 0.007236544549977386 0.0047984644913627635
24 0.5644504748982361 0.5897312859884837 0.007236544549977386 0.0047984644913627635
26 0.5644504748982361 0.6609085092770314 0.007236544549977386 0.005118362124120281
24 0.5637720488466758 0.6529110684580934 0.005879692446856626 0.005118362124120281
86 0.5635459068294889 0.6954574536148432 0.006331976481230212 0.013435700575815739
41 0.5192220714608774 0.7072936660268714 0.0009045680687471732 0.020473448496481125
41 0.5676164631388512 0.5825335892514395 0.0009045680687471732 0.012795905310300703
24 0.6110357304387155 0.5951695457453615 0.007236544549977386 0.0047984644913627635
86 0.6101311623699683 0.6346769033909149 0.006331976481230212 0.013435700575815739
26 0.6110357304387155 0.7164107485604606 0.007236544549977386 0.0047984644913627635
40 0.6196291270918136 0.5924504158669226 0.0027137042062415195 0.0019193857965451055
41 0.6142017186793306 0.585572616762636 0.0009045680687471732 0.017594369801663467
41 0.6142017186793306 0.70361484325016 0.0009045680687471732 0.02399232245681382
41 0.5676164631388512 0.6473128598848369 0.0009045680687471732 0.02527191298784389
26 0.5877431026684758 0.5924504158669226 0.0067842605156037995 0.005118362124120281
41 0.5909090909090909 0.5834932821497121 0.0004522840343735866 0.016634676903390915
68 0.9296698326549073 0.6369161868202176 0.004975124378109453 0.014075495841330775
68 0.9350972410673903 0.6289187460012796 0.004975124378109453 0.014075495841330775
69 0.9450474898236092 0.5711772232885477 0.0067842605156037995 0.013115802943058221
68 0.9296698326549073 0.581573896353167 0.004975124378109453 0.014075495841330775
68 0.9350972410673903 0.5735764555342291 0.004975124378109453 0.014075495841330775
69 0.9450474898236092 0.6263595649392194 0.0067842605156037995 0.013435700575815739
69 0.9450474898236092 0.6924184261036468 0.0067842605156037995 0.013115802943058221
68 0.9296698326549073 0.7028150991682661 0.004975124378109453 0.014075495841330775
68 0.9350972410673903 0.6948176583493282 0.004975124378109453 0.014075495841330775
53 0.8627317955676165 0.5919705694177864 0.005879692446856626 0.006078055022392835
41 0.8656716417910447 0.6468330134357005 0.0009045680687471732 0.030070377479206652
47 0.8688376300316599 0.6349968010236724 0.005427408412483039 0.005758157389635317
87 0.8855721393034826 0.5793346129238643 0.006331976481230212 0.008957133717210493
87 0.8855721393034826 0.6372360844529751 0.006331976481230212 0.008957133717210493
121 0.22908186341022163 0.6873000639795266 0.024875621890547265 0.009916826615483045
120 0.5275893260967888 0.600127959053103 0.02397105382180009 0.004478566858605247
121 0.5549525101763908 0.5748560460652591 0.07146087743102668 0.0019193857965451055
120 0.4687924016282225 0.5905310300703774 0.024875621890547265 0.006397952655150352
121 0.4231117141564903 0.6849008317338452 0.02397105382180009 0.007677543186180422
121 0.44753505201266397 0.567658349328215 0.07281772953414745 0.001599488163787588
121 0.32948891904115785 0.6746641074856046 0.02397105382180009 0.010236724248240563
121 0.34622342831298053 0.5951695457453615 0.0710085933966531 0.0035188739603326936
121 0.5312075983717774 0.6951375559820857 0.02397105382180009 0.005118362124120281
120 0.23767526006331977 0.5601407549584133 0.04839439167797377 0.005118362124120281
124 0.2125734961555857 0.667146513115803 0.10583446404341927 0.007357645553422905
124 0.21347806422433288 0.6017274472168906 0.1546811397557666 0.007037747920665387
120 0.12957937584803256 0.7090531030070377 0.02397105382180009 0.009916826615483045
121 0.13138851198552692 0.6849008317338452 0.02397105382180009 0.007677543186180422
120 0.12731795567616463 0.5898912348048625 0.02397105382180009 0.005118362124120281
120 0.8405698778833107 0.5799744081893794 0.04115784712799638 0.017914267434420986
121 0.8299412030755314 0.6844209852847088 0.02532790592492085 0.008637236084452975
41 0.8591135232926278 0.5865323096609085 0.0004522840343735866 0.01695457453614843
120 0.7817729534147445 0.5938899552143314 0.024875621890547265 0.013115802943058221
120 0.7331524197195839 0.600127959053103 0.023518769787426504 0.004478566858605247
121 0.7602894617819991 0.5718170185540628 0.07146087743102668 0.00799744081893794
121 0.6268656716417911 0.6871401151631478 0.02532790592492085 0.010236724248240563
125 0.6386250565355043 0.6039667306461932 0.10945273631840796 0.007037747920665387
125 0.6266395296246042 0.677063339731286 0.13342379014020805 0.007357645553422905
41 0.7706919945725916 0.6455534229046705 0.0009045680687471732 0.027511196417146513
26 0.7675260063319764 0.6556301983365324 0.007236544549977386 0.0047984644913627635
26 0.7675260063319764 0.6503518873960332 0.007236544549977386 0.005118362124120281
24 0.7675260063319764 0.7084133077415227 0.007236544549977386 0.0047984644913627635
41 0.7706919945725916 0.5823736404350608 0.0009045680687471732 0.022712731925783748
26 0.7675260063319764 0.6609085092770314 0.007236544549977386 0.005118362124120281
41 0.7706919945725916 0.6988163787587972 0.0009045680687471732 0.017594369801663467
26 0.7926277702397105 0.5818937939859246 0.0067842605156037995 0.005118362124120281
26 0.7444595205789236 0.5924504158669226 0.007236544549977386 0.005118362124120281
87 0.7442333785617368 0.6372360844529751 0.0067842605156037995 0.008957133717210493
41 0.7476255088195387 0.5823736404350608 0.0009045680687471732 0.018873960332693538
41 0.7957937584803256 0.5750159948816379 0.0004522840343735866 0.012476007677543186
24 0.7675260063319764 0.5951695457453615 0.007236544549977386 0.0047984644913627635
63 0.804161013116237 0.7109724888035829 0.006331976481230212 0.013115802943058221
24 0.83921302578019 0.6978566858605246 0.0067842605156037995 0.0047984644913627635
41 0.8423790140208051 0.6892194497760716 0.0004522840343735866 0.015674984005118364
26 0.8625056535504296 0.5766154830454254 0.007236544549977386 0.0047984644913627635
116 0.8625056535504296 0.5625399872040947 0.004522840343735866 0.005438259756877799
24 0.8625056535504296 0.6634676903390915 0.007236544549977386 0.005118362124120281
24 0.8625056535504296 0.6581893793985925 0.007236544549977386 0.0047984644913627635
26 0.8625056535504296 0.6503518873960332 0.007236544549977386 0.005118362124120281
86 0.8616010854816825 0.6954574536148432 0.006331976481230212 0.013435700575815739
24 0.8141112618724559 0.5951695457453615 0.007236544549977386 0.0047984644913627635
86 0.8132066938037087 0.6346769033909149 0.006331976481230212 0.013435700575815739
26 0.8141112618724559 0.7109724888035829 0.007236544549977386 0.0047984644913627635
41 0.8172772501130711 0.585572616762636 0.0009045680687471732 0.017594369801663467
41 0.8172772501130711 0.6991362763915547 0.0009045680687471732 0.022072936660268713
24 0.21347806422433288 0.7136916186820218 0.007236544549977386 0.005118362124120281
41 0.21008593396653097 0.5839731285988484 0.0004522840343735866 0.016314779270633396
86 0.2125734961555857 0.6346769033909149 0.006331976481230212 0.013435700575815739
41 0.21641791044776118 0.7023352527191299 0.0004522840343735866 0.02143314139475368
26 0.23835368611488014 0.6951375559820857 0.007236544549977386 0.005118362124120281
75 0.18860244233378562 0.5871721049264236 0.007236544549977386 0.0003198976327575176
26 0.18860244233378562 0.5818937939859246 0.007236544549977386 0.005118362124120281
41 0.24174581637268205 0.6888995521433141 0.0004522840343735866 0.011196417146513116
41 0.1919945725915875 0.5745361484325016 0.0004522840343735866 0.013435700575815739
24 0.21347806422433288 0.5738963531669866 0.007236544549977386 0.005118362124120281
117 0.2132519222071461 0.5571017274472169 0.004975124378109453 0.005438259756877799
74 0.2132519222071461 0.5660588611644274 0.0067842605156037995 0.0003198976327575176
26 0.3141112618724559 0.5766154830454254 0.0067842605156037995 0.0047984644913627635
94 0.310719131614654 0.6025271912987844 0.009950248756218905 0.0047984644913627635
95 0.31908638625056535 0.6025271912987844 0.007688828584350972 0.00799744081893794
86 0.31343283582089554 0.6346769033909149 0.006331976481230212 0.013435700575815739
94 0.3098145635459068 0.6553103007037748 0.009950248756218905 0.0047984644913627635
95 0.31840796019900497 0.6554702495201535 0.008141112618724558 0.007677543186180422
41 0.31094527363184077 0.5857325655790148 0.0004522840343735866 0.016634676903390915
24 0.26119402985074625 0.6423544465770953 0.005879692446856626 0.005118362124120281
24 0.2618724559023066 0.5738963531669866 0.007236544549977386 0.005118362124120281
74 0.26164631388511983 0.5660588611644274 0.0067842605156037995 0.0003198976327575176
26 0.2618724559023066 0.6556301983365324 0.007236544549977386 0.0047984644913627635
24 0.26119402985074625 0.6476327575175944 0.005879692446856626 0.0047984644913627635
41 0.16666666666666666 0.6453934740882917 0.0004522840343735866 0.027191298784388994
86 0.26096788783355945 0.6954574536148432 0.006331976481230212 0.013435700575815739
41 0.25848032564450474 0.5834932821497121 0.0004522840343735866 0.01727447216890595
41 0.26503844414292177 0.6394753678822777 0.0009045680687471732 0.030710172744721688
5 0.06309362279511534 0.6375559820857326 0.01854364540931705 0.03134996801023673
67 0.08299412030755314 0.6353166986564299 0.0067842605156037995 0.011516314779270634
67 0.09000452284034374 0.627319257837492 0.006331976481230212 0.011516314779270634
8 0.06309362279511534 0.694977607165707 0.01854364540931705 0.013755598208573257
67 0.08299412030755314 0.7012156110044786 0.0067842605156037995 0.011516314779270634
67 0.09000452284034374 0.6933781190019194 0.006331976481230212 0.011836212412028152
26 0.11601085481682497 0.5818937939859246 0.0067842605156037995 0.005118362124120281
86 0.1151062867480778 0.6346769033909149 0.0067842605156037995 0.013435700575815739
24 0.11601085481682497 0.7084133077415227 0.0067842605156037995 0.0047984644913627635
41 0.11917684305744007 0.5745361484325016 0.0004522840343735866 0.013435700575815739
0 0.04093170511080959 0.6673064619321817 0.007688828584350972 0.0818937939859245
6 0.06331976481230213 0.5791746641074856 0.018995929443690638 0.020793346129238645
67 0.08299412030755314 0.5799744081893794 0.0067842605156037995 0.011516314779270634
67 0.09000452284034374 0.5719769673704415 0.006331976481230212 0.011516314779270634
26 0.16350067842605157 0.6609085092770314 0.0067842605156037995 0.005118362124120281
41 0.14337403889642697 0.6893793985924505 0.0009045680687471732 0.014075495841330775
26 0.16350067842605157 0.5871721049264236 0.0067842605156037995 0.0047984644913627635
75 0.16350067842605157 0.5924504158669226 0.0067842605156037995 0.0006397952655150352
26 0.16350067842605157 0.6556301983365324 0.0067842605156037995 0.0047984644913627635
26 0.16350067842605157 0.6503518873960332 0.0067842605156037995 0.005118362124120281
86 0.1628222523744912 0.6954574536148432 0.006331976481230212 0.013435700575815739
41 0.16666666666666666 0.5770953294945618 0.0004522840343735866 0.018554062699936022
41 0.11917684305744007 0.6978566858605246 0.0004522840343735866 0.019513755598208574
26 0.3141112618724559 0.7056941778630839 0.0067842605156037995 0.005118362124120281
24 0.14020805065581185 0.5844529750479847 0.007236544549977386 0.005118362124120281
24 0.14020805065581185 0.6978566858605246 0.007236544549977386 0.0047984644913627635
41 0.14337403889642697 0.5758157389635317 0.0009045680687471732 0.01599488163787588
41 0.43532338308457713 0.5751759436980166 0.0004522840343735866 0.01471529110684581
41 0.41112618724559025 0.6975367882277671 0.0009045680687471732 0.018873960332693538
24 0.432157394843962 0.5844529750479847 0.0067842605156037995 0.005118362124120281
24 0.432157394843962 0.6978566858605246 0.0067842605156037995 0.0047984644913627635
41 0.43532338308457713 0.689699296225208 0.0004522840343735866 0.01471529110684581
86 0.40705563093622793 0.6346769033909149 0.006331976481230212 0.013435700575815739
24 0.38489371325192223 0.5791746641074856 0.007236544549977386 0.0047984644913627635
41 0.3815015829941203 0.5879718490083173 0.0004522840343735866 0.01599488163787588
26 0.4079601990049751 0.5818937939859246 0.007236544549977386 0.005118362124120281
116 0.4077340569877883 0.5606206014075495 0.004975124378109453 0.005438259756877799
24 0.4079601990049751 0.7084133077415227 0.007236544549977386 0.0047984644913627635
41 0.41112618724559025 0.5745361484325016 0.0009045680687471732 0.013435700575815739
24 0.5160560832202623 0.7189699296225208 0.007236544549977386 0.0047984644913627635
26 0.48077792853912255 0.5818937939859246 0.007236544549977386 0.005118362124120281
41 0.4837177747625509 0.5745361484325016 0.0004522840343735866 0.013435700575815739
26 0.5160560832202623 0.5924504158669226 0.007236544549977386 0.005118362124120281
86 0.5151515151515151 0.6346769033909149 0.006331976481230212 0.013435700575815739
41 0.5192220714608774 0.5834932821497121 0.0009045680687471732 0.016634676903390915
26 0.4554500226142017 0.5871721049264236 0.007236544549977386 0.0047984644913627635
26 0.4554500226142017 0.6609085092770314 0.007236544549977386 0.005118362124120281
26 0.4547715965626413 0.6556301983365324 0.005879692446856626 0.0047984644913627635
26 0.4547715965626413 0.6501919385796545 0.005879692446856626 0.0047984644913627635
86 0.45454545454545453 0.6954574536148432 0.006331976481230212 0.013435700575815739
41 0.45861601085481685 0.5770953294945618 0.0009045680687471732 0.018554062699936022
41 0.45861601085481685 0.6458733205374281 0.0009045680687471732 0.02815099168266155
41 0.3414744459520579 0.6769033909149073 0.0009045680687471732 0.01215611004478567
24 0.36114880144730893 0.6581893793985925 0.005879692446856626 0.0047984644913627635
24 0.3616010854816825 0.6634676903390915 0.0067842605156037995 0.005118362124120281
26 0.3616010854816825 0.5766154830454254 0.0067842605156037995 0.0047984644913627635
41 0.33491632745364086 0.5850927703134997 0.0004522840343735866 0.019193857965451054
26 0.3383084577114428 0.6845809341010877 0.007236544549977386 0.005118362124120281
24 0.3383084577114428 0.5738963531669866 0.007236544549977386 0.005118362124120281
63 0.3518769787426504 0.6633077415227128 0.006331976481230212 0.013115802943058221
41 0.3647670737222976 0.6473128598848369 0.0004522840343735866 0.031030070377479207
41 0.317277250113071 0.6920985284708893 0.0004522840343735866 0.025911708253358926
41 0.35843509724106737 0.5863723608445297 0.0004522840343735866 0.017914267434420986
86 0.36092265943012214 0.6954574536148432 0.006331976481230212 0.013435700575815739
26 0.3616010854816825 0.6503518873960332 0.0067842605156037995 0.005118362124120281
2 0.10741745816372682 0.826935380678183 0.003165988240615106 0.0019193857965451055
2 0.10741745816372682 0.8320537428023033 0.003165988240615106 0.0019193857965451055
2 0.10741745816372682 0.8846769033909149 0.003165988240615106 0.001599488163787588
2 0.10741745816372682 0.889955214331414 0.003165988240615106 0.0019193857965451055
2 0.10741745816372682 0.9379398592450416 0.003165988240615106 0.0019193857965451055
2 0.10741745816372682 0.9433781190019194 0.003165988240615106 0.0019193857965451055
134 0.4997738579828132 0.8293346129238643 0.9045680687471732 0.02143314139475368
1 0.8688376300316599 0.813659628918746 0.010854816824966078 0.0009596928982725527
1 0.5264586160108549 0.813659628918746 0.010854816824966078 0.0009596928982725527
1 0.4898236092265943 0.808381317978247 0.010854816824966078 0.0006397952655150352
1 0.4898236092265943 0.813659628918746 0.010854816824966078 0.0009596928982725527
1 0.4681139755766621 0.8029430582213691 0.010854816824966078 0.0006397952655150352
1 0.4681139755766621 0.808381317978247 0.010854816824966078 0.0006397952655150352
1 0.4681139755766621 0.813659628918746 0.010854816824966078 0.0009596928982725527
1 0.44323835368611486 0.808381317978247 0.010854816824966078 0.0006397952655150352
1 0.44323835368611486 0.813659628918746 0.010854816824966078 0.0009596928982725527
1 0.41971958389868835 0.8029430582213691 0.010854816824966078 0.0006397952655150352
1 0.41971958389868835 0.808381317978247 0.010854816824966078 0.0006397952655150352
1 0.41971958389868835 0.813659628918746 0.010854816824966078 0.0009596928982725527
1 0.39620081411126185 0.808381317978247 0.010854816824966078 0.0006397952655150352
1 0.39620081411126185 0.813659628918746 0.010854816824966078 0.0009596928982725527
1 0.37449118046132973 0.8029430582213691 0.010854816824966078 0.0006397952655150352
1 0.37449118046132973 0.808381317978247 0.010854816824966078 0.0006397952655150352
1 0.37449118046132973 0.813659628918746 0.010854816824966078 0.0009596928982725527
1 0.3487109905020353 0.808381317978247 0.010854816824966078 0.0006397952655150352
1 0.3487109905020353 0.813659628918746 0.010854816824966078 0.0009596928982725527
1 0.3251922207146088 0.808381317978247 0.010854816824966078 0.0006397952655150352
1 0.3251922207146088 0.813659628918746 0.010854816824966078 0.0009596928982725527
1 0.26594301221166894 0.8029430582213691 0.010854816824966078 0.0006397952655150352
1 0.26594301221166894 0.808381317978247 0.010854816824966078 0.0006397952655150352
1 0.26594301221166894 0.813659628918746 0.010854816824966078 0.0009596928982725527
1 0.24129353233830847 0.808381317978247 0.011307100859339666 0.0006397952655150352
1 0.24129353233830847 0.813659628918746 0.011307100859339666 0.0009596928982725527
1 0.21800090456806875 0.8029430582213691 0.010854816824966078 0.0006397952655150352
1 0.21800090456806875 0.808381317978247 0.010854816824966078 0.0006397952655150352
1 0.21800090456806875 0.813659628918746 0.010854816824966078 0.0009596928982725527
1 0.19402985074626866 0.808381317978247 0.010854816824966078 0.0006397952655150352
1 0.19402985074626866 0.813659628918746 0.010854816824966078 0.0009596928982725527
1 0.1723202170963365 0.8029430582213691 0.010854816824966078 0.0006397952655150352
1 0.1723202170963365 0.808381317978247 0.010854816824966078 0.0006397952655150352
1 0.1723202170963365 0.813659628918746 0.010854816824966078 0.0009596928982725527
1 0.12347354138398914 0.808381317978247 0.010854816824966078 0.0006397952655150352
1 0.12347354138398914 0.813659628918746 0.010854816824966078 0.0009596928982725527
134 0.4997738579828132 0.9406589891234804 0.9045680687471732 0.02143314139475368
134 0.4997738579828132 0.8872360844529751 0.9045680687471732 0.02143314139475368
86 0.6675712347354138 0.9382597568777991 0.006331976481230212 0.013435700575815739
41 0.6653098145635459 0.8366922584772872 0.0009045680687471732 0.01695457453614843
41 0.6718679330619629 0.8817978246960972 0.0004522840343735866 0.023352527191298784
26 0.668475802804161 0.895233525271913 0.007236544549977386 0.0047984644913627635
26 0.69041157847128 0.900511836212412 0.0067842605156037995 0.005118362124120281
41 0.6935775667118951 0.8849968010236724 0.0004522840343735866 0.029750479846449136
24 0.6440524649479873 0.824216250799744 0.007236544549977386 0.0047984644913627635
26 0.6440524649479873 0.900511836212412 0.007236544549977386 0.005118362124120281
41 0.6406603346901855 0.832853486884197 0.0004522840343735866 0.015674984005118364
24 0.668475802804161 0.8819577735124761 0.007236544549977386 0.005118362124120281
41 0.6469923111714156 0.8843570057581573 0.0004522840343735866 0.031030070377479207
26 0.668475802804161 0.8267754318618042 0.007236544549977386 0.0047984644913627635
41 0.7519222071460877 0.940978886756238 0.0004522840343735866 0.016314779270633396
82 0.6971958389868838 0.818937939859245 0.002261420171867933 0.004478566858605247
24 0.7487562189054726 0.824216250799744 0.0067842605156037995 0.0047984644913627635
5 0.7198100407055631 0.8317338451695457 0.014925373134328358 0.02495201535508637
87 0.7485300768882859 0.8873960332693538 0.006331976481230212 0.008957133717210493
24 0.7487562189054726 0.9512156110044786 0.0067842605156037995 0.0047984644913627635
41 0.7455902306648575 0.8318937939859246 0.0004522840343735866 0.013755598208573257
41 0.5533695160560832 0.8837172104926424 0.0004522840343735866 0.029750479846449136
41 0.547037539574853 0.8262955854126679 0.0004522840343735866 0.016634676903390915
24 0.5748530076888286 0.818937939859245 0.007236544549977386 0.005118362124120281
24 0.5748530076888286 0.8872360844529751 0.007236544549977386 0.0047984644913627635
24 0.5741745816372682 0.8819577735124761 0.005879692446856626 0.005118362124120281
86 0.5739484396200815 0.9382597568777991 0.006331976481230212 0.013435700575815739
41 0.5714608774310267 0.8282149712092131 0.0004522840343735866 0.01727447216890595
41 0.5298507462686567 0.940978886756238 0.0004522840343735866 0.016314779270633396
26 0.5502035278154681 0.8162188099808061 0.0067842605156037995 0.0047984644913627635
26 0.5502035278154681 0.900511836212412 0.0067842605156037995 0.005118362124120281
41 0.617141564902759 0.8312539987204095 0.0004522840343735866 0.015674984005118364
41 0.5999547715965626 0.8837172104926424 0.0004522840343735866 0.029750479846449136
26 0.6205336951605608 0.8214971209213052 0.007236544549977386 0.005118362124120281
87 0.620307553143374 0.8873960332693538 0.0067842605156037995 0.008957133717210493
24 0.6205336951605608 0.9512156110044786 0.007236544549977386 0.0047984644913627635
41 0.5780189959294437 0.8782789507357646 0.0009045680687471732 0.016314779270633396
41 0.6234735413839891 0.941618682021753 0.0004522840343735866 0.017594369801663467
24 0.5965626413387607 0.824216250799744 0.007236544549977386 0.0047984644913627635
26 0.5965626413387607 0.900511836212412 0.007236544549977386 0.005118362124120281
41 0.5933966530981456 0.8323736404350608 0.0009045680687471732 0.01471529110684581
41 0.9183627317955676 0.8861164427383237 0.0004522840343735866 0.02495201535508637
24 0.9154228855721394 0.818937939859245 0.007236544549977386 0.005118362124120281
74 0.9151967435549525 0.8147792706333973 0.0067842605156037995 0.0006397952655150352
26 0.9154228855721394 0.900511836212412 0.007236544549977386 0.005118362124120281
41 0.9120307553143374 0.8270953294945618 0.0004522840343735866 0.015035188739603326
6 0.9378109452736318 0.8293346129238643 0.014925373134328358 0.016314779270633396
26 0.8925825418362732 0.8214971209213052 0.0067842605156037995 0.005118362124120281
74 0.8925825418362732 0.8162188099808061 0.0067842605156037995 0.0003198976327575176
26 0.8923563998190864 0.889955214331414 0.007236544549977386 0.005118362124120281
26 0.8919041157847128 0.8846769033909149 0.006331976481230212 0.0047984644913627635
86 0.891677973767526 0.9382597568777991 0.0067842605156037995 0.013435700575815739
41 0.8891904115784712 0.8278950735764555 0.0009045680687471732 0.011516314779270634
41 0.8957485300768883 0.8814779270633397 0.0004522840343735866 0.015674984005118364
121 0.3756218905472637 0.8688419705694178 0.04748982360922659 0.0019193857965451055
121 0.6289009497964722 0.8400511836212412 0.023066485753052916 0.003838771593090211
120 0.573270013568521 0.9081893793985925 0.046585255540479424 0.004478566858605247
121 0.576662143826323 0.8688419705694178 0.04613297150610583 0.0019193857965451055
121 0.5583446404341926 0.8370121561100448 0.07010402532790593 0.00799744081893794
120 0.4665309814563546 0.9081893793985925 0.046585255540479424 0.004478566858605247
121 0.4699231117141565 0.8688419705694178 0.04613297150610583 0.0019193857965451055
120 0.432157394843962 0.7981445937300063 0.023066485753052916 0.004478566858605247
121 0.45160560832202623 0.8294945617402432 0.07010402532790593 0.0019193857965451055
120 0.3724559023066486 0.9083493282149712 0.04748982360922659 0.0047984644913627635
121 0.6705110809588422 0.8688419705694178 0.046585255540479424 0.0019193857965451055
121 0.3575305291723202 0.8294945617402432 0.0710085933966531 0.0019193857965451055
120 0.2645861601085482 0.9080294305822136 0.04613297150610583 0.0047984644913627635
121 0.2677521483491633 0.8688419705694178 0.04613297150610583 0.0019193857965451055
121 0.2261420171867933 0.8299744081893794 0.023518769787426504 0.0028790786948176585
121 0.18000904568068749 0.8299744081893794 0.021709633649932156 0.0028790786948176585
120 0.17028493894165536 0.9083493282149712 0.04748982360922659 0.0047984644913627635
121 0.17367706919945725 0.8688419705694178 0.04703753957485301 0.0019193857965451055
120 0.8921302578018996 0.9081893793985925 0.046585255540479424 0.004478566858605247
121 0.8952962460425147 0.8723608445297505 0.046585255540479424 0.0019193857965451055
120 0.8557213930348259 0.810300703774792 0.024423337856173677 0.006397952655150352
121 0.8765264586160109 0.8347728726807422 0.07055630936227951 0.001599488163787588
120 0.7962460425146992 0.9083493282149712 0.04839439167797377 0.0047984644913627635
121 0.7996381727725012 0.8723608445297505 0.04794210764360018 0.0019193857965451055
121 0.7813206693803709 0.8400511836212412 0.07191316146540028 0.0019193857965451055
120 0.6671189507010402 0.9080294305822136 0.04613297150610583 0.0047984644913627635
41 0.8000904568068747 0.8817978246960972 0.0009045680687471732 0.018234165067178502
74 0.7969244685662596 0.8162188099808061 0.007236544549977386 0.0003198976327575176
24 0.7969244685662596 0.8925143953934741 0.007236544549977386 0.005118362124120281
24 0.7969244685662596 0.8872360844529751 0.007236544549977386 0.0047984644913627635
86 0.7960199004975125 0.9382597568777991 0.006331976481230212 0.013435700575815739
41 0.7935323383084577 0.8326935380678183 0.0004522840343735866 0.014075495841330775
24 0.7969244685662596 0.824216250799744 0.007236544549977386 0.0047984644913627635
26 0.8206693803708729 0.8162188099808061 0.0067842605156037995 0.0047984644913627635
26 0.7722749886928991 0.8214971209213052 0.0067842605156037995 0.005118362124120281
26 0.7722749886928991 0.900511836212412 0.0067842605156037995 0.005118362124120281
41 0.769109000452284 0.830934101087652 0.0004522840343735866 0.017594369801663467
74 0.8206693803708729 0.8122200895713372 0.0067842605156037995 0.0006397952655150352
41 0.7754409769335142 0.8862763915547025 0.0004522840343735866 0.027191298784388994
26 0.8688376300316599 0.900511836212412 0.007236544549977386 0.005118362124120281
41 0.8475802804161013 0.9412987843889955 0.0009045680687471732 0.01695457453614843
24 0.8688376300316599 0.813659628918746 0.007236544549977386 0.0047984644913627635
41 0.865445499773858 0.8245361484325016 0.0004522840343735866 0.02015355086372361
41 0.872003618272275 0.8862763915547025 0.0009045680687471732 0.027191298784388994
26 0.8204432383536862 0.900511836212412 0.007236544549977386 0.005118362124120281
41 0.8172772501130711 0.8283749200255918 0.0009045680687471732 0.022712731925783748
41 0.823835368611488 0.8862763915547025 0.0004522840343735866 0.027191298784388994
24 0.8444142921754862 0.818937939859245 0.007236544549977386 0.005118362124120281
87 0.8441881501582994 0.8873960332693538 0.0067842605156037995 0.008957133717210493
24 0.8444142921754862 0.9512156110044786 0.007236544549977386 0.0047984644913627635
41 0.8410221619176843 0.8270953294945618 0.0004522840343735866 0.015035188739603326
41 0.22094075079149705 0.940978886756238 0.0004522840343735866 0.016314779270633396
26 0.24151967435549526 0.805662188099808 0.007236544549977386 0.0047984644913627635
26 0.24151967435549526 0.900511836212412 0.007236544549977386 0.005118362124120281
41 0.23812754409769335 0.81829814459373 0.0004522840343735866 0.023672424824056303
41 0.24445952057892356 0.8843570057581573 0.0004522840343735866 0.031030070377479207
26 0.19402985074626866 0.805662188099808 0.007236544549977386 0.0047984644913627635
26 0.19402985074626866 0.900511836212412 0.007236544549977386 0.005118362124120281
41 0.19086386250565354 0.81829814459373 0.0009045680687471732 0.023672424824056303
41 0.19742198100407055 0.8843570057581573 0.0004522840343735866 0.031030070377479207
24 0.21800090456806875 0.803103007037748 0.007236544549977386 0.0047984644913627635
87 0.21777476255088196 0.8873960332693538 0.0067842605156037995 0.008957133717210493
24 0.21800090456806875 0.9512156110044786 0.007236544549977386 0.0047984644913627635
41 0.21460877431026684 0.8165387076135636 0.0004522840343735866 0.02527191298784389
26 0.2876526458616011 0.900511836212412 0.007236544549977386 0.005118362124120281
41 0.291044776119403 0.8843570057581573 0.0004522840343735866 0.031030070377479207
24 0.3251922207146088 0.8082213691618682 0.007236544549977386 0.0047984644913627635
87 0.324966078697422 0.8873960332693538 0.0067842605156037995 0.008957133717210493
41 0.32202623247399365 0.8190978886756238 0.0009045680687471732 0.02015355086372361
24 0.26594301221166894 0.8029430582213691 0.007236544549977386 0.005118362124120281
26 0.26594301221166894 0.889955214331414 0.007236544549977386 0.005118362124120281
24 0.26549072817729535 0.8819577735124761 0.006331976481230212 0.005118362124120281
86 0.26503844414292177 0.9382597568777991 0.006331976481230212 0.013435700575815739
41 0.26255088195386705 0.8165387076135636 0.0004522840343735866 0.02527191298784389
41 0.2693351424694708 0.8790786948176583 0.0004522840343735866 0.020473448496481125
69 0.08299412030755314 0.9352207293666027 0.0067842605156037995 0.013115802943058221
6 0.06331976481230213 0.8294945617402432 0.018995929443690638 0.020473448496481125
5 0.06309362279511534 0.8878758797184901 0.01854364540931705 0.03166986564299424
8 0.06309362279511534 0.9376199616122841 0.01854364540931705 0.013435700575815739
24 0.12347354138398914 0.8082213691618682 0.007236544549977386 0.0047984644913627635
0 0.04093170511080959 0.9139475367882278 0.007688828584350972 0.07485604606525911
93 0.12234283129805518 0.8470889315419066 0.007688828584350972 0.006397952655150352
124 0.856625961103573 0.9155470249520153 0.17639077340569878 0.007037747920665387
124 0.8688376300316599 0.8472488803582854 0.1519674355495251 0.007357645553422905
69 0.08299412030755314 0.8213371721049264 0.0067842605156037995 0.013115802943058221
69 0.08299412030755314 0.8766794625719769 0.0067842605156037995 0.013115802943058221
26 0.1723202170963365 0.800383877159309 0.007236544549977386 0.005118362124120281
24 0.1723202170963365 0.8872360844529751 0.007236544549977386 0.0047984644913627635
24 0.17164179104477612 0.8819577735124761 0.005879692446856626 0.005118362124120281
86 0.17141564902758932 0.9382597568777991 0.006331976481230212 0.013435700575815739
41 0.1689280868385346 0.8150991682661548 0.0004522840343735866 0.02815099168266155
41 0.1754862053369516 0.8776391554702495 0.0009045680687471732 0.017594369801663467
87 0.12324739936680235 0.8873960332693538 0.0067842605156037995 0.008957133717210493
93 0.12211668928086838 0.9048304542546385 0.008141112618724558 0.0067178502879078695
24 0.12347354138398914 0.9512156110044786 0.007236544549977386 0.0047984644913627635
41 0.12008141112618724 0.8190978886756238 0.0004522840343735866 0.02015355086372361
24 0.3251922207146088 0.9512156110044786 0.007236544549977386 0.0047984644913627635
41 0.12663952962460426 0.941618682021753 0.0009045680687471732 0.017594369801663467
26 0.14654002713704206 0.900511836212412 0.007236544549977386 0.005118362124120281
41 0.14993215739484397 0.8843570057581573 0.0004522840343735866 0.031030070377479207
41 0.4466304839439168 0.8837172104926424 0.0004522840343735866 0.029750479846449136
26 0.44323835368611486 0.805662188099808 0.007236544549977386 0.0047984644913627635
26 0.44323835368611486 0.900511836212412 0.007236544549977386 0.005118362124120281
41 0.44007236544549977 0.8178182981445937 0.0009045680687471732 0.022712731925783748
24 0.4681139755766621 0.8029430582213691 0.007236544549977386 0.005118362124120281
74 0.46788783355947533 0.7989443378119002 0.0067842605156037995 0.0003198976327575176
26 0.4681139755766621 0.889955214331414 0.007236544549977386 0.005118362124120281
24 0.46743554952510175 0.8819577735124761 0.005879692446856626 0.005118362124120281
41 0.399366802351877 0.8838771593090211 0.0009045680687471732 0.030070377479206652
24 0.41971958389868835 0.8029430582213691 0.007236544549977386 0.005118362124120281
24 0.41971958389868835 0.9512156110044786 0.007236544549977386 0.0047984644913627635
41 0.41655359565807326 0.8165387076135636 0.0009045680687471732 0.02527191298784389
86 0.46720940750791495 0.9382597568777991 0.006331976481230212 0.013435700575815739
41 0.4231117141564903 0.941618682021753 0.0004522840343735866 0.017594369801663467
87 0.5264586160108549 0.8873960332693538 0.006331976481230212 0.008957133717210493
41 0.4932157394843962 0.8838771593090211 0.0004522840343735866 0.030070377479206652
24 0.5266847580280416 0.813659628918746 0.0067842605156037995 0.0047984644913627635
24 0.5266847580280416 0.9512156110044786 0.0067842605156037995 0.0047984644913627635
41 0.5235187697874265 0.8240563019833653 0.0004522840343735866 0.019193857965451054
41 0.46472184531886024 0.8165387076135636 0.0004522840343735866 0.02527191298784389
41 0.47127996381727727 0.8790786948176583 0.0009045680687471732 0.020473448496481125
87 0.41949344188150156 0.8873960332693538 0.0067842605156037995 0.008957133717210493
24 0.4898236092265943 0.808381317978247 0.007236544549977386 0.005118362124120281
74 0.4898236092265943 0.8042226487523992 0.007236544549977386 0.0006397952655150352
26 0.4898236092265943 0.900511836212412 0.007236544549977386 0.005118362124120281
41 0.4866576209859792 0.8190978886756238 0.0009045680687471732 0.02015355086372361
41 0.3710990502035278 0.8157389635316699 0.0004522840343735866 0.026871401151631478
86 0.37358661239258256 0.9382597568777991 0.006331976481230212 0.013435700575815739
24 0.37449118046132973 0.8819577735124761 0.007236544549977386 0.005118362124120281
24 0.37449118046132973 0.8872360844529751 0.007236544549977386 0.0047984644913627635
74 0.37426503844414294 0.79638515674984 0.0067842605156037995 0.0003198976327575176
26 0.37449118046132973 0.800383877159309 0.007236544549977386 0.005118362124120281
41 0.3521031207598372 0.8838771593090211 0.0004522840343735866 0.030070377479206652
41 0.34531886024423336 0.8181381957773513 0.0004522840343735866 0.022072936660268713
26 0.3487109905020353 0.900511836212412 0.007236544549977386 0.005118362124120281
26 0.3487109905020353 0.805662188099808 0.007236544549977386 0.0047984644913627635
41 0.39280868385345996 0.8181381957773513 0.0004522840343735866 0.022072936660268713
41 0.3285843509724107 0.941618682021753 0.0004522840343735866 0.017594369801663467
26 0.39620081411126185 0.805662188099808 0.007236544549977386 0.0047984644913627635
74 0.39620081411126185 0.8015035188739603 0.007236544549977386 0.0003198976327575176
26 0.39620081411126185 0.900511836212412 0.007236544549977386 0.005118362124120281
41 0.37743102668475803 0.8776391554702495 0.0004522840343735866 0.017594369801663467