134 0.4997448979591837 0.0633116883116883 0.9045918367346939 0.024170274170274172
1 0.888265306122449 0.045454545454545456 0.0163265306122449 0.0007215007215007215
1 0.8181122448979592 0.09307359307359307 0.015816326530612244 0.0007215007215007215
1 0.8181122448979592 0.09884559884559885 0.015816326530612244 0.0007215007215007215
1 0.8181122448979592 0.10497835497835498 0.015816326530612244 0.0007215007215007215
1 0.775765306122449 0.09884559884559885 0.015816326530612244 0.0007215007215007215
1 0.775765306122449 0.10497835497835498 0.015816326530612244 0.0007215007215007215
1 0.7344387755102041 0.09307359307359307 0.015816326530612244 0.0007215007215007215
1 0.7344387755102041 0.09884559884559885 0.015816326530612244 0.0007215007215007215
1 0.7344387755102041 0.10497835497835498 0.015816326530612244 0.0007215007215007215
1 0.6920918367346939 0.10497835497835498 0.015816326530612244 0.0007215007215007215
1 0.6431122448979592 0.10497835497835498 0.015816326530612244 0.0007215007215007215
1 0.5163265306122449 0.10497835497835498 0.0163265306122449 0.0007215007215007215
1 0.4673469387755102 0.09884559884559885 0.0163265306122449 0.0007215007215007215
1 0.4673469387755102 0.10497835497835498 0.0163265306122449 0.0007215007215007215
1 0.2892857142857143 0.09884559884559885 0.0163265306122449 0.0007215007215007215
1 0.2892857142857143 0.10497835497835498 0.0163265306122449 0.0007215007215007215
134 0.4997448979591837 0.12283549783549784 0.9045918367346939 0.024170274170274172
41 0.6869897959183674 0.11778499278499278 0.0005102040816326531 0.021284271284271284
24 0.6920918367346939 0.05140692640692641 0.010714285714285714 0.006132756132756133
41 0.6869897959183674 0.06240981240981241 0.0005102040816326531 0.01948051948051948
40 0.7058673469387755 0.048340548340548344 0.004591836734693878 0.002886002886002886
24 0.6920918367346939 0.10479797979797979 0.010714285714285714 0.006132756132756133
24 0.7349489795918367 0.10479797979797979 0.009693877551020408 0.006132756132756133
53 0.7545918367346939 0.0652958152958153 0.01020408163265306 0.01875901875901876
41 0.7484693877551021 0.0652958152958153 0.0010204081632653062 0.01948051948051948
24 0.7535714285714286 0.11093073593073594 0.01020408163265306 0.006132756132756133
26 0.7535714285714286 0.054292929292929296 0.01020408163265306 0.006132756132756133
41 0.7293367346938775 0.11129148629148629 0.0005102040816326531 0.032106782106782104
24 0.7344387755102041 0.09289321789321789 0.010714285714285714 0.006132756132756133
41 0.7063775510204081 0.1204906204906205 0.0005102040816326531 0.013708513708513708
24 0.7112244897959183 0.11093073593073594 0.01020408163265306 0.006132756132756133
53 0.5785714285714286 0.12193362193362194 0.01020408163265306 0.01875901875901876
41 0.5724489795918367 0.12193362193362194 0.0010204081632653062 0.01948051948051948
24 0.5775510204081633 0.11093073593073594 0.01020408163265306 0.006132756132756133
41 0.5573979591836735 0.0670995670995671 0.0005102040816326531 0.031746031746031744
30 0.5627551020408164 0.048340548340548344 0.011224489795918367 0.006493506493506494
28 0.5627551020408164 0.0633116883116883 0.011224489795918367 0.006854256854256854
24 0.5987244897959184 0.11093073593073594 0.010714285714285714 0.006132756132756133
41 0.5410714285714285 0.06908369408369408 0.0005102040816326531 0.031385281385281384
24 0.5461734693877551 0.05140692640692641 0.010714285714285714 0.006132756132756133
26 0.5461734693877551 0.0661976911976912 0.010714285714285714 0.006132756132756133
41 0.5323979591836735 0.12229437229437229 0.0005102040816326531 0.01875901875901876
24 0.5375 0.11093073593073594 0.010714285714285714 0.006132756132756133
121 0.17755102040816326 0.06872294372294373 0.00816326530612245 0.003246753246753247
121 0.1655612244897959 0.07233044733044733 0.03316326530612245 0.005411255411255411
24 0.6431122448979592 0.05140692640692641 0.010714285714285714 0.006132756132756133
41 0.6571428571428571 0.12067099567099566 0.0010204081632653062 0.015512265512265512
24 0.6619897959183674 0.11093073593073594 0.010714285714285714 0.006132756132756133
41 0.6380102040816327 0.11580086580086581 0.0005102040816326531 0.023088023088023088
41 0.6380102040816327 0.0689033189033189 0.0005102040816326531 0.032467532467532464
26 0.6431122448979592 0.10191197691197691 0.010714285714285714 0.006132756132756133
26 0.6431122448979592 0.0661976911976912 0.010714285714285714 0.006132756132756133
41 0.6147959183673469 0.11994949494949494 0.0010204081632653062 0.01479076479076479
24 0.6196428571428572 0.11093073593073594 0.010714285714285714 0.006132756132756133
41 0.5936224489795918 0.12031024531024531 0.0005102040816326531 0.016233766233766232
41 0.9359693877551021 0.06240981240981241 0.0005102040816326531 0.023088023088023088
26 0.9410714285714286 0.04852092352092352 0.010714285714285714 0.006132756132756133
61 0.9020408163265307 0.04852092352092352 0.006122448979591836 0.026334776334776336
41 0.9089285714285714 0.06240981240981241 0.0005102040816326531 0.023088023088023088
26 0.914030612244898 0.04852092352092352 0.010714285714285714 0.006132756132756133
41 0.8831632653061224 0.06132756132756133 0.0010204081632653062 0.02813852813852814
24 0.8880102040816327 0.045454545454545456 0.010714285714285714 0.005772005772005772
41 0.8767857142857143 0.12085137085137085 0.0005102040816326531 0.015151515151515152
24 0.8818877551020409 0.11093073593073594 0.010714285714285714 0.006132756132756133
121 0.18392857142857144 0.13672438672438672 0.06989795918367347 0.007936507936507936
121 0.27168367346938777 0.12878787878787878 0.06377551020408163 0.0021645021645021645
121 0.3650510204081633 0.12878787878787878 0.06377551020408163 0.0021645021645021645
121 0.44974489795918365 0.12878787878787878 0.06377551020408163 0.0021645021645021645
121 0.5369897959183674 0.08152958152958154 0.008673469387755102 0.002886002886002886
121 0.5262755102040816 0.0873015873015873 0.03010204081632653 0.004329004329004329
121 0.6255102040816326 0.12878787878787878 0.06326530612244897 0.0021645021645021645
121 0.7178571428571429 0.12878787878787878 0.061224489795918366 0.0021645021645021645
121 0.8237244897959184 0.12878787878787878 0.10561224489795919 0.0021645021645021645
121 0.8747448979591836 0.07215007215007214 0.12193877551020409 0.007936507936507936
121 0.8744897959183674 0.0772005772005772 0.12244897959183673 0.007936507936507936
130 0.8801020408163265 0.035533910533910536 0.007142857142857143 0.007575757575757576
59 0.9285714285714286 0.04527417027417027 0.007142857142857143 0.01984126984126984
41 0.8130102040816326 0.0698051948051948 0.0005102040816326531 0.01984126984126984
24 0.8181122448979592 0.09289321789321789 0.010714285714285714 0.006132756132756133
24 0.8186224489795918 0.10479797979797979 0.009693877551020408 0.006132756132756133
24 0.8181122448979592 0.05735930735930736 0.010714285714285714 0.005772005772005772
41 0.789795918367347 0.12067099567099566 0.0010204081632653062 0.015512265512265512
24 0.7946428571428571 0.11093073593073594 0.010714285714285714 0.006132756132756133
41 0.7706632653061225 0.11345598845598845 0.0005102040816326531 0.029942279942279944
41 0.7706632653061225 0.0689033189033189 0.0005102040816326531 0.018037518037518036
26 0.775765306122449 0.09595959595959595 0.010714285714285714 0.005772005772005772
26 0.775765306122449 0.10191197691197691 0.010714285714285714 0.006132756132756133
24 0.775765306122449 0.05735930735930736 0.010714285714285714 0.005772005772005772
41 0.7484693877551021 0.12031024531024531 0.0010204081632653062 0.016233766233766232
41 0.8696428571428572 0.06565656565656566 0.0005102040816326531 0.023088023088023088
24 0.8744897959183674 0.05140692640692641 0.01020408163265306 0.006132756132756133
61 0.8474489795918367 0.054653679653679656 0.006122448979591836 0.026334776334776336
41 0.8543367346938775 0.06746031746031746 0.0005102040816326531 0.020923520923520924
26 0.8591836734693877 0.054292929292929296 0.01020408163265306 0.006132756132756133
41 0.8283163265306123 0.06782106782106782 0.0005102040816326531 0.022366522366522368
26 0.8334183673469387 0.054292929292929296 0.010714285714285714 0.006132756132756133
41 0.8130102040816326 0.11129148629148629 0.0005102040816326531 0.03427128427128427
61 0.8061224489795918 0.057539682539682536 0.006122448979591836 0.026334776334776336
24 0.24489795918367346 0.11093073593073594 0.01020408163265306 0.006132756132756133
26 0.2900510204081633 0.10191197691197691 0.009693877551020408 0.006132756132756133
24 0.2895408163265306 0.0633116883116883 0.010714285714285714 0.006132756132756133
41 0.26096938775510203 0.12067099567099566 0.0005102040816326531 0.015512265512265512
24 0.26607142857142857 0.11093073593073594 0.010714285714285714 0.006132756132756133
41 0.24005102040816326 0.12031024531024531 0.0005102040816326531 0.016233766233766232
26 0.2895408163265306 0.09595959595959595 0.010714285714285714 0.005772005772005772
41 0.21862244897959185 0.12319624819624819 0.0005102040816326531 0.020562770562770564
24 0.22372448979591836 0.11093073593073594 0.010714285714285714 0.006132756132756133
41 0.19770408163265307 0.12427849927849928 0.0005102040816326531 0.022005772005772004
41 0.33341836734693875 0.07215007215007214 0.0005102040816326531 0.018037518037518036
40 0.3525510204081633 0.060425685425685424 0.00510204081632653 0.0025252525252525255
24 0.3385204081632653 0.11093073593073594 0.010714285714285714 0.006132756132756133
41 0.30331632653061225 0.12085137085137085 0.0005102040816326531 0.015151515151515152
24 0.3084183673469388 0.11093073593073594 0.010714285714285714 0.006132756132756133
41 0.2844387755102041 0.11273448773448773 0.0005102040816326531 0.031385281385281384
41 0.2844387755102041 0.07377344877344877 0.0005102040816326531 0.0183982683982684
67 0.09183673469387756 0.060064935064935064 0.007142857142857143 0.01984126984126984
67 0.09974489795918368 0.051226551226551224 0.007653061224489796 0.020202020202020204
67 0.1076530612244898 0.06295093795093795 0.007142857142857143 0.01984126984126984
67 0.11556122448979592 0.054292929292929296 0.007653061224489796 0.01984126984126984
67 0.12346938775510204 0.06601731601731602 0.007142857142857143 0.01948051948051948
24 0.1540816326530612 0.12283549783549784 0.01020408163265306 0.006132756132756133
24 0.1540816326530612 0.05140692640692641 0.01020408163265306 0.006132756132756133
67 0.09183673469387756 0.12554112554112554 0.007142857142857143 0.01948051948051948
67 0.09974489795918368 0.1167027417027417 0.007653061224489796 0.01984126984126984
67 0.1076530612244898 0.12860750360750361 0.007142857142857143 0.01984126984126984
67 0.11556122448979592 0.11958874458874459 0.007653061224489796 0.01984126984126984
67 0.12346938775510204 0.1314935064935065 0.007142857142857143 0.01984126984126984
8 0.06938775510204082 0.12355699855699856 0.02959183673469388 0.027056277056277056
40 0.16760204081632654 0.048340548340548344 0.004591836734693878 0.002886002886002886
5 0.0663265306122449 0.06367243867243867 0.02346938775510204 0.050865800865800864
0 0.04056122448979592 0.09307359307359307 0.009693877551020408 0.0836940836940837
41 0.17219387755102042 0.12536075036075037 0.0005102040816326531 0.024170274170274172
41 0.20841836734693878 0.05483405483405483 0.0005102040816326531 0.01875901875901876
24 0.20280612244897958 0.11093073593073594 0.010714285714285714 0.006132756132756133
30 0.2030612244897959 0.06637806637806638 0.011224489795918367 0.006493506493506494
41 0.18239795918367346 0.06691919191919192 0.0005102040816326531 0.01406926406926407
24 0.1875 0.05735930735930736 0.010714285714285714 0.005772005772005772
30 0.33877551020408164 0.06024531024531025 0.011224489795918367 0.006493506493506494
24 0.17729591836734693 0.11093073593073594 0.010714285714285714 0.006132756132756133
41 0.1489795918367347 0.13167388167388167 0.0010204081632653062 0.015151515151515152
41 0.1489795918367347 0.061507936507936505 0.0010204081632653062 0.017676767676767676
41 0.4813775510204082 0.12085137085137085 0.0005102040816326531 0.015151515151515152
24 0.48647959183673467 0.11093073593073594 0.010714285714285714 0.006132756132756133
41 0.4625 0.11345598845598845 0.0005102040816326531 0.029942279942279944
24 0.5168367346938776 0.06944444444444445 0.009183673469387756 0.006132756132756133
41 0.4625 0.0689033189033189 0.0005102040816326531 0.018037518037518036
26 0.4673469387755102 0.09595959595959595 0.01020408163265306 0.005772005772005772
26 0.4673469387755102 0.10191197691197691 0.01020408163265306 0.006132756132756133
24 0.4673469387755102 0.05735930735930736 0.01020408163265306 0.005772005772005772
41 0.439030612244898 0.12085137085137085 0.0005102040816326531 0.015151515151515152
24 0.4441326530612245 0.11093073593073594 0.010714285714285714 0.006132756132756133
53 0.5176020408163265 0.11580086580086581 0.010714285714285714 0.01875901875901876
41 0.5114795918367347 0.11652236652236653 0.0005102040816326531 0.018037518037518036
40 0.5301020408163265 0.05447330447330447 0.00510204081632653 0.002886002886002886
41 0.5114795918367347 0.07251082251082251 0.0005102040816326531 0.031024531024531024
40 0.5301020408163265 0.06637806637806638 0.00510204081632653 0.002886002886002886
24 0.5165816326530612 0.10479797979797979 0.010714285714285714 0.006132756132756133
26 0.5165816326530612 0.054292929292929296 0.010714285714285714 0.006132756132756133
41 0.39668367346938777 0.12067099567099566 0.0005102040816326531 0.015512265512265512
24 0.4017857142857143 0.11093073593073594 0.010714285714285714 0.006132756132756133
41 0.37576530612244896 0.12085137085137085 0.0005102040816326531 0.015151515151515152
24 0.3806122448979592 0.11093073593073594 0.01020408163265306 0.006132756132756133
24 0.3594387755102041 0.11093073593073594 0.010714285714285714 0.006132756132756133
41 0.33341836734693875 0.12031024531024531 0.0005102040816326531 0.016233766233766232
41 0.35433673469387755 0.12031024531024531 0.0005102040816326531 0.016233766233766232
41 0.4181122448979592 0.12085137085137085 0.0005102040816326531 0.015151515151515152
24 0.4229591836734694 0.11093073593073594 0.01020408163265306 0.006132756132756133
134 0.4997448979591837 0.32341269841269843 0.9045918367346939 0.024170274170274172
1 0.6426020408163265 0.2996031746031746 0.015816326530612244 0.0010822510822510823
1 0.6426020408163265 0.3055555555555556 0.015816326530612244 0.0007215007215007215
1 0.5160714285714286 0.3055555555555556 0.015816326530612244 0.0007215007215007215
1 0.4670918367346939 0.2996031746031746 0.015816326530612244 0.0010822510822510823
1 0.4670918367346939 0.3055555555555556 0.015816326530612244 0.0007215007215007215
134 0.4997448979591837 0.2638888888888889 0.9045918367346939 0.024170274170274172
41 0.6142857142857143 0.3203463203463203 0.0010204081632653062 0.015151515151515152
24 0.6193877551020408 0.3115079365079365 0.01020408163265306 0.006132756132756133
41 0.5931122448979592 0.3216089466089466 0.0005102040816326531 0.015512265512265512
24 0.5982142857142857 0.3115079365079365 0.010714285714285714 0.006132756132756133
53 0.5780612244897959 0.3225108225108225 0.01020408163265306 0.01875901875901876
41 0.5721938775510204 0.32323232323232326 0.0005102040816326531 0.018037518037518036
24 0.5770408163265306 0.3115079365079365 0.01020408163265306 0.006132756132756133
24 0.6915816326530613 0.3115079365079365 0.010714285714285714 0.006132756132756133
30 0.6918367346938775 0.255050505050505 0.011224489795918367 0.006493506493506494
41 0.6563775510204082 0.3207070707070707 0.0005102040816326531 0.01443001443001443
24 0.6614795918367347 0.3115079365079365 0.010714285714285714 0.006132756132756133
41 0.6375 0.31493506493506496 0.0005102040816326531 0.025974025974025976
41 0.6375 0.27254689754689754 0.0005102040816326531 0.0183982683982684
24 0.6426020408163265 0.2996031746031746 0.010714285714285714 0.006132756132756133
26 0.6426020408163265 0.261002886002886 0.010714285714285714 0.006132756132756133
40 0.5295918367346939 0.255050505050505 0.00510204081632653 0.002886002886002886
53 0.5170918367346938 0.31673881673881676 0.010714285714285714 0.01875901875901876
41 0.510969387755102 0.3172799422799423 0.0005102040816326531 0.0183982683982684
41 0.510969387755102 0.27326839826839827 0.0005102040816326531 0.031385281385281384
40 0.5295918367346939 0.26695526695526695 0.00510204081632653 0.002886002886002886
24 0.5160714285714286 0.30573593073593075 0.010714285714285714 0.006132756132756133
26 0.5160714285714286 0.255050505050505 0.010714285714285714 0.005772005772005772
24 0.5160714285714286 0.270021645021645 0.010714285714285714 0.006132756132756133
121 0.17755102040816326 0.2694805194805195 0.00816326530612245 0.002886002886002886
121 0.1655612244897959 0.27290764790764793 0.03316326530612245 0.005411255411255411
41 0.5568877551020408 0.2676767676767677 0.0005102040816326531 0.031746031746031744
30 0.5622448979591836 0.2490981240981241 0.011224489795918367 0.006854256854256854
28 0.5622448979591836 0.26406926406926406 0.011224489795918367 0.006493506493506494
41 0.5408163265306123 0.2702020202020202 0.0010204081632653062 0.032467532467532464
24 0.5456632653061224 0.251984126984127 0.010714285714285714 0.006132756132756133
26 0.5456632653061224 0.2671356421356421 0.010714285714285714 0.006132756132756133
41 0.5321428571428571 0.32287157287157287 0.0010204081632653062 0.01875901875901876
24 0.5369897959183674 0.3115079365079365 0.010714285714285714 0.006132756132756133
41 0.813265306122449 0.3203463203463203 0.0010204081632653062 0.015151515151515152
69 0.9150510204081632 0.25126262626262624 0.008673469387755102 0.024170274170274172
69 0.9244897959183673 0.2601010101010101 0.009183673469387756 0.024531024531024532
69 0.9339285714285714 0.2481962481962482 0.008673469387755102 0.024531024531024532
69 0.9433673469387756 0.25721500721500723 0.009183673469387756 0.024531024531024532
41 0.8344387755102041 0.3217893217893218 0.0005102040816326531 0.015151515151515152
24 0.8395408163265307 0.3115079365079365 0.010714285714285714 0.006132756132756133
68 0.8704081632653061 0.26424963924963923 0.006122448979591836 0.026334776334776336
68 0.877295918367347 0.25523088023088025 0.0066326530612244895 0.026334776334776336
68 0.886734693877551 0.2671356421356421 0.006122448979591836 0.026334776334776336
68 0.8933673469387755 0.25811688311688313 0.006122448979591836 0.026334776334776336
68 0.9025510204081633 0.2702020202020202 0.006122448979591836 0.025974025974025976
24 0.8181122448979592 0.3115079365079365 0.010714285714285714 0.006132756132756133
41 0.7920918367346939 0.3208874458874459 0.0005102040816326531 0.01406926406926407
24 0.7971938775510204 0.3115079365079365 0.010714285714285714 0.006132756132756133
121 0.18392857142857144 0.3373015873015873 0.06989795918367347 0.007936507936507936
121 0.2714285714285714 0.32936507936507936 0.06326530612244897 0.0021645021645021645
121 0.3647959183673469 0.32936507936507936 0.06326530612244897 0.0021645021645021645
121 0.44948979591836735 0.32936507936507936 0.06326530612244897 0.0021645021645021645
121 0.5364795918367347 0.2822871572871573 0.008673469387755102 0.0025252525252525255
121 0.5260204081632653 0.2878787878787879 0.02959183673469388 0.004329004329004329
121 0.625 0.32936507936507936 0.06326530612244897 0.0021645021645021645
121 0.7183673469387755 0.32936507936507936 0.06326530612244897 0.0021645021645021645
121 0.8025510204081633 0.32936507936507936 0.06326530612244897 0.0021645021645021645
68 0.8704081632653061 0.32954545454545453 0.006122448979591836 0.026334776334776336
68 0.877295918367347 0.3207070707070707 0.0066326530612244895 0.025974025974025976
68 0.886734693877551 0.33261183261183264 0.006122448979591836 0.025974025974025976
68 0.8933673469387755 0.32377344877344877 0.006122448979591836 0.026334776334776336
68 0.9025510204081633 0.3356782106782107 0.006122448979591836 0.026334776334776336
69 0.9150510204081632 0.31673881673881676 0.008673469387755102 0.024531024531024532
69 0.9244897959183673 0.32575757575757575 0.009183673469387756 0.024531024531024532
69 0.9339285714285714 0.31385281385281383 0.008673469387755102 0.024531024531024532
69 0.9433673469387756 0.3225108225108225 0.009183673469387756 0.024531024531024532
41 0.7073979591836734 0.32142857142857145 0.0005102040816326531 0.015873015873015872
24 0.7125 0.3115079365079365 0.010714285714285714 0.006132756132756133
41 0.6864795918367347 0.32106782106782106 0.0005102040816326531 0.016594516594516596
41 0.7497448979591836 0.3216089466089466 0.0005102040816326531 0.015512265512265512
41 0.7711734693877551 0.3217893217893218 0.0005102040816326531 0.015151515151515152
24 0.7760204081632653 0.3115079365079365 0.01020408163265306 0.006132756132756133
85 0.7772959183673469 0.25036075036075034 0.012755102040816327 0.002886002886002886
41 0.6864795918367347 0.26587301587301587 0.0005102040816326531 0.01948051948051948
24 0.7548469387755102 0.3115079365079365 0.010714285714285714 0.006132756132756133
41 0.7288265306122449 0.3217893217893218 0.0005102040816326531 0.015151515151515152
24 0.7336734693877551 0.3115079365079365 0.01020408163265306 0.006132756132756133
41 0.24005102040816326 0.3217893217893218 0.0005102040816326531 0.015151515151515152
24 0.24489795918367346 0.3115079365079365 0.01020408163265306 0.006132756132756133
41 0.21862244897959185 0.32395382395382394 0.0005102040816326531 0.020202020202020204
24 0.22372448979591836 0.3115079365079365 0.010714285714285714 0.006132756132756133
41 0.19770408163265307 0.325036075036075 0.0005102040816326531 0.021645021645021644
41 0.20841836734693878 0.25577200577200576 0.0005102040816326531 0.01875901875901876
24 0.20255102040816325 0.3115079365079365 0.01020408163265306 0.006132756132756133
30 0.2030612244897959 0.26695526695526695 0.011224489795918367 0.006493506493506494
41 0.28214285714285714 0.2747113997113997 0.0010204081632653062 0.017676767676767676
41 0.30331632653061225 0.3217893217893218 0.0005102040816326531 0.015151515151515152
24 0.3084183673469388 0.3115079365079365 0.010714285714285714 0.006132756132756133
41 0.28214285714285714 0.32142857142857145 0.0010204081632653062 0.015873015873015872
41 0.18239795918367346 0.2674963924963925 0.0005102040816326531 0.01406926406926407
24 0.2869897959183674 0.3115079365079365 0.010714285714285714 0.006132756132756133
24 0.2869897959183674 0.2638888888888889 0.010714285714285714 0.006132756132756133
41 0.26096938775510203 0.3216089466089466 0.0005102040816326531 0.015512265512265512
24 0.26607142857142857 0.3115079365079365 0.010714285714285714 0.006132756132756133
67 0.09183673469387756 0.3262987012987013 0.007142857142857143 0.01984126984126984
67 0.09974489795918368 0.3172799422799423 0.007653061224489796 0.01984126984126984
67 0.1076530612244898 0.3291847041847042 0.007142857142857143 0.01984126984126984
67 0.11556122448979592 0.3203463203463203 0.007653061224489796 0.020202020202020204
67 0.12346938775510204 0.33207070707070707 0.007142857142857143 0.01984126984126984
8 0.06938775510204082 0.3241341991341991 0.02959183673469388 0.027056277056277056
67 0.09183673469387756 0.2606421356421356 0.007142857142857143 0.01984126984126984
67 0.09974489795918368 0.251984126984127 0.007653061224489796 0.01984126984126984
67 0.1076530612244898 0.2637085137085137 0.007142857142857143 0.01948051948051948
67 0.11556122448979592 0.25487012987012986 0.007653061224489796 0.01984126984126984
67 0.12346938775510204 0.2667748917748918 0.007142857142857143 0.01984126984126984
5 0.0663265306122449 0.2644300144300144 0.02346938775510204 0.051226551226551224
0 0.04056122448979592 0.29383116883116883 0.009693877551020408 0.08333333333333333
41 0.1489795918367347 0.3324314574314574 0.0010204081632653062 0.015512265512265512
24 0.18724489795918367 0.25811688311688313 0.01020408163265306 0.006132756132756133
41 0.17219387755102042 0.3259379509379509 0.0005102040816326531 0.024170274170274172
24 0.17729591836734693 0.3115079365079365 0.010714285714285714 0.006132756132756133
41 0.1489795918367347 0.2620851370851371 0.0010204081632653062 0.017676767676767676
40 0.16760204081632654 0.24927849927849927 0.004591836734693878 0.002886002886002886
24 0.1538265306122449 0.32341269841269843 0.010714285714285714 0.006132756132756133
24 0.1538265306122449 0.251984126984127 0.010714285714285714 0.006132756132756133
41 0.4176020408163265 0.32016594516594515 0.0005102040816326531 0.0183982683982684
26 0.42270408163265305 0.30862193362193363 0.010714285714285714 0.006132756132756133
41 0.39668367346938777 0.3217893217893218 0.0005102040816326531 0.015151515151515152
24 0.40153061224489794 0.3115079365079365 0.01020408163265306 0.006132756132756133
41 0.3752551020408163 0.3216089466089466 0.0005102040816326531 0.015512265512265512
41 0.35433673469387755 0.3217893217893218 0.0005102040816326531 0.015151515151515152
41 0.48112244897959183 0.32142857142857145 0.0010204081632653062 0.015873015873015872
24 0.48596938775510207 0.3115079365079365 0.010714285714285714 0.006132756132756133
41 0.46198979591836736 0.3142135642135642 0.0005102040816326531 0.030303030303030304
24 0.38035714285714284 0.3115079365079365 0.010714285714285714 0.006132756132756133
41 0.46198979591836736 0.26966089466089466 0.0005102040816326531 0.0183982683982684
26 0.4670918367346939 0.2967171717171717 0.010714285714285714 0.006132756132756133
26 0.4670918367346939 0.3024891774891775 0.010714285714285714 0.006132756132756133
24 0.4670918367346939 0.25811688311688313 0.010714285714285714 0.006132756132756133
41 0.439030612244898 0.3217893217893218 0.0005102040816326531 0.015151515151515152
24 0.44387755102040816 0.3115079365079365 0.01020408163265306 0.006132756132756133
24 0.3594387755102041 0.3115079365079365 0.010714285714285714 0.006132756132756133
41 0.33316326530612245 0.32142857142857145 0.0010204081632653062 0.015873015873015872
41 0.33316326530612245 0.27236652236652237 0.0010204081632653062 0.01875901875901876
40 0.3522959183673469 0.2611832611832612 0.004591836734693878 0.002886002886002886
24 0.3380102040816326 0.3115079365079365 0.010714285714285714 0.006132756132756133
30 0.338265306122449 0.261002886002886 0.011224489795918367 0.006854256854256854
134 0.4997448979591837 0.4648268398268398 0.9045918367346939 0.024170274170274172
134 0.4997448979591837 0.5241702741702742 0.9045918367346939 0.023809523809523808
1 0.559438775510204 0.5420274170274171 0.015816326530612244 0.0010822510822510823
1 0.5 0.5420274170274171 0.0163265306122449 0.0010822510822510823
1 0.4038265306122449 0.5420274170274171 0.015816326530612244 0.0010822510822510823
1 0.35586734693877553 0.5420274170274171 0.015816326530612244 0.0010822510822510823
1 0.29642857142857143 0.5420274170274171 0.0163265306122449 0.0010822510822510823
1 0.24846938775510205 0.5420274170274171 0.0163265306122449 0.0010822510822510823
1 0.2002551020408163 0.5420274170274171 0.015816326530612244 0.0010822510822510823
1 0.15229591836734693 0.5420274170274171 0.015816326530612244 0.0010822510822510823
1 0.15229591836734693 0.547979797979798 0.015816326530612244 0.0007215007215007215
1 0.9311224489795918 0.48268398268398266 0.0163265306122449 0.0007215007215007215
1 0.9311224489795918 0.4884559884559885 0.0163265306122449 0.0007215007215007215
1 0.9071428571428571 0.48268398268398266 0.0163265306122449 0.0007215007215007215
1 0.9071428571428571 0.4884559884559885 0.0163265306122449 0.0007215007215007215
1 0.8831632653061224 0.48268398268398266 0.0163265306122449 0.0007215007215007215
1 0.8831632653061224 0.4884559884559885 0.0163265306122449 0.0007215007215007215
1 0.8589285714285714 0.48268398268398266 0.015816326530612244 0.0007215007215007215
1 0.8589285714285714 0.4884559884559885 0.015816326530612244 0.0007215007215007215
1 0.8349489795918368 0.48268398268398266 0.015816326530612244 0.0007215007215007215
1 0.8349489795918368 0.4884559884559885 0.015816326530612244 0.0007215007215007215
1 0.8109693877551021 0.48268398268398266 0.015816326530612244 0.0007215007215007215
1 0.8109693877551021 0.4884559884559885 0.015816326530612244 0.0007215007215007215
1 0.7869897959183674 0.48268398268398266 0.015816326530612244 0.0007215007215007215
1 0.7869897959183674 0.4884559884559885 0.015816326530612244 0.0007215007215007215
1 0.7630102040816327 0.48268398268398266 0.015816326530612244 0.0007215007215007215
1 0.7630102040816327 0.4884559884559885 0.015816326530612244 0.0007215007215007215
1 0.7275510204081632 0.48268398268398266 0.0163265306122449 0.0007215007215007215
1 0.7275510204081632 0.4884559884559885 0.0163265306122449 0.0007215007215007215
1 0.7035714285714286 0.48268398268398266 0.0163265306122449 0.0007215007215007215
1 0.7035714285714286 0.4884559884559885 0.0163265306122449 0.0007215007215007215
1 0.6795918367346939 0.48268398268398266 0.0163265306122449 0.0007215007215007215
1 0.6795918367346939 0.4884559884559885 0.0163265306122449 0.0007215007215007215
1 0.6556122448979592 0.48268398268398266 0.0163265306122449 0.0007215007215007215
1 0.6556122448979592 0.4884559884559885 0.0163265306122449 0.0007215007215007215
1 0.6313775510204082 0.48268398268398266 0.015816326530612244 0.0007215007215007215
1 0.6313775510204082 0.4884559884559885 0.015816326530612244 0.0007215007215007215
1 0.6073979591836735 0.48268398268398266 0.015816326530612244 0.0007215007215007215
1 0.6073979591836735 0.4884559884559885 0.015816326530612244 0.0007215007215007215
1 0.5834183673469387 0.48268398268398266 0.015816326530612244 0.0007215007215007215
1 0.5834183673469387 0.4884559884559885 0.015816326530612244 0.0007215007215007215
1 0.559438775510204 0.48268398268398266 0.015816326530612244 0.0007215007215007215
1 0.559438775510204 0.4884559884559885 0.015816326530612244 0.0007215007215007215
1 0.5239795918367347 0.48268398268398266 0.0163265306122449 0.0007215007215007215
1 0.5239795918367347 0.4884559884559885 0.0163265306122449 0.0007215007215007215
1 0.5 0.48268398268398266 0.0163265306122449 0.0007215007215007215
1 0.5 0.4884559884559885 0.0163265306122449 0.0007215007215007215
1 0.4760204081632653 0.48268398268398266 0.0163265306122449 0.0007215007215007215
1 0.4760204081632653 0.4884559884559885 0.0163265306122449 0.0007215007215007215
1 0.4520408163265306 0.48268398268398266 0.0163265306122449 0.0007215007215007215
1 0.4520408163265306 0.4884559884559885 0.0163265306122449 0.0007215007215007215
1 0.4278061224489796 0.48268398268398266 0.015816326530612244 0.0007215007215007215
1 0.4278061224489796 0.4884559884559885 0.015816326530612244 0.0007215007215007215
1 0.4038265306122449 0.48268398268398266 0.015816326530612244 0.0007215007215007215
1 0.4038265306122449 0.4884559884559885 0.015816326530612244 0.0007215007215007215
1 0.3798469387755102 0.48268398268398266 0.015816326530612244 0.0007215007215007215
1 0.3798469387755102 0.4884559884559885 0.015816326530612244 0.0007215007215007215
1 0.35586734693877553 0.48268398268398266 0.015816326530612244 0.0007215007215007215
1 0.35586734693877553 0.4884559884559885 0.015816326530612244 0.0007215007215007215
1 0.32040816326530613 0.48268398268398266 0.0163265306122449 0.0007215007215007215
1 0.32040816326530613 0.4884559884559885 0.0163265306122449 0.0007215007215007215
1 0.29642857142857143 0.48268398268398266 0.0163265306122449 0.0007215007215007215
1 0.29642857142857143 0.4884559884559885 0.0163265306122449 0.0007215007215007215
1 0.2724489795918367 0.48268398268398266 0.0163265306122449 0.0007215007215007215
1 0.2724489795918367 0.4884559884559885 0.0163265306122449 0.0007215007215007215
1 0.24846938775510205 0.48268398268398266 0.0163265306122449 0.0007215007215007215
1 0.24846938775510205 0.4884559884559885 0.0163265306122449 0.0007215007215007215
1 0.22448979591836735 0.48268398268398266 0.0163265306122449 0.0007215007215007215
1 0.22448979591836735 0.4884559884559885 0.0163265306122449 0.0007215007215007215
1 0.2002551020408163 0.48268398268398266 0.015816326530612244 0.0007215007215007215
1 0.2002551020408163 0.4884559884559885 0.015816326530612244 0.0007215007215007215
1 0.17627551020408164 0.48268398268398266 0.015816326530612244 0.0007215007215007215
1 0.17627551020408164 0.4884559884559885 0.015816326530612244 0.0007215007215007215
1 0.15229591836734693 0.48268398268398266 0.015816326530612244 0.0007215007215007215
1 0.15229591836734693 0.4884559884559885 0.015816326530612244 0.0007215007215007215
41 0.6604591836734693 0.47709235209235207 0.0005102040816326531 0.024170274170274172
26 0.6556122448979592 0.5211038961038961 0.01020408163265306 0.006132756132756133
26 0.6558673469387755 0.5272366522366523 0.009693877551020408 0.006132756132756133
26 0.6553571428571429 0.4915223665223665 0.010714285714285714 0.006132756132756133
41 0.6364795918367347 0.4772727272727273 0.0005102040816326531 0.024531024531024532
26 0.6313775510204082 0.4915223665223665 0.010714285714285714 0.006132756132756133
41 0.6125 0.5191197691197691 0.0005102040816326531 0.02958152958152958
26 0.7033163265306123 0.4915223665223665 0.010714285714285714 0.006132756132756133
24 0.7028061224489796 0.5241702741702742 0.009693877551020408 0.005772005772005772
41 0.684438775510204 0.47763347763347763 0.0005102040816326531 0.023088023088023088
26 0.6793367346938776 0.4915223665223665 0.010714285714285714 0.006132756132756133
41 0.7084183673469387 0.4781746031746032 0.0005102040816326531 0.024170274170274172
24 0.7033163265306123 0.5362554112554112 0.010714285714285714 0.006132756132756133
41 0.6502551020408164 0.5340909090909091 0.0005102040816326531 0.023448773448773448
41 0.7084183673469387 0.5196608946608947 0.0005102040816326531 0.030663780663780664
41 0.5645408163265306 0.4778138528138528 0.0005102040816326531 0.023448773448773448
26 0.5589285714285714 0.5272366522366523 0.009693877551020408 0.006132756132756133
24 0.559438775510204 0.5420274170274171 0.010714285714285714 0.006132756132756133
26 0.559438775510204 0.4915223665223665 0.010714285714285714 0.006132756132756133
41 0.5288265306122449 0.47763347763347763 0.0005102040816326531 0.023088023088023088
26 0.5239795918367347 0.4915223665223665 0.01020408163265306 0.006132756132756133
41 0.5048469387755102 0.523088023088023 0.0005102040816326531 0.03318903318903319
121 0.1931122448979592 0.46464646464646464 0.07193877551020408 0.0021645021645021645
41 0.6125 0.4778138528138528 0.0005102040816326531 0.023448773448773448
24 0.6073979591836735 0.5241702741702742 0.010714285714285714 0.005772005772005772
24 0.6073979591836735 0.5362554112554112 0.010714285714285714 0.006132756132756133
26 0.6073979591836735 0.4915223665223665 0.010714285714285714 0.006132756132756133
41 0.5885204081632653 0.4778138528138528 0.0005102040816326531 0.023448773448773448
26 0.5834183673469387 0.4915223665223665 0.010714285714285714 0.006132756132756133
41 0.5645408163265306 0.5236291486291487 0.0005102040816326531 0.03427128427128427
41 0.9359693877551021 0.47763347763347763 0.0005102040816326531 0.023088023088023088
26 0.9311224489795918 0.4915223665223665 0.01020408163265306 0.006132756132756133
41 0.9119897959183674 0.47763347763347763 0.0005102040816326531 0.023088023088023088
26 0.9068877551020408 0.4915223665223665 0.010714285714285714 0.006132756132756133
41 0.8880102040816327 0.47763347763347763 0.0005102040816326531 0.023088023088023088
26 0.8829081632653061 0.4915223665223665 0.010714285714285714 0.006132756132756133
41 0.864030612244898 0.47709235209235207 0.0005102040816326531 0.024170274170274172
26 0.8589285714285714 0.4915223665223665 0.010714285714285714 0.006132756132756133
121 0.2895408163265306 0.46464646464646464 0.07193877551020408 0.0021645021645021645
121 0.39668367346938777 0.46464646464646464 0.07193877551020408 0.0021645021645021645
121 0.4931122448979592 0.46464646464646464 0.07193877551020408 0.0021645021645021645
121 0.6002551020408163 0.46464646464646464 0.07193877551020408 0.0021645021645021645
121 0.6966836734693878 0.46464646464646464 0.07193877551020408 0.0021645021645021645
121 0.8038265306122448 0.46464646464646464 0.07193877551020408 0.0021645021645021645
121 0.9002551020408164 0.46464646464646464 0.07193877551020408 0.0021645021645021645
41 0.7681122448979592 0.4772727272727273 0.0005102040816326531 0.024531024531024532
32 0.7650510204081633 0.5241702741702742 0.01479591836734694 0.006493506493506494
32 0.7650510204081633 0.536075036075036 0.01479591836734694 0.006493506493506494
26 0.7630102040816327 0.4915223665223665 0.010714285714285714 0.006132756132756133
41 0.7323979591836735 0.47709235209235207 0.0005102040816326531 0.024170274170274172
26 0.7275510204081632 0.4915223665223665 0.01020408163265306 0.006132756132756133
41 0.8400510204081633 0.4772727272727273 0.0005102040816326531 0.024531024531024532
26 0.8349489795918368 0.4915223665223665 0.010714285714285714 0.006132756132756133
41 0.8160714285714286 0.4772727272727273 0.0005102040816326531 0.024531024531024532
26 0.8109693877551021 0.4915223665223665 0.010714285714285714 0.006132756132756133
41 0.7920918367346939 0.4772727272727273 0.0005102040816326531 0.024531024531024532
26 0.7869897959183674 0.4915223665223665 0.010714285714285714 0.006132756132756133
41 0.25331632653061226 0.47709235209235207 0.0005102040816326531 0.024170274170274172
26 0.24770408163265306 0.5272366522366523 0.009693877551020408 0.006132756132756133
24 0.24821428571428572 0.5420274170274171 0.010714285714285714 0.006132756132756133
26 0.24821428571428572 0.4915223665223665 0.010714285714285714 0.006132756132756133
41 0.22933673469387755 0.47709235209235207 0.0005102040816326531 0.024170274170274172
26 0.22423469387755102 0.4915223665223665 0.010714285714285714 0.006132756132756133
41 0.20535714285714285 0.5292207792207793 0.0005102040816326531 0.027417027417027416
41 0.20535714285714285 0.4772727272727273 0.0005102040816326531 0.024531024531024532
24 0.2002551020408163 0.5362554112554112 0.010714285714285714 0.006132756132756133
26 0.2002551020408163 0.5450937950937951 0.010714285714285714 0.005772005772005772
26 0.2002551020408163 0.4915223665223665 0.010714285714285714 0.006132756132756133
26 0.29642857142857143 0.4915223665223665 0.01020408163265306 0.006132756132756133
41 0.3012755102040816 0.525974025974026 0.0005102040816326531 0.03318903318903319
41 0.3012755102040816 0.47763347763347763 0.0005102040816326531 0.025252525252525252
24 0.29642857142857143 0.5301226551226551 0.01020408163265306 0.006132756132756133
26 0.29642857142857143 0.5450937950937951 0.01020408163265306 0.005772005772005772
41 0.27729591836734696 0.47709235209235207 0.0005102040816326531 0.024170274170274172
26 0.2721938775510204 0.4915223665223665 0.010714285714285714 0.006132756132756133
41 0.25331632653061226 0.5236291486291487 0.0005102040816326531 0.03427128427128427
8 0.06938775510204082 0.5247113997113997 0.02959183673469388 0.027056277056277056
5 0.0663265306122449 0.465007215007215 0.02346938775510204 0.051226551226551224
69 0.09260204081632653 0.5173160173160173 0.008673469387755102 0.024531024531024532
69 0.10204081632653061 0.5263347763347763 0.009183673469387756 0.024531024531024532
69 0.1114795918367347 0.5144300144300145 0.008673469387755102 0.024531024531024532
69 0.12091836734693878 0.5234487734487735 0.009183673469387756 0.024531024531024532
69 0.09260204081632653 0.45202020202020204 0.008673469387755102 0.024531024531024532
69 0.10204081632653061 0.461038961038961 0.009183673469387756 0.024531024531024532
69 0.1114795918367347 0.44895382395382394 0.008673469387755102 0.024170274170274172
69 0.12091836734693878 0.4577922077922078 0.009183673469387756 0.024531024531024532
122 0.861734693877551 0.5183982683982684 0.17448979591836736 0.004329004329004329
122 0.861734693877551 0.5303030303030303 0.17448979591836736 0.004329004329004329
0 0.04056122448979592 0.4944083694083694 0.009693877551020408 0.08333333333333333
41 0.18137755102040817 0.4772727272727273 0.0005102040816326531 0.024531024531024532
26 0.17627551020408164 0.4915223665223665 0.010714285714285714 0.006132756132756133
41 0.15739795918367347 0.5308441558441559 0.0005102040816326531 0.030663780663780664
41 0.15739795918367347 0.4772727272727273 0.0005102040816326531 0.024531024531024532
24 0.15229591836734693 0.5362554112554112 0.010714285714285714 0.006132756132756133
24 0.15229591836734693 0.5481601731601732 0.010714285714285714 0.006132756132756133
26 0.15229591836734693 0.4915223665223665 0.010714285714285714 0.006132756132756133
41 0.4329081632653061 0.47709235209235207 0.0005102040816326531 0.024170274170274172
26 0.4278061224489796 0.4915223665223665 0.010714285714285714 0.006132756132756133
41 0.4089285714285714 0.5277777777777778 0.0005102040816326531 0.024531024531024532
41 0.4089285714285714 0.4772727272727273 0.0005102040816326531 0.024531024531024532
24 0.4038265306122449 0.5362554112554112 0.010714285714285714 0.006132756132756133
24 0.4038265306122449 0.5420274170274171 0.010714285714285714 0.006132756132756133
26 0.4038265306122449 0.4915223665223665 0.010714285714285714 0.006132756132756133
41 0.3849489795918367 0.4772727272727273 0.0005102040816326531 0.024531024531024532
26 0.3798469387755102 0.4915223665223665 0.010714285714285714 0.006132756132756133
41 0.5048469387755102 0.47709235209235207 0.0005102040816326531 0.024170274170274172
26 0.4997448979591837 0.5272366522366523 0.010714285714285714 0.006132756132756133
24 0.5 0.5420274170274171 0.01020408163265306 0.006132756132756133
26 0.5 0.4915223665223665 0.01020408163265306 0.006132756132756133
41 0.48086734693877553 0.47709235209235207 0.0005102040816326531 0.024170274170274172
26 0.475765306122449 0.4915223665223665 0.010714285714285714 0.006132756132756133
41 0.4568877551020408 0.5205627705627706 0.0005102040816326531 0.032467532467532464
41 0.4568877551020408 0.47709235209235207 0.0005102040816326531 0.024170274170274172
24 0.4517857142857143 0.5241702741702742 0.010714285714285714 0.005772005772005772
26 0.4517857142857143 0.5391414141414141 0.010714285714285714 0.006132756132756133
26 0.4517857142857143 0.4915223665223665 0.010714285714285714 0.006132756132756133
41 0.36096938775510207 0.5292207792207793 0.0005102040816326531 0.027417027417027416
41 0.36096938775510207 0.4772727272727273 0.0005102040816326531 0.024531024531024532
24 0.35586734693877553 0.5362554112554112 0.010714285714285714 0.006132756132756133
26 0.35586734693877553 0.5450937950937951 0.010714285714285714 0.005772005772005772
26 0.35586734693877553 0.4915223665223665 0.010714285714285714 0.006132756132756133
41 0.3252551020408163 0.47709235209235207 0.0005102040816326531 0.024170274170274172
26 0.32040816326530613 0.4915223665223665 0.01020408163265306 0.006132756132756133
63 0.28316326530612246 0.5292207792207793 0.009183673469387756 0.024531024531024532
134 0.4997448979591837 0.6654040404040404 0.9045918367346939 0.024170274170274172
1 0.9306122448979591 0.6832611832611832 0.0163265306122449 0.0007215007215007215
1 0.9306122448979591 0.6892135642135642 0.0163265306122449 0.0010822510822510823
1 0.9068877551020408 0.6832611832611832 0.015816326530612244 0.0007215007215007215
1 0.9068877551020408 0.6892135642135642 0.015816326530612244 0.0010822510822510823
1 0.8831632653061224 0.6832611832611832 0.0163265306122449 0.0007215007215007215
1 0.8831632653061224 0.6892135642135642 0.0163265306122449 0.0010822510822510823
1 0.8594387755102041 0.6832611832611832 0.015816326530612244 0.0007215007215007215
1 0.8594387755102041 0.6892135642135642 0.015816326530612244 0.0010822510822510823
1 0.8357142857142857 0.6832611832611832 0.0163265306122449 0.0007215007215007215
1 0.8357142857142857 0.6892135642135642 0.0163265306122449 0.0010822510822510823
1 0.8119897959183674 0.6832611832611832 0.015816326530612244 0.0007215007215007215
1 0.8119897959183674 0.6892135642135642 0.015816326530612244 0.0010822510822510823
1 0.7882653061224489 0.6832611832611832 0.0163265306122449 0.0007215007215007215
1 0.7882653061224489 0.6892135642135642 0.0163265306122449 0.0010822510822510823
1 0.764795918367347 0.6832611832611832 0.0163265306122449 0.0007215007215007215
1 0.764795918367347 0.6892135642135642 0.0163265306122449 0.0010822510822510823
1 0.7295918367346939 0.6832611832611832 0.0163265306122449 0.0007215007215007215
1 0.7295918367346939 0.6892135642135642 0.0163265306122449 0.0010822510822510823
1 0.7061224489795919 0.6832611832611832 0.0163265306122449 0.0007215007215007215
1 0.7061224489795919 0.6892135642135642 0.0163265306122449 0.0010822510822510823
1 0.6821428571428572 0.6832611832611832 0.0163265306122449 0.0007215007215007215
1 0.6821428571428572 0.6892135642135642 0.0163265306122449 0.0010822510822510823
1 0.6586734693877551 0.6832611832611832 0.0163265306122449 0.0007215007215007215
1 0.6586734693877551 0.6892135642135642 0.0163265306122449 0.0010822510822510823
1 0.6349489795918367 0.6832611832611832 0.015816326530612244 0.0007215007215007215
1 0.6349489795918367 0.6892135642135642 0.015816326530612244 0.0010822510822510823
1 0.6112244897959184 0.6832611832611832 0.0163265306122449 0.0007215007215007215
1 0.6112244897959184 0.6892135642135642 0.0163265306122449 0.0010822510822510823
1 0.5875 0.6832611832611832 0.015816326530612244 0.0007215007215007215
1 0.5875 0.6892135642135642 0.015816326530612244 0.0010822510822510823
1 0.5637755102040817 0.6832611832611832 0.0163265306122449 0.0007215007215007215
1 0.5637755102040817 0.6892135642135642 0.0163265306122449 0.0010822510822510823
1 0.5188775510204081 0.6832611832611832 0.0163265306122449 0.0007215007215007215
1 0.5188775510204081 0.6892135642135642 0.0163265306122449 0.0010822510822510823
1 0.4954081632653061 0.6832611832611832 0.0163265306122449 0.0007215007215007215
1 0.4954081632653061 0.6892135642135642 0.0163265306122449 0.0010822510822510823
1 0.4714285714285714 0.6832611832611832 0.0163265306122449 0.0007215007215007215
1 0.4714285714285714 0.6892135642135642 0.0163265306122449 0.0010822510822510823
1 0.4479591836734694 0.6832611832611832 0.0163265306122449 0.0007215007215007215
1 0.4479591836734694 0.6892135642135642 0.0163265306122449 0.0010822510822510823
1 0.42423469387755103 0.6832611832611832 0.015816326530612244 0.0007215007215007215
1 0.42423469387755103 0.6892135642135642 0.015816326530612244 0.0010822510822510823
1 0.4005102040816326 0.6832611832611832 0.0163265306122449 0.0007215007215007215
1 0.4005102040816326 0.6892135642135642 0.0163265306122449 0.0010822510822510823
1 0.3767857142857143 0.6832611832611832 0.015816326530612244 0.0007215007215007215
1 0.3767857142857143 0.6892135642135642 0.015816326530612244 0.0010822510822510823
1 0.35306122448979593 0.6832611832611832 0.0163265306122449 0.0007215007215007215
1 0.35306122448979593 0.6892135642135642 0.0163265306122449 0.0010822510822510823
1 0.3181122448979592 0.6832611832611832 0.015816326530612244 0.0007215007215007215
1 0.3181122448979592 0.6892135642135642 0.015816326530612244 0.0010822510822510823
1 0.2943877551020408 0.6832611832611832 0.0163265306122449 0.0007215007215007215
1 0.2943877551020408 0.6892135642135642 0.0163265306122449 0.0010822510822510823
1 0.27066326530612245 0.6832611832611832 0.015816326530612244 0.0007215007215007215
1 0.27066326530612245 0.6892135642135642 0.015816326530612244 0.0010822510822510823
1 0.24693877551020407 0.6832611832611832 0.0163265306122449 0.0007215007215007215
1 0.24693877551020407 0.6892135642135642 0.0163265306122449 0.0010822510822510823
1 0.22346938775510203 0.6832611832611832 0.0163265306122449 0.0007215007215007215
1 0.22346938775510203 0.6892135642135642 0.0163265306122449 0.0010822510822510823
1 0.19974489795918368 0.6832611832611832 0.015816326530612244 0.0007215007215007215
1 0.19974489795918368 0.6892135642135642 0.015816326530612244 0.0010822510822510823
1 0.1760204081632653 0.6832611832611832 0.0163265306122449 0.0007215007215007215
1 0.1760204081632653 0.6892135642135642 0.0163265306122449 0.0010822510822510823
1 0.15229591836734693 0.6832611832611832 0.015816326530612244 0.0007215007215007215
1 0.15229591836734693 0.6892135642135642 0.015816326530612244 0.0010822510822510823
1 0.7061224489795919 0.7427849927849928 0.0163265306122449 0.0007215007215007215
1 0.7061224489795919 0.7487373737373737 0.0163265306122449 0.0010822510822510823
1 0.6586734693877551 0.7427849927849928 0.0163265306122449 0.0007215007215007215
1 0.6112244897959184 0.7427849927849928 0.0163265306122449 0.0007215007215007215
1 0.5637755102040817 0.7427849927849928 0.0163265306122449 0.0007215007215007215
1 0.4954081632653061 0.7427849927849928 0.0163265306122449 0.0007215007215007215
1 0.4479591836734694 0.7427849927849928 0.0163265306122449 0.0007215007215007215
1 0.4005102040816326 0.7427849927849928 0.0163265306122449 0.0007215007215007215
1 0.2943877551020408 0.7427849927849928 0.0163265306122449 0.0007215007215007215
134 0.4997448979591837 0.72492784992785 0.9045918367346939 0.024170274170274172
41 0.6635204081632653 0.7243867243867244 0.0005102040816326531 0.03823953823953824
26 0.6349489795918367 0.6920995670995671 0.010714285714285714 0.006132756132756133
41 0.6400510204081633 0.6782106782106783 0.0005102040816326531 0.025252525252525252
41 0.6635204081632653 0.6776695526695526 0.0005102040816326531 0.024170274170274172
24 0.6584183673469388 0.72492784992785 0.010714285714285714 0.006132756132756133
26 0.6584183673469388 0.7458513708513709 0.010714285714285714 0.006132756132756133
26 0.6586734693877551 0.6920995670995671 0.01020408163265306 0.006132756132756133
41 0.710969387755102 0.6783910533910534 0.0005102040816326531 0.023448773448773448
26 0.5191326530612245 0.6920995670995671 0.010714285714285714 0.006132756132756133
41 0.7346938775510204 0.6782106782106783 0.0010204081632653062 0.025252525252525252
26 0.7298469387755102 0.6920995670995671 0.010714285714285714 0.006132756132756133
41 0.710969387755102 0.7247474747474747 0.0005102040816326531 0.04329004329004329
26 0.7058673469387755 0.7218614718614719 0.010714285714285714 0.005772005772005772
24 0.7058673469387755 0.7487373737373737 0.010714285714285714 0.006132756132756133
26 0.7058673469387755 0.6920995670995671 0.010714285714285714 0.006132756132756133
41 0.6875 0.6785714285714286 0.0005102040816326531 0.023809523809523808
26 0.6823979591836735 0.6920995670995671 0.010714285714285714 0.006132756132756133
41 0.5688775510204082 0.7270923520923521 0.0010204081632653062 0.03427128427128427
41 0.5688775510204082 0.6782106782106783 0.0010204081632653062 0.025252525252525252
24 0.5640306122448979 0.7306998556998557 0.010714285714285714 0.006132756132756133
26 0.5640306122448979 0.7458513708513709 0.010714285714285714 0.006132756132756133
26 0.5640306122448979 0.6920995670995671 0.010714285714285714 0.006132756132756133
41 0.5239795918367347 0.6782106782106783 0.0010204081632653062 0.025252525252525252
121 0.19285714285714287 0.6654040404040404 0.07142857142857142 0.0018037518037518038
41 0.6160714285714286 0.6782106782106783 0.0005102040816326531 0.023088023088023088
26 0.6107142857142858 0.7278138528138528 0.009183673469387756 0.006132756132756133
24 0.6112244897959184 0.7427849927849928 0.01020408163265306 0.005772005772005772
26 0.6112244897959184 0.6920995670995671 0.01020408163265306 0.006132756132756133
41 0.6160714285714286 0.7243867243867244 0.0005102040816326531 0.03463203463203463
41 0.5926020408163265 0.6783910533910534 0.0005102040816326531 0.023448773448773448
26 0.5875 0.6920995670995671 0.010714285714285714 0.006132756132756133
63 0.5505102040816326 0.7297979797979798 0.009183673469387756 0.024531024531024532
41 0.9354591836734694 0.6724386724386724 0.0005102040816326531 0.03535353535353535
24 0.9303571428571429 0.6713564213564214 0.010714285714285714 0.005772005772005772
26 0.9303571428571429 0.6920995670995671 0.010714285714285714 0.006132756132756133
41 0.9119897959183674 0.6726190476190477 0.0005102040816326531 0.03571428571428571
24 0.9068877551020408 0.6713564213564214 0.010714285714285714 0.005772005772005772
26 0.9068877551020408 0.6920995670995671 0.010714285714285714 0.006132756132756133
41 0.8880102040816327 0.6722582972582972 0.0005102040816326531 0.03499278499278499
24 0.8831632653061224 0.6713564213564214 0.01020408163265306 0.005772005772005772
26 0.8831632653061224 0.6920995670995671 0.01020408163265306 0.006132756132756133
41 0.8645408163265306 0.6724386724386724 0.0005102040816326531 0.03535353535353535
24 0.8594387755102041 0.6713564213564214 0.010714285714285714 0.005772005772005772
26 0.8594387755102041 0.6920995670995671 0.010714285714285714 0.006132756132756133
121 0.2875 0.6654040404040404 0.07091836734693878 0.0018037518037518038
121 0.3936224489795918 0.6654040404040404 0.07091836734693878 0.0018037518037518038
121 0.4885204081632653 0.6654040404040404 0.07091836734693878 0.0018037518037518038
121 0.6043367346938775 0.6654040404040404 0.07091836734693878 0.0018037518037518038
121 0.699234693877551 0.6654040404040404 0.07091836734693878 0.0018037518037518038
121 0.8053571428571429 0.6534992784992785 0.07091836734693878 0.0018037518037518038
121 0.9 0.6534992784992785 0.07142857142857142 0.0018037518037518038
41 0.7696428571428572 0.6718975468975469 0.0005102040816326531 0.03643578643578643
32 0.7665816326530612 0.7247474747474747 0.01479591836734694 0.006493506493506494
32 0.7665816326530612 0.7368326118326118 0.01479591836734694 0.006132756132756133
26 0.7645408163265306 0.6920995670995671 0.010714285714285714 0.006132756132756133
24 0.8114795918367347 0.6713564213564214 0.009693877551020408 0.005772005772005772
41 0.8405612244897959 0.6717171717171717 0.0005102040816326531 0.03607503607503607
24 0.8357142857142857 0.6713564213564214 0.01020408163265306 0.005772005772005772
26 0.8357142857142857 0.6920995670995671 0.01020408163265306 0.006132756132756133
41 0.8170918367346939 0.6718975468975469 0.0005102040816326531 0.03643578643578643
26 0.8119897959183674 0.6920995670995671 0.010714285714285714 0.006132756132756133
41 0.7933673469387755 0.672077922077922 0.0010204081632653062 0.0367965367965368
24 0.7885204081632653 0.6713564213564214 0.010714285714285714 0.005772005772005772
26 0.7885204081632653 0.6920995670995671 0.010714285714285714 0.006132756132756133
41 0.25204081632653064 0.7202380952380952 0.0010204081632653062 0.029942279942279944
41 0.25204081632653064 0.678030303030303 0.0010204081632653062 0.024891774891774892
24 0.2471938775510204 0.72492784992785 0.010714285714285714 0.006132756132756133
24 0.2471938775510204 0.7368326118326118 0.010714285714285714 0.006132756132756133
26 0.2471938775510204 0.6920995670995671 0.010714285714285714 0.006132756132756133
41 0.22831632653061223 0.6778499278499278 0.0005102040816326531 0.024531024531024532
26 0.22321428571428573 0.6920995670995671 0.010714285714285714 0.006132756132756133
41 0.19464285714285715 0.7353896103896104 0.0005102040816326531 0.022005772005772004
41 0.20484693877551022 0.678030303030303 0.0005102040816326531 0.024891774891774892
41 0.29923469387755103 0.6776695526695526 0.0005102040816326531 0.024170274170274172
41 0.32321428571428573 0.6778499278499278 0.0005102040816326531 0.024531024531024532
26 0.3181122448979592 0.6920995670995671 0.010714285714285714 0.006132756132756133
41 0.29923469387755103 0.7236652236652237 0.0005102040816326531 0.03318903318903319
26 0.19974489795918368 0.7218614718614719 0.010714285714285714 0.005772005772005772
26 0.2943877551020408 0.7278138528138528 0.01020408163265306 0.006132756132756133
24 0.2943877551020408 0.7427849927849928 0.01020408163265306 0.005772005772005772
26 0.2943877551020408 0.6920995670995671 0.01020408163265306 0.006132756132756133
41 0.275765306122449 0.6778499278499278 0.0005102040816326531 0.024531024531024532
26 0.27066326530612245 0.6920995670995671 0.010714285714285714 0.006132756132756133
69 0.09260204081632653 0.7180735930735931 0.008673469387755102 0.024170274170274172
69 0.10204081632653061 0.726911976911977 0.009183673469387756 0.024531024531024532
69 0.1114795918367347 0.715007215007215 0.008673469387755102 0.024531024531024532
69 0.12091836734693878 0.724025974025974 0.009183673469387756 0.024531024531024532
8 0.06938775510204082 0.7252886002886003 0.02959183673469388 0.027056277056277056
69 0.09260204081632653 0.6525974025974026 0.008673469387755102 0.024531024531024532
69 0.10204081632653061 0.6616161616161617 0.009183673469387756 0.024531024531024532
69 0.1114795918367347 0.6497113997113997 0.008673469387755102 0.024531024531024532
69 0.12091836734693878 0.6587301587301587 0.009183673469387756 0.024531024531024532
5 0.0663265306122449 0.6657647907647908 0.02346938775510204 0.050865800865800864
122 0.13622448979591836 0.7218614718614719 0.017346938775510204 0.002886002886002886
122 0.13622448979591836 0.7337662337662337 0.017346938775510204 0.002886002886002886
0 0.04056122448979592 0.6951659451659452 0.009693877551020408 0.0836940836940837
41 0.15739795918367347 0.7200577200577201 0.0005102040816326531 0.02958152958152958
26 0.19974489795918368 0.7278138528138528 0.010714285714285714 0.006132756132756133
26 0.19974489795918368 0.6920995670995671 0.010714285714285714 0.006132756132756133
41 0.18086734693877551 0.6776695526695526 0.0005102040816326531 0.024170274170274172
26 0.1760204081632653 0.6920995670995671 0.01020408163265306 0.006132756132756133
41 0.15739795918367347 0.6778499278499278 0.0005102040816326531 0.024531024531024532
24 0.15229591836734693 0.72492784992785 0.010714285714285714 0.006132756132756133
24 0.15229591836734693 0.7368326118326118 0.010714285714285714 0.006132756132756133
26 0.15229591836734693 0.6920995670995671 0.010714285714285714 0.006132756132756133
41 0.40535714285714286 0.6776695526695526 0.0005102040816326531 0.024170274170274172
26 0.4716836734693878 0.6920995670995671 0.010714285714285714 0.006132756132756133
41 0.4767857142857143 0.6782106782106783 0.0005102040816326531 0.025252525252525252
41 0.40535714285714286 0.7236652236652237 0.0005102040816326531 0.03318903318903319
26 0.4005102040816326 0.7278138528138528 0.01020408163265306 0.006132756132756133
24 0.4005102040816326 0.7427849927849928 0.01020408163265306 0.005772005772005772
26 0.4005102040816326 0.6920995670995671 0.01020408163265306 0.006132756132756133
26 0.4951530612244898 0.6920995670995671 0.010714285714285714 0.006132756132756133
41 0.4528061224489796 0.7267316017316018 0.0005102040816326531 0.03354978354978355
41 0.4528061224489796 0.6776695526695526 0.0005102040816326531 0.024170274170274172
24 0.4479591836734694 0.7306998556998557 0.01020408163265306 0.006132756132756133
26 0.4477040816326531 0.7458513708513709 0.010714285714285714 0.006132756132756133
26 0.4479591836734694 0.6920995670995671 0.01020408163265306 0.006132756132756133
63 0.4346938775510204 0.7301587301587301 0.009183673469387756 0.024531024531024532
41 0.42933673469387756 0.6778499278499278 0.0005102040816326531 0.024531024531024532
26 0.42423469387755103 0.6920995670995671 0.010714285714285714 0.006132756132756133
41 0.5002551020408164 0.7238455988455988 0.0005102040816326531 0.03354978354978355
41 0.35816326530612247 0.7204184704184704 0.0010204081632653062 0.030303030303030304
24 0.4951530612244898 0.7427849927849928 0.010714285714285714 0.005772005772005772
26 0.35331632653061223 0.6920995670995671 0.010714285714285714 0.006132756132756133
41 0.35816326530612247 0.6782106782106783 0.0010204081632653062 0.025252525252525252
24 0.35331632653061223 0.72492784992785 0.010714285714285714 0.006132756132756133
24 0.35331632653061223 0.7368326118326118 0.010714285714285714 0.006132756132756133
41 0.3818877551020408 0.6778499278499278 0.0005102040816326531 0.024531024531024532
26 0.3767857142857143 0.6920995670995671 0.010714285714285714 0.006132756132756133
26 0.4951530612244898 0.7278138528138528 0.010714285714285714 0.006132756132756133
41 0.5002551020408164 0.6782106782106783 0.0005102040816326531 0.025252525252525252
134 0.4997448979591837 0.865981240981241 0.9045918367346939 0.024170274170274172
1 0.9316326530612244 0.8838383838383839 0.0163265306122449 0.0007215007215007215
1 0.9316326530612244 0.88997113997114 0.0163265306122449 0.0007215007215007215
1 0.9091836734693878 0.8838383838383839 0.0163265306122449 0.0007215007215007215
1 0.9091836734693878 0.88997113997114 0.0163265306122449 0.0007215007215007215
1 0.886734693877551 0.8838383838383839 0.0163265306122449 0.0007215007215007215
1 0.886734693877551 0.88997113997114 0.0163265306122449 0.0007215007215007215
1 0.8642857142857143 0.8838383838383839 0.0163265306122449 0.0007215007215007215
1 0.8642857142857143 0.88997113997114 0.0163265306122449 0.0007215007215007215
1 0.8418367346938775 0.8838383838383839 0.0163265306122449 0.0007215007215007215
1 0.8418367346938775 0.88997113997114 0.0163265306122449 0.0007215007215007215
1 0.8193877551020409 0.8838383838383839 0.0163265306122449 0.0007215007215007215
1 0.8193877551020409 0.88997113997114 0.0163265306122449 0.0007215007215007215
1 0.7966836734693877 0.8838383838383839 0.015816326530612244 0.0007215007215007215
1 0.7966836734693877 0.88997113997114 0.015816326530612244 0.0007215007215007215
1 0.7762755102040816 0.8838383838383839 0.01173469387755102 0.0007215007215007215
1 0.7742346938775511 0.88997113997114 0.015816326530612244 0.0007215007215007215
1 0.7285714285714285 0.8838383838383839 0.0163265306122449 0.0007215007215007215
1 0.7285714285714285 0.88997113997114 0.0163265306122449 0.0007215007215007215
1 0.7061224489795919 0.8838383838383839 0.0163265306122449 0.0007215007215007215
1 0.7061224489795919 0.88997113997114 0.0163265306122449 0.0007215007215007215
1 0.6798469387755102 0.8838383838383839 0.015816326530612244 0.0007215007215007215
1 0.6798469387755102 0.88997113997114 0.015816326530612244 0.0007215007215007215
1 0.6573979591836735 0.8838383838383839 0.015816326530612244 0.0007215007215007215
1 0.6573979591836735 0.88997113997114 0.015816326530612244 0.0007215007215007215
1 0.6311224489795918 0.8838383838383839 0.0163265306122449 0.0007215007215007215
1 0.6311224489795918 0.88997113997114 0.0163265306122449 0.0007215007215007215
1 0.6086734693877551 0.8838383838383839 0.0163265306122449 0.0007215007215007215
1 0.6086734693877551 0.88997113997114 0.0163265306122449 0.0007215007215007215
1 0.5823979591836734 0.8838383838383839 0.015816326530612244 0.0007215007215007215
1 0.5823979591836734 0.88997113997114 0.015816326530612244 0.0007215007215007215
1 0.5579081632653061 0.8838383838383839 0.01989795918367347 0.0007215007215007215
1 0.5599489795918368 0.88997113997114 0.015816326530612244 0.0007215007215007215
1 0.5219387755102041 0.8838383838383839 0.0163265306122449 0.0007215007215007215
1 0.5219387755102041 0.88997113997114 0.0163265306122449 0.0007215007215007215
1 0.49770408163265306 0.8838383838383839 0.01989795918367347 0.0007215007215007215
1 0.49948979591836734 0.88997113997114 0.0163265306122449 0.0007215007215007215
1 0.4732142857142857 0.8838383838383839 0.015816326530612244 0.0007215007215007215
1 0.4732142857142857 0.88997113997114 0.015816326530612244 0.0007215007215007215
1 0.45076530612244897 0.8838383838383839 0.015816326530612244 0.0007215007215007215
1 0.45076530612244897 0.88997113997114 0.015816326530612244 0.0007215007215007215
1 0.425 0.8838383838383839 0.0163265306122449 0.0007215007215007215
1 0.425 0.88997113997114 0.0163265306122449 0.0007215007215007215
1 0.40280612244897956 0.8838383838383839 0.015816326530612244 0.0007215007215007215
1 0.40280612244897956 0.88997113997114 0.015816326530612244 0.0007215007215007215
1 0.3808673469387755 0.8838383838383839 0.015816326530612244 0.0007215007215007215
1 0.3808673469387755 0.88997113997114 0.015816326530612244 0.0007215007215007215
1 0.35892857142857143 0.8838383838383839 0.015816326530612244 0.0007215007215007215
1 0.35892857142857143 0.88997113997114 0.015816326530612244 0.0007215007215007215
1 0.32448979591836735 0.8838383838383839 0.0163265306122449 0.0007215007215007215
1 0.32448979591836735 0.88997113997114 0.0163265306122449 0.0007215007215007215
1 0.300765306122449 0.8838383838383839 0.018877551020408164 0.0007215007215007215
1 0.3022959183673469 0.88997113997114 0.015816326530612244 0.0007215007215007215
1 0.2683673469387755 0.8838383838383839 0.0163265306122449 0.0007215007215007215
1 0.2683673469387755 0.88997113997114 0.0163265306122449 0.0007215007215007215
1 0.2441326530612245 0.8838383838383839 0.01989795918367347 0.0007215007215007215
1 0.2461734693877551 0.88997113997114 0.015816326530612244 0.0007215007215007215
1 0.21989795918367347 0.8838383838383839 0.0163265306122449 0.0007215007215007215
1 0.21989795918367347 0.88997113997114 0.0163265306122449 0.0007215007215007215
1 0.1971938775510204 0.8838383838383839 0.015816326530612244 0.0007215007215007215
1 0.1971938775510204 0.88997113997114 0.015816326530612244 0.0007215007215007215
1 0.1747448979591837 0.8838383838383839 0.015816326530612244 0.0007215007215007215
1 0.1747448979591837 0.88997113997114 0.015816326530612244 0.0007215007215007215
1 0.15229591836734693 0.8838383838383839 0.015816326530612244 0.0007215007215007215
1 0.15229591836734693 0.88997113997114 0.015816326530612244 0.0007215007215007215
1 0.7545918367346939 0.9565295815295816 0.012244897959183673 0.0010822510822510823
1 0.7545918367346939 0.9624819624819625 0.012244897959183673 0.0007215007215007215
1 0.7545918367346939 0.9684343434343434 0.012244897959183673 0.0010822510822510823
1 0.4956632653061224 0.9565295815295816 0.015816326530612244 0.0010822510822510823
1 0.40280612244897956 0.9565295815295816 0.015816326530612244 0.0010822510822510823
1 0.35892857142857143 0.9565295815295816 0.015816326530612244 0.0010822510822510823
1 0.29846938775510207 0.9565295815295816 0.0163265306122449 0.0010822510822510823
1 0.2423469387755102 0.9565295815295816 0.0163265306122449 0.0010822510822510823
1 0.1971938775510204 0.9565295815295816 0.015816326530612244 0.0010822510822510823
1 0.15229591836734693 0.9565295815295816 0.015816326530612244 0.0010822510822510823
1 0.15229591836734693 0.9624819624819625 0.015816326530612244 0.0007215007215007215
134 0.4997448979591837 0.9384920634920635 0.9045918367346939 0.024170274170274172
26 0.6540816326530612 0.9415584415584416 0.009183673469387756 0.005772005772005772
24 0.6043367346938775 0.9384920634920635 0.009693877551020408 0.006132756132756133
24 0.6538265306122449 0.8780663780663781 0.010714285714285714 0.005772005772005772
24 0.6568877551020408 0.8721139971139971 0.009693877551020408 0.006132756132756133
26 0.6573979591836735 0.8930375180375181 0.010714285714285714 0.006132756132756133
41 0.6135204081632653 0.873015873015873 0.0005102040816326531 0.03535353535353535
41 0.635969387755102 0.8728354978354979 0.0005102040816326531 0.03499278499278499
24 0.6311224489795918 0.8721139971139971 0.01020408163265306 0.006132756132756133
41 0.5997448979591836 0.8894300144300145 0.0005102040816326531 0.012626262626262626
26 0.6311224489795918 0.8930375180375181 0.01020408163265306 0.006132756132756133
41 0.6099489795918367 0.9336219336219336 0.0005102040816326531 0.02958152958152958
26 0.6798469387755102 0.8930375180375181 0.010714285714285714 0.006132756132756133
41 0.5043367346938775 0.8726551226551227 0.0005102040816326531 0.03463203463203463
41 0.710969387755102 0.8728354978354979 0.0005102040816326531 0.03499278499278499
24 0.7017857142857142 0.9384920634920635 0.009693877551020408 0.006132756132756133
24 0.702295918367347 0.9503968253968254 0.010714285714285714 0.006132756132756133
26 0.7025510204081633 0.8809523809523809 0.01020408163265306 0.005772005772005772
24 0.7061224489795919 0.8721139971139971 0.01020408163265306 0.006132756132756133
26 0.7061224489795919 0.8930375180375181 0.01020408163265306 0.006132756132756133
41 0.6849489795918368 0.8735569985569985 0.0005102040816326531 0.03643578643578643
24 0.6798469387755102 0.8721139971139971 0.010714285714285714 0.006132756132756133
26 0.6535714285714286 0.9356060606060606 0.01020408163265306 0.006132756132756133
41 0.6487244897959183 0.9485930735930735 0.0005102040816326531 0.023448773448773448
41 0.6487244897959183 0.8863636363636364 0.0005102040816326531 0.01443001443001443
41 0.6625 0.8735569985569985 0.0005102040816326531 0.03643578643578643
24 0.5214285714285715 0.8721139971139971 0.009183673469387756 0.006132756132756133
41 0.5650510204081632 0.8731962481962482 0.0005102040816326531 0.03571428571428571
26 0.5556122448979591 0.9415584415584416 0.009183673469387756 0.005772005772005772
26 0.5561224489795918 0.9536435786435786 0.01020408163265306 0.006132756132756133
24 0.5561224489795918 0.884018759018759 0.01020408163265306 0.006132756132756133
24 0.5599489795918368 0.8721139971139971 0.010714285714285714 0.006132756132756133
26 0.5599489795918368 0.8930375180375181 0.010714285714285714 0.006132756132756133
41 0.5267857142857143 0.873015873015873 0.0005102040816326531 0.03535353535353535
26 0.5219387755102041 0.8930375180375181 0.01020408163265306 0.006132756132756133
41 0.500765306122449 0.9377705627705628 0.0005102040816326531 0.03354978354978355
41 0.49056122448979594 0.8924963924963925 0.0005102040816326531 0.012265512265512266
121 0.19081632653061226 0.8540764790764791 0.0673469387755102 0.0018037518037518038
26 0.6048469387755102 0.8809523809523809 0.010714285714285714 0.005772005772005772
24 0.6086734693877551 0.8721139971139971 0.01020408163265306 0.006132756132756133
26 0.6086734693877551 0.8930375180375181 0.01020408163265306 0.006132756132756133
41 0.5875 0.8731962481962482 0.0005102040816326531 0.03571428571428571
24 0.5823979591836734 0.8721139971139971 0.010714285714285714 0.006132756132756133
26 0.5823979591836734 0.8930375180375181 0.010714285714285714 0.006132756132756133
24 0.6048469387755102 0.9503968253968254 0.010714285714285714 0.006132756132756133
41 0.5609693877551021 0.9366883116883117 0.0005102040816326531 0.031385281385281384
41 0.5512755102040816 0.891955266955267 0.0005102040816326531 0.013347763347763348
41 0.914030612244898 0.8728354978354979 0.0005102040816326531 0.03499278499278499
24 0.9091836734693878 0.8721139971139971 0.01020408163265306 0.006132756132756133
26 0.9091836734693878 0.8930375180375181 0.01020408163265306 0.006132756132756133
41 0.8915816326530612 0.873015873015873 0.0005102040816326531 0.03535353535353535
24 0.886734693877551 0.8721139971139971 0.01020408163265306 0.006132756132756133
26 0.886734693877551 0.8930375180375181 0.01020408163265306 0.006132756132756133
41 0.8691326530612244 0.8724747474747475 0.0005102040816326531 0.03643578643578643
24 0.8642857142857143 0.8721139971139971 0.01020408163265306 0.006132756132756133
26 0.8642857142857143 0.8930375180375181 0.01020408163265306 0.006132756132756133
41 0.8466836734693878 0.873015873015873 0.0005102040816326531 0.03535353535353535
24 0.8415816326530612 0.8721139971139971 0.010714285714285714 0.006132756132756133
26 0.8415816326530612 0.8930375180375181 0.010714285714285714 0.006132756132756133
121 0.2903061224489796 0.8540764790764791 0.07857142857142857 0.0018037518037518038
121 0.39668367346938777 0.8540764790764791 0.06581632653061224 0.0018037518037518038
121 0.4913265306122449 0.8540764790764791 0.07142857142857142 0.0018037518037518038
122 0.5224489795918368 0.8905122655122655 0.05 0.003968253968253968
121 0.6005102040816327 0.8540764790764791 0.07142857142857142 0.0018037518037518038
121 0.6979591836734694 0.8540764790764791 0.07142857142857142 0.0018037518037518038
120 0.7599489795918367 0.9366883116883117 0.01479591836734694 0.010461760461760462
121 0.8130102040816326 0.8540764790764791 0.06785714285714285 0.0018037518037518038
121 0.9030612244897959 0.8540764790764791 0.0673469387755102 0.0018037518037518038
41 0.824234693877551 0.8724747474747475 0.0005102040816326531 0.03643578643578643
41 0.936734693877551 0.873015873015873 0.0010204081632653062 0.03751803751803752
24 0.9316326530612244 0.8721139971139971 0.01020408163265306 0.006132756132756133
26 0.9316326530612244 0.8930375180375181 0.01020408163265306 0.006132756132756133
41 0.7584183673469388 0.9626623376623377 0.0005102040816326531 0.015512265512265512
30 0.7548469387755102 0.9713203463203464 0.007653061224489796 0.00468975468975469
41 0.7336734693877551 0.8728354978354979 0.0010204081632653062 0.03715728715728716
24 0.7288265306122449 0.8721139971139971 0.010714285714285714 0.006132756132756133
26 0.7288265306122449 0.8930375180375181 0.010714285714285714 0.006132756132756133
41 0.7073979591836734 0.933982683982684 0.0005102040816326531 0.030303030303030304
41 0.6971938775510204 0.8888888888888888 0.0005102040816326531 0.013708513708513708
24 0.8191326530612245 0.8721139971139971 0.010714285714285714 0.006132756132756133
26 0.8191326530612245 0.8930375180375181 0.010714285714285714 0.006132756132756133
41 0.8017857142857143 0.8724747474747475 0.0005102040816326531 0.03643578643578643
24 0.7966836734693877 0.8721139971139971 0.010714285714285714 0.006132756132756133
26 0.7966836734693877 0.8930375180375181 0.010714285714285714 0.006132756132756133
41 0.7793367346938775 0.8724747474747475 0.0005102040816326531 0.03643578643578643
32 0.7711734693877551 0.9386724386724387 0.01479591836734694 0.006493506493506494
32 0.7711734693877551 0.9505772005772006 0.01479591836734694 0.006493506493506494
34 0.7711734693877551 0.8809523809523809 0.01479591836734694 0.006493506493506494
24 0.7742346938775511 0.8721139971139971 0.010714285714285714 0.006132756132756133
26 0.7742346938775511 0.8930375180375181 0.010714285714285714 0.006132756132756133
24 0.24209183673469387 0.9565295815295816 0.010714285714285714 0.006132756132756133
26 0.24158163265306123 0.9415584415584416 0.009693877551020408 0.005772005772005772
41 0.2510204081632653 0.8728354978354979 0.0010204081632653062 0.03715728715728716
41 0.2372448979591837 0.8921356421356421 0.0010204081632653062 0.012987012987012988
24 0.24209183673469387 0.884018759018759 0.010714285714285714 0.006132756132756133
41 0.2471938775510204 0.9381313131313131 0.0005102040816326531 0.03427128427128427
26 0.2686224489795918 0.8930375180375181 0.010714285714285714 0.006132756132756133
24 0.2461734693877551 0.8721139971139971 0.010714285714285714 0.006132756132756133
26 0.2461734693877551 0.8930375180375181 0.010714285714285714 0.006132756132756133
41 0.22474489795918368 0.8724747474747475 0.0005102040816326531 0.03643578643578643
24 0.21964285714285714 0.8721139971139971 0.010714285714285714 0.006132756132756133
26 0.21964285714285714 0.8930375180375181 0.010714285714285714 0.006132756132756133
41 0.20229591836734695 0.9435425685425686 0.0005102040816326531 0.027777777777777776
24 0.3239795918367347 0.8721139971139971 0.009183673469387756 0.006132756132756133
26 0.32474489795918365 0.8930375180375181 0.010714285714285714 0.006132756132756133
63 0.28520408163265304 0.9437229437229437 0.009183673469387756 0.024531024531024532
41 0.30331632653061225 0.9404761904761905 0.0005102040816326531 0.03318903318903319
26 0.4956632653061224 0.9415584415584416 0.010714285714285714 0.005772005772005772
63 0.28520408163265304 0.8861832611832612 0.009183673469387756 0.024170274170274172
41 0.29336734693877553 0.8952020202020202 0.0010204081632653062 0.012626262626262626
41 0.30714285714285716 0.8728354978354979 0.0010204081632653062 0.03715728715728716
24 0.2982142857142857 0.9446248196248196 0.010714285714285714 0.006132756132756133
26 0.2982142857142857 0.9594155844155844 0.010714285714285714 0.006132756132756133
26 0.2982142857142857 0.8869047619047619 0.010714285714285714 0.006132756132756133
24 0.3022959183673469 0.8721139971139971 0.010714285714285714 0.006132756132756133
26 0.3022959183673469 0.8930375180375181 0.010714285714285714 0.006132756132756133
41 0.27372448979591835 0.873015873015873 0.0005102040816326531 0.03751803751803752
24 0.2686224489795918 0.8721139971139971 0.010714285714285714 0.006132756132756133
41 0.15739795918367347 0.8724747474747475 0.0005102040816326531 0.03643578643578643
24 0.15178571428571427 0.9503968253968254 0.009693877551020408 0.006132756132756133
24 0.15229591836734693 0.9623015873015873 0.010714285714285714 0.006132756132756133
86 0.15076530612244898 0.911075036075036 0.009693877551020408 0.0183982683982684
24 0.15229591836734693 0.8721139971139971 0.010714285714285714 0.006132756132756133
26 0.15229591836734693 0.8930375180375181 0.010714285714285714 0.006132756132756133
69 0.09260204081632653 0.9318181818181818 0.008673469387755102 0.024531024531024532
69 0.10204081632653061 0.9408369408369408 0.009183673469387756 0.024531024531024532
69 0.1114795918367347 0.9289321789321789 0.008673469387755102 0.024531024531024532
69 0.12091836734693878 0.9375901875901876 0.009183673469387756 0.024531024531024532
8 0.06938775510204082 0.9392135642135642 0.02959183673469388 0.027056277056277056
69 0.09260204081632653 0.8531746031746031 0.008673469387755102 0.024531024531024532
69 0.10204081632653061 0.8621933621933622 0.009183673469387756 0.024531024531024532
69 0.1114795918367347 0.8502886002886003 0.008673469387755102 0.024531024531024532
69 0.12091836734693878 0.8593073593073594 0.009183673469387756 0.024531024531024532
5 0.0663265306122449 0.8665223665223665 0.02346938775510204 0.051226551226551224
0 0.03979591836734694 0.9024170274170275 0.011224489795918367 0.09632034632034632
41 0.20229591836734695 0.8724747474747475 0.0005102040816326531 0.03643578643578643
24 0.1971938775510204 0.9503968253968254 0.010714285714285714 0.006132756132756133
26 0.1971938775510204 0.9594155844155844 0.010714285714285714 0.006132756132756133
86 0.19566326530612244 0.911075036075036 0.009693877551020408 0.0183982683982684
24 0.1971938775510204 0.8721139971139971 0.010714285714285714 0.006132756132756133
26 0.1971938775510204 0.8930375180375181 0.010714285714285714 0.006132756132756133
41 0.1798469387755102 0.8724747474747475 0.0005102040816326531 0.03643578643578643
24 0.1747448979591837 0.8721139971139971 0.010714285714285714 0.006132756132756133
26 0.1747448979591837 0.8930375180375181 0.010714285714285714 0.006132756132756133
41 0.15739795918367347 0.9455266955266955 0.0005102040816326531 0.031746031746031744
41 0.4298469387755102 0.8724747474747475 0.0005102040816326531 0.03643578643578643
87 0.42397959183673467 0.908008658008658 0.01020408163265306 0.011544011544011544
24 0.4247448979591837 0.8721139971139971 0.010714285714285714 0.006132756132756133
26 0.4247448979591837 0.8930375180375181 0.010714285714285714 0.006132756132756133
41 0.4079081632653061 0.9419191919191919 0.0005102040816326531 0.024531024531024532
41 0.3295918367346939 0.873015873015873 0.0010204081632653062 0.03751803751803752
24 0.40280612244897956 0.9503968253968254 0.010714285714285714 0.006132756132756133
24 0.40280612244897956 0.9565295815295816 0.010714285714285714 0.006132756132756133
87 0.4020408163265306 0.908008658008658 0.01020408163265306 0.011544011544011544
24 0.40229591836734696 0.8721139971139971 0.009693877551020408 0.006132756132756133
26 0.40280612244897956 0.8930375180375181 0.010714285714285714 0.006132756132756133
24 0.4956632653061224 0.9565295815295816 0.010714285714285714 0.006132756132756133
24 0.4956632653061224 0.884018759018759 0.010714285714285714 0.006132756132756133
24 0.49923469387755104 0.8721139971139971 0.010714285714285714 0.006132756132756133
26 0.49923469387755104 0.8930375180375181 0.010714285714285714 0.006132756132756133
41 0.47831632653061223 0.8726551226551227 0.0005102040816326531 0.0367965367965368
24 0.4732142857142857 0.8721139971139971 0.010714285714285714 0.006132756132756133
26 0.4732142857142857 0.8930375180375181 0.010714285714285714 0.006132756132756133
41 0.4517857142857143 0.935064935064935 0.0005102040816326531 0.032467532467532464
41 0.4079081632653061 0.873015873015873 0.0005102040816326531 0.03751803751803752
41 0.4418367346938776 0.8888888888888888 0.0010204081632653062 0.013708513708513708
41 0.4556122448979592 0.8726551226551227 0.0010204081632653062 0.0367965367965368
24 0.44693877551020406 0.9384920634920635 0.01020408163265306 0.006132756132756133
26 0.44668367346938775 0.9536435786435786 0.010714285714285714 0.006132756132756133
26 0.44668367346938775 0.8809523809523809 0.010714285714285714 0.005772005772005772
24 0.45076530612244897 0.8721139971139971 0.010714285714285714 0.006132756132756133
26 0.45076530612244897 0.8930375180375181 0.010714285714285714 0.006132756132756133
41 0.36403061224489797 0.9435425685425686 0.0005102040816326531 0.027777777777777776
41 0.36403061224489797 0.8726551226551227 0.0005102040816326531 0.0367965367965368
24 0.35892857142857143 0.9503968253968254 0.010714285714285714 0.006132756132756133
26 0.35892857142857143 0.9594155844155844 0.010714285714285714 0.006132756132756133
87 0.3579081632653061 0.908008658008658 0.010714285714285714 0.011544011544011544
24 0.35892857142857143 0.8721139971139971 0.010714285714285714 0.006132756132756133
26 0.35892857142857143 0.8930375180375181 0.010714285714285714 0.006132756132756133
41 0.38596938775510203 0.8726551226551227 0.0005102040816326531 0.0367965367965368
87 0.3798469387755102 0.908008658008658 0.010714285714285714 0.011544011544011544
24 0.3808673469387755 0.8721139971139971 0.010714285714285714 0.006132756132756133
26 0.3808673469387755 0.8930375180375181 0.010714285714285714 0.006132756132756133