134 0.4997448979591837 0.057900432900432904 0.9045918367346939 0.024170274170274172
1 0.9316326530612244 0.07593795093795094 0.015306122448979591 0.0010822510822510823
1 0.9316326530612244 0.08189033189033189 0.015306122448979591 0.0007215007215007215
1 0.9084183673469388 0.07593795093795094 0.015816326530612244 0.0010822510822510823
1 0.9084183673469388 0.08189033189033189 0.015816326530612244 0.0007215007215007215
1 0.8852040816326531 0.07593795093795094 0.015306122448979591 0.0010822510822510823
1 0.8852040816326531 0.08189033189033189 0.015306122448979591 0.0007215007215007215
1 0.8622448979591837 0.07593795093795094 0.015306122448979591 0.0010822510822510823
1 0.8622448979591837 0.08189033189033189 0.015306122448979591 0.0007215007215007215
1 0.8390306122448979 0.07593795093795094 0.015816326530612244 0.0010822510822510823
1 0.8390306122448979 0.08189033189033189 0.015816326530612244 0.0007215007215007215
1 0.8158163265306122 0.07593795093795094 0.015306122448979591 0.0010822510822510823
1 0.8158163265306122 0.08189033189033189 0.015306122448979591 0.0007215007215007215
1 0.7926020408163266 0.07593795093795094 0.015816326530612244 0.0010822510822510823
1 0.7926020408163266 0.08189033189033189 0.015816326530612244 0.0007215007215007215
1 0.7714285714285715 0.07593795093795094 0.015306122448979591 0.0010822510822510823
1 0.7362244897959184 0.07593795093795094 0.015306122448979591 0.0010822510822510823
1 0.7130102040816326 0.07593795093795094 0.015816326530612244 0.0010822510822510823
1 0.689795918367347 0.07593795093795094 0.015306122448979591 0.0010822510822510823
1 0.6665816326530613 0.07593795093795094 0.015816326530612244 0.0010822510822510823
1 0.6334183673469388 0.07593795093795094 0.015816326530612244 0.0010822510822510823
1 0.610204081632653 0.07593795093795094 0.015306122448979591 0.0010822510822510823
1 0.5869897959183673 0.07593795093795094 0.015816326530612244 0.0010822510822510823
1 0.5637755102040817 0.07593795093795094 0.015306122448979591 0.0010822510822510823
1 0.5242346938775511 0.07593795093795094 0.015816326530612244 0.0010822510822510823
1 0.5010204081632653 0.07593795093795094 0.015306122448979591 0.0010822510822510823
1 0.4778061224489796 0.07593795093795094 0.015816326530612244 0.0010822510822510823
1 0.4545918367346939 0.07593795093795094 0.015306122448979591 0.0010822510822510823
1 0.4275510204081633 0.07593795093795094 0.015306122448979591 0.0010822510822510823
1 0.40433673469387754 0.07593795093795094 0.015816326530612244 0.0010822510822510823
1 0.38112244897959185 0.07593795093795094 0.015306122448979591 0.0010822510822510823
1 0.35816326530612247 0.07593795093795094 0.015306122448979591 0.0010822510822510823
1 0.3183673469387755 0.07593795093795094 0.015306122448979591 0.0010822510822510823
1 0.2951530612244898 0.07593795093795094 0.015816326530612244 0.0010822510822510823
1 0.27193877551020407 0.07593795093795094 0.015306122448979591 0.0010822510822510823
1 0.24872448979591838 0.07593795093795094 0.015816326530612244 0.0010822510822510823
1 0.22168367346938775 0.07593795093795094 0.015816326530612244 0.0010822510822510823
1 0.19846938775510203 0.07593795093795094 0.015306122448979591 0.0010822510822510823
1 0.17525510204081632 0.07593795093795094 0.015816326530612244 0.0010822510822510823
1 0.1520408163265306 0.07593795093795094 0.015306122448979591 0.0010822510822510823
1 0.7716836734693877 0.13654401154401155 0.01683673469387755 0.0010822510822510823
1 0.7716836734693877 0.1424963924963925 0.01683673469387755 0.0007215007215007215
1 0.7716836734693877 0.14862914862914864 0.01683673469387755 0.0007215007215007215
1 0.6630102040816327 0.13654401154401155 0.01683673469387755 0.0010822510822510823
1 0.5604591836734694 0.13654401154401155 0.01683673469387755 0.0010822510822510823
1 0.5604591836734694 0.1424963924963925 0.01683673469387755 0.0007215007215007215
1 0.5604591836734694 0.14862914862914864 0.01683673469387755 0.0007215007215007215
1 0.5242346938775511 0.13654401154401155 0.015816326530612244 0.0010822510822510823
1 0.5242346938775511 0.1424963924963925 0.015816326530612244 0.0007215007215007215
1 0.5242346938775511 0.14862914862914864 0.015816326530612244 0.0007215007215007215
1 0.45076530612244897 0.13654401154401155 0.015816326530612244 0.0010822510822510823
1 0.45076530612244897 0.1424963924963925 0.015816326530612244 0.0007215007215007215
1 0.35433673469387755 0.13654401154401155 0.01683673469387755 0.0010822510822510823
1 0.35433673469387755 0.1424963924963925 0.01683673469387755 0.0007215007215007215
1 0.35433673469387755 0.14862914862914864 0.01683673469387755 0.0007215007215007215
1 0.35433673469387755 0.1544011544011544 0.01683673469387755 0.0007215007215007215
1 0.2451530612244898 0.13654401154401155 0.01683673469387755 0.0010822510822510823
1 0.2451530612244898 0.1424963924963925 0.01683673469387755 0.0007215007215007215
1 0.14872448979591837 0.13654401154401155 0.01683673469387755 0.0010822510822510823
1 0.14872448979591837 0.1424963924963925 0.01683673469387755 0.0007215007215007215
1 0.14872448979591837 0.14862914862914864 0.01683673469387755 0.0007215007215007215
1 0.14872448979591837 0.1544011544011544 0.01683673469387755 0.0007215007215007215
134 0.4997448979591837 0.11868686868686869 0.9045918367346939 0.023809523809523808
26 0.610204081632653 0.07882395382395382 0.01020408163265306 0.006132756132756133
30 0.6630102040816327 0.06691919191919192 0.010714285714285714 0.006132756132756133
30 0.6635204081632653 0.07305194805194805 0.009693877551020408 0.006132756132756133
26 0.7127551020408164 0.07882395382395382 0.01020408163265306 0.006132756132756133
24 0.6658163265306123 0.057900432900432904 0.009183673469387756 0.006132756132756133
26 0.6663265306122449 0.07882395382395382 0.01020408163265306 0.006132756132756133
24 0.6096938775510204 0.057900432900432904 0.009183673469387756 0.006132756132756133
41 0.6150510204081633 0.059704184704184704 0.0005102040816326531 0.03643578643578643
41 0.6380102040816327 0.05916305916305916 0.0005102040816326531 0.03535353535353535
24 0.6334183673469388 0.057900432900432904 0.009693877551020408 0.006132756132756133
26 0.6331632653061224 0.07882395382395382 0.01020408163265306 0.006132756132756133
24 0.5237244897959183 0.057900432900432904 0.008673469387755102 0.006132756132756133
41 0.6946428571428571 0.059343434343434344 0.0005102040816326531 0.03571428571428571
24 0.689795918367347 0.057900432900432904 0.01020408163265306 0.006132756132756133
26 0.689795918367347 0.07882395382395382 0.01020408163265306 0.006132756132756133
41 0.6681122448979592 0.11796536796536797 0.0005102040816326531 0.03823953823953824
71 0.6630102040816327 0.09217171717171717 0.015816326530612244 0.006132756132756133
65 0.6502551020408164 0.06673881673881674 0.007653061224489796 0.005772005772005772
41 0.6579081632653061 0.07792207792207792 0.0005102040816326531 0.01948051948051948
41 0.6711734693877551 0.05916305916305916 0.0005102040816326531 0.03751803751803752
28 0.6630102040816327 0.11868686868686869 0.010714285714285714 0.006493506493506494
30 0.6630102040816327 0.13943001443001443 0.010714285714285714 0.006132756132756133
41 0.5686224489795918 0.058621933621933624 0.0005102040816326531 0.03643578643578643
28 0.5596938775510204 0.13077200577200576 0.01020408163265306 0.006132756132756133
30 0.560204081632653 0.15151515151515152 0.011224489795918367 0.006493506493506494
71 0.5604591836734694 0.09217171717171717 0.015816326530612244 0.006132756132756133
28 0.560204081632653 0.06403318903318904 0.011224489795918367 0.006132756132756133
30 0.5609693877551021 0.07305194805194805 0.009693877551020408 0.006132756132756133
24 0.5637755102040817 0.057900432900432904 0.01020408163265306 0.006132756132756133
26 0.5637755102040817 0.07882395382395382 0.01020408163265306 0.006132756132756133
63 0.5114795918367347 0.1277056277056277 0.008673469387755102 0.017316017316017316
47 0.5339285714285714 0.1167027417027417 0.007653061224489796 0.01406926406926407
41 0.5290816326530612 0.12842712842712842 0.0010204081632653062 0.04329004329004329
41 0.5290816326530612 0.058982683982683984 0.0010204081632653062 0.03715728715728716
26 0.5244897959183673 0.1275252525252525 0.01020408163265306 0.006132756132756133
26 0.5244897959183673 0.15151515151515152 0.01020408163265306 0.006493506493506494
121 0.19183673469387755 0.04004329004329004 0.06938775510204082 0.0021645021645021645
41 0.5918367346938775 0.05952380952380952 0.0010204081632653062 0.03607503607503607
24 0.5872448979591837 0.057900432900432904 0.01020408163265306 0.006132756132756133
26 0.5872448979591837 0.07882395382395382 0.01020408163265306 0.006132756132756133
41 0.565561224489796 0.13023088023088022 0.0005102040816326531 0.04040404040404041
41 0.5551020408163265 0.07647907647907648 0.0010204081632653062 0.022366522366522368
41 0.9132653061224489 0.07142857142857142 0.0010204081632653062 0.023809523809523808
26 0.9086734693877551 0.08495670995670995 0.01020408163265306 0.006132756132756133
41 0.8900510204081633 0.07124819624819625 0.0005102040816326531 0.023448773448773448
26 0.8852040816326531 0.08495670995670995 0.01020408163265306 0.006132756132756133
41 0.8670918367346939 0.07142857142857142 0.0005102040816326531 0.023809523809523808
85 0.8622448979591837 0.10497835497835498 0.01020408163265306 0.002886002886002886
26 0.8622448979591837 0.08495670995670995 0.01020408163265306 0.006132756132756133
121 0.288265306122449 0.04004329004329004 0.06938775510204082 0.0021645021645021645
121 0.3974489795918367 0.04004329004329004 0.06938775510204082 0.0021645021645021645
121 0.4943877551020408 0.04004329004329004 0.06938775510204082 0.0021645021645021645
121 0.6035714285714285 0.04004329004329004 0.06938775510204082 0.0021645021645021645
121 0.7061224489795919 0.04004329004329004 0.06938775510204082 0.0021645021645021645
121 0.810204081632653 0.04599567099567099 0.0673469387755102 0.011183261183261184
121 0.9015306122448979 0.05808080808080808 0.06938775510204082 0.0021645021645021645
41 0.8436224489795918 0.06691919191919192 0.0005102040816326531 0.032106782106782104
41 0.9364795918367347 0.07052669552669552 0.0005102040816326531 0.024891774891774892
26 0.9316326530612244 0.08495670995670995 0.01020408163265306 0.006132756132756133
26 0.7714285714285715 0.07882395382395382 0.01020408163265306 0.006132756132756133
41 0.7762755102040816 0.059704184704184704 0.0005102040816326531 0.03643578643578643
28 0.7714285714285715 0.13077200577200576 0.01020408163265306 0.006132756132756133
30 0.7719387755102041 0.15151515151515152 0.011224489795918367 0.006493506493506494
24 0.7714285714285715 0.057900432900432904 0.01020408163265306 0.006132756132756133
24 0.7714285714285715 0.06403318903318904 0.01020408163265306 0.006132756132756133
26 0.7714285714285715 0.07287157287157287 0.01020408163265306 0.006493506493506494
41 0.7410714285714286 0.0588023088023088 0.0005102040816326531 0.0367965367965368
24 0.7362244897959184 0.057900432900432904 0.01020408163265306 0.006132756132756133
26 0.7362244897959184 0.07882395382395382 0.01020408163265306 0.006132756132756133
41 0.7176020408163265 0.05916305916305916 0.0005102040816326531 0.03751803751803752
26 0.8387755102040816 0.08495670995670995 0.01020408163265306 0.006132756132756133
41 0.8206632653061224 0.06547619047619048 0.0005102040816326531 0.03571428571428571
26 0.8158163265306122 0.08495670995670995 0.01020408163265306 0.006132756132756133
41 0.7971938775510204 0.06349206349206349 0.0005102040816326531 0.03823953823953824
26 0.7923469387755102 0.08495670995670995 0.01020408163265306 0.006132756132756133
24 0.7127551020408164 0.057900432900432904 0.01020408163265306 0.006132756132756133
41 0.7772959183673469 0.13023088023088022 0.0005102040816326531 0.04040404040404041
41 0.25051020408163266 0.12391774891774891 0.0010204081632653062 0.04004329004329004
41 0.2767857142857143 0.0588023088023088 0.0005102040816326531 0.0367965367965368
24 0.27193877551020407 0.057900432900432904 0.01020408163265306 0.006132756132756133
26 0.27193877551020407 0.07882395382395382 0.01020408163265306 0.006132756132756133
41 0.24005102040816326 0.07683982683982683 0.0005102040816326531 0.021645021645021644
41 0.25357142857142856 0.058982683982683984 0.0010204081632653062 0.03715728715728716
28 0.24540816326530612 0.12463924963924963 0.011224489795918367 0.006132756132756133
30 0.24540816326530612 0.14556277056277056 0.011224489795918367 0.006132756132756133
24 0.31785714285714284 0.057900432900432904 0.009183673469387756 0.006132756132756133
28 0.35459183673469385 0.06403318903318904 0.011224489795918367 0.006132756132756133
28 0.3551020408163265 0.0698051948051948 0.01020408163265306 0.006132756132756133
24 0.3576530612244898 0.057900432900432904 0.009183673469387756 0.006132756132756133
26 0.35816326530612247 0.07882395382395382 0.01020408163265306 0.006132756132756133
69 0.08954081632653062 0.04599567099567099 0.008673469387755102 0.017676767676767676
69 0.09872448979591837 0.05483405483405483 0.008673469387755102 0.017316017316017316
69 0.10790816326530613 0.04292929292929293 0.008673469387755102 0.017316017316017316
69 0.11709183673469388 0.05194805194805195 0.008673469387755102 0.017316017316017316
41 0.32321428571428573 0.0588023088023088 0.0005102040816326531 0.0367965367965368
71 0.2451530612244898 0.09217171717171717 0.015816326530612244 0.006132756132756133
26 0.3183673469387755 0.07882395382395382 0.01020408163265306 0.006132756132756133
8 0.0663265306122449 0.11688311688311688 0.02346938775510204 0.020202020202020204
26 0.5244897959183673 0.07882395382395382 0.01020408163265306 0.006132756132756133
41 0.2997448979591837 0.058621933621933624 0.0005102040816326531 0.03643578643578643
24 0.2951530612244898 0.057900432900432904 0.009693877551020408 0.006132756132756133
26 0.2951530612244898 0.07882395382395382 0.009693877551020408 0.006132756132756133
69 0.08954081632653062 0.11255411255411256 0.008673469387755102 0.017316017316017316
69 0.09872448979591837 0.12157287157287157 0.008673469387755102 0.017316017316017316
69 0.10790816326530613 0.10966810966810966 0.008673469387755102 0.017316017316017316
69 0.11709183673469388 0.11868686868686869 0.008673469387755102 0.017316017316017316
28 0.14923469387755103 0.0698051948051948 0.009693877551020408 0.006132756132756133
26 0.1520408163265306 0.07882395382395382 0.01020408163265306 0.006132756132756133
41 0.18010204081632653 0.05916305916305916 0.0010204081632653062 0.03751803751803752
24 0.17525510204081632 0.057900432900432904 0.009693877551020408 0.006132756132756133
26 0.17525510204081632 0.07882395382395382 0.009693877551020408 0.006132756132756133
24 0.15153061224489797 0.057900432900432904 0.009183673469387756 0.006132756132756133
41 0.1538265306122449 0.13546176046176045 0.0005102040816326531 0.03932178932178932
41 0.1433673469387755 0.07557720057720058 0.0010204081632653062 0.01984126984126984
41 0.1568877551020408 0.05916305916305916 0.0005102040816326531 0.03751803751803752
28 0.14846938775510204 0.13654401154401155 0.011224489795918367 0.006132756132756133
30 0.14846938775510204 0.15746753246753248 0.011224489795918367 0.006132756132756133
71 0.14821428571428572 0.09018759018759019 0.01479591836734694 0.005772005772005772
28 0.14846938775510204 0.06403318903318904 0.011224489795918367 0.006132756132756133
26 0.22142857142857142 0.07882395382395382 0.01020408163265306 0.006132756132756133
28 0.24540816326530612 0.06403318903318904 0.011224489795918367 0.006132756132756133
30 0.24540816326530612 0.07305194805194805 0.011224489795918367 0.006132756132756133
24 0.24897959183673468 0.057900432900432904 0.01020408163265306 0.006132756132756133
26 0.24897959183673468 0.07882395382395382 0.01020408163265306 0.006132756132756133
41 0.22627551020408163 0.05916305916305916 0.0005102040816326531 0.03751803751803752
24 0.22142857142857142 0.057900432900432904 0.01020408163265306 0.006132756132756133
5 0.06683673469387755 0.05663780663780664 0.022448979591836733 0.044733044733044736
41 0.20331632653061224 0.0588023088023088 0.0005102040816326531 0.0367965367965368
24 0.19846938775510203 0.057900432900432904 0.01020408163265306 0.006132756132756133
26 0.19846938775510203 0.07882395382395382 0.01020408163265306 0.006132756132756133
71 0.45127551020408163 0.09217171717171717 0.015816326530612244 0.006132756132756133
41 0.4461734693877551 0.07702020202020202 0.0005102040816326531 0.021284271284271284
41 0.45943877551020407 0.058621933621933624 0.0005102040816326531 0.03643578643578643
24 0.4502551020408163 0.12463924963924963 0.008673469387755102 0.006132756132756133
26 0.45102040816326533 0.14556277056277056 0.01020408163265306 0.006132756132756133
40 0.4625 0.14556277056277056 0.0035714285714285713 0.0025252525252525255
28 0.45127551020408163 0.06403318903318904 0.010714285714285714 0.006132756132756133
30 0.45127551020408163 0.07305194805194805 0.010714285714285714 0.006132756132756133
24 0.4545918367346939 0.057900432900432904 0.01020408163265306 0.006132756132756133
26 0.4545918367346939 0.07882395382395382 0.01020408163265306 0.006132756132756133
41 0.43239795918367346 0.058621933621933624 0.0005102040816326531 0.03643578643578643
71 0.35408163265306125 0.09018759018759019 0.015306122448979591 0.005772005772005772
26 0.4275510204081633 0.07882395382395382 0.01020408163265306 0.006132756132756133
41 0.5058673469387756 0.058621933621933624 0.0005102040816326531 0.03643578643578643
24 0.5010204081632653 0.057900432900432904 0.01020408163265306 0.006132756132756133
26 0.5010204081632653 0.07882395382395382 0.01020408163265306 0.006132756132756133
24 0.4275510204081633 0.057900432900432904 0.01020408163265306 0.006132756132756133
41 0.4829081632653061 0.0588023088023088 0.0005102040816326531 0.0367965367965368
24 0.47806122448979593 0.057900432900432904 0.01020408163265306 0.006132756132756133
0 0.04107142857142857 0.0882034632034632 0.007653061224489796 0.08405483405483405
26 0.47806122448979593 0.07882395382395382 0.01020408163265306 0.006132756132756133
40 0.4625 0.12175324675324675 0.0035714285714285713 0.0025252525252525255
41 0.4556122448979592 0.1240981240981241 0.0010204081632653062 0.04040404040404041
41 0.35994897959183675 0.13564213564213565 0.0005102040816326531 0.03968253968253968
41 0.349234693877551 0.07539682539682539 0.0005102040816326531 0.020202020202020204
41 0.36301020408163265 0.05916305916305916 0.0005102040816326531 0.03751803751803752
28 0.35459183673469385 0.13654401154401155 0.011224489795918367 0.006132756132756133
30 0.35459183673469385 0.15746753246753248 0.011224489795918367 0.006132756132756133
41 0.4094387755102041 0.058982683982683984 0.0005102040816326531 0.03715728715728716
24 0.4045918367346939 0.057900432900432904 0.01020408163265306 0.006132756132756133
26 0.4045918367346939 0.07882395382395382 0.01020408163265306 0.006132756132756133
41 0.38596938775510203 0.058621933621933624 0.0005102040816326531 0.03643578643578643
24 0.38112244897959185 0.057900432900432904 0.01020408163265306 0.006132756132756133
26 0.38112244897959185 0.07882395382395382 0.01020408163265306 0.006132756132756133
134 0.4997448979591837 0.31764069264069267 0.9045918367346939 0.024170274170274172
1 0.5573979591836735 0.3354978354978355 0.015816326530612244 0.0007215007215007215
1 0.49744897959183676 0.3354978354978355 0.015306122448979591 0.0007215007215007215
1 0.4010204081632653 0.3354978354978355 0.015306122448979591 0.0007215007215007215
1 0.3528061224489796 0.3354978354978355 0.015816326530612244 0.0007215007215007215
1 0.29285714285714287 0.3354978354978355 0.015306122448979591 0.0007215007215007215
1 0.24464285714285713 0.3354978354978355 0.015816326530612244 0.0007215007215007215
1 0.19642857142857142 0.3354978354978355 0.015306122448979591 0.0007215007215007215
1 0.14821428571428572 0.3354978354978355 0.015816326530612244 0.0007215007215007215
1 0.14821428571428572 0.3416305916305916 0.015816326530612244 0.0007215007215007215
1 0.9306122448979591 0.27615440115440115 0.015306122448979591 0.0010822510822510823
1 0.9306122448979591 0.2821067821067821 0.015306122448979591 0.0007215007215007215
1 0.9066326530612245 0.27615440115440115 0.015306122448979591 0.0010822510822510823
1 0.9066326530612245 0.2821067821067821 0.015306122448979591 0.0007215007215007215
1 0.8823979591836735 0.27615440115440115 0.015816326530612244 0.0010822510822510823
1 0.8823979591836735 0.2821067821067821 0.015816326530612244 0.0007215007215007215
1 0.8584183673469388 0.27615440115440115 0.015816326530612244 0.0010822510822510823
1 0.8584183673469388 0.2821067821067821 0.015816326530612244 0.0007215007215007215
1 0.8341836734693877 0.27615440115440115 0.015306122448979591 0.0010822510822510823
1 0.8341836734693877 0.2821067821067821 0.015306122448979591 0.0007215007215007215
1 0.810204081632653 0.27615440115440115 0.015306122448979591 0.0010822510822510823
1 0.810204081632653 0.2821067821067821 0.015306122448979591 0.0007215007215007215
1 0.7859693877551021 0.27615440115440115 0.015816326530612244 0.0010822510822510823
1 0.7859693877551021 0.2821067821067821 0.015816326530612244 0.0007215007215007215
1 0.7619897959183674 0.27615440115440115 0.015816326530612244 0.0010822510822510823
1 0.7619897959183674 0.2821067821067821 0.015816326530612244 0.0007215007215007215
1 0.7260204081632653 0.27615440115440115 0.015306122448979591 0.0010822510822510823
1 0.7260204081632653 0.2821067821067821 0.015306122448979591 0.0007215007215007215
1 0.7020408163265306 0.27615440115440115 0.015306122448979591 0.0010822510822510823
1 0.7020408163265306 0.2821067821067821 0.015306122448979591 0.0007215007215007215
1 0.6780612244897959 0.27615440115440115 0.015306122448979591 0.0010822510822510823
1 0.6780612244897959 0.2821067821067821 0.015306122448979591 0.0007215007215007215
1 0.6538265306122449 0.27615440115440115 0.015816326530612244 0.0010822510822510823
1 0.6538265306122449 0.2821067821067821 0.015816326530612244 0.0007215007215007215
1 0.6295918367346939 0.27615440115440115 0.015306122448979591 0.0010822510822510823
1 0.6295918367346939 0.2821067821067821 0.015306122448979591 0.0007215007215007215
1 0.6056122448979592 0.27615440115440115 0.015306122448979591 0.0010822510822510823
1 0.6056122448979592 0.2821067821067821 0.015306122448979591 0.0007215007215007215
1 0.5813775510204081 0.27615440115440115 0.015816326530612244 0.0010822510822510823
1 0.5813775510204081 0.2821067821067821 0.015816326530612244 0.0007215007215007215
1 0.5573979591836735 0.27615440115440115 0.015816326530612244 0.0010822510822510823
1 0.5573979591836735 0.2821067821067821 0.015816326530612244 0.0007215007215007215
1 0.5214285714285715 0.27615440115440115 0.015306122448979591 0.0010822510822510823
1 0.5214285714285715 0.2821067821067821 0.015306122448979591 0.0007215007215007215
1 0.49744897959183676 0.27615440115440115 0.015306122448979591 0.0010822510822510823
1 0.49744897959183676 0.2821067821067821 0.015306122448979591 0.0007215007215007215
1 0.47346938775510206 0.27615440115440115 0.015306122448979591 0.0010822510822510823
1 0.47346938775510206 0.2821067821067821 0.015306122448979591 0.0007215007215007215
1 0.449234693877551 0.27615440115440115 0.015816326530612244 0.0010822510822510823
1 0.449234693877551 0.2821067821067821 0.015816326530612244 0.0007215007215007215
1 0.425 0.27615440115440115 0.015306122448979591 0.0010822510822510823
1 0.425 0.2821067821067821 0.015306122448979591 0.0007215007215007215
1 0.4010204081632653 0.27615440115440115 0.015306122448979591 0.0010822510822510823
1 0.4010204081632653 0.2821067821067821 0.015306122448979591 0.0007215007215007215
1 0.3767857142857143 0.27615440115440115 0.015816326530612244 0.0010822510822510823
1 0.3767857142857143 0.2821067821067821 0.015816326530612244 0.0007215007215007215
1 0.3528061224489796 0.27615440115440115 0.015816326530612244 0.0010822510822510823
1 0.3528061224489796 0.2821067821067821 0.015816326530612244 0.0007215007215007215
1 0.3168367346938776 0.27615440115440115 0.015306122448979591 0.0010822510822510823
1 0.3168367346938776 0.2821067821067821 0.015306122448979591 0.0007215007215007215
1 0.29285714285714287 0.27615440115440115 0.015306122448979591 0.0010822510822510823
1 0.29285714285714287 0.2821067821067821 0.015306122448979591 0.0007215007215007215
1 0.26887755102040817 0.27615440115440115 0.015306122448979591 0.0010822510822510823
1 0.26887755102040817 0.2821067821067821 0.015306122448979591 0.0007215007215007215
1 0.24464285714285713 0.27615440115440115 0.015816326530612244 0.0010822510822510823
1 0.24464285714285713 0.2821067821067821 0.015816326530612244 0.0007215007215007215
1 0.22040816326530613 0.27615440115440115 0.015306122448979591 0.0010822510822510823
1 0.22040816326530613 0.2821067821067821 0.015306122448979591 0.0007215007215007215
1 0.19642857142857142 0.27615440115440115 0.015306122448979591 0.0010822510822510823
1 0.19642857142857142 0.2821067821067821 0.015306122448979591 0.0007215007215007215
1 0.17219387755102042 0.27615440115440115 0.015816326530612244 0.0010822510822510823
1 0.17219387755102042 0.2821067821067821 0.015816326530612244 0.0007215007215007215
1 0.14821428571428572 0.27615440115440115 0.015816326530612244 0.0010822510822510823
1 0.14821428571428572 0.2821067821067821 0.015816326530612244 0.0007215007215007215
134 0.4997448979591837 0.2582972582972583 0.9045918367346939 0.023809523809523808
41 0.6584183673469388 0.27074314574314573 0.0005102040816326531 0.024891774891774892
26 0.6538265306122449 0.31475468975468973 0.009693877551020408 0.006132756132756133
26 0.6543367346938775 0.32052669552669555 0.008673469387755102 0.006132756132756133
26 0.6535714285714286 0.2851731601731602 0.01020408163265306 0.006132756132756133
41 0.6344387755102041 0.27146464646464646 0.0005102040816326531 0.023448773448773448
26 0.6295918367346939 0.2851731601731602 0.01020408163265306 0.006132756132756133
41 0.6104591836734694 0.3129509379509379 0.0005102040816326531 0.029942279942279944
41 0.7068877551020408 0.3129509379509379 0.0005102040816326531 0.029942279942279944
41 0.7068877551020408 0.27146464646464646 0.0005102040816326531 0.023448773448773448
24 0.7020408163265306 0.31764069264069267 0.01020408163265306 0.006132756132756133
24 0.7020408163265306 0.32954545454545453 0.01020408163265306 0.006132756132756133
26 0.7020408163265306 0.2851731601731602 0.01020408163265306 0.006132756132756133
41 0.6829081632653061 0.27164502164502163 0.0005102040816326531 0.023809523809523808
26 0.6780612244897959 0.2851731601731602 0.01020408163265306 0.006132756132756133
41 0.6489795918367347 0.32756132756132755 0.0010204081632653062 0.023809523809523808
26 0.5571428571428572 0.2851731601731602 0.01020408163265306 0.006132756132756133
41 0.5619897959183674 0.2711038961038961 0.0005102040816326531 0.025613275613275612
26 0.5566326530612244 0.32052669552669555 0.009183673469387756 0.006132756132756133
24 0.5571428571428572 0.3356782106782107 0.01020408163265306 0.006132756132756133
41 0.5619897959183674 0.3170995670995671 0.0005102040816326531 0.03463203463203463
41 0.5262755102040816 0.27146464646464646 0.0005102040816326531 0.023448773448773448
26 0.5214285714285715 0.2851731601731602 0.01020408163265306 0.006132756132756133
41 0.502295918367347 0.31673881673881676 0.0005102040816326531 0.03391053391053391
121 0.18928571428571428 0.2582972582972583 0.07244897959183673 0.0021645021645021645
41 0.6104591836734694 0.27164502164502163 0.0005102040816326531 0.023809523809523808
24 0.6056122448979592 0.31764069264069267 0.01020408163265306 0.006132756132756133
24 0.6056122448979592 0.32954545454545453 0.01020408163265306 0.006132756132756133
26 0.6056122448979592 0.2851731601731602 0.01020408163265306 0.006132756132756133
41 0.5862244897959183 0.27164502164502163 0.0010204081632653062 0.023809523809523808
26 0.5816326530612245 0.2851731601731602 0.01020408163265306 0.006132756132756133
41 0.9354591836734694 0.27146464646464646 0.0005102040816326531 0.023448773448773448
26 0.9306122448979591 0.2851731601731602 0.01020408163265306 0.006132756132756133
41 0.9114795918367347 0.27146464646464646 0.0005102040816326531 0.023448773448773448
26 0.9066326530612245 0.2851731601731602 0.01020408163265306 0.006132756132756133
41 0.8875 0.27164502164502163 0.0005102040816326531 0.023809523809523808
26 0.8826530612244898 0.2851731601731602 0.01020408163265306 0.006132756132756133
41 0.8630102040816326 0.27074314574314573 0.0005102040816326531 0.024891774891774892
26 0.8581632653061224 0.2851731601731602 0.01020408163265306 0.006132756132756133
121 0.2857142857142857 0.2582972582972583 0.07244897959183673 0.0021645021645021645
121 0.39387755102040817 0.2582972582972583 0.07244897959183673 0.0021645021645021645
121 0.4903061224489796 0.2582972582972583 0.07244897959183673 0.0021645021645021645
121 0.5984693877551021 0.2582972582972583 0.07244897959183673 0.0021645021645021645
121 0.6948979591836735 0.2582972582972583 0.07244897959183673 0.0021645021645021645
121 0.8030612244897959 0.2582972582972583 0.07244897959183673 0.0021645021645021645
121 0.8994897959183673 0.2582972582972583 0.07244897959183673 0.0021645021645021645
41 0.7665816326530612 0.27074314574314573 0.0005102040816326531 0.024891774891774892
32 0.7637755102040816 0.31764069264069267 0.014285714285714285 0.006132756132756133
32 0.7637755102040816 0.32954545454545453 0.014285714285714285 0.006132756132756133
26 0.761734693877551 0.2851731601731602 0.01020408163265306 0.006132756132756133
41 0.7308673469387755 0.27074314574314573 0.0005102040816326531 0.024891774891774892
26 0.7260204081632653 0.2851731601731602 0.01020408163265306 0.006132756132756133
41 0.8390306122448979 0.27074314574314573 0.0005102040816326531 0.024891774891774892
26 0.8341836734693877 0.2851731601731602 0.01020408163265306 0.006132756132756133
41 0.8150510204081632 0.2709235209235209 0.0005102040816326531 0.025252525252525252
26 0.810204081632653 0.2851731601731602 0.01020408163265306 0.006132756132756133
41 0.7908163265306123 0.2709235209235209 0.0010204081632653062 0.025252525252525252
26 0.7862244897959184 0.2851731601731602 0.01020408163265306 0.006132756132756133
41 0.22525510204081634 0.27074314574314573 0.0005102040816326531 0.024891774891774892
41 0.249234693877551 0.27074314574314573 0.0005102040816326531 0.024891774891774892
26 0.24387755102040817 0.32052669552669555 0.009183673469387756 0.006132756132756133
24 0.24464285714285713 0.3356782106782107 0.009693877551020408 0.006132756132756133
26 0.2443877551020408 0.2851731601731602 0.01020408163265306 0.006132756132756133
41 0.249234693877551 0.3170995670995671 0.0005102040816326531 0.03463203463203463
26 0.22040816326530613 0.2851731601731602 0.01020408163265306 0.006132756132756133
41 0.20127551020408163 0.32287157287157287 0.0005102040816326531 0.02813852813852814
41 0.20127551020408163 0.2709235209235209 0.0005102040816326531 0.025252525252525252
24 0.19642857142857142 0.32954545454545453 0.01020408163265306 0.006132756132756133
24 0.2923469387755102 0.3235930735930736 0.009183673469387756 0.006493506493506494
63 0.2798469387755102 0.3235930735930736 0.008673469387755102 0.017316017316017316
41 0.29770408163265305 0.3198051948051948 0.0005102040816326531 0.03354978354978355
41 0.29770408163265305 0.27074314574314573 0.0005102040816326531 0.024891774891774892
26 0.19642857142857142 0.33856421356421357 0.01020408163265306 0.006132756132756133
26 0.29285714285714287 0.33856421356421357 0.01020408163265306 0.006132756132756133
26 0.29285714285714287 0.2851731601731602 0.01020408163265306 0.006132756132756133
41 0.27372448979591835 0.2709235209235209 0.0005102040816326531 0.025252525252525252
26 0.26887755102040817 0.2851731601731602 0.01020408163265306 0.006132756132756133
69 0.08954081632653062 0.3116883116883117 0.008673469387755102 0.017316017316017316
69 0.09872448979591837 0.3207070707070707 0.008673469387755102 0.017316017316017316
69 0.10790816326530613 0.30862193362193363 0.008673469387755102 0.017676767676767676
69 0.11709183673469388 0.31746031746031744 0.008673469387755102 0.017316017316017316
8 0.0663265306122449 0.31565656565656564 0.02346938775510204 0.020202020202020204
69 0.08954081632653062 0.24639249639249639 0.008673469387755102 0.017316017316017316
69 0.09872448979591837 0.25523088023088025 0.008673469387755102 0.017676767676767676
69 0.10790816326530613 0.24332611832611833 0.008673469387755102 0.017676767676767676
69 0.11709183673469388 0.25216450216450215 0.008673469387755102 0.017316017316017316
5 0.06683673469387755 0.25685425685425683 0.022448979591836733 0.044733044733044736
122 0.860969387755102 0.31186868686868685 0.1760204081632653 0.00468975468975469
122 0.860969387755102 0.32377344877344877 0.1760204081632653 0.00468975468975469
0 0.04107142857142857 0.28805916305916307 0.007653061224489796 0.08333333333333333
26 0.19642857142857142 0.2851731601731602 0.01020408163265306 0.006132756132756133
41 0.17704081632653063 0.2709235209235209 0.0010204081632653062 0.025252525252525252
26 0.17244897959183675 0.2851731601731602 0.01020408163265306 0.006132756132756133
41 0.1528061224489796 0.3241341991341991 0.0005102040816326531 0.030663780663780664
41 0.1528061224489796 0.27074314574314573 0.0005102040816326531 0.024891774891774892
24 0.14795918367346939 0.32954545454545453 0.01020408163265306 0.006132756132756133
24 0.14795918367346939 0.34145021645021645 0.01020408163265306 0.006132756132756133
26 0.14795918367346939 0.2851731601731602 0.01020408163265306 0.006132756132756133
41 0.4298469387755102 0.27074314574314573 0.0005102040816326531 0.024891774891774892
26 0.425 0.2851731601731602 0.01020408163265306 0.006132756132756133
41 0.4058673469387755 0.3212481962481962 0.0005102040816326531 0.024891774891774892
26 0.4489795918367347 0.2851731601731602 0.01020408163265306 0.006132756132756133
41 0.4058673469387755 0.2709235209235209 0.0005102040816326531 0.025252525252525252
24 0.4010204081632653 0.32954545454545453 0.01020408163265306 0.006132756132756133
24 0.4010204081632653 0.3356782106782107 0.01020408163265306 0.006132756132756133
26 0.4010204081632653 0.2851731601731602 0.01020408163265306 0.006132756132756133
41 0.3816326530612245 0.2709235209235209 0.0010204081632653062 0.025252525252525252
26 0.47346938775510206 0.2851731601731602 0.01020408163265306 0.006132756132756133
41 0.502295918367347 0.27074314574314573 0.0005102040816326531 0.024891774891774892
26 0.49744897959183676 0.32052669552669555 0.01020408163265306 0.006132756132756133
24 0.49744897959183676 0.3356782106782107 0.01020408163265306 0.006132756132756133
26 0.49744897959183676 0.2851731601731602 0.01020408163265306 0.006132756132756133
41 0.47831632653061223 0.2711038961038961 0.0005102040816326531 0.025613275613275612
26 0.3168367346938776 0.2851731601731602 0.01020408163265306 0.006132756132756133
41 0.45382653061224487 0.3142135642135642 0.0005102040816326531 0.032467532467532464
41 0.45382653061224487 0.2711038961038961 0.0005102040816326531 0.025613275613275612
24 0.4489795918367347 0.31764069264069267 0.01020408163265306 0.006132756132756133
26 0.4489795918367347 0.3324314574314574 0.01020408163265306 0.006132756132756133
41 0.35739795918367345 0.3226911976911977 0.0005102040816326531 0.027777777777777776
26 0.37704081632653064 0.2851731601731602 0.01020408163265306 0.006132756132756133
26 0.3525510204081633 0.2851731601731602 0.01020408163265306 0.006132756132756133
26 0.3525510204081633 0.33856421356421357 0.01020408163265306 0.006132756132756133
41 0.35739795918367345 0.2711038961038961 0.0005102040816326531 0.025613275613275612
41 0.32168367346938775 0.2711038961038961 0.0005102040816326531 0.025613275613275612
24 0.3525510204081633 0.32954545454545453 0.01020408163265306 0.006132756132756133
134 0.4997448979591837 0.45725108225108224 0.9045918367346939 0.024170274170274172
1 0.9301020408163265 0.4751082251082251 0.015306122448979591 0.0007215007215007215
1 0.9301020408163265 0.48124098124098125 0.015306122448979591 0.0007215007215007215
1 0.9063775510204082 0.4751082251082251 0.015816326530612244 0.0007215007215007215
1 0.9063775510204082 0.48124098124098125 0.015816326530612244 0.0007215007215007215
1 0.8826530612244898 0.4751082251082251 0.015306122448979591 0.0007215007215007215
1 0.8826530612244898 0.48124098124098125 0.015306122448979591 0.0007215007215007215
1 0.8586734693877551 0.4751082251082251 0.015306122448979591 0.0007215007215007215
1 0.8586734693877551 0.48124098124098125 0.015306122448979591 0.0007215007215007215
1 0.8349489795918368 0.4751082251082251 0.015816326530612244 0.0007215007215007215
1 0.8349489795918368 0.48124098124098125 0.015816326530612244 0.0007215007215007215
1 0.8112244897959183 0.4751082251082251 0.015306122448979591 0.0007215007215007215
1 0.8112244897959183 0.48124098124098125 0.015306122448979591 0.0007215007215007215
1 0.7875 0.4751082251082251 0.015816326530612244 0.0007215007215007215
1 0.7875 0.48124098124098125 0.015816326530612244 0.0007215007215007215
1 0.7635204081632653 0.4751082251082251 0.015816326530612244 0.0007215007215007215
1 0.7635204081632653 0.48124098124098125 0.015816326530612244 0.0007215007215007215
1 0.7283163265306123 0.4751082251082251 0.015816326530612244 0.0007215007215007215
1 0.7283163265306123 0.48124098124098125 0.015816326530612244 0.0007215007215007215
1 0.7043367346938776 0.4751082251082251 0.015816326530612244 0.0007215007215007215
1 0.7043367346938776 0.48124098124098125 0.015816326530612244 0.0007215007215007215
1 0.6806122448979591 0.4751082251082251 0.015306122448979591 0.0007215007215007215
1 0.6806122448979591 0.48124098124098125 0.015306122448979591 0.0007215007215007215
1 0.6568877551020408 0.4751082251082251 0.015816326530612244 0.0007215007215007215
1 0.6568877551020408 0.48124098124098125 0.015816326530612244 0.0007215007215007215
1 0.6331632653061224 0.4751082251082251 0.015306122448979591 0.0007215007215007215
1 0.6331632653061224 0.48124098124098125 0.015306122448979591 0.0007215007215007215
1 0.6091836734693877 0.4751082251082251 0.015306122448979591 0.0007215007215007215
1 0.6091836734693877 0.48124098124098125 0.015306122448979591 0.0007215007215007215
1 0.5854591836734694 0.4751082251082251 0.015816326530612244 0.0007215007215007215
1 0.5854591836734694 0.48124098124098125 0.015816326530612244 0.0007215007215007215
1 0.561734693877551 0.4751082251082251 0.015306122448979591 0.0007215007215007215
1 0.561734693877551 0.48124098124098125 0.015306122448979591 0.0007215007215007215
1 0.5168367346938776 0.4751082251082251 0.015306122448979591 0.0007215007215007215
1 0.5168367346938776 0.48124098124098125 0.015306122448979591 0.0007215007215007215
1 0.4928571428571429 0.4751082251082251 0.015306122448979591 0.0007215007215007215
1 0.4928571428571429 0.48124098124098125 0.015306122448979591 0.0007215007215007215
1 0.4691326530612245 0.4751082251082251 0.015816326530612244 0.0007215007215007215
1 0.4691326530612245 0.48124098124098125 0.015816326530612244 0.0007215007215007215
1 0.44540816326530613 0.4751082251082251 0.015306122448979591 0.0007215007215007215
1 0.44540816326530613 0.48124098124098125 0.015306122448979591 0.0007215007215007215
1 0.42142857142857143 0.4751082251082251 0.015306122448979591 0.0007215007215007215
1 0.42142857142857143 0.48124098124098125 0.015306122448979591 0.0007215007215007215
1 0.3977040816326531 0.4751082251082251 0.015816326530612244 0.0007215007215007215
1 0.3977040816326531 0.48124098124098125 0.015816326530612244 0.0007215007215007215
1 0.3739795918367347 0.4751082251082251 0.015306122448979591 0.0007215007215007215
1 0.3739795918367347 0.48124098124098125 0.015306122448979591 0.0007215007215007215
1 0.35 0.4751082251082251 0.015306122448979591 0.0007215007215007215
1 0.35 0.48124098124098125 0.015306122448979591 0.0007215007215007215
1 0.31479591836734694 0.4751082251082251 0.015306122448979591 0.0007215007215007215
1 0.31479591836734694 0.48124098124098125 0.015306122448979591 0.0007215007215007215
1 0.2910714285714286 0.4751082251082251 0.015816326530612244 0.0007215007215007215
1 0.2910714285714286 0.48124098124098125 0.015816326530612244 0.0007215007215007215
1 0.2670918367346939 0.4751082251082251 0.015816326530612244 0.0007215007215007215
1 0.2670918367346939 0.48124098124098125 0.015816326530612244 0.0007215007215007215
1 0.24336734693877551 0.4751082251082251 0.015306122448979591 0.0007215007215007215
1 0.24336734693877551 0.48124098124098125 0.015306122448979591 0.0007215007215007215
1 0.21964285714285714 0.4751082251082251 0.015816326530612244 0.0007215007215007215
1 0.21964285714285714 0.48124098124098125 0.015816326530612244 0.0007215007215007215
1 0.19566326530612244 0.4751082251082251 0.015816326530612244 0.0007215007215007215
1 0.19566326530612244 0.48124098124098125 0.015816326530612244 0.0007215007215007215
1 0.1719387755102041 0.4751082251082251 0.015306122448979591 0.0007215007215007215
1 0.1719387755102041 0.48124098124098125 0.015306122448979591 0.0007215007215007215
1 0.14821428571428572 0.4751082251082251 0.015816326530612244 0.0007215007215007215
1 0.14821428571428572 0.48124098124098125 0.015816326530612244 0.0007215007215007215
1 0.7043367346938776 0.5346320346320347 0.015816326530612244 0.0007215007215007215
1 0.7043367346938776 0.5404040404040404 0.015816326530612244 0.0007215007215007215
1 0.6568877551020408 0.5346320346320347 0.015816326530612244 0.0007215007215007215
1 0.6091836734693877 0.5346320346320347 0.015306122448979591 0.0007215007215007215
1 0.561734693877551 0.5346320346320347 0.015306122448979591 0.0007215007215007215
1 0.4928571428571429 0.5346320346320347 0.015306122448979591 0.0007215007215007215
1 0.44540816326530613 0.5346320346320347 0.015306122448979591 0.0007215007215007215
1 0.3977040816326531 0.5346320346320347 0.015816326530612244 0.0007215007215007215
1 0.2910714285714286 0.5346320346320347 0.015816326530612244 0.0007215007215007215
134 0.4997448979591837 0.5165945165945166 0.9045918367346939 0.023809523809523808
41 0.6614795918367347 0.5160533910533911 0.0005102040816326531 0.0386002886002886
26 0.6331632653061224 0.48412698412698413 0.01020408163265306 0.006493506493506494
41 0.6380102040816327 0.47023809523809523 0.0005102040816326531 0.025613275613275612
41 0.6614795918367347 0.4696969696969697 0.0005102040816326531 0.024531024531024532
24 0.6566326530612245 0.5165945165945166 0.01020408163265306 0.006493506493506494
26 0.6566326530612245 0.5375180375180375 0.01020408163265306 0.006493506493506494
26 0.6566326530612245 0.48412698412698413 0.01020408163265306 0.006493506493506494
41 0.7094387755102041 0.47059884559884557 0.0005102040816326531 0.024170274170274172
26 0.5168367346938776 0.48412698412698413 0.01020408163265306 0.006493506493506494
41 0.7329081632653062 0.47023809523809523 0.0005102040816326531 0.023448773448773448
26 0.7280612244897959 0.48412698412698413 0.01020408163265306 0.006493506493506494
41 0.7094387755102041 0.516955266955267 0.0005102040816326531 0.04401154401154401
26 0.7045918367346938 0.5135281385281385 0.01020408163265306 0.006132756132756133
24 0.7045918367346938 0.5405844155844156 0.01020408163265306 0.006132756132756133
26 0.7045918367346938 0.48412698412698413 0.01020408163265306 0.006493506493506494
41 0.6854591836734694 0.4704184704184704 0.0005102040816326531 0.023809523809523808
26 0.6806122448979591 0.48412698412698413 0.01020408163265306 0.006493506493506494
41 0.5665816326530613 0.5187590187590188 0.0005102040816326531 0.03391053391053391
41 0.5665816326530613 0.4704184704184704 0.0005102040816326531 0.023809523809523808
24 0.561734693877551 0.5225468975468975 0.01020408163265306 0.006132756132756133
26 0.561734693877551 0.5375180375180375 0.01020408163265306 0.006493506493506494
26 0.561734693877551 0.48412698412698413 0.01020408163265306 0.006493506493506494
41 0.5216836734693877 0.47023809523809523 0.0005102040816326531 0.025613275613275612
121 0.18877551020408162 0.45725108225108224 0.07142857142857142 0.0018037518037518038
41 0.614030612244898 0.4704184704184704 0.0005102040816326531 0.023809523809523808
26 0.6086734693877551 0.5196608946608947 0.009183673469387756 0.006132756132756133
24 0.6091836734693877 0.5344516594516594 0.01020408163265306 0.006132756132756133
26 0.6091836734693877 0.48412698412698413 0.01020408163265306 0.006493506493506494
41 0.614030612244898 0.5162337662337663 0.0005102040816326531 0.03463203463203463
41 0.5900510204081633 0.47023809523809523 0.0005102040816326531 0.023448773448773448
26 0.5854591836734694 0.48412698412698413 0.009693877551020408 0.006493506493506494
63 0.5487244897959184 0.5225468975468975 0.008673469387755102 0.017676767676767676
41 0.9349489795918368 0.4639249639249639 0.0005102040816326531 0.0367965367965368
24 0.9301020408163265 0.46320346320346323 0.01020408163265306 0.006493506493506494
26 0.9301020408163265 0.48412698412698413 0.01020408163265306 0.006493506493506494
41 0.9112244897959184 0.4648268398268398 0.0010204081632653062 0.03643578643578643
24 0.9063775510204082 0.46320346320346323 0.009693877551020408 0.006493506493506494
26 0.9063775510204082 0.48412698412698413 0.009693877551020408 0.006493506493506494
41 0.8875 0.46446608946608947 0.0005102040816326531 0.03571428571428571
24 0.8826530612244898 0.46320346320346323 0.01020408163265306 0.006493506493506494
26 0.8826530612244898 0.48412698412698413 0.01020408163265306 0.006493506493506494
41 0.8635204081632653 0.46374458874458874 0.0005102040816326531 0.03643578643578643
24 0.8586734693877551 0.46320346320346323 0.01020408163265306 0.006493506493506494
26 0.8586734693877551 0.48412698412698413 0.01020408163265306 0.006493506493506494
121 0.2836734693877551 0.45725108225108224 0.07142857142857142 0.0018037518037518038
121 0.3905612244897959 0.45725108225108224 0.07091836734693878 0.0018037518037518038
121 0.4857142857142857 0.45725108225108224 0.07142857142857142 0.0018037518037518038
121 0.6020408163265306 0.45725108225108224 0.07142857142857142 0.0018037518037518038
121 0.6974489795918367 0.45725108225108224 0.07142857142857142 0.0018037518037518038
121 0.8040816326530612 0.4453463203463203 0.07142857142857142 0.0018037518037518038
121 0.8992346938775511 0.4453463203463203 0.07091836734693878 0.0018037518037518038
41 0.7683673469387755 0.46410533910533913 0.0010204081632653062 0.03715728715728716
32 0.7658163265306123 0.5165945165945166 0.014285714285714285 0.006493506493506494
32 0.7658163265306123 0.5284992784992785 0.014285714285714285 0.006493506493506494
26 0.7637755102040816 0.48412698412698413 0.01020408163265306 0.006493506493506494
24 0.8107142857142857 0.46320346320346323 0.009183673469387756 0.006493506493506494
41 0.8397959183673469 0.4642857142857143 0.0010204081632653062 0.03751803751803752
24 0.835204081632653 0.46320346320346323 0.01020408163265306 0.006493506493506494
26 0.8349489795918368 0.48412698412698413 0.009693877551020408 0.006493506493506494
41 0.8160714285714286 0.4639249639249639 0.0005102040816326531 0.0367965367965368
26 0.8112244897959183 0.48412698412698413 0.01020408163265306 0.006493506493506494
41 0.7920918367346939 0.46374458874458874 0.0005102040816326531 0.03643578643578643
24 0.7872448979591836 0.46320346320346323 0.01020408163265306 0.006493506493506494
26 0.7872448979591836 0.48412698412698413 0.01020408163265306 0.006493506493506494
41 0.24821428571428572 0.5117243867243867 0.0005102040816326531 0.029942279942279944
41 0.24821428571428572 0.4698773448773449 0.0005102040816326531 0.024891774891774892
24 0.24336734693877551 0.5165945165945166 0.01020408163265306 0.006493506493506494
24 0.24336734693877551 0.5286796536796536 0.01020408163265306 0.006132756132756133
26 0.24336734693877551 0.48412698412698413 0.01020408163265306 0.006493506493506494
41 0.22423469387755102 0.4696969696969697 0.0005102040816326531 0.024531024531024532
26 0.2193877551020408 0.48412698412698413 0.01020408163265306 0.006493506493506494
41 0.19107142857142856 0.5270562770562771 0.0005102040816326531 0.022366522366522368
41 0.20076530612244897 0.47005772005772006 0.0005102040816326531 0.025252525252525252
41 0.29566326530612247 0.4696969696969697 0.0005102040816326531 0.024531024531024532
41 0.3196428571428571 0.4698773448773449 0.0005102040816326531 0.024891774891774892
26 0.31479591836734694 0.48412698412698413 0.01020408163265306 0.006493506493506494
41 0.29566326530612247 0.5156926406926406 0.0005102040816326531 0.03354978354978355
26 0.19591836734693877 0.5135281385281385 0.01020408163265306 0.006132756132756133
26 0.29081632653061223 0.5196608946608947 0.01020408163265306 0.006132756132756133
24 0.29081632653061223 0.5344516594516594 0.01020408163265306 0.006132756132756133
26 0.29081632653061223 0.48412698412698413 0.01020408163265306 0.006493506493506494
41 0.27193877551020407 0.47005772005772006 0.0010204081632653062 0.025252525252525252
26 0.2673469387755102 0.48412698412698413 0.01020408163265306 0.006493506493506494
69 0.08954081632653062 0.5106421356421357 0.008673469387755102 0.017676767676767676
69 0.09872448979591837 0.5194805194805194 0.008673469387755102 0.017316017316017316
69 0.10790816326530613 0.5075757575757576 0.008673469387755102 0.017316017316017316
69 0.11709183673469388 0.5165945165945166 0.008673469387755102 0.017316017316017316
8 0.0663265306122449 0.5147907647907648 0.02346938775510204 0.020202020202020204
69 0.08954081632653062 0.44516594516594515 0.008673469387755102 0.017316017316017316
69 0.09872448979591837 0.4541847041847042 0.008673469387755102 0.017316017316017316
69 0.10790816326530613 0.4422799422799423 0.008673469387755102 0.017316017316017316
69 0.11709183673469388 0.4512987012987013 0.008673469387755102 0.017316017316017316
5 0.06683673469387755 0.455988455988456 0.022448979591836733 0.044733044733044736
122 0.13239795918367347 0.5135281385281385 0.017857142857142856 0.0025252525252525255
122 0.13239795918367347 0.5254329004329005 0.017857142857142856 0.0025252525252525255
0 0.04107142857142857 0.48683261183261184 0.007653061224489796 0.08333333333333333
41 0.1528061224489796 0.5115440115440115 0.0005102040816326531 0.02958152958152958
26 0.19591836734693877 0.5196608946608947 0.01020408163265306 0.006132756132756133
26 0.19591836734693877 0.48412698412698413 0.01020408163265306 0.006493506493506494
41 0.1767857142857143 0.4698773448773449 0.0005102040816326531 0.024891774891774892
26 0.1719387755102041 0.48412698412698413 0.01020408163265306 0.006493506493506494
41 0.1528061224489796 0.4696969696969697 0.0005102040816326531 0.024531024531024532
24 0.14795918367346939 0.5165945165945166 0.01020408163265306 0.006493506493506494
24 0.14795918367346939 0.5286796536796536 0.01020408163265306 0.006132756132756133
26 0.14795918367346939 0.48412698412698413 0.01020408163265306 0.006493506493506494
41 0.40229591836734696 0.4696969696969697 0.0005102040816326531 0.024531024531024532
26 0.4688775510204082 0.48412698412698413 0.01020408163265306 0.006493506493506494
41 0.47372448979591836 0.47023809523809523 0.0005102040816326531 0.025613275613275612
41 0.40229591836734696 0.5156926406926406 0.0005102040816326531 0.03354978354978355
26 0.3977040816326531 0.5196608946608947 0.009693877551020408 0.006132756132756133
24 0.3977040816326531 0.5344516594516594 0.009693877551020408 0.006132756132756133
26 0.3977040816326531 0.48412698412698413 0.009693877551020408 0.006493506493506494
26 0.4928571428571429 0.48412698412698413 0.01020408163265306 0.006493506493506494
41 0.4502551020408163 0.5187590187590188 0.0005102040816326531 0.03391053391053391
41 0.4502551020408163 0.4698773448773449 0.0005102040816326531 0.024891774891774892
24 0.44540816326530613 0.5225468975468975 0.01020408163265306 0.006132756132756133
26 0.44540816326530613 0.5375180375180375 0.01020408163265306 0.006493506493506494
26 0.44540816326530613 0.48412698412698413 0.01020408163265306 0.006493506493506494
63 0.43239795918367346 0.5225468975468975 0.008673469387755102 0.017676767676767676
41 0.4262755102040816 0.4698773448773449 0.0005102040816326531 0.024891774891774892
26 0.42142857142857143 0.48412698412698413 0.01020408163265306 0.006493506493506494
41 0.49770408163265306 0.5156926406926406 0.0005102040816326531 0.03354978354978355
41 0.3548469387755102 0.5117243867243867 0.0005102040816326531 0.029942279942279944
24 0.4928571428571429 0.5344516594516594 0.01020408163265306 0.006132756132756133
26 0.35 0.48412698412698413 0.01020408163265306 0.006493506493506494
41 0.3548469387755102 0.47023809523809523 0.0005102040816326531 0.025613275613275612
24 0.35 0.5165945165945166 0.01020408163265306 0.006493506493506494
24 0.35 0.5286796536796536 0.01020408163265306 0.006132756132756133
41 0.3788265306122449 0.4698773448773449 0.0005102040816326531 0.024891774891774892
26 0.3739795918367347 0.48412698412698413 0.01020408163265306 0.006493506493506494
26 0.4928571428571429 0.5196608946608947 0.01020408163265306 0.006132756132756133
41 0.49770408163265306 0.47023809523809523 0.0005102040816326531 0.025613275613275612
134 0.4997448979591837 0.6562049062049062 0.9045918367346939 0.023809523809523808
1 0.9313775510204082 0.6742424242424242 0.015816326530612244 0.0007215007215007215
1 0.9313775510204082 0.68001443001443 0.015816326530612244 0.0007215007215007215
1 0.9086734693877551 0.6742424242424242 0.015306122448979591 0.0007215007215007215
1 0.9086734693877551 0.68001443001443 0.015306122448979591 0.0007215007215007215
1 0.8862244897959184 0.6742424242424242 0.015306122448979591 0.0007215007215007215
1 0.8862244897959184 0.68001443001443 0.015306122448979591 0.0007215007215007215
1 0.8635204081632653 0.6742424242424242 0.015816326530612244 0.0007215007215007215
1 0.8635204081632653 0.68001443001443 0.015816326530612244 0.0007215007215007215
1 0.8408163265306122 0.6742424242424242 0.015306122448979591 0.0007215007215007215
1 0.8408163265306122 0.68001443001443 0.015306122448979591 0.0007215007215007215
1 0.8183673469387756 0.6742424242424242 0.015306122448979591 0.0007215007215007215
1 0.8183673469387756 0.68001443001443 0.015306122448979591 0.0007215007215007215
1 0.7956632653061224 0.6742424242424242 0.015816326530612244 0.0007215007215007215
1 0.7956632653061224 0.68001443001443 0.015816326530612244 0.0007215007215007215
1 0.7732142857142857 0.6742424242424242 0.015816326530612244 0.0007215007215007215
1 0.7732142857142857 0.68001443001443 0.015816326530612244 0.0007215007215007215
1 0.727295918367347 0.6742424242424242 0.015816326530612244 0.0007215007215007215
1 0.727295918367347 0.68001443001443 0.015816326530612244 0.0007215007215007215
1 0.7045918367346938 0.6742424242424242 0.015306122448979591 0.0007215007215007215
1 0.7045918367346938 0.68001443001443 0.015306122448979591 0.0007215007215007215
1 0.6785714285714286 0.6742424242424242 0.015306122448979591 0.0007215007215007215
1 0.6785714285714286 0.68001443001443 0.015306122448979591 0.0007215007215007215
1 0.6561224489795918 0.6742424242424242 0.015306122448979591 0.0007215007215007215
1 0.6561224489795918 0.68001443001443 0.015306122448979591 0.0007215007215007215
1 0.6295918367346939 0.6742424242424242 0.015306122448979591 0.0007215007215007215
1 0.6295918367346939 0.68001443001443 0.015306122448979591 0.0007215007215007215
1 0.6071428571428571 0.6742424242424242 0.015306122448979591 0.0007215007215007215
1 0.6071428571428571 0.68001443001443 0.015306122448979591 0.0007215007215007215
1 0.5808673469387755 0.6742424242424242 0.015816326530612244 0.0007215007215007215
1 0.5808673469387755 0.68001443001443 0.015816326530612244 0.0007215007215007215
1 0.5563775510204082 0.6742424242424242 0.018877551020408164 0.0007215007215007215
1 0.5581632653061225 0.68001443001443 0.015306122448979591 0.0007215007215007215
1 0.5198979591836734 0.6742424242424242 0.015306122448979591 0.0007215007215007215
1 0.5198979591836734 0.68001443001443 0.015306122448979591 0.0007215007215007215
1 0.4954081632653061 0.6742424242424242 0.019387755102040816 0.0007215007215007215
1 0.49744897959183676 0.68001443001443 0.015306122448979591 0.0007215007215007215
1 0.4711734693877551 0.6742424242424242 0.015816326530612244 0.0007215007215007215
1 0.4711734693877551 0.68001443001443 0.015816326530612244 0.0007215007215007215
1 0.44846938775510203 0.6742424242424242 0.015306122448979591 0.0007215007215007215
1 0.44846938775510203 0.68001443001443 0.015306122448979591 0.0007215007215007215
1 0.42244897959183675 0.6742424242424242 0.015306122448979591 0.0007215007215007215
1 0.42244897959183675 0.68001443001443 0.015306122448979591 0.0007215007215007215
1 0.4 0.6742424242424242 0.015306122448979591 0.0007215007215007215
1 0.4 0.68001443001443 0.015306122448979591 0.0007215007215007215
1 0.3778061224489796 0.6742424242424242 0.015816326530612244 0.0007215007215007215
1 0.3778061224489796 0.68001443001443 0.015816326530612244 0.0007215007215007215
1 0.35535714285714287 0.6742424242424242 0.015816326530612244 0.0007215007215007215
1 0.35535714285714287 0.68001443001443 0.015816326530612244 0.0007215007215007215
1 0.32066326530612244 0.6742424242424242 0.015816326530612244 0.0007215007215007215
1 0.32066326530612244 0.68001443001443 0.015816326530612244 0.0007215007215007215
1 0.2969387755102041 0.6742424242424242 0.018367346938775512 0.0007215007215007215
1 0.2982142857142857 0.68001443001443 0.015816326530612244 0.0007215007215007215
1 0.26479591836734695 0.6742424242424242 0.015306122448979591 0.0007215007215007215
1 0.26479591836734695 0.68001443001443 0.015306122448979591 0.0007215007215007215
1 0.2403061224489796 0.6742424242424242 0.019387755102040816 0.0007215007215007215
1 0.2423469387755102 0.68001443001443 0.015306122448979591 0.0007215007215007215
1 0.21607142857142858 0.6742424242424242 0.015816326530612244 0.0007215007215007215
1 0.21607142857142858 0.68001443001443 0.015816326530612244 0.0007215007215007215
1 0.1933673469387755 0.6742424242424242 0.015306122448979591 0.0007215007215007215
1 0.1933673469387755 0.68001443001443 0.015306122448979591 0.0007215007215007215
1 0.17066326530612244 0.6742424242424242 0.015816326530612244 0.0007215007215007215
1 0.17066326530612244 0.68001443001443 0.015816326530612244 0.0007215007215007215
1 0.14821428571428572 0.6742424242424242 0.015816326530612244 0.0007215007215007215
1 0.14821428571428572 0.68001443001443 0.015816326530612244 0.0007215007215007215
1 0.7538265306122449 0.7494588744588745 0.01173469387755102 0.0010822510822510823
1 0.7538265306122449 0.7554112554112554 0.01173469387755102 0.0007215007215007215
1 0.7538265306122449 0.7613636363636364 0.01173469387755102 0.0010822510822510823
1 0.49362244897959184 0.7494588744588745 0.015816326530612244 0.0010822510822510823
1 0.4 0.7494588744588745 0.015306122448979591 0.0010822510822510823
1 0.35535714285714287 0.7494588744588745 0.015816326530612244 0.0010822510822510823
1 0.2943877551020408 0.7494588744588745 0.015306122448979591 0.0010822510822510823
1 0.2385204081632653 0.7494588744588745 0.015816326530612244 0.0010822510822510823
1 0.1933673469387755 0.7494588744588745 0.015306122448979591 0.0010822510822510823
1 0.14821428571428572 0.7494588744588745 0.015816326530612244 0.0010822510822510823
1 0.14821428571428572 0.7554112554112554 0.015816326530612244 0.0007215007215007215
134 0.4997448979591837 0.7314213564213564 0.9045918367346939 0.024170274170274172
26 0.6528061224489796 0.7346681096681097 0.008673469387755102 0.006132756132756133
24 0.6028061224489796 0.7314213564213564 0.008673469387755102 0.006132756132756133
24 0.6520408163265307 0.6682900432900433 0.01020408163265306 0.006132756132756133
24 0.6553571428571429 0.6621572871572872 0.008673469387755102 0.006132756132756133
26 0.6558673469387755 0.6830808080808081 0.009693877551020408 0.006132756132756133
41 0.6119897959183673 0.6636002886002886 0.0005102040816326531 0.03571428571428571
41 0.6344387755102041 0.6628787878787878 0.0005102040816326531 0.03643578643578643
24 0.6295918367346939 0.6621572871572872 0.01020408163265306 0.006132756132756133
41 0.5987244897959184 0.6796536796536796 0.0005102040816326531 0.012265512265512266
26 0.6295918367346939 0.6830808080808081 0.01020408163265306 0.006132756132756133
41 0.6081632653061224 0.726911976911977 0.0010204081632653062 0.030303030303030304
26 0.6785714285714286 0.6830808080808081 0.01020408163265306 0.006132756132756133
41 0.502295918367347 0.6636002886002886 0.0005102040816326531 0.03571428571428571
41 0.7094387755102041 0.6634199134199135 0.0005102040816326531 0.03535353535353535
24 0.7005102040816327 0.7314213564213564 0.009183673469387756 0.006132756132756133
24 0.7010204081632653 0.7433261183261183 0.01020408163265306 0.006132756132756133
26 0.7010204081632653 0.6711760461760462 0.01020408163265306 0.006132756132756133
24 0.7045918367346938 0.6621572871572872 0.01020408163265306 0.006132756132756133
26 0.7045918367346938 0.6830808080808081 0.01020408163265306 0.006132756132756133
41 0.6834183673469387 0.663961038961039 0.0005102040816326531 0.03643578643578643
24 0.6785714285714286 0.6621572871572872 0.01020408163265306 0.006132756132756133
26 0.6520408163265307 0.7285353535353535 0.01020408163265306 0.006132756132756133
41 0.6474489795918368 0.7413419913419913 0.0010204081632653062 0.023809523809523808
41 0.6474489795918368 0.6765873015873016 0.0010204081632653062 0.01479076479076479
41 0.6604591836734693 0.6634199134199135 0.0005102040816326531 0.03751803751803752
24 0.5193877551020408 0.6621572871572872 0.009183673469387756 0.006132756132756133
41 0.5630102040816326 0.6634199134199135 0.0005102040816326531 0.03535353535353535
26 0.5540816326530612 0.7344877344877345 0.009183673469387756 0.006493506493506494
26 0.5545918367346939 0.7463924963924964 0.01020408163265306 0.006493506493506494
24 0.5545918367346939 0.674062049062049 0.01020408163265306 0.006132756132756133
24 0.5581632653061225 0.6621572871572872 0.01020408163265306 0.006132756132756133
26 0.5581632653061225 0.6830808080808081 0.01020408163265306 0.006132756132756133
41 0.5247448979591837 0.6628787878787878 0.0005102040816326531 0.03643578643578643
26 0.5198979591836734 0.6830808080808081 0.01020408163265306 0.006132756132756133
41 0.498469387755102 0.7308802308802309 0.0010204081632653062 0.03391053391053391
41 0.48903061224489797 0.6827200577200577 0.0005102040816326531 0.012626262626262626
121 0.18698979591836734 0.6443001443001443 0.06785714285714285 0.0021645021645021645
26 0.6035714285714285 0.6711760461760462 0.01020408163265306 0.006132756132756133
24 0.6071428571428571 0.6621572871572872 0.01020408163265306 0.006132756132756133
26 0.6071428571428571 0.6830808080808081 0.01020408163265306 0.006132756132756133
41 0.5854591836734694 0.6634199134199135 0.0005102040816326531 0.03535353535353535
24 0.5806122448979592 0.6621572871572872 0.01020408163265306 0.006132756132756133
26 0.5806122448979592 0.6830808080808081 0.01020408163265306 0.006132756132756133
24 0.6035714285714285 0.7433261183261183 0.01020408163265306 0.006132756132756133
41 0.559438775510204 0.7296176046176046 0.0005102040816326531 0.031385281385281384
41 0.5497448979591837 0.6821789321789322 0.0005102040816326531 0.013708513708513708
41 0.9135204081632653 0.6634199134199135 0.0005102040816326531 0.03535353535353535
24 0.9086734693877551 0.6621572871572872 0.01020408163265306 0.006132756132756133
26 0.9086734693877551 0.6830808080808081 0.01020408163265306 0.006132756132756133
41 0.8910714285714286 0.6636002886002886 0.0005102040816326531 0.03571428571428571
24 0.8862244897959184 0.6621572871572872 0.01020408163265306 0.006132756132756133
26 0.8862244897959184 0.6830808080808081 0.01020408163265306 0.006132756132756133
41 0.8683673469387755 0.6632395382395382 0.0010204081632653062 0.03715728715728716
24 0.8637755102040816 0.6621572871572872 0.01020408163265306 0.006132756132756133
26 0.8637755102040816 0.6830808080808081 0.01020408163265306 0.006132756132756133
41 0.8456632653061225 0.6634199134199135 0.0005102040816326531 0.03535353535353535
24 0.8408163265306122 0.6621572871572872 0.01020408163265306 0.006132756132756133
26 0.8408163265306122 0.6830808080808081 0.01020408163265306 0.006132756132756133
121 0.28622448979591836 0.6443001443001443 0.07857142857142857 0.0021645021645021645
121 0.3936224489795918 0.6443001443001443 0.06683673469387755 0.0021645021645021645
121 0.48903061224489797 0.6443001443001443 0.07091836734693878 0.0021645021645021645
122 0.5206632653061225 0.6805555555555556 0.050510204081632655 0.003968253968253968
121 0.5984693877551021 0.6443001443001443 0.07142857142857142 0.0021645021645021645
121 0.6964285714285714 0.6443001443001443 0.07142857142857142 0.0021645021645021645
120 0.7591836734693878 0.7296176046176046 0.014285714285714285 0.010461760461760462
121 0.8119897959183674 0.6443001443001443 0.06785714285714285 0.0021645021645021645
121 0.9022959183673469 0.6443001443001443 0.06785714285714285 0.0021645021645021645
41 0.8232142857142857 0.663059163059163 0.0005102040816326531 0.0367965367965368
41 0.9359693877551021 0.6628787878787878 0.0005102040816326531 0.03643578643578643
24 0.9313775510204082 0.6621572871572872 0.009693877551020408 0.006132756132756133
26 0.9313775510204082 0.6830808080808081 0.009693877551020408 0.006132756132756133
41 0.7573979591836735 0.7554112554112554 0.0005102040816326531 0.015151515151515152
30 0.7538265306122449 0.7644300144300145 0.007653061224489796 0.004329004329004329
41 0.7321428571428571 0.6632395382395382 0.0010204081632653062 0.03715728715728716
24 0.7275510204081632 0.6621572871572872 0.01020408163265306 0.006132756132756133
26 0.7275510204081632 0.6830808080808081 0.01020408163265306 0.006132756132756133
41 0.7058673469387755 0.7270923520923521 0.0005102040816326531 0.030663780663780664
41 0.6961734693877552 0.6789321789321789 0.0005102040816326531 0.013708513708513708
24 0.8183673469387756 0.6621572871572872 0.01020408163265306 0.006132756132756133
26 0.8183673469387756 0.6830808080808081 0.01020408163265306 0.006132756132756133
41 0.8005102040816326 0.6632395382395382 0.0010204081632653062 0.03715728715728716
24 0.7959183673469388 0.6621572871572872 0.01020408163265306 0.006132756132756133
26 0.7959183673469388 0.6830808080808081 0.01020408163265306 0.006132756132756133
41 0.7778061224489796 0.6628787878787878 0.0005102040816326531 0.03643578643578643
32 0.7698979591836734 0.7316017316017316 0.014285714285714285 0.006493506493506494
32 0.7698979591836734 0.7435064935064936 0.014285714285714285 0.006493506493506494
34 0.7698979591836734 0.6711760461760462 0.014285714285714285 0.006132756132756133
24 0.7729591836734694 0.6621572871572872 0.01020408163265306 0.006132756132756133
26 0.7729591836734694 0.6830808080808081 0.01020408163265306 0.006132756132756133
24 0.23877551020408164 0.7494588744588745 0.01020408163265306 0.006132756132756133
26 0.23801020408163265 0.7344877344877345 0.008673469387755102 0.006493506493506494
41 0.2471938775510204 0.663059163059163 0.0005102040816326531 0.0367965367965368
41 0.23392857142857143 0.6827200577200577 0.0005102040816326531 0.012626262626262626
24 0.23877551020408164 0.674062049062049 0.01020408163265306 0.006132756132756133
41 0.24336734693877551 0.7310606060606061 0.0010204081632653062 0.03427128427128427
26 0.26479591836734695 0.6830808080808081 0.01020408163265306 0.006132756132756133
24 0.2423469387755102 0.6621572871572872 0.01020408163265306 0.006132756132756133
26 0.2423469387755102 0.6830808080808081 0.01020408163265306 0.006132756132756133
41 0.22066326530612246 0.6628787878787878 0.0005102040816326531 0.03643578643578643
24 0.21581632653061225 0.6621572871572872 0.01020408163265306 0.006132756132756133
26 0.21581632653061225 0.6830808080808081 0.01020408163265306 0.006132756132756133
41 0.1982142857142857 0.7366522366522367 0.0005102040816326531 0.02813852813852814
24 0.32040816326530613 0.6621572871572872 0.009183673469387756 0.006132756132756133
26 0.3209183673469388 0.6830808080808081 0.01020408163265306 0.006132756132756133
63 0.2816326530612245 0.7373737373737373 0.00816326530612245 0.017316017316017316
41 0.29923469387755103 0.7335858585858586 0.0005102040816326531 0.03354978354978355
26 0.49387755102040815 0.7344877344877345 0.01020408163265306 0.006493506493506494
63 0.2816326530612245 0.6771284271284271 0.00816326530612245 0.017316017316017316
41 0.2895408163265306 0.6854256854256854 0.0005102040816326531 0.012987012987012988
41 0.3028061224489796 0.6628787878787878 0.0005102040816326531 0.03643578643578643
24 0.2943877551020408 0.7375541125541125 0.01020408163265306 0.006132756132756133
26 0.2943877551020408 0.7523448773448773 0.01020408163265306 0.006132756132756133
26 0.2943877551020408 0.6771284271284271 0.01020408163265306 0.006493506493506494
24 0.2979591836734694 0.6621572871572872 0.01020408163265306 0.006132756132756133
26 0.2979591836734694 0.6830808080808081 0.01020408163265306 0.006132756132756133
41 0.26964285714285713 0.6634199134199135 0.0005102040816326531 0.03751803751803752
24 0.26479591836734695 0.6621572871572872 0.01020408163265306 0.006132756132756133
41 0.1528061224489796 0.6628787878787878 0.0005102040816326531 0.03643578643578643
24 0.14744897959183673 0.7433261183261183 0.009183673469387756 0.006132756132756133
24 0.14795918367346939 0.7554112554112554 0.01020408163265306 0.006493506493506494
86 0.14642857142857144 0.7023809523809523 0.00816326530612245 0.017316017316017316
24 0.14795918367346939 0.6621572871572872 0.01020408163265306 0.006132756132756133
26 0.14795918367346939 0.6830808080808081 0.01020408163265306 0.006132756132756133
69 0.08954081632653062 0.7254689754689755 0.008673469387755102 0.017316017316017316
69 0.09872448979591837 0.7344877344877345 0.008673469387755102 0.017316017316017316
69 0.10790816326530613 0.7225829725829725 0.008673469387755102 0.017316017316017316
69 0.11709183673469388 0.7316017316017316 0.008673469387755102 0.017316017316017316
8 0.0663265306122449 0.7294372294372294 0.02346938775510204 0.020202020202020204
69 0.08954081632653062 0.6443001443001443 0.008673469387755102 0.017316017316017316
69 0.09872448979591837 0.6533189033189033 0.008673469387755102 0.017316017316017316
69 0.10790816326530613 0.6412337662337663 0.008673469387755102 0.017676767676767676
69 0.11709183673469388 0.6502525252525253 0.008673469387755102 0.017676767676767676
5 0.06683673469387755 0.6547619047619048 0.022448979591836733 0.044733044733044736
0 0.04081632653061224 0.6939033189033189 0.00816326530612245 0.0992063492063492
41 0.1982142857142857 0.6628787878787878 0.0005102040816326531 0.03643578643578643
24 0.1933673469387755 0.7433261183261183 0.01020408163265306 0.006132756132756133
26 0.1933673469387755 0.7523448773448773 0.01020408163265306 0.006132756132756133
86 0.19183673469387755 0.7027417027417028 0.00816326530612245 0.017316017316017316
24 0.1933673469387755 0.6621572871572872 0.01020408163265306 0.006132756132756133
26 0.1933673469387755 0.6830808080808081 0.01020408163265306 0.006132756132756133
41 0.17576530612244898 0.663059163059163 0.0005102040816326531 0.0367965367965368
24 0.17091836734693877 0.6621572871572872 0.01020408163265306 0.006132756132756133
26 0.17091836734693877 0.6830808080808081 0.01020408163265306 0.006132756132756133
41 0.1528061224489796 0.7384559884559885 0.0005102040816326531 0.031746031746031744
41 0.4272959183673469 0.6628787878787878 0.0005102040816326531 0.03643578643578643
87 0.4221938775510204 0.6987734487734488 0.009693877551020408 0.010822510822510822
24 0.42244897959183675 0.6621572871572872 0.01020408163265306 0.006132756132756133
26 0.42244897959183675 0.6830808080808081 0.01020408163265306 0.006132756132756133
41 0.4048469387755102 0.73502886002886 0.0005102040816326531 0.024891774891774892
41 0.32576530612244897 0.6634199134199135 0.0005102040816326531 0.03751803751803752
24 0.4 0.7433261183261183 0.01020408163265306 0.006132756132756133
24 0.4 0.7494588744588745 0.01020408163265306 0.006132756132756133
87 0.39974489795918366 0.6987734487734488 0.009693877551020408 0.010822510822510822
24 0.39948979591836736 0.6621572871572872 0.009183673469387756 0.006132756132756133
26 0.4 0.6830808080808081 0.01020408163265306 0.006132756132756133
24 0.49387755102040815 0.7494588744588745 0.01020408163265306 0.006132756132756133
24 0.49387755102040815 0.674062049062049 0.01020408163265306 0.006132756132756133
24 0.49744897959183676 0.6621572871572872 0.01020408163265306 0.006132756132756133
26 0.49744897959183676 0.6830808080808081 0.01020408163265306 0.006132756132756133
41 0.475765306122449 0.6628787878787878 0.0005102040816326531 0.03643578643578643
24 0.47091836734693876 0.6621572871572872 0.01020408163265306 0.006132756132756133
26 0.47091836734693876 0.6830808080808081 0.01020408163265306 0.006132756132756133
41 0.44974489795918365 0.7281746031746031 0.0005102040816326531 0.03282828282828283
41 0.4048469387755102 0.6634199134199135 0.0005102040816326531 0.03751803751803752
41 0.44005102040816324 0.6794733044733045 0.0005102040816326531 0.012626262626262626
41 0.45331632653061227 0.6628787878787878 0.0005102040816326531 0.03643578643578643
24 0.4448979591836735 0.7314213564213564 0.01020408163265306 0.006132756132756133
26 0.4448979591836735 0.7463924963924964 0.01020408163265306 0.006493506493506494
26 0.4448979591836735 0.6711760461760462 0.01020408163265306 0.006132756132756133
24 0.44846938775510203 0.6621572871572872 0.01020408163265306 0.006132756132756133
26 0.44846938775510203 0.6830808080808081 0.01020408163265306 0.006132756132756133
41 0.35994897959183675 0.7364718614718615 0.0005102040816326531 0.027777777777777776
41 0.35994897959183675 0.6628787878787878 0.0005102040816326531 0.03643578643578643
24 0.35535714285714287 0.7433261183261183 0.009693877551020408 0.006132756132756133
26 0.35535714285714287 0.7523448773448773 0.009693877551020408 0.006132756132756133
87 0.35535714285714287 0.6987734487734488 0.009693877551020408 0.010822510822510822
24 0.35535714285714287 0.6621572871572872 0.009693877551020408 0.006132756132756133
26 0.3551020408163265 0.6830808080808081 0.01020408163265306 0.006132756132756133
41 0.3823979591836735 0.6628787878787878 0.0005102040816326531 0.03643578643578643
87 0.37729591836734694 0.6987734487734488 0.009693877551020408 0.010822510822510822
24 0.37755102040816324 0.6621572871572872 0.01020408163265306 0.006132756132756133
26 0.37755102040816324 0.6830808080808081 0.01020408163265306 0.006132756132756133
134 0.4997448979591837 0.871031746031746 0.9045918367346939 0.024170274170274172
1 0.7693877551020408 0.8890692640692641 0.015306122448979591 0.0010822510822510823
1 0.7341836734693877 0.8890692640692641 0.015306122448979591 0.0010822510822510823
1 0.7112244897959183 0.8890692640692641 0.015306122448979591 0.0010822510822510823
1 0.6880102040816326 0.8890692640692641 0.015816326530612244 0.0010822510822510823
1 0.664795918367347 0.8890692640692641 0.015306122448979591 0.0010822510822510823
1 0.6318877551020409 0.8890692640692641 0.015816326530612244 0.0010822510822510823
1 0.6086734693877551 0.8890692640692641 0.015306122448979591 0.0010822510822510823
1 0.5857142857142857 0.8890692640692641 0.015306122448979591 0.0010822510822510823
1 0.5625 0.8890692640692641 0.015816326530612244 0.0010822510822510823
1 0.5229591836734694 0.8890692640692641 0.015306122448979591 0.0010822510822510823
1 0.5 0.8890692640692641 0.015306122448979591 0.0010822510822510823
1 0.4767857142857143 0.8890692640692641 0.015816326530612244 0.0010822510822510823
1 0.45382653061224487 0.8890692640692641 0.015816326530612244 0.0010822510822510823
1 0.42678571428571427 0.8890692640692641 0.015816326530612244 0.0010822510822510823
1 0.4035714285714286 0.8890692640692641 0.015306122448979591 0.0010822510822510823
1 0.3806122448979592 0.8890692640692641 0.015306122448979591 0.0010822510822510823
1 0.35739795918367345 0.8890692640692641 0.015816326530612244 0.0010822510822510823
1 0.31785714285714284 0.8890692640692641 0.015306122448979591 0.0010822510822510823
1 0.29464285714285715 0.8890692640692641 0.015816326530612244 0.0010822510822510823
1 0.2714285714285714 0.8890692640692641 0.015306122448979591 0.0010822510822510823
1 0.24846938775510205 0.8890692640692641 0.015306122448979591 0.0010822510822510823
1 0.22142857142857142 0.8890692640692641 0.015306122448979591 0.0010822510822510823
1 0.1982142857142857 0.8890692640692641 0.015816326530612244 0.0010822510822510823
1 0.17525510204081632 0.8890692640692641 0.015816326530612244 0.0010822510822510823
1 0.1520408163265306 0.8890692640692641 0.015306122448979591 0.0010822510822510823
1 0.7701530612244898 0.9496753246753247 0.01683673469387755 0.0010822510822510823
1 0.7701530612244898 0.9556277056277056 0.01683673469387755 0.0007215007215007215
1 0.7701530612244898 0.9617604617604618 0.01683673469387755 0.0007215007215007215
1 0.6614795918367347 0.9496753246753247 0.01683673469387755 0.0010822510822510823
1 0.5589285714285714 0.9496753246753247 0.01683673469387755 0.0010822510822510823
1 0.5589285714285714 0.9556277056277056 0.01683673469387755 0.0007215007215007215
1 0.5589285714285714 0.9617604617604618 0.01683673469387755 0.0007215007215007215
1 0.5229591836734694 0.9496753246753247 0.015306122448979591 0.0010822510822510823
1 0.5229591836734694 0.9556277056277056 0.015306122448979591 0.0007215007215007215
1 0.5229591836734694 0.9617604617604618 0.015306122448979591 0.0007215007215007215
1 0.44974489795918365 0.9496753246753247 0.015816326530612244 0.0010822510822510823
1 0.44974489795918365 0.9556277056277056 0.015816326530612244 0.0007215007215007215
1 0.3538265306122449 0.9496753246753247 0.01683673469387755 0.0010822510822510823
1 0.3538265306122449 0.9556277056277056 0.01683673469387755 0.0007215007215007215
1 0.3538265306122449 0.9617604617604618 0.01683673469387755 0.0007215007215007215
1 0.3538265306122449 0.9675324675324676 0.01683673469387755 0.0007215007215007215
1 0.2451530612244898 0.9496753246753247 0.01683673469387755 0.0010822510822510823
1 0.2451530612244898 0.9556277056277056 0.01683673469387755 0.0007215007215007215
1 0.14872448979591837 0.9496753246753247 0.01683673469387755 0.0010822510822510823
1 0.14872448979591837 0.9556277056277056 0.01683673469387755 0.0007215007215007215
1 0.14872448979591837 0.9617604617604618 0.01683673469387755 0.0007215007215007215
1 0.14872448979591837 0.9675324675324676 0.01683673469387755 0.0007215007215007215
134 0.4997448979591837 0.9318181818181818 0.9045918367346939 0.023809523809523808
26 0.6086734693877551 0.891955266955267 0.01020408163265306 0.006132756132756133
30 0.6614795918367347 0.8800505050505051 0.010714285714285714 0.006132756132756133
30 0.6619897959183674 0.8861832611832612 0.009693877551020408 0.006132756132756133
26 0.7112244897959183 0.891955266955267 0.01020408163265306 0.006132756132756133
24 0.6642857142857143 0.871031746031746 0.009183673469387756 0.006132756132756133
26 0.664795918367347 0.891955266955267 0.01020408163265306 0.006132756132756133
24 0.6081632653061224 0.871031746031746 0.009183673469387756 0.006132756132756133
41 0.6135204081632653 0.8728354978354979 0.0005102040816326531 0.03643578643578643
41 0.6364795918367347 0.8722943722943723 0.0005102040816326531 0.03535353535353535
24 0.6316326530612245 0.871031746031746 0.01020408163265306 0.006132756132756133
26 0.6316326530612245 0.891955266955267 0.01020408163265306 0.006132756132756133
24 0.5224489795918368 0.871031746031746 0.009183673469387756 0.006132756132756133
41 0.6928571428571428 0.8726551226551227 0.0010204081632653062 0.03607503607503607
24 0.6880102040816326 0.871031746031746 0.009693877551020408 0.006132756132756133
26 0.688265306122449 0.891955266955267 0.01020408163265306 0.006132756132756133
41 0.6665816326530613 0.9310966810966811 0.0005102040816326531 0.03823953823953824
71 0.6614795918367347 0.9053030303030303 0.015816326530612244 0.006132756132756133
65 0.6487244897959183 0.8798701298701299 0.007653061224489796 0.005772005772005772
41 0.6563775510204082 0.8910533910533911 0.0005102040816326531 0.01948051948051948
41 0.6696428571428571 0.8722943722943723 0.0005102040816326531 0.03751803751803752
28 0.6614795918367347 0.9318181818181818 0.010714285714285714 0.006493506493506494
30 0.6614795918367347 0.9525613275613276 0.010714285714285714 0.006132756132756133
41 0.5673469387755102 0.8721139971139971 0.0010204081632653062 0.03715728715728716
28 0.5584183673469387 0.9437229437229437 0.009693877551020408 0.006493506493506494
30 0.5589285714285714 0.9646464646464646 0.010714285714285714 0.006493506493506494
71 0.5589285714285714 0.9053030303030303 0.015816326530612244 0.006132756132756133
28 0.5591836734693878 0.8771645021645021 0.011224489795918367 0.006132756132756133
30 0.5596938775510204 0.8861832611832612 0.01020408163265306 0.006132756132756133
24 0.5627551020408164 0.871031746031746 0.01020408163265306 0.006132756132756133
26 0.5627551020408164 0.891955266955267 0.01020408163265306 0.006132756132756133
63 0.5099489795918367 0.9408369408369408 0.008673469387755102 0.017316017316017316
47 0.5326530612244897 0.9296536796536796 0.00816326530612245 0.015151515151515152
41 0.5278061224489796 0.9411976911976911 0.0005102040816326531 0.04256854256854257
41 0.5278061224489796 0.8722943722943723 0.0005102040816326531 0.03535353535353535
26 0.5229591836734694 0.9406565656565656 0.01020408163265306 0.006132756132756133
26 0.5229591836734694 0.9646464646464646 0.01020408163265306 0.006493506493506494
121 0.19158163265306122 0.8531746031746031 0.06887755102040816 0.0021645021645021645
41 0.5905612244897959 0.8724747474747475 0.0005102040816326531 0.03571428571428571
24 0.5857142857142857 0.871031746031746 0.01020408163265306 0.006132756132756133
26 0.5857142857142857 0.891955266955267 0.01020408163265306 0.006132756132756133
41 0.5642857142857143 0.9433621933621934 0.0010204081632653062 0.04040404040404041
41 0.5538265306122448 0.8896103896103896 0.0005102040816326531 0.022366522366522368
41 0.9130102040816327 0.8677849927849928 0.0005102040816326531 0.01479076479076479
24 0.9081632653061225 0.8771645021645021 0.01020408163265306 0.006132756132756133
41 0.8900510204081633 0.8679653679653679 0.0005102040816326531 0.015151515151515152
24 0.8852040816326531 0.8771645021645021 0.01020408163265306 0.006132756132756133
41 0.8665816326530612 0.8670634920634921 0.0005102040816326531 0.015512265512265512
85 0.8619897959183673 0.9181096681096681 0.010714285714285714 0.002886002886002886
24 0.861734693877551 0.8771645021645021 0.01020408163265306 0.006132756132756133
121 0.28775510204081634 0.8531746031746031 0.06938775510204082 0.0021645021645021645
121 0.39693877551020407 0.8531746031746031 0.06938775510204082 0.0021645021645021645
121 0.4933673469387755 0.8531746031746031 0.06938775510204082 0.0021645021645021645
121 0.6020408163265306 0.8531746031746031 0.06938775510204082 0.0021645021645021645
121 0.7043367346938776 0.8531746031746031 0.06887755102040816 0.0021645021645021645
121 0.8089285714285714 0.8562409812409812 0.06887755102040816 0.005411255411255411
121 0.9015306122448979 0.8591269841269841 0.06938775510204082 0.0018037518037518038
41 0.8436224489795918 0.8667027417027418 0.0005102040816326531 0.016955266955266956
41 0.9359693877551021 0.8672438672438673 0.0005102040816326531 0.015873015873015872
24 0.9311224489795918 0.8771645021645021 0.01020408163265306 0.006132756132756133
26 0.7693877551020408 0.891955266955267 0.01020408163265306 0.006132756132756133
41 0.7742346938775511 0.8728354978354979 0.0005102040816326531 0.03643578643578643
28 0.7693877551020408 0.9439033189033189 0.01020408163265306 0.006132756132756133
30 0.7698979591836734 0.9646464646464646 0.011224489795918367 0.006493506493506494
24 0.7693877551020408 0.871031746031746 0.01020408163265306 0.006132756132756133
24 0.7693877551020408 0.8771645021645021 0.01020408163265306 0.006132756132756133
26 0.7693877551020408 0.886002886002886 0.01020408163265306 0.006493506493506494
41 0.739030612244898 0.8717532467532467 0.0005102040816326531 0.03643578643578643
24 0.7341836734693877 0.871031746031746 0.01020408163265306 0.006132756132756133
26 0.7341836734693877 0.891955266955267 0.01020408163265306 0.006132756132756133
41 0.7160714285714286 0.8722943722943723 0.0005102040816326531 0.03751803751803752
24 0.8387755102040816 0.8771645021645021 0.01020408163265306 0.006132756132756133
41 0.8206632653061224 0.8663419913419913 0.0005102040816326531 0.0183982683982684
24 0.8158163265306122 0.8771645021645021 0.01020408163265306 0.006132756132756133
41 0.7974489795918367 0.8658008658008658 0.0010204081632653062 0.020202020202020204
24 0.7926020408163266 0.8771645021645021 0.009693877551020408 0.006132756132756133
24 0.7112244897959183 0.871031746031746 0.01020408163265306 0.006132756132756133
41 0.7752551020408164 0.9433621933621934 0.0005102040816326531 0.04040404040404041
41 0.2502551020408163 0.9366883116883117 0.0005102040816326531 0.03932178932178932
41 0.27627551020408164 0.8717532467532467 0.0005102040816326531 0.03643578643578643
24 0.2714285714285714 0.871031746031746 0.01020408163265306 0.006132756132756133
26 0.2714285714285714 0.891955266955267 0.01020408163265306 0.006132756132756133
41 0.23954081632653063 0.8897907647907648 0.0005102040816326531 0.022005772005772004
41 0.25331632653061226 0.8719336219336219 0.0005102040816326531 0.0367965367965368
28 0.24489795918367346 0.9377705627705628 0.011224489795918367 0.006132756132756133
30 0.24489795918367346 0.9586940836940837 0.011224489795918367 0.006132756132756133
24 0.3173469387755102 0.871031746031746 0.009183673469387756 0.006132756132756133
28 0.3538265306122449 0.8771645021645021 0.010714285714285714 0.006132756132756133
28 0.35433673469387755 0.8829365079365079 0.009693877551020408 0.006132756132756133
24 0.3568877551020408 0.871031746031746 0.008673469387755102 0.006132756132756133
26 0.35739795918367345 0.891955266955267 0.009693877551020408 0.006132756132756133
69 0.08954081632653062 0.8591269841269841 0.008673469387755102 0.017676767676767676
69 0.09872448979591837 0.8679653679653679 0.008673469387755102 0.017316017316017316
69 0.10790816326530613 0.8560606060606061 0.008673469387755102 0.017316017316017316
69 0.11709183673469388 0.8650793650793651 0.008673469387755102 0.017316017316017316
41 0.3227040816326531 0.8719336219336219 0.0005102040816326531 0.0367965367965368
71 0.24489795918367346 0.9053030303030303 0.0163265306122449 0.006132756132756133
26 0.31785714285714284 0.891955266955267 0.01020408163265306 0.006132756132756133
8 0.0663265306122449 0.93001443001443 0.02346938775510204 0.020202020202020204
26 0.5229591836734694 0.891955266955267 0.01020408163265306 0.006132756132756133
41 0.29948979591836733 0.8721139971139971 0.0010204081632653062 0.03715728715728716
24 0.29489795918367345 0.871031746031746 0.01020408163265306 0.006132756132756133
26 0.29489795918367345 0.891955266955267 0.01020408163265306 0.006132756132756133
69 0.08954081632653062 0.9256854256854257 0.008673469387755102 0.017316017316017316
69 0.09872448979591837 0.9347041847041847 0.008673469387755102 0.017316017316017316
69 0.10790816326530613 0.9227994227994228 0.008673469387755102 0.017316017316017316
69 0.11709183673469388 0.9318181818181818 0.008673469387755102 0.017316017316017316
28 0.14923469387755103 0.8829365079365079 0.009693877551020408 0.006132756132756133
26 0.1520408163265306 0.891955266955267 0.01020408163265306 0.006132756132756133
41 0.1798469387755102 0.8717532467532467 0.0005102040816326531 0.03643578643578643
24 0.175 0.871031746031746 0.01020408163265306 0.006132756132756133
26 0.175 0.891955266955267 0.01020408163265306 0.006132756132756133
24 0.15153061224489797 0.871031746031746 0.009183673469387756 0.006132756132756133
41 0.1538265306122449 0.9485930735930735 0.0005102040816326531 0.03932178932178932
41 0.1433673469387755 0.8887085137085137 0.0010204081632653062 0.01984126984126984
41 0.1568877551020408 0.8722943722943723 0.0005102040816326531 0.03751803751803752
28 0.14846938775510204 0.9496753246753247 0.011224489795918367 0.006132756132756133
30 0.14846938775510204 0.9705988455988456 0.011224489795918367 0.006132756132756133
71 0.14821428571428572 0.9033189033189033 0.01479591836734694 0.005772005772005772
28 0.14846938775510204 0.8771645021645021 0.011224489795918367 0.006132756132756133
26 0.22142857142857142 0.891955266955267 0.01020408163265306 0.006132756132756133
28 0.24489795918367346 0.8771645021645021 0.011224489795918367 0.006132756132756133
30 0.24489795918367346 0.8861832611832612 0.011224489795918367 0.006132756132756133
24 0.24846938775510205 0.871031746031746 0.01020408163265306 0.006132756132756133
26 0.24846938775510205 0.891955266955267 0.01020408163265306 0.006132756132756133
41 0.22627551020408163 0.8722943722943723 0.0005102040816326531 0.03751803751803752
24 0.22142857142857142 0.871031746031746 0.01020408163265306 0.006132756132756133
5 0.06683673469387755 0.8697691197691197 0.022448979591836733 0.044733044733044736
41 0.20331632653061224 0.8719336219336219 0.0005102040816326531 0.0367965367965368
24 0.19846938775510203 0.871031746031746 0.01020408163265306 0.006132756132756133
26 0.19846938775510203 0.891955266955267 0.01020408163265306 0.006132756132756133
71 0.4502551020408163 0.9053030303030303 0.015816326530612244 0.006132756132756133
41 0.4451530612244898 0.8901515151515151 0.0005102040816326531 0.021284271284271284
41 0.45841836734693875 0.8717532467532467 0.0005102040816326531 0.03643578643578643
24 0.44948979591836735 0.9377705627705628 0.009183673469387756 0.006132756132756133
26 0.45 0.9586940836940837 0.01020408163265306 0.006132756132756133
40 0.4614795918367347 0.9586940836940837 0.0035714285714285713 0.0025252525252525255
28 0.4502551020408163 0.8771645021645021 0.010714285714285714 0.006132756132756133
30 0.4502551020408163 0.8861832611832612 0.010714285714285714 0.006132756132756133
24 0.45357142857142857 0.871031746031746 0.01020408163265306 0.006132756132756133
26 0.45357142857142857 0.891955266955267 0.01020408163265306 0.006132756132756133
41 0.43137755102040815 0.8717532467532467 0.0005102040816326531 0.03643578643578643
71 0.3535714285714286 0.9033189033189033 0.015306122448979591 0.005772005772005772
26 0.42653061224489797 0.891955266955267 0.01020408163265306 0.006132756132756133
41 0.5048469387755102 0.8719336219336219 0.0005102040816326531 0.0367965367965368
24 0.5 0.871031746031746 0.01020408163265306 0.006132756132756133
26 0.5 0.891955266955267 0.01020408163265306 0.006132756132756133
24 0.42653061224489797 0.871031746031746 0.01020408163265306 0.006132756132756133
41 0.4818877551020408 0.8721139971139971 0.0005102040816326531 0.03715728715728716
24 0.4770408163265306 0.871031746031746 0.01020408163265306 0.006132756132756133
0 0.04107142857142857 0.9013347763347763 0.007653061224489796 0.08405483405483405
26 0.4770408163265306 0.891955266955267 0.01020408163265306 0.006132756132756133
40 0.4614795918367347 0.9348845598845599 0.0035714285714285713 0.0025252525252525255
41 0.4548469387755102 0.9372294372294372 0.0005102040816326531 0.04040404040404041
41 0.35892857142857143 0.9485930735930735 0.0005102040816326531 0.03932178932178932
41 0.34872448979591836 0.8885281385281385 0.0005102040816326531 0.020202020202020204
41 0.36198979591836733 0.8722943722943723 0.0005102040816326531 0.03751803751803752
28 0.3538265306122449 0.9496753246753247 0.010714285714285714 0.006132756132756133
30 0.3538265306122449 0.9705988455988456 0.010714285714285714 0.006132756132756133
41 0.40841836734693876 0.8717532467532467 0.0005102040816326531 0.03643578643578643
24 0.4035714285714286 0.871031746031746 0.01020408163265306 0.006132756132756133
26 0.4035714285714286 0.891955266955267 0.01020408163265306 0.006132756132756133
41 0.3854591836734694 0.8719336219336219 0.0005102040816326531 0.0367965367965368
24 0.3806122448979592 0.871031746031746 0.01020408163265306 0.006132756132756133
26 0.3806122448979592 0.891955266955267 0.01020408163265306 0.006132756132756133