1 0.875 0.13275613275613277 0.018367346938775512 0.0007215007215007215
1 0.875 0.1387085137085137 0.018367346938775512 0.0010822510822510823
1 0.7938775510204081 0.13275613275613277 0.018367346938775512 0.0007215007215007215
1 0.7035714285714286 0.13275613275613277 0.018367346938775512 0.0007215007215007215
1 0.5321428571428571 0.13275613275613277 0.018367346938775512 0.0007215007215007215
1 0.5321428571428571 0.1387085137085137 0.018367346938775512 0.0010822510822510823
1 0.45 0.13275613275613277 0.018367346938775512 0.0007215007215007215
134 0.4997448979591837 0.1148989898989899 0.9045918367346939 0.024170274170274172
1 0.6826530612244898 0.17045454545454544 0.012244897959183673 0.0010822510822510823
134 0.4997448979591837 0.3356782106782107 0.9045918367346939 0.024170274170274172
1 0.1653061224489796 0.24404761904761904 0.012244897959183673 0.0010822510822510823
134 0.4997448979591837 0.4090909090909091 0.9045918367346939 0.023809523809523808
134 0.4997448979591837 0.2620851370851371 0.9045918367346939 0.024170274170274172
134 0.4997448979591837 0.1884920634920635 0.9045918367346939 0.024170274170274172
41 0.6451530612244898 0.1020923520923521 0.0005102040816326531 0.02813852813852814
24 0.6413265306122449 0.32954545454545453 0.00816326530612245 0.005411255411255411
24 0.6413265306122449 0.25 0.00816326530612245 0.005772005772005772
24 0.6413265306122449 0.18235930735930736 0.00816326530612245 0.005411255411255411
24 0.6413265306122449 0.10281385281385282 0.00816326530612245 0.005772005772005772
26 0.6413265306122449 0.11778499278499278 0.00816326530612245 0.005411255411255411
24 0.6612244897959184 0.1764069264069264 0.00816326530612245 0.005772005772005772
24 0.6612244897959184 0.10876623376623376 0.00816326530612245 0.005411255411255411
41 0.6375 0.3389249639249639 0.0005102040816326531 0.016955266955266956
41 0.6375 0.19155844155844157 0.0005102040816326531 0.016594516594516596
41 0.6375 0.2593795093795094 0.0005102040816326531 0.016594516594516596
41 0.6160714285714286 0.3463203463203463 0.0005102040816326531 0.011544011544011544
41 0.6160714285714286 0.26461038961038963 0.0005102040816326531 0.013347763347763348
41 0.6237244897959183 0.4071067821067821 0.0005102040816326531 0.01911976911976912
26 0.6612244897959184 0.33856421356421357 0.00816326530612245 0.005411255411255411
30 0.7035714285714286 0.25901875901875904 0.012244897959183673 0.005772005772005772
26 0.701530612244898 0.17947330447330448 0.00816326530612245 0.005411255411255411
28 0.7035714285714286 0.13275613275613277 0.012244897959183673 0.005772005772005772
87 0.7012755102040816 0.102994227994228 0.007653061224489796 0.00974025974025974
28 0.7035714285714286 0.3416305916305916 0.012244897959183673 0.005772005772005772
41 0.6788265306122448 0.4134199134199134 0.0005102040816326531 0.017316017316017316
41 0.6788265306122448 0.18272005772005773 0.0005102040816326531 0.020562770562770564
41 0.6977040816326531 0.2698412698412698 0.0005102040816326531 0.01948051948051948
41 0.6977040816326531 0.19318181818181818 0.0005102040816326531 0.025613275613275612
41 0.6977040816326531 0.1406926406926407 0.0005102040816326531 0.013708513708513708
30 0.7035714285714286 0.41215728715728717 0.012244897959183673 0.006132756132756133
41 0.6573979591836735 0.18668831168831168 0.0005102040816326531 0.0183982683982684
41 0.6573979591836735 0.26731601731601734 0.0005102040816326531 0.01875901875901876
41 0.6650510204081632 0.3277417027417027 0.0005102040816326531 0.01984126984126984
41 0.6650510204081632 0.09866522366522366 0.0005102040816326531 0.0183982683982684
24 0.6612244897959184 0.4090909090909091 0.00816326530612245 0.005772005772005772
41 0.6864795918367347 0.1020923520923521 0.0005102040816326531 0.02813852813852814
24 0.6826530612244898 0.40313852813852813 0.00816326530612245 0.005411255411255411
24 0.6826530612244898 0.17045454545454544 0.00816326530612245 0.005411255411255411
24 0.6826530612244898 0.10281385281385282 0.00816326530612245 0.005772005772005772
26 0.6826530612244898 0.11778499278499278 0.00816326530612245 0.005411255411255411
24 0.6612244897959184 0.25595238095238093 0.00816326530612245 0.005411255411255411
41 0.6573979591836735 0.4172077922077922 0.0005102040816326531 0.01479076479076479
26 0.5489795918367347 0.33261183261183264 0.00816326530612245 0.005772005772005772
26 0.5489795918367347 0.25901875901875904 0.00816326530612245 0.005772005772005772
26 0.5482142857142858 0.11183261183261184 0.0066326530612244895 0.005772005772005772
24 0.5489795918367347 0.1268037518037518 0.00816326530612245 0.005411255411255411
41 0.5380102040816327 0.4007936507936508 0.0005102040816326531 0.01875901875901876
41 0.5525510204081633 0.11002886002886003 0.0010204081632653062 0.031746031746031744
41 0.5339285714285714 0.3189033189033189 0.0005102040816326531 0.011544011544011544
24 0.5673469387755102 0.12085137085137085 0.00816326530612245 0.005772005772005772
121 0.12908163265306122 0.2727272727272727 0.06428571428571428 0.013708513708513708
41 0.5525510204081633 0.3246753246753247 0.0010204081632653062 0.013708513708513708
41 0.5451530612244898 0.26966089466089466 0.0005102040816326531 0.01984126984126984
41 0.5063775510204082 0.4143217893217893 0.0005102040816326531 0.013347763347763348
41 0.514030612244898 0.32521645021645024 0.0005102040816326531 0.010461760461760462
41 0.5063775510204082 0.25811688311688313 0.0005102040816326531 0.01911976911976912
41 0.5262755102040816 0.26695526695526695 0.0005102040816326531 0.025252525252525252
41 0.5262755102040816 0.14989177489177488 0.0005102040816326531 0.013347763347763348
24 0.5673469387755102 0.26785714285714285 0.00816326530612245 0.005411255411255411
30 0.5321428571428571 0.41215728715728717 0.012244897959183673 0.006132756132756133
26 0.5301020408163265 0.32665945165945165 0.00816326530612245 0.005411255411255411
26 0.5301020408163265 0.25306637806637805 0.00816326530612245 0.005411255411255411
30 0.5321428571428571 0.14177489177489178 0.012244897959183673 0.005772005772005772
87 0.5298469387755103 0.102994227994228 0.007653061224489796 0.00974025974025974
30 0.621938775510204 0.12987012987012986 0.012244897959183673 0.005772005772005772
26 0.6198979591836735 0.4181096681096681 0.00816326530612245 0.005772005772005772
26 0.6198979591836735 0.33856421356421357 0.00816326530612245 0.005411255411255411
24 0.6198979591836735 0.25595238095238093 0.00816326530612245 0.005411255411255411
94 0.6191326530612244 0.21302308802308803 0.010714285714285714 0.005411255411255411
26 0.6198979591836735 0.19137806637806637 0.00816326530612245 0.005411255411255411
87 0.6196428571428572 0.10317460317460317 0.007653061224489796 0.010101010101010102
41 0.6160714285714286 0.19805194805194806 0.0005102040816326531 0.011544011544011544
41 0.5915816326530612 0.3353174603174603 0.0005102040816326531 0.021284271284271284
41 0.6160714285714286 0.13762626262626262 0.0005102040816326531 0.013347763347763348
41 0.5711734693877552 0.3306277056277056 0.0005102040816326531 0.017676767676767676
41 0.5637755102040817 0.2745310245310245 0.0010204081632653062 0.011544011544011544
41 0.5711734693877552 0.1075036075036075 0.0005102040816326531 0.024531024531024532
24 0.5673469387755102 0.34145021645021645 0.00816326530612245 0.005411255411255411
24 0.5877551020408164 0.1268037518037518 0.00816326530612245 0.005411255411255411
26 0.5872448979591837 0.11183261183261184 0.007142857142857143 0.005772005772005772
26 0.5877551020408164 0.25901875901875904 0.00816326530612245 0.005772005772005772
121 0.12908163265306122 0.35245310245310246 0.06428571428571428 0.013708513708513708
24 0.5877551020408164 0.3474025974025974 0.00816326530612245 0.005772005772005772
41 0.5915816326530612 0.11002886002886003 0.0005102040816326531 0.031746031746031744
41 0.5839285714285715 0.2711038961038961 0.0005102040816326531 0.022727272727272728
41 0.8691326530612244 0.1967893217893218 0.0005102040816326531 0.0183982683982684
41 0.8691326530612244 0.15007215007215008 0.0005102040816326531 0.012987012987012988
30 0.875 0.41215728715728717 0.012244897959183673 0.006132756132756133
28 0.875 0.3474025974025974 0.012244897959183673 0.005772005772005772
30 0.875 0.18542568542568544 0.012244897959183673 0.005772005772005772
30 0.875 0.14177489177489178 0.012244897959183673 0.005772005772005772
87 0.872704081632653 0.102994227994228 0.007653061224489796 0.00974025974025974
41 0.8961734693877551 0.10930735930735931 0.0005102040816326531 0.030303030303030304
26 0.8926020408163265 0.11183261183261184 0.007653061224489796 0.005772005772005772
24 0.8926020408163265 0.1268037518037518 0.007653061224489796 0.005411255411255411
41 0.8808673469387756 0.40115440115440115 0.0005102040816326531 0.01948051948051948
41 0.8808673469387756 0.3365800865800866 0.0005102040816326531 0.01948051948051948
41 0.835969387755102 0.33026695526695526 0.0005102040816326531 0.01911976911976912
41 0.8283163265306123 0.1937229437229437 0.0005102040816326531 0.01875901875901876
41 0.835969387755102 0.10173160173160173 0.0005102040816326531 0.016594516594516596
26 0.8321428571428572 0.41215728715728717 0.00816326530612245 0.005411255411255411
24 0.8321428571428572 0.34145021645021645 0.00816326530612245 0.005411255411255411
24 0.8321428571428572 0.18235930735930736 0.00816326530612245 0.005411255411255411
26 0.8321428571428572 0.11183261183261184 0.00816326530612245 0.005772005772005772
26 0.8533163265306123 0.4062049062049062 0.007653061224489796 0.005772005772005772
41 0.8494897959183674 0.4145021645021645 0.0010204081632653062 0.015151515151515152
41 0.8568877551020408 0.10606060606060606 0.0005102040816326531 0.025252525252525252
26 0.8530612244897959 0.10588023088023088 0.00816326530612245 0.005411255411255411
24 0.8530612244897959 0.12085137085137085 0.00816326530612245 0.005772005772005772
41 0.8283163265306123 0.4193722943722944 0.0005102040816326531 0.012626262626262626
121 0.8063775510204082 0.31998556998557 0.020918367346938777 0.006493506493506494
121 0.8372448979591837 0.09199134199134198 0.03979591836734694 0.0021645021645021645
121 0.8390306122448979 0.4240620490620491 0.020918367346938777 0.005411255411255411
121 0.9165816326530613 0.09397546897546898 0.04030612244897959 0.0018037518037518038
121 0.7989795918367347 0.1975108225108225 0.02142857142857143 0.005411255411255411
121 0.6267857142857143 0.2709235209235209 0.02193877551020408 0.005772005772005772
121 0.4928571428571429 0.09199134199134198 0.04285714285714286 0.0021645021645021645
121 0.4956632653061224 0.4240620490620491 0.02193877551020408 0.005411255411255411
121 0.5551020408163265 0.2813852813852814 0.05714285714285714 0.005050505050505051
121 0.5627551020408164 0.3189033189033189 0.05714285714285714 0.013708513708513708
121 0.5719387755102041 0.09397546897546898 0.03877551020408163 0.0018037518037518038
121 0.6471938775510204 0.19913419913419914 0.06275510204081633 0.013708513708513708
121 0.47525510204081634 0.27200577200577203 0.06275510204081633 0.007936507936507936
121 0.6267857142857143 0.35119047619047616 0.02193877551020408 0.006854256854256854
121 0.6658163265306123 0.08802308802308802 0.04081632653061224 0.0021645021645021645
121 0.6678571428571428 0.4240620490620491 0.02142857142857143 0.005411255411255411
121 0.727295918367347 0.2077922077922078 0.058673469387755105 0.005050505050505051
122 0.75 0.25 0.08877551020408163 0.004329004329004329
121 0.7441326530612244 0.09199134199134198 0.04030612244897959 0.0021645021645021645
26 0.9321428571428572 0.11183261183261184 0.007142857142857143 0.005772005772005772
121 0.30918367346938774 0.3225108225108225 0.06020408163265306 0.0021645021645021645
41 0.9364795918367347 0.10948773448773448 0.0005102040816326531 0.030663780663780664
24 0.9326530612244898 0.1268037518037518 0.00816326530612245 0.005411255411255411
41 0.9165816326530613 0.1066017316017316 0.0005102040816326531 0.024891774891774892
24 0.9127551020408163 0.12085137085137085 0.00816326530612245 0.005772005772005772
121 0.31887755102040816 0.08802308802308802 0.04081632653061224 0.0021645021645021645
121 0.32168367346938775 0.4240620490620491 0.01989795918367347 0.005411255411255411
121 0.399234693877551 0.08802308802308802 0.04030612244897959 0.0021645021645021645
41 0.7645408163265306 0.1056998556998557 0.0005102040816326531 0.026695526695526696
41 0.7568877551020409 0.19823232323232323 0.0005102040816326531 0.022005772005772004
121 0.1895408163265306 0.1975108225108225 0.018877551020408164 0.005411255411255411
26 0.7607142857142857 0.18542568542568544 0.00816326530612245 0.005772005772005772
26 0.7607142857142857 0.10588023088023088 0.00816326530612245 0.005411255411255411
24 0.7607142857142857 0.12085137085137085 0.00816326530612245 0.005772005772005772
34 0.7959183673469388 0.25901875901875904 0.0163265306122449 0.005772005772005772
41 0.7882653061224489 0.14087301587301587 0.0010204081632653062 0.013347763347763348
24 0.7918367346938775 0.420995670995671 0.00816326530612245 0.005772005772005772
24 0.7918367346938775 0.34145021645021645 0.00816326530612245 0.005411255411255411
41 0.7357142857142858 0.20183982683982685 0.0010204081632653062 0.012626262626262626
93 0.7910714285714285 0.20833333333333334 0.008673469387755102 0.007575757575757576
24 0.7918367346938775 0.18235930735930736 0.00816326530612245 0.005411255411255411
28 0.7938775510204081 0.13275613275613277 0.012244897959183673 0.005772005772005772
87 0.7915816326530613 0.102994227994228 0.007653061224489796 0.00974025974025974
41 0.7094387755102041 0.40115440115440115 0.0005102040816326531 0.01948051948051948
41 0.724234693877551 0.1056998556998557 0.0005102040816326531 0.026695526695526696
121 0.15051020408163265 0.4240620490620491 0.02142857142857143 0.005411255411255411
26 0.7204081632653061 0.18542568542568544 0.00816326530612245 0.005772005772005772
26 0.7204081632653061 0.10588023088023088 0.00816326530612245 0.005411255411255411
24 0.7204081632653061 0.12085137085137085 0.00816326530612245 0.005772005772005772
121 0.14744897959183673 0.08802308802308802 0.04285714285714286 0.0021645021645021645
41 0.7094387755102041 0.33044733044733043 0.0005102040816326531 0.01948051948051948
121 0.4829081632653061 0.3217893217893218 0.06275510204081633 0.007936507936507936
41 0.7165816326530612 0.19660894660894662 0.0005102040816326531 0.020923520923520924
26 0.7392857142857143 0.11183261183261184 0.00816326530612245 0.005772005772005772
24 0.7392857142857143 0.19444444444444445 0.00816326530612245 0.005772005772005772
41 0.7431122448979591 0.10173160173160173 0.0005102040816326531 0.01875901875901876
24 0.813265306122449 0.12085137085137085 0.00816326530612245 0.005772005772005772
26 0.8127551020408164 0.10588023088023088 0.007142857142857143 0.005411255411255411
121 0.30153061224489797 0.2757936507936508 0.06020408163265306 0.007575757575757576
41 0.7956632653061224 0.41035353535353536 0.0005102040816326531 0.01984126984126984
41 0.809438775510204 0.18668831168831168 0.0005102040816326531 0.017676767676767676
41 0.8170918367346939 0.32431457431457433 0.0005102040816326531 0.012987012987012988
41 0.8170918367346939 0.10606060606060606 0.0005102040816326531 0.027417027417027416
26 0.813265306122449 0.33261183261183264 0.00816326530612245 0.005772005772005772
24 0.813265306122449 0.1764069264069264 0.00816326530612245 0.005772005772005772
41 0.7882653061224489 0.19101731601731603 0.0010204081632653062 0.015512265512265512
121 0.2260204081632653 0.08802308802308802 0.03979591836734694 0.0021645021645021645
41 0.7956632653061224 0.3315295815295815 0.0005102040816326531 0.018037518037518036
121 0.30153061224489797 0.2050865800865801 0.06020408163265306 0.0018037518037518038
24 0.20255102040816325 0.18235930735930736 0.00816326530612245 0.005411255411255411
24 0.20204081632653062 0.10281385281385282 0.007142857142857143 0.005772005772005772
26 0.20255102040816325 0.11778499278499278 0.00816326530612245 0.005411255411255411
41 0.1798469387755102 0.4199134199134199 0.0005102040816326531 0.018037518037518036
41 0.20637755102040817 0.10245310245310245 0.0005102040816326531 0.02886002886002886
41 0.1798469387755102 0.3409090909090909 0.0005102040816326531 0.01875901875901876
41 0.1798469387755102 0.2611832611832612 0.0005102040816326531 0.01875901875901876
41 0.22576530612244897 0.09758297258297258 0.0005102040816326531 0.01911976911976912
26 0.22193877551020408 0.19137806637806637 0.00816326530612245 0.005411255411255411
24 0.22193877551020408 0.10876623376623376 0.00816326530612245 0.005411255411255411
41 0.19872448979591836 0.19101731601731603 0.0005102040816326531 0.015512265512265512
41 0.1614795918367347 0.4136002886002886 0.0005102040816326531 0.016955266955266956
87 0.18341836734693878 0.102994227994228 0.007653061224489796 0.00974025974025974
41 0.1614795918367347 0.33585858585858586 0.0005102040816326531 0.020923520923520924
41 0.1614795918367347 0.2563131313131313 0.0005102040816326531 0.020562770562770564
41 0.1798469387755102 0.18686868686868688 0.0005102040816326531 0.017316017316017316
41 0.1798469387755102 0.137987012987013 0.0005102040816326531 0.012626262626262626
41 0.22576530612244897 0.18055555555555555 0.0005102040816326531 0.01984126984126984
28 0.18571428571428572 0.4090909090909091 0.012244897959183673 0.005772005772005772
28 0.18571428571428572 0.3297258297258297 0.012244897959183673 0.005772005772005772
28 0.18571428571428572 0.25 0.012244897959183673 0.005772005772005772
24 0.1836734693877551 0.1764069264069264 0.00816326530612245 0.005772005772005772
30 0.18571428571428572 0.12987012987012986 0.012244897959183673 0.005772005772005772
41 0.2788265306122449 0.32954545454545453 0.0005102040816326531 0.01406926406926407
41 0.2714285714285714 0.2721861471861472 0.0010204081632653062 0.012626262626262626
41 0.2788265306122449 0.40674603174603174 0.0005102040816326531 0.0183982683982684
26 0.275 0.26497113997113997 0.00816326530612245 0.005411255411255411
24 0.275 0.1764069264069264 0.00816326530612245 0.005772005772005772
30 0.27729591836734696 0.12987012987012986 0.01173469387755102 0.005772005772005772
87 0.27474489795918366 0.102994227994228 0.007653061224489796 0.00974025974025974
26 0.275 0.33856421356421357 0.00816326530612245 0.005411255411255411
41 0.24566326530612245 0.10191197691197691 0.0005102040816326531 0.027777777777777776
24 0.24183673469387756 0.10281385281385282 0.00816326530612245 0.005772005772005772
26 0.24209183673469387 0.11778499278499278 0.007653061224489796 0.005411255411255411
41 0.2714285714285714 0.1911976911976912 0.0010204081632653062 0.027417027417027416
41 0.2714285714285714 0.13762626262626262 0.0010204081632653062 0.013347763347763348
26 0.275 0.4181096681096681 0.00816326530612245 0.005772005772005772
26 0.10051020408163265 0.3445165945165945 0.00816326530612245 0.005772005772005772
94 0.09642857142857143 0.2866161616161616 0.011224489795918367 0.005411255411255411
93 0.10612244897959183 0.2876984126984127 0.009183673469387756 0.007575757575757576
26 0.10051020408163265 0.26497113997113997 0.00816326530612245 0.005411255411255411
26 0.10051020408163265 0.19137806637806637 0.00816326530612245 0.005411255411255411
30 0.10255102040816326 0.12987012987012986 0.012244897959183673 0.005772005772005772
87 0.10025510204081632 0.102994227994228 0.007653061224489796 0.00974025974025974
94 0.09642857142857143 0.36598124098124096 0.011224489795918367 0.005411255411255411
93 0.10612244897959183 0.36706349206349204 0.009183673469387756 0.007575757575757576
10 0.06198979591836735 0.4255050505050505 0.005612244897959183 0.005411255411255411
8 0.06505102040816327 0.40584415584415584 0.020918367346938777 0.015151515151515152
41 0.09668367346938775 0.2721861471861472 0.0005102040816326531 0.012626262626262626
41 0.10433673469387755 0.18055555555555555 0.0005102040816326531 0.01984126984126984
41 0.09668367346938775 0.13762626262626262 0.0005102040816326531 0.013347763347763348
26 0.10051020408163265 0.4181096681096681 0.00816326530612245 0.005772005772005772
5 0.06505102040816327 0.11544011544011544 0.020918367346938777 0.03535353535353535
10 0.06658163265306122 0.3151154401154401 0.005612244897959183 0.005411255411255411
5 0.06505102040816327 0.3362193362193362 0.020918367346938777 0.03535353535353535
5 0.06505102040816327 0.26262626262626265 0.020918367346938777 0.03535353535353535
5 0.06505102040816327 0.18903318903318903 0.020918367346938777 0.03535353535353535
10 0.06301020408163266 0.13654401154401155 0.005612244897959183 0.005411255411255411
41 0.13954081632653062 0.34054834054834054 0.0005102040816326531 0.01948051948051948
41 0.13954081632653062 0.261002886002886 0.0005102040816326531 0.01911976911976912
41 0.13954081632653062 0.19336219336219337 0.0005102040816326531 0.01948051948051948
41 0.1471938775510204 0.09740259740259741 0.0005102040816326531 0.01875901875901876
24 0.1433673469387755 0.4090909090909091 0.00816326530612245 0.005772005772005772
41 0.1691326530612245 0.1020923520923521 0.0005102040816326531 0.02813852813852814
24 0.1653061224489796 0.40313852813852813 0.00816326530612245 0.005411255411255411
24 0.1653061224489796 0.3235930735930736 0.00816326530612245 0.005772005772005772
24 0.1653061224489796 0.24404761904761904 0.00816326530612245 0.005411255411255411
24 0.1653061224489796 0.10281385281385282 0.00816326530612245 0.005772005772005772
26 0.1653061224489796 0.11778499278499278 0.00816326530612245 0.005411255411255411
24 0.1433673469387755 0.32954545454545453 0.00816326530612245 0.005411255411255411
41 0.13954081632653062 0.41774891774891776 0.0005102040816326531 0.015873015873015872
41 0.10433673469387755 0.4072871572871573 0.0005102040816326531 0.01948051948051948
41 0.125765306122449 0.10191197691197691 0.0005102040816326531 0.027777777777777776
26 0.12193877551020409 0.33856421356421357 0.00816326530612245 0.005411255411255411
24 0.12193877551020409 0.25595238095238093 0.00816326530612245 0.005411255411255411
24 0.12193877551020409 0.10281385281385282 0.00816326530612245 0.005772005772005772
26 0.12193877551020409 0.11778499278499278 0.00816326530612245 0.005411255411255411
41 0.09668367346938775 0.35155122655122656 0.0005102040816326531 0.012626262626262626
24 0.1433673469387755 0.25 0.00816326530612245 0.005772005772005772
24 0.1433673469387755 0.18235930735930736 0.00816326530612245 0.005411255411255411
24 0.1433673469387755 0.10894660894660894 0.00816326530612245 0.005772005772005772
41 0.11811224489795918 0.34686147186147187 0.0005102040816326531 0.01479076479076479
41 0.514030612244898 0.10551948051948051 0.0005102040816326531 0.026334776334776336
41 0.11811224489795918 0.2656926406926407 0.0005102040816326531 0.017676767676767676
41 0.4441326530612245 0.14123376623376624 0.0005102040816326531 0.012626262626262626
41 0.4517857142857143 0.3324314574314574 0.0005102040816326531 0.01479076479076479
24 0.4479591836734694 0.420995670995671 0.00816326530612245 0.005772005772005772
41 0.4441326530612245 0.26785714285714285 0.0005102040816326531 0.01406926406926407
41 0.399234693877551 0.09758297258297258 0.0005102040816326531 0.01911976911976912
24 0.39540816326530615 0.10876623376623376 0.00816326530612245 0.005411255411255411
41 0.3788265306122449 0.10191197691197691 0.0005102040816326531 0.027777777777777776
24 0.375 0.10281385281385282 0.00816326530612245 0.005772005772005772
26 0.375 0.11778499278499278 0.00816326530612245 0.005411255411255411
41 0.3517857142857143 0.4200937950937951 0.0005102040816326531 0.017676767676767676
93 0.44668367346938775 0.35533910533910534 0.008673469387755102 0.007215007215007215
24 0.4479591836734694 0.34145021645021645 0.00816326530612245 0.005411255411255411
94 0.4471938775510204 0.28264790764790765 0.010714285714285714 0.005411255411255411
26 0.4479591836734694 0.25901875901875904 0.00816326530612245 0.005772005772005772
34 0.4517857142857143 0.18542568542568544 0.015816326530612244 0.005772005772005772
28 0.45 0.13275613275613277 0.012244897959183673 0.005772005772005772
87 0.4477040816326531 0.10317460317460317 0.007653061224489796 0.010101010101010102
41 0.4191326530612245 0.10191197691197691 0.0005102040816326531 0.027777777777777776
24 0.4153061224489796 0.10281385281385282 0.00816326530612245 0.005772005772005772
26 0.4153061224489796 0.11778499278499278 0.00816326530612245 0.005411255411255411
41 0.4923469387755102 0.10137085137085138 0.0010204081632653062 0.018037518037518036
41 0.48494897959183675 0.262987012987013 0.0005102040816326531 0.015873015873015872
26 0.4887755102040816 0.41215728715728717 0.00816326530612245 0.005411255411255411
26 0.4887755102040816 0.33856421356421357 0.00816326530612245 0.005411255411255411
26 0.4887755102040816 0.25306637806637805 0.00816326530612245 0.005411255411255411
26 0.4887755102040816 0.11183261183261184 0.00816326530612245 0.005772005772005772
26 0.5102040816326531 0.4062049062049062 0.00816326530612245 0.005772005772005772
26 0.5102040816326531 0.33261183261183264 0.00816326530612245 0.005772005772005772
26 0.5102040816326531 0.24711399711399712 0.00816326530612245 0.005772005772005772
26 0.5102040816326531 0.10588023088023088 0.00816326530612245 0.005411255411255411
24 0.5102040816326531 0.12085137085137085 0.00816326530612245 0.005772005772005772
41 0.48494897959183675 0.4193722943722944 0.0005102040816326531 0.012626262626262626
41 0.4923469387755102 0.32936507936507936 0.0010204081632653062 0.016594516594516596
41 0.4517857142857143 0.41035353535353536 0.0005102040816326531 0.01984126984126984
41 0.4716836734693878 0.33134920634920634 0.0005102040816326531 0.016955266955266956
41 0.46403061224489794 0.26695526695526695 0.0005102040816326531 0.012265512265512266
41 0.4716836734693878 0.1056998556998557 0.0005102040816326531 0.026695526695526696
24 0.46785714285714286 0.34145021645021645 0.00816326530612245 0.005411255411255411
26 0.46785714285714286 0.25901875901875904 0.00816326530612245 0.005772005772005772
26 0.46785714285714286 0.10588023088023088 0.00816326530612245 0.005411255411255411
24 0.46785714285714286 0.12085137085137085 0.00816326530612245 0.005772005772005772
41 0.3191326530612245 0.3297258297258297 0.0005102040816326531 0.01443001443001443
41 0.3114795918367347 0.26316738816738816 0.0005102040816326531 0.022727272727272728
41 0.3114795918367347 0.19895382395382397 0.0005102040816326531 0.011904761904761904
41 0.3191326530612245 0.09758297258297258 0.0005102040816326531 0.01911976911976912
41 0.33903061224489794 0.10191197691197691 0.0005102040816326531 0.027777777777777776
24 0.3354591836734694 0.40313852813852813 0.007653061224489796 0.005411255411255411
26 0.3354591836734694 0.3445165945165945 0.007653061224489796 0.005772005772005772
24 0.3354591836734694 0.25595238095238093 0.007653061224489796 0.005411255411255411
24 0.3354591836734694 0.1764069264069264 0.007653061224489796 0.005772005772005772
24 0.3354591836734694 0.10281385281385282 0.007653061224489796 0.005772005772005772
24 0.3153061224489796 0.4090909090909091 0.00816326530612245 0.005772005772005772
41 0.3114795918367347 0.41774891774891776 0.0005102040816326531 0.015873015873015872
26 0.29464285714285715 0.3445165945165945 0.007653061224489796 0.005772005772005772
41 0.2910714285714286 0.19462481962481962 0.0005102040816326531 0.020562770562770564
41 0.2982142857142857 0.10191197691197691 0.0005102040816326531 0.027777777777777776
24 0.29464285714285715 0.25595238095238093 0.007653061224489796 0.005411255411255411
24 0.29464285714285715 0.18235930735930736 0.007653061224489796 0.005411255411255411
24 0.29464285714285715 0.10281385281385282 0.007653061224489796 0.005772005772005772
26 0.29464285714285715 0.11778499278499278 0.007653061224489796 0.005411255411255411
26 0.3354591836734694 0.11778499278499278 0.007653061224489796 0.005411255411255411
41 0.2910714285714286 0.2667748917748918 0.0005102040816326531 0.01984126984126984
41 0.2982142857142857 0.33315295815295815 0.0005102040816326531 0.021284271284271284
24 0.3153061224489796 0.10876623376623376 0.00816326530612245 0.005411255411255411
26 0.3153061224489796 0.19137806637806637 0.00816326530612245 0.005411255411255411
24 0.3153061224489796 0.25 0.00816326530612245 0.005772005772005772
26 0.3153061224489796 0.33856421356421357 0.00816326530612245 0.005411255411255411
30 0.3576530612244898 0.12987012987012986 0.012244897959183673 0.005772005772005772
28 0.3576530612244898 0.4090909090909091 0.012244897959183673 0.005772005772005772
30 0.3576530612244898 0.33856421356421357 0.012244897959183673 0.006132756132756133
28 0.3576530612244898 0.25 0.012244897959183673 0.005772005772005772
28 0.3576530612244898 0.18253968253968253 0.012244897959183673 0.005772005772005772
41 0.3517857142857143 0.13762626262626262 0.0005102040816326531 0.013347763347763348
41 0.3318877551020408 0.41305916305916307 0.0005102040816326531 0.018037518037518036
87 0.35535714285714287 0.102994227994228 0.007653061224489796 0.00974025974025974
41 0.3517857142857143 0.19336219336219337 0.0005102040816326531 0.01948051948051948
41 0.3517857142857143 0.261002886002886 0.0005102040816326531 0.01911976911976912
41 0.3635204081632653 0.32756132756132755 0.0005102040816326531 0.01948051948051948
41 0.3318877551020408 0.1911976911976912 0.0005102040816326531 0.027417027417027416
41 0.33903061224489794 0.33315295815295815 0.0005102040816326531 0.021284271284271284
41 0.3318877551020408 0.2647907647907648 0.0005102040816326531 0.015873015873015872
1 0.7923469387755102 0.6311327561327561 0.018367346938775512 0.0010822510822510823
1 0.7923469387755102 0.637085137085137 0.018367346938775512 0.0007215007215007215
1 0.6193877551020408 0.6311327561327561 0.018367346938775512 0.0010822510822510823
1 0.6193877551020408 0.637085137085137 0.018367346938775512 0.0007215007215007215
1 0.5290816326530612 0.6311327561327561 0.018367346938775512 0.0010822510822510823
1 0.5290816326530612 0.637085137085137 0.018367346938775512 0.0007215007215007215
1 0.4477040816326531 0.6311327561327561 0.018877551020408164 0.0010822510822510823
1 0.4477040816326531 0.637085137085137 0.018877551020408164 0.0007215007215007215
1 0.2755102040816326 0.6311327561327561 0.018367346938775512 0.0010822510822510823
1 0.2755102040816326 0.637085137085137 0.018367346938775512 0.0007215007215007215
1 0.10255102040816326 0.6311327561327561 0.018367346938775512 0.0010822510822510823
1 0.10255102040816326 0.637085137085137 0.018367346938775512 0.0007215007215007215
1 0.7903061224489796 0.816017316017316 0.012244897959183673 0.0007215007215007215
1 0.7020408163265306 0.816017316017316 0.018367346938775512 0.0007215007215007215
1 0.35586734693877553 0.851911976911977 0.018877551020408164 0.0010822510822510823
1 0.10051020408163265 0.851911976911977 0.012244897959183673 0.0010822510822510823
134 0.4997448979591837 0.7604617604617605 0.9045918367346939 0.023809523809523808
134 0.4997448979591837 0.6868686868686869 0.9045918367346939 0.023809523809523808
134 0.4997448979591837 0.6132756132756133 0.9045918367346939 0.023809523809523808
134 0.4997448979591837 0.9074675324675324 0.9045918367346939 0.024170274170274172
134 0.4997448979591837 0.8338744588744589 0.9045918367346939 0.024170274170274172
26 0.6793367346938776 0.689935064935065 0.007653061224489796 0.005411255411255411
41 0.6548469387755103 0.9182900432900433 0.0005102040816326531 0.011904761904761904
41 0.6625 0.8228715728715729 0.0005102040816326531 0.012987012987012988
41 0.6829081632653061 0.8178210678210678 0.0005102040816326531 0.010101010101010102
41 0.675765306122449 0.6982323232323232 0.0005102040816326531 0.01479076479076479
26 0.6793367346938776 0.6163419913419913 0.007653061224489796 0.005411255411255411
41 0.6829081632653061 0.6037157287157288 0.0005102040816326531 0.023448773448773448
26 0.6793367346938776 0.9045815295815296 0.007653061224489796 0.005411255411255411
26 0.6793367346938776 0.825036075036075 0.007653061224489796 0.005772005772005772
26 0.6793367346938776 0.6042568542568543 0.007653061224489796 0.005772005772005772
26 0.6586734693877551 0.6102092352092352 0.00816326530612245 0.005411255411255411
41 0.6415816326530612 0.8273809523809523 0.0005102040816326531 0.01479076479076479
26 0.6586734693877551 0.6838023088023089 0.00816326530612245 0.005411255411255411
41 0.6341836734693878 0.6955266955266955 0.0010204081632653062 0.015151515151515152
41 0.6415816326530612 0.6026334776334776 0.0005102040816326531 0.023448773448773448
41 0.6625 0.7521645021645021 0.0005102040816326531 0.01875901875901876
41 0.6548469387755103 0.6942640692640693 0.0005102040816326531 0.01911976911976912
41 0.6625 0.6006493506493507 0.0005102040816326531 0.017316017316017316
26 0.6586734693877551 0.9105339105339105 0.00816326530612245 0.005772005772005772
26 0.6586734693877551 0.8309884559884559 0.00816326530612245 0.005411255411255411
26 0.6586734693877551 0.7633477633477633 0.00816326530612245 0.005772005772005772
41 0.7237244897959184 0.6031746031746031 0.0005102040816326531 0.022366522366522368
24 0.7198979591836735 0.6868686868686869 0.00816326530612245 0.005772005772005772
26 0.7198979591836735 0.6042568542568543 0.00816326530612245 0.005772005772005772
26 0.7198979591836735 0.6163419913419913 0.00816326530612245 0.005411255411255411
41 0.7079081632653061 0.8993506493506493 0.0005102040816326531 0.01875901875901876
41 0.6961734693877552 0.8275613275613276 0.0005102040816326531 0.01875901875901876
26 0.7397959183673469 0.6838023088023089 0.00816326530612245 0.005411255411255411
41 0.7362244897959184 0.6942640692640693 0.0010204081632653062 0.01911976911976912
41 0.7436224489795918 0.6001082251082251 0.0005102040816326531 0.016233766233766232
26 0.7397959183673469 0.6103896103896104 0.00816326530612245 0.005772005772005772
41 0.7160714285714286 0.6953463203463204 0.0005102040816326531 0.015512265512265512
87 0.6997448979591837 0.6015512265512265 0.007653061224489796 0.00974025974025974
30 0.7020408163265306 0.9105339105339105 0.012244897959183673 0.005772005772005772
28 0.7020408163265306 0.816017316017316 0.012244897959183673 0.005772005772005772
41 0.5232142857142857 0.7676767676767676 0.0005102040816326531 0.016594516594516596
30 0.7020408163265306 0.7633477633477633 0.012244897959183673 0.005772005772005772
26 0.7 0.6838023088023089 0.00816326530612245 0.005411255411255411
28 0.7020408163265306 0.6251803751803752 0.012244897959183673 0.005772005772005772
41 0.675765306122449 0.913059163059163 0.0005102040816326531 0.015151515151515152
26 0.6377551020408163 0.6042568542568543 0.00816326530612245 0.005772005772005772
41 0.6961734693877552 0.6338383838383839 0.0005102040816326531 0.01443001443001443
41 0.6961734693877552 0.6940836940836941 0.0005102040816326531 0.01875901875901876
41 0.7079081632653061 0.7525252525252525 0.0005102040816326531 0.01948051948051948
41 0.5892857142857143 0.602994227994228 0.0010204081632653062 0.024170274170274172
24 0.5854591836734694 0.8459595959595959 0.007653061224489796 0.005772005772005772
26 0.5857142857142857 0.7633477633477633 0.00816326530612245 0.005772005772005772
26 0.5857142857142857 0.6044372294372294 0.00816326530612245 0.005411255411255411
26 0.5857142857142857 0.6163419913419913 0.00816326530612245 0.005411255411255411
41 0.5346938775510204 0.8995310245310245 0.0010204081632653062 0.01911976911976912
41 0.5706632653061224 0.8286435786435786 0.0005102040816326531 0.012987012987012988
41 0.5892857142857143 0.8331529581529582 0.0010204081632653062 0.024170274170274172
28 0.6193877551020408 0.637085137085137 0.012244897959183673 0.005772005772005772
87 0.6170918367346939 0.6015512265512265 0.007653061224489796 0.00974025974025974
41 0.5818877551020408 0.7718253968253969 0.0005102040816326531 0.01479076479076479
41 0.5497448979591837 0.8329725829725829 0.0005102040816326531 0.021645021645021644
41 0.5423469387755102 0.7691197691197691 0.0010204081632653062 0.015151515151515152
41 0.5497448979591837 0.6026334776334776 0.0005102040816326531 0.023448773448773448
24 0.5459183673469388 0.8459595959595959 0.00816326530612245 0.005772005772005772
24 0.5459183673469388 0.7604617604617605 0.00816326530612245 0.005772005772005772
26 0.5459183673469388 0.6042568542568543 0.00816326530612245 0.005772005772005772
26 0.5459183673469388 0.6163419913419913 0.00816326530612245 0.005411255411255411
26 0.6173469387755102 0.6838023088023089 0.00816326530612245 0.005411255411255411
26 0.5668367346938775 0.6102092352092352 0.00816326530612245 0.005411255411255411
26 0.5668367346938775 0.7573953823953824 0.00816326530612245 0.005411255411255411
26 0.5668367346938775 0.836940836940837 0.00816326530612245 0.005772005772005772
41 0.5706632653061224 0.6006493506493507 0.0005102040816326531 0.017316017316017316
41 0.5630102040816326 0.7678571428571429 0.0005102040816326531 0.01911976911976912
41 0.6211734693877551 0.9053030303030303 0.0005102040816326531 0.01911976911976912
41 0.6211734693877551 0.8336940836940837 0.0005102040816326531 0.020923520923520924
24 0.6377551020408163 0.6868686868686869 0.00816326530612245 0.005772005772005772
26 0.6377551020408163 0.6163419913419913 0.00816326530612245 0.005411255411255411
41 0.6135204081632653 0.6452020202020202 0.0005102040816326531 0.013347763347763348
26 0.6173469387755102 0.9164862914862915 0.00816326530612245 0.005411255411255411
94 0.6137755102040816 0.8555194805194806 0.011224489795918367 0.005411255411255411
95 0.6232142857142857 0.8555194805194806 0.008673469387755102 0.009018759018759018
24 0.6173469387755102 0.8459595959595959 0.00816326530612245 0.005772005772005772
26 0.6173469387755102 0.7573953823953824 0.00816326530612245 0.005411255411255411
94 0.6137755102040816 0.713023088023088 0.011224489795918367 0.005411255411255411
95 0.6232142857142857 0.7133838383838383 0.008673469387755102 0.009018759018759018
26 0.6377551020408163 0.836940836940837 0.00816326530612245 0.005772005772005772
41 0.6135204081632653 0.6940836940836941 0.0005102040816326531 0.01875901875901876
41 0.5306122448979592 0.8284632034632035 0.0010204081632653062 0.01479076479076479
41 0.6135204081632653 0.7682178932178932 0.0005102040816326531 0.01984126984126984
41 0.8971938775510204 0.6026334776334776 0.0005102040816326531 0.023448773448773448
26 0.9132653061224489 0.9105339105339105 0.00816326530612245 0.005772005772005772
26 0.9135204081632653 0.8309884559884559 0.007653061224489796 0.005411255411255411
26 0.9132653061224489 0.7633477633477633 0.00816326530612245 0.005772005772005772
26 0.9135204081632653 0.6103896103896104 0.007653061224489796 0.005772005772005772
41 0.9170918367346939 0.6006493506493507 0.0005102040816326531 0.017316017316017316
26 0.8933673469387755 0.6042568542568543 0.00816326530612245 0.005772005772005772
26 0.8933673469387755 0.6163419913419913 0.00816326530612245 0.005411255411255411
41 0.8778061224489796 0.9054834054834054 0.0005102040816326531 0.01948051948051948
41 0.9170918367346939 0.8998917748917749 0.0005102040816326531 0.01984126984126984
41 0.9096938775510204 0.8418109668109668 0.0010204081632653062 0.01984126984126984
41 0.9170918367346939 0.7527056277056277 0.0005102040816326531 0.01984126984126984
87 0.8737244897959183 0.6015512265512265 0.007653061224489796 0.00974025974025974
26 0.8739795918367347 0.9164862914862915 0.00816326530612245 0.005411255411255411
26 0.8739795918367347 0.825036075036075 0.00816326530612245 0.005772005772005772
26 0.8739795918367347 0.7573953823953824 0.00816326530612245 0.005411255411255411
94 0.8752551020408164 0.7104978354978355 0.010714285714285714 0.005411255411255411
30 0.8760204081632653 0.683982683982684 0.012244897959183673 0.005772005772005772
28 0.8760204081632653 0.6251803751803752 0.012244897959183673 0.005772005772005772
41 0.849234693877551 0.8418109668109668 0.0005102040816326531 0.017676767676767676
41 0.8701530612244898 0.8356782106782107 0.0005102040816326531 0.01984126984126984
41 0.8701530612244898 0.7682178932178932 0.0005102040816326531 0.01984126984126984
26 0.9336734693877551 0.6163419913419913 0.00816326530612245 0.005411255411255411
41 0.8701530612244898 0.6948051948051948 0.0005102040816326531 0.01948051948051948
41 0.8701530612244898 0.6338383838383839 0.0005102040816326531 0.01443001443001443
122 0.7461734693877551 0.8095238095238095 0.08418367346938775 0.004329004329004329
121 0.5696428571428571 0.5905483405483406 0.039285714285714285 0.0021645021645021645
121 0.6446428571428572 0.7049062049062049 0.06173469387755102 0.004329004329004329
121 0.6520408163265307 0.8167388167388168 0.06224489795918367 0.012987012987012988
121 0.6625 0.5905483405483406 0.0413265306122449 0.0021645021645021645
121 0.6653061224489796 0.9224386724386724 0.02040816326530612 0.005772005772005772
121 0.7257653061224489 0.7049062049062049 0.058673469387755105 0.004329004329004329
121 0.5599489795918368 0.8208874458874459 0.058673469387755105 0.0018037518037518038
121 0.7431122448979591 0.5905483405483406 0.039285714285714285 0.0021645021645021645
121 0.8255102040816327 0.6693722943722944 0.06224489795918367 0.012626262626262626
121 0.835969387755102 0.5905483405483406 0.0413265306122449 0.0021645021645021645
121 0.8464285714285714 0.7509018759018758 0.02040816326530612 0.006854256854256854
121 0.8387755102040816 0.849025974025974 0.02040816326530612 0.005411255411255411
121 0.3173469387755102 0.5905483405483406 0.04081632653061224 0.0021645021645021645
121 0.14438775510204083 0.5905483405483406 0.04081632653061224 0.0021645021645021645
121 0.15433673469387754 0.7431457431457431 0.020918367346938777 0.002886002886002886
121 0.15433673469387754 0.8248556998556998 0.020918367346938777 0.005411255411255411
121 0.2145408163265306 0.7426046176046176 0.060714285714285714 0.0018037518037518038
121 0.2145408163265306 0.8221500721500722 0.060714285714285714 0.0021645021645021645
121 0.22474489795918368 0.5905483405483406 0.04030612244897959 0.0021645021645021645
121 0.3198979591836735 0.9226190476190477 0.02142857142857143 0.005411255411255411
121 0.3971938775510204 0.5905483405483406 0.04030612244897959 0.0021645021645021645
121 0.47219387755102044 0.7799422799422799 0.060714285714285714 0.005050505050505051
121 0.4798469387755102 0.8221500721500722 0.060714285714285714 0.0021645021645021645
121 0.48903061224489797 0.5845959595959596 0.042346938775510205 0.0018037518037518038
121 0.4997448979591837 0.8926767676767676 0.020918367346938777 0.005411255411255411
121 0.5522959183673469 0.7783189033189033 0.058673469387755105 0.003968253968253968
41 0.9375 0.6031746031746031 0.0005102040816326531 0.024531024531024532
26 0.9336734693877551 0.6044372294372294 0.00816326530612245 0.005411255411255411
121 0.9173469387755102 0.5905483405483406 0.03979591836734694 0.0021645021645021645
41 0.7864795918367347 0.7685786435786436 0.0005102040816326531 0.01911976911976912
41 0.7941326530612245 0.685966810966811 0.0005102040816326531 0.022005772005772004
41 0.7941326530612245 0.9051226551226551 0.0005102040816326531 0.01875901875901876
41 0.7864795918367347 0.8273809523809523 0.0005102040816326531 0.01911976911976912
41 0.7553571428571428 0.6987734487734488 0.0005102040816326531 0.013708513708513708
87 0.7900510204081632 0.6015512265512265 0.007653061224489796 0.00974025974025974
41 0.7627551020408163 0.6046176046176046 0.0010204081632653062 0.027417027417027416
26 0.7589285714285714 0.689935064935065 0.007653061224489796 0.005411255411255411
26 0.7589285714285714 0.6044372294372294 0.007653061224489796 0.005411255411255411
24 0.7591836734693878 0.6192279942279942 0.00816326530612245 0.005411255411255411
41 0.7864795918367347 0.6453823953823954 0.0005102040816326531 0.012987012987012988
26 0.7903061224489796 0.9164862914862915 0.00816326530612245 0.005411255411255411
24 0.7903061224489796 0.8161976911976911 0.00816326530612245 0.005411255411255411
26 0.7903061224489796 0.7573953823953824 0.00816326530612245 0.005411255411255411
24 0.7903061224489796 0.6987734487734488 0.00816326530612245 0.005772005772005772
28 0.7923469387755102 0.637085137085137 0.012244897959183673 0.005772005772005772
41 0.8288265306122449 0.8371212121212122 0.0005102040816326531 0.01984126984126984
41 0.835969387755102 0.8991702741702742 0.0005102040816326531 0.0183982683982684
26 0.8530612244897959 0.6163419913419913 0.00816326530612245 0.005411255411255411
41 0.835969387755102 0.7617243867243867 0.0005102040816326531 0.016955266955266956
41 0.8568877551020408 0.7554112554112554 0.0005102040816326531 0.012987012987012988
41 0.8568877551020408 0.6704545454545454 0.0005102040816326531 0.011904761904761904
41 0.8568877551020408 0.6031746031746031 0.0005102040816326531 0.024531024531024532
26 0.8530612244897959 0.8309884559884559 0.00816326530612245 0.005411255411255411
26 0.8530612244897959 0.7633477633477633 0.00816326530612245 0.005772005772005772
26 0.8530612244897959 0.6778499278499278 0.00816326530612245 0.005772005772005772
26 0.8530612244897959 0.6042568542568543 0.00816326530612245 0.005772005772005772
26 0.8107142857142857 0.6042568542568543 0.007142857142857143 0.005772005772005772
41 0.8150510204081632 0.6796536796536796 0.0005102040816326531 0.016594516594516596
41 0.8150510204081632 0.6026334776334776 0.0005102040816326531 0.023448773448773448
26 0.8112244897959183 0.6897546897546898 0.00816326530612245 0.005772005772005772
26 0.8112244897959183 0.6163419913419913 0.00816326530612245 0.005411255411255411
94 0.8280612244897959 0.8562409812409812 0.011224489795918367 0.005411255411255411
93 0.8380102040816326 0.8573232323232324 0.008673469387755102 0.007575757575757576
41 0.835969387755102 0.6747835497835498 0.0005102040816326531 0.01406926406926407
41 0.835969387755102 0.5995670995670995 0.0005102040816326531 0.017316017316017316
26 0.8323979591836734 0.9105339105339105 0.007653061224489796 0.005772005772005772
26 0.8323979591836734 0.825036075036075 0.007653061224489796 0.005772005772005772
94 0.8285714285714286 0.7819264069264069 0.011224489795918367 0.005411255411255411
95 0.838265306122449 0.7819264069264069 0.009183673469387756 0.009018759018759018
24 0.8323979591836734 0.7723665223665224 0.007653061224489796 0.005772005772005772
26 0.8323979591836734 0.6838023088023089 0.007653061224489796 0.005411255411255411
26 0.8323979591836734 0.6103896103896104 0.007653061224489796 0.005772005772005772
26 0.22040816326530613 0.9105339105339105 0.00816326530612245 0.005772005772005772
41 0.22423469387755102 0.7521645021645021 0.0005102040816326531 0.01875901875901876
41 0.22423469387755102 0.5997474747474747 0.0005102040816326531 0.017676767676767676
24 0.22040816326530613 0.8459595959595959 0.00816326530612245 0.005772005772005772
26 0.22040816326530613 0.7633477633477633 0.00816326530612245 0.005772005772005772
26 0.22040816326530613 0.6102092352092352 0.00816326530612245 0.005411255411255411
41 0.20484693877551022 0.8302669552669553 0.0005102040816326531 0.016233766233766232
41 0.24489795918367346 0.602994227994228 0.0010204081632653062 0.024170274170274172
24 0.2413265306122449 0.840007215007215 0.00816326530612245 0.005411255411255411
24 0.2413265306122449 0.7604617604617605 0.00816326530612245 0.005772005772005772
26 0.2413265306122449 0.6044372294372294 0.00816326530612245 0.005411255411255411
26 0.2413265306122449 0.6163419913419913 0.00816326530612245 0.005411255411255411
41 0.22423469387755102 0.8998917748917749 0.0005102040816326531 0.01984126984126984
41 0.22423469387755102 0.8336940836940837 0.0005102040816326531 0.023088023088023088
41 0.18418367346938774 0.8335137085137085 0.0010204081632653062 0.022727272727272728
41 0.18418367346938774 0.9056637806637806 0.0010204081632653062 0.01984126984126984
41 0.18418367346938774 0.7527056277056277 0.0010204081632653062 0.01984126984126984
41 0.1767857142857143 0.6343795093795094 0.0005102040816326531 0.013347763347763348
41 0.20484693877551022 0.6028138528138528 0.0005102040816326531 0.023809523809523808
41 0.20484693877551022 0.7507215007215007 0.0005102040816326531 0.015873015873015872
24 0.2010204081632653 0.840007215007215 0.00816326530612245 0.005411255411255411
24 0.2010204081632653 0.7604617604617605 0.00816326530612245 0.005772005772005772
26 0.2010204081632653 0.6042568542568543 0.00816326530612245 0.005772005772005772
26 0.2010204081632653 0.6163419913419913 0.00816326530612245 0.005411255411255411
41 0.27729591836734696 0.8257575757575758 0.0005102040816326531 0.01875901875901876
41 0.26964285714285713 0.7685786435786436 0.0005102040816326531 0.01911976911976912
41 0.26964285714285713 0.69498556998557 0.0005102040816326531 0.01911976911976912
41 0.5346938775510204 0.6787518037518038 0.0010204081632653062 0.01911976911976912
41 0.27729591836734696 0.9053030303030303 0.0005102040816326531 0.01911976911976912
41 0.24489795918367346 0.8306277056277056 0.0010204081632653062 0.016955266955266956
28 0.2755102040816326 0.637085137085137 0.012244897959183673 0.005772005772005772
87 0.2732142857142857 0.6015512265512265 0.007653061224489796 0.00974025974025974
26 0.27346938775510204 0.6838023088023089 0.00816326530612245 0.005411255411255411
41 0.24489795918367346 0.7512626262626263 0.0010204081632653062 0.016955266955266956
41 0.26964285714285713 0.6452020202020202 0.0005102040816326531 0.013347763347763348
26 0.27346938775510204 0.9164862914862915 0.00816326530612245 0.005411255411255411
26 0.27346938775510204 0.836940836940837 0.00816326530612245 0.005772005772005772
26 0.27346938775510204 0.7573953823953824 0.00816326530612245 0.005411255411255411
24 0.10051020408163265 0.7723665223665224 0.00816326530612245 0.005772005772005772
34 0.10459183673469388 0.689935064935065 0.0163265306122449 0.005411255411255411
28 0.10255102040816326 0.637085137085137 0.012244897959183673 0.005772005772005772
87 0.10025510204081632 0.6015512265512265 0.007653061224489796 0.00974025974025974
94 0.09642857142857143 0.7819264069264069 0.011224489795918367 0.005411255411255411
93 0.10612244897959183 0.783008658008658 0.009183673469387756 0.007575757575757576
10 0.06198979591836735 0.924062049062049 0.005612244897959183 0.005411255411255411
8 0.06505102040816327 0.9044011544011544 0.020918367346938777 0.015151515151515152
41 0.09668367346938775 0.6452020202020202 0.0005102040816326531 0.013347763347763348
26 0.10051020408163265 0.9164862914862915 0.00816326530612245 0.005411255411255411
94 0.1 0.8612914862914863 0.011224489795918367 0.005411255411255411
24 0.10051020408163265 0.851911976911977 0.00816326530612245 0.005411255411255411
122 0.9132653061224489 0.6747835497835498 0.07142857142857142 0.003968253968253968
10 0.06658163265306122 0.8136724386724387 0.005612244897959183 0.005411255411255411
5 0.06505102040816327 0.8347763347763347 0.020918367346938777 0.03535353535353535
5 0.06505102040816327 0.7611832611832612 0.020918367346938777 0.03535353535353535
41 0.10433673469387755 0.7617243867243867 0.0005102040816326531 0.01984126984126984
5 0.06505102040816327 0.6875901875901876 0.020918367346938777 0.03535353535353535
10 0.06301020408163266 0.6347402597402597 0.005612244897959183 0.005411255411255411
5 0.06505102040816327 0.613997113997114 0.020918367346938777 0.03535353535353535
26 0.16122448979591836 0.6163419913419913 0.00816326530612245 0.005411255411255411
41 0.16479591836734694 0.6031746031746031 0.0010204081632653062 0.024531024531024532
24 0.16122448979591836 0.840007215007215 0.00816326530612245 0.005411255411255411
24 0.16122448979591836 0.7604617604617605 0.00816326530612245 0.005772005772005772
26 0.16122448979591836 0.6044372294372294 0.00816326530612245 0.005411255411255411
41 0.16479591836734694 0.7512626262626263 0.0010204081632653062 0.016955266955266956
41 0.1441326530612245 0.8993506493506493 0.0005102040816326531 0.01875901875901876
26 0.18061224489795918 0.9164862914862915 0.00816326530612245 0.005411255411255411
24 0.18061224489795918 0.8459595959595959 0.00816326530612245 0.005772005772005772
26 0.18035714285714285 0.7633477633477633 0.007653061224489796 0.005772005772005772
28 0.18239795918367346 0.6251803751803752 0.01173469387755102 0.005772005772005772
87 0.18010204081632653 0.6015512265512265 0.007142857142857143 0.00974025974025974
41 0.16479591836734694 0.8313492063492064 0.0010204081632653062 0.015512265512265512
41 0.10433673469387755 0.9056637806637806 0.0005102040816326531 0.01984126984126984
41 0.12372448979591837 0.6024531024531025 0.0005102040816326531 0.023088023088023088
26 0.1201530612244898 0.6044372294372294 0.007653061224489796 0.005411255411255411
26 0.1201530612244898 0.6163419913419913 0.007653061224489796 0.005411255411255411
41 0.10433673469387755 0.8410894660894661 0.0005102040816326531 0.01984126984126984
41 0.1441326530612245 0.8354978354978355 0.0005102040816326531 0.017316017316017316
41 0.1441326530612245 0.7528860028860029 0.0005102040816326531 0.018037518037518036
41 0.1441326530612245 0.5997474747474747 0.0005102040816326531 0.017676767676767676
26 0.14030612244897958 0.9105339105339105 0.00816326530612245 0.005772005772005772
24 0.14030612244897958 0.8459595959595959 0.00816326530612245 0.005772005772005772
26 0.14030612244897958 0.7633477633477633 0.00816326530612245 0.005772005772005772
26 0.14030612244897958 0.6102092352092352 0.00816326530612245 0.005411255411255411
41 0.44948979591836735 0.9087301587301587 0.0010204081632653062 0.01948051948051948
41 0.46811224489795916 0.8347763347763347 0.0005102040816326531 0.025252525252525252
41 0.4604591836734694 0.7743506493506493 0.0005102040816326531 0.011904761904761904
41 0.46811224489795916 0.5983044733044733 0.0005102040816326531 0.027056277056277056
26 0.4642857142857143 0.8488455988455988 0.00816326530612245 0.005772005772005772
24 0.4642857142857143 0.7664141414141414 0.00816326530612245 0.005411255411255411
26 0.4642857142857143 0.5983044733044733 0.00816326530612245 0.005411255411255411
24 0.4642857142857143 0.6132756132756133 0.00816326530612245 0.005772005772005772
41 0.4420918367346939 0.698051948051948 0.0005102040816326531 0.017316017316017316
41 0.4420918367346939 0.6486291486291487 0.0005102040816326531 0.012265512265512266
41 0.44948979591836735 0.8306277056277056 0.0010204081632653062 0.016955266955266956
41 0.4420918367346939 0.7718253968253969 0.0005102040816326531 0.0183982683982684
41 0.5099489795918367 0.8982683982683982 0.0005102040816326531 0.01443001443001443
41 0.5099489795918367 0.8345959595959596 0.0005102040816326531 0.024891774891774892
41 0.5025510204081632 0.766955266955267 0.0010204081632653062 0.022366522366522368
41 0.5232142857142857 0.6457431457431457 0.0005102040816326531 0.012265512265512266
30 0.5290816326530612 0.9105339105339105 0.012244897959183673 0.005772005772005772
26 0.5270408163265307 0.836940836940837 0.00816326530612245 0.005772005772005772
26 0.5270408163265307 0.7573953823953824 0.00816326530612245 0.005411255411255411
30 0.5290816326530612 0.6897546897546898 0.012244897959183673 0.005772005772005772
28 0.5290816326530612 0.637085137085137 0.012244897959183673 0.005772005772005772
87 0.5267857142857143 0.6015512265512265 0.007653061224489796 0.00974025974025974
41 0.4818877551020408 0.7707431457431457 0.0005102040816326531 0.016955266955266956
41 0.4895408163265306 0.8302669552669553 0.0005102040816326531 0.016233766233766232
41 0.4895408163265306 0.5952380952380952 0.0005102040816326531 0.020923520923520924
24 0.4857142857142857 0.9136002886002886 0.00816326530612245 0.005411255411255411
24 0.4857142857142857 0.840007215007215 0.00816326530612245 0.005411255411255411
24 0.4857142857142857 0.7604617604617605 0.00816326530612245 0.005772005772005772
24 0.4857142857142857 0.6073232323232324 0.00816326530612245 0.005411255411255411
41 0.5099489795918367 0.5979437229437229 0.0005102040816326531 0.026334776334776336
24 0.5061224489795918 0.9076479076479076 0.00816326530612245 0.005772005772005772
26 0.5061224489795918 0.8488455988455988 0.00816326530612245 0.005772005772005772
24 0.5061224489795918 0.7545093795093795 0.00816326530612245 0.005411255411255411
26 0.5061224489795918 0.5983044733044733 0.00816326530612245 0.005411255411255411
24 0.5061224489795918 0.6132756132756133 0.00816326530612245 0.005772005772005772
41 0.4895408163265306 0.9036796536796536 0.0005102040816326531 0.018037518037518036
87 0.3535714285714286 0.6015512265512265 0.007142857142857143 0.00974025974025974
41 0.33035714285714285 0.9134199134199135 0.0005102040816326531 0.01443001443001443
28 0.35586734693877553 0.6251803751803752 0.01173469387755102 0.005772005772005772
41 0.3380102040816326 0.6026334776334776 0.0005102040816326531 0.023448773448773448
26 0.33418367346938777 0.9045815295815296 0.00816326530612245 0.005411255411255411
26 0.33418367346938777 0.6042568542568543 0.00816326530612245 0.005772005772005772
26 0.33418367346938777 0.6163419913419913 0.00816326530612245 0.005411255411255411
41 0.36147959183673467 0.6783910533910534 0.0005102040816326531 0.0183982683982684
41 0.35025510204081634 0.6338383838383839 0.0005102040816326531 0.01443001443001443
24 0.44566326530612244 0.9195526695526696 0.007653061224489796 0.005772005772005772
26 0.3538265306122449 0.9105339105339105 0.007653061224489796 0.005772005772005772
28 0.35586734693877553 0.851911976911977 0.01173469387755102 0.006132756132756133
30 0.35586734693877553 0.7633477633477633 0.01173469387755102 0.005772005772005772
30 0.35586734693877553 0.6897546897546898 0.01173469387755102 0.005772005772005772
41 0.3170918367346939 0.59992784992785 0.0005102040816326531 0.018037518037518036
26 0.31326530612244896 0.9105339105339105 0.00816326530612245 0.005772005772005772
24 0.31326530612244896 0.8459595959595959 0.00816326530612245 0.005772005772005772
26 0.31326530612244896 0.7633477633477633 0.00816326530612245 0.005772005772005772
26 0.31326530612244896 0.6778499278499278 0.00816326530612245 0.005772005772005772
26 0.31326530612244896 0.6103896103896104 0.00816326530612245 0.005772005772005772
41 0.29668367346938773 0.6024531024531025 0.0005102040816326531 0.023088023088023088
26 0.29285714285714287 0.6042568542568543 0.00816326530612245 0.005772005772005772
26 0.2931122448979592 0.6163419913419913 0.007653061224489796 0.005411255411255411
41 0.3094387755102041 0.6888528138528138 0.0005102040816326531 0.01984126984126984
41 0.3170918367346939 0.7527056277056277 0.0005102040816326531 0.01984126984126984
41 0.3170918367346939 0.8353174603174603 0.0005102040816326531 0.01984126984126984
41 0.3094387755102041 0.9179292929292929 0.0005102040816326531 0.012626262626262626
26 0.37295918367346936 0.6042568542568543 0.007142857142857143 0.005772005772005772
41 0.37729591836734694 0.6028138528138528 0.0005102040816326531 0.023809523809523808
26 0.3933673469387755 0.9164862914862915 0.00816326530612245 0.005411255411255411
41 0.3971938775510204 0.5995670995670995 0.0005102040816326531 0.017316017316017316
41 0.3971938775510204 0.9056637806637806 0.0005102040816326531 0.01984126984126984
26 0.3933673469387755 0.6103896103896104 0.00816326530612245 0.005772005772005772
26 0.41377551020408165 0.6163419913419913 0.00816326530612245 0.005411255411255411
26 0.41301020408163264 0.6044372294372294 0.0066326530612244895 0.005411255411255411
41 0.4173469387755102 0.6031746031746031 0.0010204081632653062 0.024531024531024532
87 0.44540816326530613 0.6015512265512265 0.007142857142857143 0.00974025974025974
30 0.4477040816326531 0.6401515151515151 0.01173469387755102 0.006132756132756133
28 0.4477040816326531 0.6868686868686869 0.01173469387755102 0.005772005772005772
24 0.44566326530612244 0.7604617604617605 0.007653061224489796 0.005772005772005772
24 0.44566326530612244 0.840007215007215 0.007653061224489796 0.005411255411255411
41 0.3576530612244898 0.8998917748917749 0.0010204081632653062 0.01984126984126984
41 0.36147959183673467 0.7525252525252525 0.0005102040816326531 0.01948051948051948
26 0.373469387755102 0.6163419913419913 0.00816326530612245 0.005411255411255411
41 0.36147959183673467 0.8409090909090909 0.0005102040816326531 0.01948051948051948