134 0.4997448979591837 0.058261183261183264 0.9045918367346939 0.024170274170274172
24 0.6839285714285714 0.046176046176046176 0.007653061224489796 0.005772005772005772
41 0.6803571428571429 0.05735930735930736 0.0005102040816326531 0.020202020202020204
26 0.7025510204081633 0.04924242424242424 0.00816326530612245 0.005411255411255411
41 0.6987244897959184 0.05952380952380952 0.0005102040816326531 0.01875901875901876
24 0.7602040816326531 0.05212842712842713 0.00816326530612245 0.005411255411255411
7 0.7308673469387755 0.05212842712842713 0.01683673469387755 0.0183982683982684
41 0.7563775510204082 0.06295093795093795 0.0005102040816326531 0.01984126984126984
120 0.22142857142857142 0.038059163059163056 0.05714285714285714 0.008297258297258298
65 0.5127551020408163 0.05212842712842713 0.007142857142857143 0.005411255411255411
26 0.6443877551020408 0.04924242424242424 0.00816326530612245 0.005411255411255411
94 0.6405612244897959 0.07882395382395382 0.010714285714285714 0.005411255411255411
95 0.65 0.07882395382395382 0.009183673469387756 0.009018759018759018
69 0.5918367346938775 0.05212842712842713 0.007142857142857143 0.01479076479076479
69 0.5994897959183674 0.061147186147186144 0.007142857142857143 0.01479076479076479
69 0.6071428571428571 0.049062049062049064 0.007142857142857143 0.015151515151515152
69 0.6147959183673469 0.05808080808080808 0.007142857142857143 0.015151515151515152
40 0.6540816326530612 0.04924242424242424 0.003061224489795918 0.0018037518037518038
41 0.6405612244897959 0.0588023088023088 0.0005102040816326531 0.017316017316017316
120 0.8681122448979591 0.03445165945165945 0.058673469387755105 0.005411255411255411
120 0.7846938775510204 0.04004329004329004 0.05 0.010101010101010102
124 0.7956632653061224 0.07828282828282829 0.08010204081632653 0.007936507936507936
120 0.664030612244898 0.040223665223665224 0.039285714285714285 0.006132756132756133
121 0.675765306122449 0.06421356421356421 0.008673469387755102 0.0021645021645021645
121 0.6693877551020408 0.0689033189033189 0.058163265306122446 0.0021645021645021645
120 0.49489795918367346 0.039502164502164504 0.05918367346938776 0.005411255411255411
122 0.4247448979591837 0.04419191919191919 0.0770408163265306 0.003968253968253968
120 0.3479591836734694 0.037698412698412696 0.07346938775510205 0.009018759018759018
40 0.8484693877551021 0.04329004329004329 0.003061224489795918 0.0021645021645021645
26 0.810204081632653 0.04329004329004329 0.00816326530612245 0.005772005772005772
41 0.8063775510204082 0.053932178932178935 0.0005102040816326531 0.01984126984126984
53 0.810204081632653 0.060425685425685424 0.007142857142857143 0.006854256854256854
26 0.8385204081632653 0.04329004329004329 0.007653061224489796 0.005772005772005772
41 0.8346938775510204 0.053932178932178935 0.0010204081632653062 0.01984126984126984
24 0.8979591836734694 0.046176046176046176 0.00816326530612245 0.005772005772005772
40 0.9076530612244897 0.04329004329004329 0.003061224489795918 0.0021645021645021645
41 0.8941326530612245 0.057178932178932176 0.0005102040816326531 0.01984126984126984
87 0.16454081632653061 0.05844155844155844 0.007653061224489796 0.010101010101010102
24 0.1923469387755102 0.046176046176046176 0.00816326530612245 0.005772005772005772
40 0.20204081632653062 0.04329004329004329 0.003061224489795918 0.0021645021645021645
41 0.18852040816326532 0.057178932178932176 0.0005102040816326531 0.01984126984126984
24 0.24948979591836734 0.05212842712842713 0.00816326530612245 0.005411255411255411
40 0.25918367346938775 0.04924242424242424 0.003061224489795918 0.0018037518037518038
41 0.24566326530612245 0.06295093795093795 0.0005102040816326531 0.01984126984126984
24 0.310969387755102 0.046176046176046176 0.007653061224489796 0.005772005772005772
40 0.3209183673469388 0.04329004329004329 0.003061224489795918 0.0021645021645021645
8 0.06505102040816327 0.05483405483405483 0.020918367346938777 0.015151515151515152
125 0.8926020408163265 0.07828282828282829 0.10255102040816326 0.007936507936507936
69 0.0875 0.05212842712842713 0.007653061224489796 0.01479076479076479
24 0.11683673469387755 0.05212842712842713 0.00816326530612245 0.005411255411255411
41 0.11301020408163265 0.06295093795093795 0.0005102040816326531 0.01984126984126984
40 0.475 0.04924242424242424 0.003061224489795918 0.0018037518037518038
24 0.46530612244897956 0.05212842712842713 0.00816326530612245 0.005411255411255411
41 0.4614795918367347 0.06295093795093795 0.0005102040816326531 0.01984126984126984
24 0.5244897959183673 0.05212842712842713 0.00816326530612245 0.005411255411255411
40 0.5344387755102041 0.04924242424242424 0.0035714285714285713 0.0018037518037518038
41 0.5206632653061225 0.06295093795093795 0.0005102040816326531 0.01984126984126984
28 0.38443877551020406 0.05230880230880231 0.01173469387755102 0.005772005772005772
41 0.30739795918367346 0.057178932178932176 0.0005102040816326531 0.01984126984126984
40 0.3964285714285714 0.04924242424242424 0.003061224489795918 0.0018037518037518038
41 0.37857142857142856 0.06313131313131314 0.0010204081632653062 0.01948051948051948
134 0.4997448979591837 0.15746753246753248 0.9045918367346939 0.024170274170274172
1 0.9142857142857143 0.13943001443001443 0.012244897959183673 0.0010822510822510823
1 0.8714285714285714 0.13943001443001443 0.012244897959183673 0.0010822510822510823
1 0.8494897959183674 0.13943001443001443 0.012244897959183673 0.0010822510822510823
26 0.7438775510204082 0.1544011544011544 0.00816326530612245 0.005772005772005772
53 0.710969387755102 0.1717171717171717 0.0066326530612244895 0.006493506493506494
41 0.7068877551020408 0.16558441558441558 0.0005102040816326531 0.01875901875901876
41 0.6721938775510204 0.1682900432900433 0.0005102040816326531 0.017676767676767676
26 0.7107142857142857 0.1544011544011544 0.00816326530612245 0.005772005772005772
63 0.664795918367347 0.15728715728715728 0.007142857142857143 0.015151515151515152
40 0.7535714285714286 0.1544011544011544 0.003061224489795918 0.0021645021645021645
41 0.7400510204081633 0.1645021645021645 0.0005102040816326531 0.01875901875901876
24 0.5663265306122449 0.1634199134199134 0.00816326530612245 0.005772005772005772
120 0.19974489795918368 0.14195526695526695 0.034183673469387756 0.005411255411255411
40 0.576530612244898 0.16035353535353536 0.003061224489795918 0.0018037518037518038
41 0.5701530612244898 0.1534992784992785 0.0005102040816326531 0.017676767676767676
65 0.5545918367346939 0.16323953823953824 0.007142857142857143 0.005411255411255411
26 0.5959183673469388 0.16035353535353536 0.00816326530612245 0.005411255411255411
41 0.5997448979591836 0.1525974025974026 0.0005102040816326531 0.013708513708513708
24 0.675765306122449 0.15746753246753248 0.007653061224489796 0.005411255411255411
24 0.6112244897959184 0.1634199134199134 0.00816326530612245 0.005772005772005772
41 0.6150510204081633 0.1534992784992785 0.0005102040816326531 0.017676767676767676
26 0.6329081632653061 0.16035353535353536 0.007653061224489796 0.005411255411255411
40 0.6428571428571429 0.16035353535353536 0.003061224489795918 0.0018037518037518038
41 0.6364795918367347 0.14953102453102454 0.0005102040816326531 0.01984126984126984
24 0.9137755102040817 0.13943001443001443 0.00816326530612245 0.005411255411255411
40 0.9239795918367347 0.13654401154401155 0.003061224489795918 0.0018037518037518038
41 0.9102040816326531 0.15025252525252525 0.0010204081632653062 0.01984126984126984
61 0.9033163265306122 0.13924963924963926 0.005612244897959183 0.015873015873015872
120 0.8926020408163265 0.12824675324675325 0.042346938775510205 0.00468975468975469
120 0.8301020408163265 0.1341991341991342 0.036734693877551024 0.010101010101010102
120 0.7586734693877552 0.14321789321789322 0.02959183673469388 0.004329004329004329
121 0.7650510204081633 0.1691919191919192 0.007653061224489796 0.0021645021645021645
121 0.7625 0.17424242424242425 0.044387755102040814 0.0021645021645021645
120 0.6928571428571428 0.14862914862914864 0.03469387755102041 0.004329004329004329
120 0.5818877551020408 0.16937229437229437 0.029081632653061223 0.006132756132756133
121 0.5926020408163265 0.1443001443001443 0.044387755102040814 0.0021645021645021645
121 0.5951530612244897 0.14917027417027418 0.008673469387755102 0.0018037518037518038
120 0.29897959183673467 0.14862914862914864 0.03469387755102041 0.004329004329004329
24 0.773469387755102 0.15133477633477632 0.00816326530612245 0.005411255411255411
41 0.7696428571428572 0.16305916305916307 0.0005102040816326531 0.021645021645021644
61 0.7630102040816327 0.15115440115440115 0.005612244897959183 0.015873015873015872
26 0.7887755102040817 0.1544011544011544 0.00816326530612245 0.005772005772005772
41 0.7849489795918367 0.1645021645021645 0.0005102040816326531 0.01875901875901876
24 0.8127551020408164 0.1453823953823954 0.00816326530612245 0.005772005772005772
41 0.8089285714285714 0.15638528138528138 0.0005102040816326531 0.01984126984126984
26 0.8494897959183674 0.13654401154401155 0.00816326530612245 0.005411255411255411
41 0.8456632653061225 0.14736652236652237 0.0005102040816326531 0.01984126984126984
53 0.8494897959183674 0.15386002886002886 0.007142857142857143 0.006854256854256854
26 0.8714285714285714 0.13654401154401155 0.00816326530612245 0.005411255411255411
40 0.8811224489795918 0.13654401154401155 0.003061224489795918 0.0018037518037518038
41 0.8676020408163265 0.14736652236652237 0.0005102040816326531 0.01984126984126984
63 0.27066326530612245 0.15728715728715728 0.007653061224489796 0.015151515151515152
26 0.3168367346938776 0.1544011544011544 0.00816326530612245 0.005772005772005772
41 0.31301020408163266 0.16504329004329005 0.0005102040816326531 0.01984126984126984
53 0.3165816326530612 0.1717171717171717 0.0066326530612244895 0.006493506493506494
41 0.2783163265306122 0.1682900432900433 0.0005102040816326531 0.017676767676767676
26 0.3489795918367347 0.16035353535353536 0.00816326530612245 0.005411255411255411
40 0.35867346938775513 0.16053391053391053 0.003061224489795918 0.0021645021645021645
41 0.3528061224489796 0.14953102453102454 0.0005102040816326531 0.01984126984126984
41 0.13622448979591836 0.15927128427128426 0.0010204081632653062 0.01984126984126984
24 0.1826530612244898 0.15133477633477632 0.00816326530612245 0.005411255411255411
41 0.1788265306122449 0.16215728715728717 0.0005102040816326531 0.01984126984126984
26 0.2173469387755102 0.14844877344877344 0.00816326530612245 0.005411255411255411
41 0.21377551020408164 0.15927128427128426 0.0010204081632653062 0.01984126984126984
53 0.2173469387755102 0.16576479076479075 0.007142857142857143 0.006854256854256854
26 0.2392857142857143 0.1544011544011544 0.00816326530612245 0.005772005772005772
40 0.24897959183673468 0.1544011544011544 0.003061224489795918 0.0021645021645021645
41 0.23545918367346938 0.16504329004329005 0.0005102040816326531 0.01984126984126984
40 0.15 0.14844877344877344 0.003061224489795918 0.0018037518037518038
26 0.14005102040816325 0.14844877344877344 0.007653061224489796 0.005411255411255411
24 0.28188775510204084 0.15728715728715728 0.007653061224489796 0.005772005772005772
40 0.48392857142857143 0.1424963924963925 0.0035714285714285713 0.0021645021645021645
26 0.5265306122448979 0.14844877344877344 0.00816326530612245 0.005411255411255411
40 0.5362244897959184 0.14844877344877344 0.003061224489795918 0.0018037518037518038
41 0.522704081632653 0.15927128427128426 0.0005102040816326531 0.01984126984126984
41 0.4701530612244898 0.15656565656565657 0.0005102040816326531 0.01948051948051948
69 0.0875 0.16323953823953824 0.007653061224489796 0.01479076479076479
69 0.09540816326530613 0.15133477633477632 0.007142857142857143 0.01479076479076479
69 0.10306122448979592 0.16017316017316016 0.007142857142857143 0.015151515151515152
69 0.11071428571428571 0.14826839826839827 0.007142857142857143 0.015151515151515152
86 0.3905612244897959 0.15476190476190477 0.007653061224489796 0.015151515151515152
40 0.4 0.1544011544011544 0.003061224489795918 0.0021645021645021645
7 0.0653061224489796 0.15151515151515152 0.02142857142857143 0.023088023088023088
86 0.4318877551020408 0.15476190476190477 0.007653061224489796 0.015151515151515152
40 0.4413265306122449 0.1544011544011544 0.003061224489795918 0.0021645021645021645
24 0.4739795918367347 0.1453823953823954 0.00816326530612245 0.005772005772005772
134 0.4997448979591837 0.25667388167388167 0.9045918367346939 0.024170274170274172
1 0.6339285714285714 0.23863636363636365 0.01173469387755102 0.0010822510822510823
1 0.22372448979591836 0.23863636363636365 0.01173469387755102 0.0010822510822510823
94 0.6951530612244898 0.2819264069264069 0.010714285714285714 0.005411255411255411
95 0.7045918367346938 0.2822871572871573 0.009183673469387756 0.009018759018759018
41 0.7025510204081633 0.255050505050505 0.0010204081632653062 0.018037518037518036
40 0.7086734693877551 0.26551226551226553 0.003061224489795918 0.0021645021645021645
5 0.6681122448979592 0.2591991341991342 0.01683673469387755 0.0284992784992785
61 0.724234693877551 0.26226551226551226 0.005612244897959183 0.015873015873015872
24 0.7346938775510204 0.2624458874458874 0.00816326530612245 0.005411255411255411
41 0.7385204081632653 0.25432900432900435 0.0005102040816326531 0.01443001443001443
121 0.25076530612244896 0.2564935064935065 0.007653061224489796 0.0021645021645021645
121 0.22244897959183674 0.2620851370851371 0.0663265306122449 0.003246753246753247
53 0.5290816326530612 0.2730880230880231 0.006122448979591836 0.006493506493506494
24 0.5545918367346939 0.2624458874458874 0.00816326530612245 0.005411255411255411
41 0.5584183673469387 0.25162337662337664 0.0005102040816326531 0.01984126984126984
26 0.5977040816326531 0.25955988455988455 0.007653061224489796 0.005411255411255411
41 0.6012755102040817 0.24873737373737373 0.0005102040816326531 0.01984126984126984
47 0.6048469387755102 0.24206349206349206 0.0066326530612244895 0.006493506493506494
26 0.6989795918367347 0.26551226551226553 0.00816326530612245 0.005772005772005772
61 0.5869897959183673 0.2593795093795094 0.005612244897959183 0.015873015873015872
24 0.6336734693877552 0.23863636363636365 0.00816326530612245 0.005411255411255411
40 0.6436224489795919 0.23575036075036074 0.0035714285714285713 0.0018037518037518038
41 0.6298469387755102 0.24945887445887446 0.0005102040816326531 0.01984126984126984
61 0.6232142857142857 0.23845598845598845 0.005612244897959183 0.015873015873015872
61 0.8931122448979592 0.25036075036075034 0.005612244897959183 0.015873015873015872
41 0.8997448979591837 0.26172438672438675 0.0005102040816326531 0.01911976911976912
120 0.8010204081632653 0.24476911976911978 0.044897959183673466 0.00974025974025974
120 0.7168367346938775 0.2721861471861472 0.03571428571428571 0.005411255411255411
121 0.7290816326530613 0.24567099567099568 0.053061224489795916 0.0021645021645021645
121 0.7339285714285714 0.25054112554112556 0.008673469387755102 0.0018037518037518038
120 0.576530612244898 0.2689393939393939 0.04285714285714286 0.006854256854256854
122 0.4589285714285714 0.2474747474747475 0.049489795918367344 0.0036075036075036075
120 0.45918367346938777 0.24476911976911978 0.053061224489795916 0.005411255411255411
120 0.3520408163265306 0.23917748917748918 0.027551020408163266 0.008658008658008658
121 0.39464285714285713 0.26262626262626265 0.007653061224489796 0.0021645021645021645
121 0.3676020408163265 0.26785714285714285 0.06377551020408163 0.003246753246753247
120 0.20739795918367346 0.23196248196248195 0.03010204081632653 0.007215007215007215
26 0.7520408163265306 0.26551226551226553 0.00816326530612245 0.005772005772005772
41 0.7558673469387756 0.2554112554112554 0.0005102040816326531 0.01875901875901876
24 0.7793367346938775 0.2564935064935065 0.007653061224489796 0.005772005772005772
41 0.775765306122449 0.26695526695526695 0.0005102040816326531 0.01875901875901876
26 0.8244897959183674 0.24765512265512266 0.00816326530612245 0.005411255411255411
41 0.8206632653061224 0.2584776334776335 0.0005102040816326531 0.01984126984126984
53 0.8244897959183674 0.26497113997113997 0.007142857142857143 0.006854256854256854
26 0.8505102040816327 0.24765512265512266 0.00816326530612245 0.005411255411255411
40 0.860204081632653 0.24765512265512266 0.003061224489795918 0.0018037518037518038
41 0.8466836734693878 0.2584776334776335 0.0005102040816326531 0.01984126984126984
24 0.9035714285714286 0.25054112554112556 0.00816326530612245 0.005411255411255411
40 0.9132653061224489 0.24765512265512266 0.003061224489795918 0.0018037518037518038
41 0.2556122448979592 0.251984126984127 0.0010204081632653062 0.0183982683982684
24 0.22346938775510203 0.23863636363636365 0.00816326530612245 0.005411255411255411
40 0.23316326530612244 0.23575036075036074 0.003061224489795918 0.0018037518037518038
41 0.21964285714285714 0.25072150072150073 0.0005102040816326531 0.022366522366522368
61 0.21301020408163265 0.23845598845598845 0.005612244897959183 0.015873015873015872
26 0.25918367346938775 0.2417027417027417 0.00816326530612245 0.005772005772005772
26 0.28596938775510206 0.24765512265512266 0.007653061224489796 0.005411255411255411
40 0.29591836734693877 0.24765512265512266 0.003061224489795918 0.0018037518037518038
41 0.2823979591836735 0.2584776334776335 0.0005102040816326531 0.01984126984126984
61 0.2755102040816326 0.2474747474747475 0.006122448979591836 0.015873015873015872
7 0.0653061224489796 0.25072150072150073 0.02142857142857143 0.023088023088023088
69 0.0875 0.2624458874458874 0.007653061224489796 0.01479076479076479
69 0.09540816326530613 0.25054112554112556 0.007142857142857143 0.01479076479076479
69 0.10306122448979592 0.2593795093795094 0.007142857142857143 0.015151515151515152
69 0.11071428571428571 0.2474747474747475 0.007142857142857143 0.015151515151515152
24 0.5285714285714286 0.2564935064935065 0.00816326530612245 0.005772005772005772
26 0.14005102040816325 0.2417027417027417 0.007653061224489796 0.005772005772005772
40 0.15 0.2417027417027417 0.003061224489795918 0.0021645021645021645
41 0.13622448979591836 0.25234487734487737 0.0010204081632653062 0.01984126984126984
24 0.1933673469387755 0.24458874458874458 0.00816326530612245 0.005772005772005772
41 0.1895408163265306 0.25396825396825395 0.0005102040816326531 0.016594516594516596
40 0.4423469387755102 0.2536075036075036 0.003061224489795918 0.0021645021645021645
41 0.399234693877551 0.2582972582972583 0.0005102040816326531 0.018037518037518036
24 0.3392857142857143 0.25054112554112556 0.00816326530612245 0.005411255411255411
26 0.4326530612244898 0.2536075036075036 0.00816326530612245 0.005772005772005772
41 0.4288265306122449 0.26424963924963923 0.0005102040816326531 0.01984126984126984
26 0.4857142857142857 0.2536075036075036 0.00816326530612245 0.005772005772005772
41 0.525 0.2671356421356421 0.0010204081632653062 0.01911976911976912
41 0.3354591836734694 0.25992063492063494 0.0005102040816326531 0.016955266955266956
24 0.3673469387755102 0.24458874458874458 0.00816326530612245 0.005772005772005772
40 0.37704081632653064 0.2417027417027417 0.003061224489795918 0.0021645021645021645
41 0.3635204081632653 0.25667388167388167 0.0005102040816326531 0.022005772005772004
41 0.4818877551020408 0.26424963924963923 0.0005102040816326531 0.01984126984126984
26 0.4030612244897959 0.24765512265512266 0.00816326530612245 0.005411255411255411
134 0.4997448979591837 0.3558802308802309 0.9045918367346939 0.024170274170274172
1 0.8170918367346939 0.37373737373737376 0.012755102040816327 0.0007215007215007215
1 0.7834183673469388 0.37373737373737376 0.01173469387755102 0.0007215007215007215
26 0.8403061224489796 0.37067099567099565 0.00816326530612245 0.005411255411255411
53 0.690561224489796 0.3722943722943723 0.0066326530612244895 0.006493506493506494
26 0.724234693877551 0.3587662337662338 0.007653061224489796 0.005411255411255411
41 0.7278061224489796 0.34794372294372294 0.0005102040816326531 0.01984126984126984
24 0.7831632653061225 0.37373737373737376 0.00816326530612245 0.005772005772005772
41 0.7869897959183674 0.36273448773448774 0.0005102040816326531 0.01984126984126984
47 0.7905612244897959 0.3564213564213564 0.0066326530612244895 0.006493506493506494
61 0.772704081632653 0.37337662337662336 0.005612244897959183 0.015873015873015872
26 0.8170918367346939 0.37662337662337664 0.007653061224489796 0.005772005772005772
41 0.8209183673469388 0.3605699855699856 0.0010204081632653062 0.030663780663780664
40 0.5673469387755102 0.3528138528138528 0.003061224489795918 0.0021645021645021645
120 0.17704081632653063 0.3407287157287157 0.07346938775510205 0.006132756132756133
41 0.5535714285714286 0.3634559884559885 0.0010204081632653062 0.01984126984126984
61 0.5466836734693877 0.35245310245310246 0.005612244897959183 0.015873015873015872
41 0.6864795918367347 0.3665223665223665 0.0005102040816326531 0.018037518037518036
26 0.6311224489795918 0.3528138528138528 0.00816326530612245 0.005772005772005772
41 0.627295918367347 0.3634559884559885 0.0005102040816326531 0.01984126984126984
24 0.6903061224489796 0.3556998556998557 0.00816326530612245 0.005772005772005772
41 0.9375 0.3345959595959596 0.0005102040816326531 0.01479076479076479
121 0.8793367346938775 0.3354978354978355 0.11683673469387755 0.020923520923520924
121 0.8793367346938775 0.3401875901875902 0.11683673469387755 0.020923520923520924
120 0.7528061224489796 0.37265512265512263 0.058673469387755105 0.015873015873015872
122 0.5941326530612245 0.3437950937950938 0.06989795918367347 0.004329004329004329
120 0.5943877551020408 0.3407287157287157 0.07346938775510205 0.006132756132756133
121 0.45918367346938777 0.33946608946608947 0.11530612244897959 0.010822510822510822
121 0.45918367346938777 0.34415584415584416 0.11428571428571428 0.010822510822510822
120 0.3346938775510204 0.3703102453102453 0.05612244897959184 0.011183261183261184
122 0.1767857142857143 0.3437950937950938 0.06989795918367347 0.004329004329004329
41 0.8910714285714286 0.343975468975469 0.0005102040816326531 0.020562770562770564
26 0.8637755102040816 0.3647186147186147 0.00816326530612245 0.005772005772005772
41 0.8676020408163265 0.3508297258297258 0.0005102040816326531 0.026334776334776336
24 0.8872448979591837 0.3556998556998557 0.00816326530612245 0.005772005772005772
41 0.8441326530612245 0.3555194805194805 0.0005102040816326531 0.0284992784992785
24 0.9104591836734693 0.34974747474747475 0.007653061224489796 0.005411255411255411
41 0.914030612244898 0.33946608946608947 0.0005102040816326531 0.01875901875901876
24 0.9336734693877551 0.3437950937950938 0.00816326530612245 0.005772005772005772
41 0.31045918367346936 0.3474025974025974 0.0005102040816326531 0.01875901875901876
26 0.21377551020408164 0.3528138528138528 0.00816326530612245 0.005772005772005772
41 0.20994897959183673 0.3634559884559885 0.0005102040816326531 0.01984126984126984
24 0.2729591836734694 0.3556998556998557 0.00816326530612245 0.005772005772005772
41 0.26913265306122447 0.3661616161616162 0.0005102040816326531 0.01875901875901876
53 0.2729591836734694 0.3722943722943723 0.007142857142857143 0.006493506493506494
26 0.3066326530612245 0.3587662337662338 0.00816326530612245 0.005411255411255411
24 0.3637755102040816 0.36778499278499277 0.00816326530612245 0.005411255411255411
41 0.3676020408163265 0.356962481962482 0.0005102040816326531 0.01984126984126984
47 0.3711734693877551 0.3502886002886003 0.0066326530612244895 0.006493506493506494
26 0.3977040816326531 0.37067099567099565 0.007653061224489796 0.005411255411255411
41 0.40127551020408164 0.35678210678210676 0.0005102040816326531 0.025974025974025976
5 0.06505102040816327 0.3564213564213564 0.020918367346938777 0.03535353535353535
69 0.0875 0.3436147186147186 0.007653061224489796 0.01479076479076479
69 0.09540816326530613 0.35263347763347763 0.007142857142857143 0.01479076479076479
69 0.10306122448979592 0.3407287157287157 0.007142857142857143 0.01479076479076479
69 0.11071428571428571 0.34974747474747475 0.007142857142857143 0.01479076479076479
26 0.14005102040816325 0.3528138528138528 0.007653061224489796 0.005772005772005772
95 0.1392857142857143 0.37644300144300147 0.009183673469387756 0.009018759018759018
40 0.15 0.3528138528138528 0.003061224489795918 0.0021645021645021645
41 0.13622448979591836 0.3634559884559885 0.0010204081632653062 0.01984126984126984
41 0.4956632653061224 0.3466810966810967 0.0005102040816326531 0.020202020202020204
24 0.47091836734693876 0.36165223665223667 0.00816326530612245 0.005411255411255411
61 0.4602040816326531 0.36147186147186144 0.006122448979591836 0.015873015873015872
26 0.49183673469387756 0.3587662337662338 0.00816326530612245 0.005411255411255411
41 0.4747448979591837 0.3495670995670996 0.0005102040816326531 0.022366522366522368
24 0.513265306122449 0.3556998556998557 0.00816326530612245 0.005772005772005772
41 0.5170918367346938 0.34505772005772006 0.0005102040816326531 0.01984126984126984
26 0.5573979591836735 0.3528138528138528 0.007653061224489796 0.005772005772005772
41 0.44387755102040816 0.35209235209235207 0.0010204081632653062 0.023088023088023088
26 0.4403061224489796 0.3647186147186147 0.00816326530612245 0.005772005772005772
41 0.42270408163265305 0.3540764790764791 0.0005102040816326531 0.023448773448773448
24 0.4188775510204082 0.36778499278499277 0.00816326530612245 0.005411255411255411
134 0.4997448979591837 0.4550865800865801 0.9045918367346939 0.024170274170274172
1 0.7362244897959184 0.47294372294372294 0.012244897959183673 0.0007215007215007215
1 0.6785714285714286 0.47294372294372294 0.012244897959183673 0.0007215007215007215
1 0.5739795918367347 0.47294372294372294 0.012244897959183673 0.0007215007215007215
1 0.5170918367346938 0.47294372294372294 0.01173469387755102 0.0007215007215007215
26 0.6785714285714286 0.4758297258297258 0.00816326530612245 0.005772005772005772
93 0.7349489795918367 0.4834054834054834 0.008673469387755102 0.007215007215007215
13 0.6413265306122449 0.4491341991341991 0.009183673469387756 0.011544011544011544
14 0.6520408163265307 0.4491341991341991 0.01020408163265306 0.011544011544011544
20 0.6469387755102041 0.461038961038961 0.011224489795918367 0.011544011544011544
40 0.688265306122449 0.4758297258297258 0.003061224489795918 0.0021645021645021645
41 0.6823979591836735 0.4651875901875902 0.0005102040816326531 0.01984126984126984
24 0.7362244897959184 0.47294372294372294 0.00816326530612245 0.005772005772005772
122 0.16964285714285715 0.43506493506493504 0.045408163265306126 0.0036075036075036075
24 0.5168367346938776 0.47294372294372294 0.00816326530612245 0.005772005772005772
40 0.5265306122448979 0.47005772005772006 0.003061224489795918 0.0021645021645021645
41 0.5206632653061225 0.45616883116883117 0.0005102040816326531 0.031385281385281384
61 0.5063775510204082 0.4725829725829726 0.005612244897959183 0.015873015873015872
24 0.5576530612244898 0.4668109668109668 0.00816326530612245 0.005772005772005772
41 0.5614795918367347 0.45526695526695526 0.0005102040816326531 0.021645021645021644
26 0.5739795918367347 0.4758297258297258 0.00816326530612245 0.005772005772005772
40 0.5836734693877551 0.4758297258297258 0.003061224489795918 0.0021645021645021645
41 0.5778061224489796 0.4651875901875902 0.0005102040816326531 0.01984126984126984
63 0.8846938775510204 0.4577922077922078 0.007142857142857143 0.015151515151515152
122 0.7964285714285714 0.4742063492063492 0.015306122448979591 0.0025252525252525255
120 0.7966836734693877 0.47763347763347763 0.027040816326530614 0.0036075036075036075
122 0.6262755102040817 0.4808802308802309 0.0923469387755102 0.004329004329004329
120 0.5380102040816327 0.47709235209235207 0.04030612244897959 0.008297258297258298
121 0.5272959183673469 0.4401154401154401 0.06785714285714285 0.010101010101010102
121 0.5568877551020408 0.44841269841269843 0.008673469387755102 0.002886002886002886
120 0.37704081632653064 0.4713203463203463 0.02959183673469388 0.006854256854256854
121 0.3948979591836735 0.44065656565656564 0.05918367346938776 0.009018759018759018
120 0.32474489795918365 0.474025974025974 0.03826530612244898 0.007936507936507936
121 0.314030612244898 0.43398268398268397 0.06581632653061224 0.010101010101010102
121 0.3423469387755102 0.44246031746031744 0.00816326530612245 0.003246753246753247
26 0.7826530612244897 0.4698773448773449 0.00816326530612245 0.005411255411255411
41 0.7864795918367347 0.45905483405483405 0.0005102040816326531 0.01984126984126984
47 0.7900510204081632 0.45256132756132755 0.0066326530612244895 0.006854256854256854
26 0.810204081632653 0.4698773448773449 0.00816326530612245 0.005411255411255411
41 0.8140306122448979 0.45905483405483405 0.0005102040816326531 0.01984126984126984
41 0.7400510204081633 0.46194083694083693 0.0005102040816326531 0.01984126984126984
24 0.8566326530612245 0.4668109668109668 0.00816326530612245 0.005772005772005772
41 0.8604591836734694 0.45616883116883117 0.0005102040816326531 0.01984126984126984
47 0.864030612244898 0.4494949494949495 0.0066326530612244895 0.006493506493506494
26 0.8959183673469387 0.457972582972583 0.00816326530612245 0.005411255411255411
40 0.9056122448979592 0.457972582972583 0.003061224489795918 0.0018037518037518038
41 0.8997448979591837 0.44715007215007213 0.0005102040816326531 0.01984126984126984
41 0.19489795918367347 0.4509379509379509 0.0010204081632653062 0.01948051948051948
24 0.24540816326530612 0.443001443001443 0.00816326530612245 0.005772005772005772
41 0.24158163265306123 0.4538239538239538 0.0005102040816326531 0.01948051948051948
53 0.2451530612244898 0.4603174603174603 0.0066326530612244895 0.006493506493506494
24 0.2770408163265306 0.44895382395382394 0.00816326530612245 0.005411255411255411
41 0.2808673469387755 0.4392135642135642 0.0005102040816326531 0.017676767676767676
26 0.19846938775510203 0.4401154401154401 0.00816326530612245 0.005772005772005772
61 0.26658163265306123 0.44877344877344877 0.005612244897959183 0.015873015873015872
26 0.30459183673469387 0.4698773448773449 0.00816326530612245 0.005411255411255411
40 0.31454081632653064 0.4698773448773449 0.0035714285714285713 0.0018037518037518038
41 0.3084183673469388 0.4512987012987013 0.0005102040816326531 0.03535353535353535
5 0.06505102040816327 0.4556277056277056 0.020918367346938777 0.03535353535353535
69 0.0875 0.44282106782106784 0.007653061224489796 0.01479076479076479
69 0.09540816326530613 0.4518398268398268 0.007142857142857143 0.01479076479076479
69 0.10306122448979592 0.43993506493506496 0.007142857142857143 0.01479076479076479
69 0.11071428571428571 0.44895382395382394 0.007142857142857143 0.01479076479076479
26 0.14081632653061224 0.4401154401154401 0.00816326530612245 0.005772005772005772
40 0.15076530612244898 0.4401154401154401 0.0035714285714285713 0.0021645021645021645
41 0.13724489795918368 0.45075757575757575 0.0010204081632653062 0.01984126984126984
61 0.13035714285714287 0.43975468975468973 0.005612244897959183 0.015873015873015872
26 0.48928571428571427 0.45202020202020204 0.00816326530612245 0.005772005772005772
24 0.39132653061224487 0.46085858585858586 0.00816326530612245 0.005411255411255411
41 0.3951530612244898 0.4503968253968254 0.0005102040816326531 0.01911976911976912
61 0.2941326530612245 0.4696969696969697 0.005612244897959183 0.015873015873015872
24 0.42091836734693877 0.4549062049062049 0.00816326530612245 0.005772005772005772
41 0.4247448979591837 0.4457070707070707 0.0005102040816326531 0.016955266955266956
18 0.4589285714285714 0.4491341991341991 0.010714285714285714 0.011544011544011544
20 0.45918367346938777 0.461038961038961 0.011224489795918367 0.011544011544011544
41 0.4931122448979592 0.4435425685425685 0.0005102040816326531 0.01479076479076479
61 0.4788265306122449 0.45165945165945165 0.005612244897959183 0.015873015873015872
61 0.33290816326530615 0.46356421356421357 0.005612244897959183 0.015873015873015872
24 0.36147959183673467 0.466991341991342 0.007653061224489796 0.005411255411255411
41 0.3650510204081633 0.45526695526695526 0.0005102040816326531 0.021645021645021644
41 0.34719387755102044 0.45021645021645024 0.0005102040816326531 0.023809523809523808
26 0.3433673469387755 0.4639249639249639 0.00816326530612245 0.005772005772005772
134 0.4997448979591837 0.5542929292929293 0.9045918367346939 0.024170274170274172
1 0.45841836734693875 0.5721500721500722 0.012755102040816327 0.0007215007215007215
1 0.4415816326530612 0.5721500721500722 0.01173469387755102 0.0007215007215007215
1 0.40561224489795916 0.5721500721500722 0.012244897959183673 0.0007215007215007215
1 0.36683673469387756 0.5721500721500722 0.012244897959183673 0.0007215007215007215
1 0.3413265306122449 0.5721500721500722 0.012244897959183673 0.0007215007215007215
1 0.34158163265306124 0.577922077922078 0.01173469387755102 0.0007215007215007215
1 0.30994897959183676 0.5721500721500722 0.012755102040816327 0.0007215007215007215
26 0.7012755102040816 0.5631313131313131 0.007653061224489796 0.005772005772005772
41 0.7048469387755102 0.553030303030303 0.0005102040816326531 0.01875901875901876
40 0.7112244897959183 0.5631313131313131 0.003061224489795918 0.0021645021645021645
95 0.7005102040816327 0.5788239538239538 0.009183673469387756 0.009018759018759018
24 0.736734693877551 0.560064935064935 0.00816326530612245 0.005411255411255411
41 0.7405612244897959 0.551948051948052 0.0005102040816326531 0.01443001443001443
26 0.5311224489795918 0.5571789321789322 0.00816326530612245 0.005411255411255411
120 0.1663265306122449 0.5512265512265512 0.05102040816326531 0.011544011544011544
41 0.5349489795918367 0.5463564213564214 0.0005102040816326531 0.01984126984126984
47 0.5382653061224489 0.5396825396825397 0.006122448979591836 0.006493506493506494
26 0.5566326530612244 0.5571789321789322 0.00816326530612245 0.005411255411255411
41 0.5604591836734694 0.5463564213564214 0.0005102040816326531 0.01984126984126984
26 0.599234693877551 0.5690836940836941 0.007653061224489796 0.005411255411255411
41 0.6030612244897959 0.5582611832611832 0.0010204081632653062 0.01984126984126984
47 0.6063775510204081 0.5515873015873016 0.0066326530612244895 0.006493506493506494
61 0.5887755102040816 0.5689033189033189 0.006122448979591836 0.015873015873015872
24 0.6352040816326531 0.560064935064935 0.00816326530612245 0.005411255411255411
40 0.6448979591836734 0.5571789321789322 0.003061224489795918 0.0018037518037518038
41 0.639030612244898 0.5492424242424242 0.0005102040816326531 0.01984126984126984
61 0.6247448979591836 0.5598845598845599 0.005612244897959183 0.015873015873015872
61 0.8936224489795919 0.547979797979798 0.005612244897959183 0.015873015873015872
41 0.9002551020408164 0.5593434343434344 0.0005102040816326531 0.01911976911976912
120 0.8028061224489796 0.5423881673881674 0.044387755102040814 0.00974025974025974
120 0.7193877551020408 0.5698051948051948 0.03571428571428571 0.005411255411255411
121 0.7313775510204081 0.5432900432900433 0.052551020408163264 0.0021645021645021645
121 0.7364795918367347 0.5481601731601732 0.008673469387755102 0.0018037518037518038
120 0.5767857142857142 0.5696248196248196 0.042346938775510205 0.012987012987012988
120 0.5094387755102041 0.5683621933621934 0.044387755102040814 0.010461760461760462
120 0.42372448979591837 0.5811688311688312 0.03520408163265306 0.005772005772005772
121 0.435969387755102 0.5541125541125541 0.052551020408163264 0.0021645021645021645
121 0.4403061224489796 0.558982683982684 0.00816326530612245 0.0018037518037518038
120 0.3252551020408163 0.5838744588744589 0.031122448979591835 0.005411255411255411
121 0.3420918367346939 0.5535714285714286 0.05663265306122449 0.003246753246753247
120 0.26301020408163267 0.571969696969697 0.04030612244897959 0.00974025974025974
41 0.8221938775510204 0.5566378066378066 0.0005102040816326531 0.01875901875901876
26 0.7540816326530613 0.5631313131313131 0.00816326530612245 0.005772005772005772
41 0.7579081632653061 0.553030303030303 0.0005102040816326531 0.01875901875901876
24 0.7811224489795918 0.5541125541125541 0.00816326530612245 0.005772005772005772
41 0.7772959183673469 0.5645743145743146 0.0005102040816326531 0.01875901875901876
26 0.8260204081632653 0.5452741702741702 0.00816326530612245 0.005411255411255411
61 0.7262755102040817 0.5598845598845599 0.005612244897959183 0.015873015873015872
53 0.825765306122449 0.5625901875901876 0.0066326530612244895 0.006854256854256854
26 0.851530612244898 0.5452741702741702 0.00816326530612245 0.005411255411255411
40 0.8612244897959184 0.5450937950937951 0.003061224489795918 0.0021645021645021645
41 0.8477040816326531 0.5560966810966811 0.0005102040816326531 0.01984126984126984
24 0.9040816326530612 0.5481601731601732 0.00816326530612245 0.005411255411255411
40 0.9137755102040817 0.5450937950937951 0.003061224489795918 0.0021645021645021645
65 0.17933673469387756 0.562950937950938 0.007653061224489796 0.005411255411255411
24 0.24387755102040817 0.560064935064935 0.00816326530612245 0.005411255411255411
41 0.24744897959183673 0.5492424242424242 0.0010204081632653062 0.01984126984126984
26 0.2841836734693878 0.5690836940836941 0.00816326530612245 0.005411255411255411
41 0.28801020408163264 0.5582611832611832 0.0005102040816326531 0.01984126984126984
47 0.29158163265306125 0.5517676767676768 0.0066326530612244895 0.006854256854256854
24 0.3096938775510204 0.5721500721500722 0.00816326530612245 0.005772005772005772
41 0.3135204081632653 0.5622294372294372 0.0005102040816326531 0.017676767676767676
41 0.3451530612244898 0.5651154401154401 0.0005102040816326531 0.022727272727272728
63 0.33010204081632655 0.577922077922078 0.007142857142857143 0.015151515151515152
5 0.06505102040816327 0.5548340548340548 0.020918367346938777 0.03535353535353535
69 0.0875 0.5420274170274171 0.007653061224489796 0.01479076479076479
69 0.09540816326530613 0.551046176046176 0.007142857142857143 0.01479076479076479
69 0.10306122448979592 0.5391414141414141 0.007142857142857143 0.01479076479076479
69 0.11071428571428571 0.5481601731601732 0.007142857142857143 0.01479076479076479
24 0.3413265306122449 0.5781024531024531 0.00816326530612245 0.005411255411255411
24 0.13979591836734695 0.5541125541125541 0.00816326530612245 0.005772005772005772
40 0.15 0.5512265512265512 0.003061224489795918 0.0021645021645021645
41 0.13622448979591836 0.5645743145743146 0.0010204081632653062 0.01875901875901876
26 0.19107142857142856 0.5631313131313131 0.007653061224489796 0.005772005772005772
40 0.2010204081632653 0.5631313131313131 0.003061224489795918 0.0021645021645021645
41 0.19464285714285715 0.5524891774891775 0.0005102040816326531 0.01984126984126984
41 0.46224489795918366 0.5642135642135642 0.0010204081632653062 0.01948051948051948
26 0.4586734693877551 0.575036075036075 0.00816326530612245 0.005772005772005772
24 0.4413265306122449 0.571969696969697 0.00816326530612245 0.005411255411255411
41 0.4451530612244898 0.5627705627705628 0.0005102040816326531 0.016594516594516596
61 0.4308673469387755 0.5717893217893217 0.005612244897959183 0.015873015873015872
26 0.36683673469387756 0.575036075036075 0.00816326530612245 0.005772005772005772
41 0.3706632653061224 0.5643939393939394 0.0005102040816326531 0.01984126984126984
41 0.4900510204081633 0.5548340548340548 0.0005102040816326531 0.01875901875901876
24 0.48622448979591837 0.566017316017316 0.00816326530612245 0.005772005772005772
26 0.40561224489795916 0.575036075036075 0.00816326530612245 0.005772005772005772
40 0.41556122448979593 0.575036075036075 0.0035714285714285713 0.0021645021645021645
41 0.4094387755102041 0.5643939393939394 0.0005102040816326531 0.01984126984126984
134 0.4997448979591837 0.6533189033189033 0.9045918367346939 0.023809523809523808
1 0.5762755102040816 0.6713564213564214 0.01173469387755102 0.0007215007215007215
1 0.2885204081632653 0.6713564213564214 0.01173469387755102 0.0007215007215007215
41 0.6811224489795918 0.6387085137085137 0.0010204081632653062 0.015512265512265512
24 0.6775510204081633 0.6473665223665224 0.00816326530612245 0.005411255411255411
41 0.6653061224489796 0.6430375180375181 0.0010204081632653062 0.0183982683982684
24 0.661734693877551 0.6533189033189033 0.00816326530612245 0.005772005772005772
41 0.6517857142857143 0.6457431457431457 0.0005102040816326531 0.018037518037518036
26 0.6479591836734694 0.6563852813852814 0.00816326530612245 0.005411255411255411
26 0.5178571428571429 0.6623376623376623 0.00816326530612245 0.005772005772005772
61 0.7122448979591837 0.6381673881673882 0.006122448979591836 0.015873015873015872
24 0.6931122448979592 0.6414141414141414 0.007653061224489796 0.005772005772005772
41 0.7191326530612245 0.6497113997113997 0.0005102040816326531 0.01875901875901876
40 0.7326530612244898 0.6385281385281385 0.003061224489795918 0.0021645021645021645
26 0.7229591836734693 0.6385281385281385 0.00816326530612245 0.005772005772005772
41 0.6966836734693878 0.6343795093795094 0.0005102040816326531 0.012626262626262626
41 0.5798469387755102 0.6547619047619048 0.0005102040816326531 0.02958152958152958
40 0.5857142857142857 0.6682900432900433 0.003061224489795918 0.0018037518037518038
24 0.5760204081632653 0.6711760461760462 0.00816326530612245 0.005411255411255411
41 0.5609693877551021 0.6455627705627706 0.0005102040816326531 0.017676767676767676
26 0.5571428571428572 0.6563852813852814 0.00816326530612245 0.005411255411255411
41 0.5420918367346939 0.6433982683982684 0.0005102040816326531 0.015512265512265512
24 0.5385204081632653 0.6533189033189033 0.007653061224489796 0.005772005772005772
41 0.5214285714285715 0.6504329004329005 0.0010204081632653062 0.021645021645021644
121 0.16683673469387755 0.6345598845598845 0.04591836734693878 0.005772005772005772
121 0.18520408163265306 0.6410533910533911 0.00816326530612245 0.002886002886002886
41 0.635969387755102 0.65007215007215 0.0005102040816326531 0.020923520923520924
26 0.6321428571428571 0.6623376623376623 0.00816326530612245 0.005772005772005772
41 0.6201530612244898 0.6538600288600288 0.0005102040816326531 0.024891774891774892
26 0.6163265306122448 0.6682900432900433 0.00816326530612245 0.005411255411255411
41 0.6063775510204081 0.6531385281385281 0.0005102040816326531 0.020562770562770564
24 0.6025510204081632 0.6652236652236653 0.00816326530612245 0.005772005772005772
61 0.5653061224489796 0.670995670995671 0.006122448979591836 0.015873015873015872
18 0.9426020408163265 0.6475468975468975 0.010714285714285714 0.011544011544011544
20 0.9423469387755102 0.6594516594516594 0.011224489795918367 0.011544011544011544
41 0.9170918367346939 0.6437590187590188 0.0005102040816326531 0.016233766233766232
24 0.9132653061224489 0.6533189033189033 0.00816326530612245 0.005772005772005772
41 0.8961734693877551 0.648989898989899 0.0005102040816326531 0.017316017316017316
24 0.8923469387755102 0.6592712842712842 0.00816326530612245 0.005411255411255411
120 0.5084183673469388 0.6717171717171717 0.020918367346938777 0.006493506493506494
120 0.17219387755102042 0.6695526695526696 0.029081632653061223 0.006493506493506494
121 0.23392857142857143 0.6383477633477633 0.0413265306122449 0.00974025974025974
120 0.2209183673469388 0.6717171717171717 0.02040816326530612 0.006493506493506494
121 0.29617346938775513 0.6390692640692641 0.045408163265306126 0.006854256854256854
121 0.3142857142857143 0.6457431457431457 0.00816326530612245 0.002886002886002886
120 0.3028061224489796 0.674963924963925 0.026020408163265306 0.007215007215007215
121 0.37755102040816324 0.6367243867243867 0.06836734693877551 0.010822510822510822
121 0.37755102040816324 0.6417748917748918 0.0663265306122449 0.010822510822510822
121 0.4658163265306122 0.6345598845598845 0.04591836734693878 0.005772005772005772
121 0.48392857142857143 0.6410533910533911 0.007653061224489796 0.002886002886002886
120 0.47091836734693876 0.6697330447330447 0.02959183673469388 0.006854256854256854
121 0.5214285714285715 0.6383477633477633 0.04183673469387755 0.00974025974025974
121 0.5839285714285715 0.6390692640692641 0.045408163265306126 0.006854256854256854
121 0.602295918367347 0.6457431457431457 0.008673469387755102 0.002886002886002886
120 0.5903061224489796 0.674963924963925 0.026530612244897958 0.007215007215007215
121 0.6586734693877551 0.634018759018759 0.07653061224489796 0.016955266955266956
121 0.6586734693877551 0.6387085137085137 0.07653061224489796 0.016955266955266956
122 0.7403061224489796 0.6338383838383839 0.022448979591836733 0.002886002886002886
121 0.8375 0.6329365079365079 0.04846938775510204 0.009018759018759018
121 0.8568877551020408 0.6405122655122655 0.007653061224489796 0.003246753246753247
120 0.8438775510204082 0.672077922077922 0.02959183673469388 0.007215007215007215
121 0.8961734693877551 0.6390692640692641 0.0413265306122449 0.009018759018759018
120 0.8829081632653061 0.6691919191919192 0.020918367346938777 0.005772005772005772
26 0.8283163265306123 0.6682900432900433 0.007653061224489796 0.005411255411255411
61 0.7989795918367347 0.6471861471861472 0.006122448979591836 0.015873015873015872
41 0.8135204081632653 0.637987012987013 0.0005102040816326531 0.016233766233766232
24 0.8096938775510204 0.6473665223665224 0.00816326530612245 0.005411255411255411
40 0.838265306122449 0.6682900432900433 0.003061224489795918 0.0018037518037518038
53 0.786734693877551 0.6587301587301587 0.006122448979591836 0.006493506493506494
41 0.7829081632653061 0.6527777777777778 0.0005102040816326531 0.0183982683982684
24 0.7864795918367347 0.6414141414141414 0.007653061224489796 0.005772005772005772
41 0.7538265306122449 0.6497113997113997 0.0005102040816326531 0.01875901875901876
26 0.7576530612244898 0.6383477633477633 0.00816326530612245 0.005411255411255411
41 0.8752551020408164 0.652958152958153 0.0005102040816326531 0.020923520923520924
24 0.8714285714285714 0.6652236652236653 0.00816326530612245 0.005772005772005772
61 0.8471938775510204 0.661976911976912 0.005612244897959183 0.015873015873015872
41 0.8614795918367347 0.6484487734487735 0.0005102040816326531 0.023448773448773448
26 0.8579081632653062 0.6623376623376623 0.007653061224489796 0.005772005772005772
61 0.8176020408163265 0.6681096681096681 0.005612244897959183 0.015873015873015872
41 0.8318877551020408 0.6498917748917749 0.0005102040816326531 0.03499278499278499
41 0.3191326530612245 0.6525974025974026 0.0005102040816326531 0.022366522366522368
24 0.3153061224489796 0.6652236652236653 0.00816326530612245 0.005772005772005772
61 0.27780612244897956 0.670995670995671 0.005612244897959183 0.015873015873015872
24 0.15663265306122448 0.6652236652236653 0.00816326530612245 0.005772005772005772
41 0.29209183673469385 0.6540404040404041 0.0005102040816326531 0.030303030303030304
40 0.2982142857142857 0.6682900432900433 0.0035714285714285713 0.0018037518037518038
24 0.288265306122449 0.6711760461760462 0.00816326530612245 0.005411255411255411
40 0.1663265306122449 0.6623376623376623 0.003061224489795918 0.0021645021645021645
24 0.35306122448979593 0.6652236652236653 0.00816326530612245 0.005772005772005772
41 0.3706632653061224 0.6493506493506493 0.0005102040816326531 0.022366522366522368
41 0.14362244897959184 0.6405122655122655 0.0005102040816326531 0.015512265512265512
26 0.36683673469387756 0.6623376623376623 0.00816326530612245 0.005772005772005772
41 0.3568877551020408 0.6520562770562771 0.0005102040816326531 0.024891774891774892
63 0.32857142857142857 0.6681096681096681 0.007142857142857143 0.015151515151515152
41 0.3433673469387755 0.6544011544011544 0.0010204081632653062 0.025974025974025976
26 0.33979591836734696 0.6682900432900433 0.00816326530612245 0.005411255411255411
41 0.21301020408163265 0.6544011544011544 0.0005102040816326531 0.023809523809523808
26 0.23010204081632654 0.6623376623376623 0.00816326530612245 0.005772005772005772
61 0.19872448979591836 0.6681096681096681 0.005612244897959183 0.015873015873015872
41 0.23392857142857143 0.6498917748917749 0.0005102040816326531 0.022727272727272728
26 0.20918367346938777 0.6682900432900433 0.00816326530612245 0.005411255411255411
61 0.17576530612244898 0.6590909090909091 0.005612244897959183 0.015873015873015872
24 0.18622448979591838 0.6592712842712842 0.00816326530612245 0.005411255411255411
41 0.19005102040816327 0.6475468975468975 0.0005102040816326531 0.021645021645021644
41 0.1604591836734694 0.6493506493506493 0.0005102040816326531 0.030303030303030304
41 0.27346938775510204 0.6461038961038961 0.0010204081632653062 0.01875901875901876
26 0.2698979591836735 0.6563852813852814 0.00816326530612245 0.005411255411255411
95 0.13596938775510203 0.674062049062049 0.008673469387755102 0.009018759018759018
95 0.14234693877551022 0.674062049062049 0.009183673469387756 0.009018759018759018
41 0.2548469387755102 0.6432178932178932 0.0005102040816326531 0.017316017316017316
24 0.2510204081632653 0.6533189033189033 0.00816326530612245 0.005772005772005772
41 0.45918367346938777 0.6491702741702742 0.0010204081632653062 0.029942279942279944
40 0.46530612244897956 0.6623376623376623 0.003061224489795918 0.0021645021645021645
24 0.4556122448979592 0.6652236652236653 0.00816326530612245 0.005772005772005772
61 0.42831632653061225 0.65007215007215 0.005612244897959183 0.015873015873015872
61 0.4744897959183674 0.6590909090909091 0.006122448979591836 0.015873015873015872
41 0.500765306122449 0.6545815295815296 0.0005102040816326531 0.024170274170274172
26 0.4969387755102041 0.6682900432900433 0.00816326530612245 0.005411255411255411
41 0.4887755102040816 0.6475468975468975 0.0010204081632653062 0.021645021645021644
24 0.48520408163265305 0.6592712842712842 0.00816326530612245 0.005411255411255411
41 0.3982142857142857 0.6446608946608947 0.0005102040816326531 0.020202020202020204
26 0.3943877551020408 0.6563852813852814 0.00816326530612245 0.005411255411255411
41 0.38443877551020406 0.647005772005772 0.0005102040816326531 0.021284271284271284
24 0.3806122448979592 0.6592712842712842 0.00816326530612245 0.005411255411255411
26 0.13979591836734695 0.6504329004329005 0.00816326530612245 0.005772005772005772
41 0.44260204081632654 0.6406926406926406 0.0005102040816326531 0.015873015873015872
5 0.06505102040816327 0.6540404040404041 0.020918367346938777 0.03535353535353535
26 0.4387755102040816 0.6504329004329005 0.00816326530612245 0.005772005772005772
69 0.0875 0.6412337662337663 0.007653061224489796 0.01479076479076479
69 0.09540816326530613 0.6502525252525253 0.007142857142857143 0.01479076479076479
69 0.10306122448979592 0.6383477633477633 0.007142857142857143 0.01479076479076479
69 0.11071428571428571 0.6473665223665224 0.007142857142857143 0.01479076479076479
41 0.4114795918367347 0.641955266955267 0.0005102040816326531 0.0183982683982684
24 0.4079081632653061 0.6533189033189033 0.007653061224489796 0.005772005772005772
134 0.4997448979591837 0.7525252525252525 0.9045918367346939 0.023809523809523808
1 0.42142857142857143 0.7705627705627706 0.012244897959183673 0.0007215007215007215
1 0.3637755102040816 0.7705627705627706 0.018367346938775512 0.0007215007215007215
1 0.22704081632653061 0.7705627705627706 0.012244897959183673 0.0007215007215007215
1 0.18239795918367346 0.7705627705627706 0.01173469387755102 0.0007215007215007215
41 0.7323979591836735 0.7586580086580087 0.0005102040816326531 0.020202020202020204
24 0.7841836734693878 0.7406204906204906 0.00816326530612245 0.005772005772005772
24 0.7362244897959184 0.7465728715728716 0.00816326530612245 0.005411255411255411
40 0.7459183673469387 0.7435064935064936 0.003061224489795918 0.0021645021645021645
63 0.7558673469387756 0.7494588744588745 0.007653061224489796 0.01479076479076479
26 0.5714285714285714 0.7615440115440115 0.00816326530612245 0.005772005772005772
26 0.7670918367346938 0.7496392496392497 0.007653061224489796 0.005772005772005772
41 0.7635204081632653 0.7597402597402597 0.0005102040816326531 0.01875901875901876
26 0.6566326530612245 0.7615440115440115 0.00816326530612245 0.005772005772005772
121 0.19081632653061226 0.7377344877344877 0.053061224489795916 0.010101010101010102
121 0.21275510204081632 0.7458513708513709 0.00816326530612245 0.003246753246753247
40 0.5811224489795919 0.7615440115440115 0.003061224489795918 0.0021645021645021645
41 0.5752551020408163 0.7507215007215007 0.0005102040816326531 0.01948051948051948
24 0.614030612244898 0.7584776334776335 0.007653061224489796 0.005411255411255411
40 0.6239795918367347 0.7555916305916306 0.003061224489795918 0.0018037518037518038
41 0.6176020408163265 0.7476551226551227 0.0005102040816326531 0.01984126984126984
40 0.6663265306122449 0.7615440115440115 0.003061224489795918 0.0021645021645021645
41 0.6604591836734693 0.7507215007215007 0.0005102040816326531 0.01948051948051948
24 0.7122448979591837 0.7525252525252525 0.00816326530612245 0.005772005772005772
93 0.7073979591836734 0.7794011544011544 0.008673469387755102 0.007575757575757576
93 0.7150510204081633 0.7794011544011544 0.008673469387755102 0.007575757575757576
41 0.7084183673469387 0.7617243867243867 0.0005102040816326531 0.016955266955266956
120 0.8586734693877551 0.7438672438672439 0.0326530612244898 0.010822510822510822
47 0.9438775510204082 0.7413419913419913 0.006122448979591836 0.006493506493506494
41 0.9400510204081632 0.7471139971139971 0.0005102040816326531 0.01875901875901876
120 0.7739795918367347 0.738997113997114 0.017346938775510204 0.009018759018759018
120 0.7232142857142857 0.7418831168831169 0.023979591836734693 0.006854256854256854
121 0.7589285714285714 0.7646103896103896 0.008673469387755102 0.0025252525252525255
121 0.735969387755102 0.7698412698412699 0.05459183673469388 0.002886002886002886
120 0.6349489795918367 0.7683982683982684 0.042346938775510205 0.005772005772005772
120 0.55 0.7683982683982684 0.04285714285714286 0.005772005772005772
122 0.3936224489795918 0.7783189033189033 0.04336734693877551 0.003968253968253968
122 0.2943877551020408 0.7784992784992785 0.12244897959183673 0.004329004329004329
125 0.24107142857142858 0.7842712842712842 0.037244897959183676 0.007936507936507936
120 0.19872448979591836 0.7743506493506493 0.031122448979591835 0.007575757575757576
26 0.874234693877551 0.7555916305916306 0.007653061224489796 0.005411255411255411
26 0.8193877551020409 0.7436868686868687 0.00816326530612245 0.005411255411255411
41 0.815561224489796 0.7545093795093795 0.0005102040816326531 0.01984126984126984
53 0.8191326530612245 0.761002886002886 0.0066326530612244895 0.006854256854256854
24 0.8408163265306122 0.7465728715728716 0.00816326530612245 0.005411255411255411
41 0.8369897959183673 0.7573953823953824 0.0005102040816326531 0.01984126984126984
41 0.7806122448979592 0.7512626262626263 0.0010204081632653062 0.01984126984126984
41 0.8778061224489796 0.7447691197691197 0.0005102040816326531 0.01984126984126984
47 0.8813775510204082 0.7380952380952381 0.0066326530612244895 0.006493506493506494
26 0.9015306122448979 0.7555916305916306 0.00816326530612245 0.005411255411255411
41 0.9053571428571429 0.7447691197691197 0.0005102040816326531 0.01984126984126984
63 0.8903061224489796 0.7554112554112554 0.007142857142857143 0.015151515151515152
24 0.9364795918367347 0.7584776334776335 0.007653061224489796 0.005411255411255411
40 0.23673469387755103 0.7734487734487735 0.003061224489795918 0.0021645021645021645
61 0.17168367346938776 0.7702020202020202 0.005612244897959183 0.015873015873015872
24 0.21377551020408164 0.7644300144300145 0.00816326530612245 0.005772005772005772
41 0.21760204081632653 0.7527056277056277 0.0005102040816326531 0.022005772005772004
26 0.22704081632653061 0.7734487734487735 0.00816326530612245 0.005772005772005772
41 0.18596938775510205 0.7528860028860029 0.0005102040816326531 0.031746031746031744
41 0.2308673469387755 0.7628066378066378 0.0005102040816326531 0.01984126984126984
30 0.3637755102040816 0.7734487734487735 0.012244897959183673 0.005772005772005772
69 0.30612244897959184 0.7404401154401155 0.007142857142857143 0.01479076479076479
68 0.2795918367346939 0.7492784992784993 0.006122448979591836 0.015873015873015872
68 0.28596938775510206 0.7373737373737373 0.005612244897959183 0.015873015873015872
68 0.29489795918367345 0.7463924963924964 0.006122448979591836 0.015873015873015872
40 0.37551020408163266 0.7734487734487735 0.003061224489795918 0.0021645021645021645
41 0.36964285714285716 0.7624458874458875 0.0005102040816326531 0.01911976911976912
18 0.13010204081632654 0.7467532467532467 0.011224489795918367 0.011544011544011544
20 0.13010204081632654 0.7586580086580087 0.011224489795918367 0.011544011544011544
5 0.06505102040816327 0.7532467532467533 0.020918367346938777 0.03535353535353535
69 0.0875 0.7404401154401155 0.007653061224489796 0.01479076479076479
69 0.09540816326530613 0.7494588744588745 0.007142857142857143 0.01479076479076479
69 0.10306122448979592 0.7375541125541125 0.007142857142857143 0.01479076479076479
69 0.11071428571428571 0.7465728715728716 0.007142857142857143 0.01479076479076479
13 0.32448979591836735 0.7467532467532467 0.009183673469387756 0.011544011544011544
14 0.3352040816326531 0.7467532467532467 0.01020408163265306 0.011544011544011544
20 0.33010204081632655 0.7586580086580087 0.011224489795918367 0.011544011544011544
26 0.1604591836734694 0.7496392496392497 0.007653061224489796 0.005772005772005772
41 0.16403061224489796 0.7411616161616161 0.0005102040816326531 0.01479076479076479
61 0.14974489795918366 0.7492784992784993 0.005612244897959183 0.015873015873015872
24 0.18214285714285713 0.7703823953823954 0.00816326530612245 0.005411255411255411
40 0.19183673469387755 0.7674963924963925 0.003061224489795918 0.0018037518037518038
40 0.5387755102040817 0.7555916305916306 0.003061224489795918 0.0018037518037518038
86 0.45535714285714285 0.75 0.007653061224489796 0.015151515151515152
40 0.46479591836734696 0.7496392496392497 0.003061224489795918 0.0021645021645021645
87 0.4971938775510204 0.7527056277056277 0.007653061224489796 0.00974025974025974
24 0.5290816326530612 0.7584776334776335 0.00816326530612245 0.005411255411255411
41 0.5329081632653061 0.7476551226551227 0.0005102040816326531 0.01984126984126984
26 0.42142857142857143 0.7734487734487735 0.00816326530612245 0.005772005772005772
93 0.4204081632653061 0.7840909090909091 0.00816326530612245 0.007575757575757576
41 0.42525510204081635 0.7628066378066378 0.0005102040816326531 0.01984126984126984
134 0.4989795918367347 0.8517316017316018 0.9030612244897959 0.023809523809523808
1 0.9099489795918367 0.8697691197691197 0.012755102040816327 0.0007215007215007215
1 0.8752551020408164 0.8697691197691197 0.012755102040816327 0.0007215007215007215
26 0.639795918367347 0.8607503607503607 0.00816326530612245 0.005772005772005772
41 0.6436224489795919 0.8497474747474747 0.0005102040816326531 0.01984126984126984
26 0.676530612244898 0.8547979797979798 0.00816326530612245 0.005411255411255411
41 0.6803571428571429 0.8439754689754689 0.0005102040816326531 0.01984126984126984
47 0.6836734693877551 0.8373015873015873 0.006122448979591836 0.006493506493506494
24 0.6982142857142857 0.8517316017316018 0.007653061224489796 0.005772005772005772
41 0.6943877551020409 0.862012987012987 0.0010204081632653062 0.01911976911976912
47 0.6255102040816326 0.8405483405483406 0.006122448979591836 0.006493506493506494
26 0.7326530612244898 0.8547979797979798 0.00816326530612245 0.005411255411255411
41 0.7364795918367347 0.8439754689754689 0.0005102040816326531 0.01984126984126984
47 0.7397959183673469 0.8373015873015873 0.006122448979591836 0.006493506493506494
24 0.7645408163265306 0.8576839826839827 0.007653061224489796 0.005411255411255411
41 0.7681122448979592 0.8468614718614719 0.0005102040816326531 0.01984126984126984
40 0.513265306122449 0.8547979797979798 0.003061224489795918 0.0018037518037518038
41 0.5068877551020409 0.8432539682539683 0.0005102040816326531 0.0183982683982684
26 0.5831632653061225 0.8607503607503607 0.00816326530612245 0.005772005772005772
21 0.5563775510204082 0.8457792207792207 0.010714285714285714 0.011904761904761904
20 0.5566326530612244 0.8578643578643579 0.011224489795918367 0.011544011544011544
41 0.5869897959183673 0.8497474747474747 0.0005102040816326531 0.01984126984126984
24 0.6178571428571429 0.8576839826839827 0.00816326530612245 0.005411255411255411
41 0.6216836734693878 0.8468614718614719 0.0005102040816326531 0.01984126984126984
26 0.503061224489796 0.8547979797979798 0.00816326530612245 0.005411255411255411
26 0.9099489795918367 0.8726551226551227 0.007653061224489796 0.005772005772005772
41 0.9135204081632653 0.862012987012987 0.0005102040816326531 0.01984126984126984
47 0.9170918367346939 0.8553391053391053 0.0066326530612244895 0.006493506493506494
7 0.9359693877551021 0.8457792207792207 0.01683673469387755 0.0183982683982684
120 0.8923469387755102 0.8784271284271284 0.03469387755102041 0.005772005772005772
120 0.7801020408163265 0.8681457431457431 0.0326530612244898 0.006854256854256854
120 0.7160714285714286 0.8454184704184704 0.034183673469387756 0.006132756132756133
120 0.5428571428571428 0.8656204906204906 0.07959183673469387 0.00974025974025974
120 0.43801020408163266 0.86489898989899 0.04030612244897959 0.008297258297258298
122 0.35816326530612247 0.8650793650793651 0.019387755102040816 0.002886002886002886
120 0.26658163265306123 0.8410894660894661 0.03214285714285714 0.007575757575757576
120 0.1826530612244898 0.8382034632034632 0.017346938775510204 0.009018759018759018
124 0.1556122448979592 0.8777056277056277 0.04591836734693878 0.007936507936507936
121 0.1673469387755102 0.8636363636363636 0.00816326530612245 0.0021645021645021645
121 0.14464285714285716 0.8690476190476191 0.05459183673469388 0.002886002886002886
120 0.11428571428571428 0.8623737373737373 0.0163265306122449 0.007575757575757576
26 0.8188775510204082 0.8667027417027418 0.00816326530612245 0.005411255411255411
24 0.7969387755102041 0.8636363636363636 0.00816326530612245 0.005772005772005772
41 0.800765306122449 0.852994227994228 0.0005102040816326531 0.01984126984126984
47 0.8043367346938776 0.8463203463203464 0.0066326530612244895 0.006493506493506494
41 0.8227040816326531 0.8558802308802309 0.0005102040816326531 0.01984126984126984
24 0.8535714285714285 0.8636363636363636 0.00816326530612245 0.005772005772005772
41 0.8573979591836735 0.852994227994228 0.0005102040816326531 0.01984126984126984
47 0.8607142857142858 0.8463203463203464 0.006122448979591836 0.006493506493506494
24 0.8752551020408164 0.8695887445887446 0.007653061224489796 0.005411255411255411
41 0.8788265306122449 0.8587662337662337 0.0005102040816326531 0.01984126984126984
95 0.18928571428571428 0.8786075036075036 0.009183673469387756 0.009018759018759018
95 0.19540816326530613 0.8786075036075036 0.009183673469387756 0.009018759018759018
41 0.14107142857142857 0.8582251082251082 0.0005102040816326531 0.021645021645021644
26 0.1760204081632653 0.8488455988455988 0.00816326530612245 0.005772005772005772
41 0.17219387755102042 0.8589466089466089 0.0005102040816326531 0.01875901875901876
63 0.16479591836734694 0.8486652236652237 0.007142857142857143 0.01479076479076479
24 0.1931122448979592 0.8398268398268398 0.007653061224489796 0.005772005772005772
40 0.15459183673469387 0.8427128427128427 0.003061224489795918 0.0021645021645021645
41 0.1895408163265306 0.8504689754689755 0.0005102040816326531 0.01984126984126984
26 0.2280612244897959 0.8428932178932179 0.00816326530612245 0.005411255411255411
41 0.22423469387755102 0.8537157287157288 0.0005102040816326531 0.01984126984126984
53 0.2278061224489796 0.8602092352092352 0.0066326530612244895 0.006854256854256854
24 0.24948979591836734 0.8457792207792207 0.00816326530612245 0.005411255411255411
41 0.24566326530612245 0.8566017316017316 0.0005102040816326531 0.01984126984126984
5 0.06505102040816327 0.8524531024531025 0.020918367346938777 0.03535353535353535
69 0.0875 0.8396464646464646 0.007653061224489796 0.01479076479076479
26 0.10433673469387755 0.8607503607503607 0.005612244897959183 0.0036075036075036075
41 0.10714285714285714 0.8520923520923521 0.0010204081632653062 0.015873015873015872
47 0.10918367346938776 0.8474025974025974 0.00510204081632653 0.006493506493506494
24 0.1211734693877551 0.8517316017316018 0.007653061224489796 0.005772005772005772
95 0.12040816326530612 0.8786075036075036 0.009183673469387756 0.009018759018759018
41 0.11760204081632653 0.8609307359307359 0.0005102040816326531 0.016955266955266956
24 0.14489795918367346 0.8457792207792207 0.00816326530612245 0.005411255411255411
26 0.3739795918367347 0.8607503607503607 0.00816326530612245 0.005772005772005772
40 0.3836734693877551 0.8607503607503607 0.003061224489795918 0.0021645021645021645
41 0.3778061224489796 0.8497474747474747 0.0005102040816326531 0.01984126984126984
26 0.41836734693877553 0.8547979797979798 0.00816326530612245 0.005411255411255411
40 0.42857142857142855 0.8547979797979798 0.003061224489795918 0.0018037518037518038
41 0.4221938775510204 0.8439754689754689 0.0005102040816326531 0.01984126984126984
26 0.4586734693877551 0.8607503607503607 0.00816326530612245 0.005772005772005772
40 0.4686224489795918 0.8607503607503607 0.0035714285714285713 0.0021645021645021645
41 0.4625 0.8497474747474747 0.0005102040816326531 0.01984126984126984
47 0.3494897959183674 0.8434343434343434 0.006122448979591836 0.006493506493506494
41 0.31326530612244896 0.8437950937950938 0.0010204081632653062 0.01948051948051948
26 0.3096938775510204 0.8547979797979798 0.00816326530612245 0.005411255411255411
63 0.29846938775510207 0.8546176046176046 0.007142857142857143 0.015151515151515152
26 0.3420918367346939 0.8607503607503607 0.007653061224489796 0.005772005772005772
53 0.2823979591836735 0.8683261183261183 0.0066326530612244895 0.006493506493506494
41 0.34566326530612246 0.8497474747474747 0.0005102040816326531 0.01984126984126984
41 0.2783163265306122 0.8625541125541125 0.0005102040816326531 0.018037518037518036
24 0.28214285714285714 0.8517316017316018 0.00816326530612245 0.005772005772005772
134 0.4989795918367347 0.950937950937951 0.9030612244897959 0.023809523809523808
26 0.6579081632653061 0.95995670995671 0.007653061224489796 0.005772005772005772
41 0.6614795918367347 0.948953823953824 0.0005102040816326531 0.01984126984126984
63 0.6466836734693877 0.9597763347763347 0.007653061224489796 0.01479076479076479
24 0.686734693877551 0.9568903318903319 0.00816326530612245 0.005411255411255411
41 0.6903061224489796 0.9460678210678211 0.0010204081632653062 0.01984126984126984
47 0.6938775510204082 0.9395743145743146 0.006122448979591836 0.006854256854256854
41 0.5262755102040816 0.9592352092352092 0.0005102040816326531 0.01875901875901876
41 0.7696428571428572 0.9457070707070707 0.0005102040816326531 0.01911976911976912
40 0.7755102040816326 0.9538239538239538 0.003061224489795918 0.0021645021645021645
28 0.7637755102040816 0.9570707070707071 0.012244897959183673 0.005772005772005772
47 0.7413265306122448 0.9484126984126984 0.006122448979591836 0.006493506493506494
41 0.7375 0.9545454545454546 0.0005102040816326531 0.01875901875901876
26 0.7336734693877551 0.9659090909090909 0.00816326530612245 0.005411255411255411
41 0.7089285714285715 0.9516594516594516 0.0005102040816326531 0.01875901875901876
24 0.7051020408163265 0.9628427128427128 0.00816326530612245 0.005772005772005772
24 0.6058673469387755 0.950937950937951 0.007653061224489796 0.005772005772005772
53 0.577295918367347 0.9651875901875901 0.0066326530612244895 0.006854256854256854
41 0.5732142857142857 0.959054834054834 0.0005102040816326531 0.01911976911976912
26 0.5770408163265306 0.948051948051948 0.00816326530612245 0.005772005772005772
41 0.5446428571428571 0.9561688311688312 0.0005102040816326531 0.01911976911976912
24 0.548469387755102 0.94498556998557 0.00816326530612245 0.005411255411255411
53 0.5298469387755103 0.9653679653679653 0.0066326530612244895 0.006493506493506494
120 0.1308673469387755 0.9422799422799423 0.02806122448979592 0.004329004329004329
41 0.6375 0.9457070707070707 0.0005102040816326531 0.01911976911976912
24 0.6336734693877552 0.9568903318903319 0.00816326530612245 0.005411255411255411
47 0.6408163265306123 0.9395743145743146 0.006122448979591836 0.006854256854256854
41 0.602295918367347 0.9612193362193362 0.0005102040816326531 0.01911976911976912
53 0.936734693877551 0.9592352092352092 0.006122448979591836 0.006493506493506494
41 0.9326530612244898 0.952922077922078 0.0010204081632653062 0.01984126984126984
26 0.9362244897959183 0.9419191919191919 0.00816326530612245 0.005772005772005772
41 0.9017857142857143 0.959054834054834 0.0005102040816326531 0.01911976911976912
26 0.9056122448979592 0.948051948051948 0.00816326530612245 0.005772005772005772
120 0.2280612244897959 0.9356060606060606 0.02857142857142857 0.00468975468975469
120 0.2857142857142857 0.9442640692640693 0.027551020408163266 0.006854256854256854
120 0.37857142857142856 0.9686147186147186 0.02857142857142857 0.005050505050505051
120 0.4701530612244898 0.9453463203463204 0.020918367346938777 0.005411255411255411
120 0.563265306122449 0.939033189033189 0.02857142857142857 0.005772005772005772
120 0.6206632653061225 0.9462481962481962 0.027040816326530614 0.007215007215007215
120 0.7188775510204082 0.9715007215007215 0.02857142857142857 0.005050505050505051
122 0.7880102040816327 0.95995670995671 0.03214285714285714 0.0036075036075036075
122 0.8329081632653061 0.95995670995671 0.03316326530612245 0.0036075036075036075
120 0.9201530612244898 0.9381313131313131 0.03010204081632653 0.007575757575757576
41 0.8140306122448979 0.9457070707070707 0.0005102040816326531 0.01911976911976912
40 0.8198979591836735 0.9538239538239538 0.003061224489795918 0.0021645021645021645
24 0.810204081632653 0.9568903318903319 0.00816326530612245 0.005411255411255411
41 0.8635204081632653 0.9455266955266955 0.0005102040816326531 0.01875901875901876
40 0.8693877551020408 0.9538239538239538 0.003061224489795918 0.0021645021645021645
28 0.8576530612244898 0.9570707070707071 0.012244897959183673 0.005772005772005772
24 0.24209183673469387 0.94498556998557 0.007653061224489796 0.005411255411255411
41 0.2670918367346939 0.959054834054834 0.0005102040816326531 0.01911976911976912
26 0.27091836734693875 0.948051948051948 0.00816326530612245 0.005772005772005772
53 0.2423469387755102 0.9623015873015873 0.006122448979591836 0.006854256854256854
41 0.2385204081632653 0.9558080808080808 0.0005102040816326531 0.01984126984126984
41 0.2096938775510204 0.952922077922078 0.0010204081632653062 0.01984126984126984
26 0.21326530612244898 0.9419191919191919 0.00816326530612245 0.005772005772005772
53 0.19489795918367347 0.9623015873015873 0.006122448979591836 0.006854256854256854
47 0.30637755102040815 0.9365079365079365 0.005612244897959183 0.006493506493506494
41 0.3025510204081633 0.9431818181818182 0.0010204081632653062 0.01984126984126984
26 0.29897959183673467 0.954004329004329 0.00816326530612245 0.005411255411255411
26 0.5298469387755103 0.948051948051948 0.007653061224489796 0.005772005772005772
24 0.11683673469387755 0.950937950937951 0.00816326530612245 0.005772005772005772
69 0.0875 0.9568903318903319 0.007653061224489796 0.01479076479076479
41 0.11301020408163265 0.9612193362193362 0.0005102040816326531 0.01911976911976912
7 0.0653061224489796 0.94498556998557 0.02142857142857143 0.023448773448773448
41 0.19107142857142856 0.9563492063492064 0.0005102040816326531 0.01875901875901876
24 0.19489795918367347 0.94498556998557 0.00816326530612245 0.005411255411255411
41 0.1604591836734694 0.961940836940837 0.0005102040816326531 0.017676767676767676
24 0.16428571428571428 0.950937950937951 0.00816326530612245 0.005772005772005772
53 0.14566326530612245 0.9651875901875901 0.0066326530612244895 0.006854256854256854
41 0.14158163265306123 0.959054834054834 0.0005102040816326531 0.01911976911976912
26 0.14540816326530612 0.9478715728715729 0.00816326530612245 0.005411255411255411
53 0.4818877551020408 0.9675324675324676 0.0066326530612244895 0.006493506493506494
24 0.3933673469387755 0.9628427128427128 0.00816326530612245 0.005772005772005772
41 0.3971938775510204 0.9522005772005772 0.0005102040816326531 0.01984126984126984
24 0.4816326530612245 0.950937950937951 0.00816326530612245 0.005772005772005772
47 0.4005102040816326 0.9455266955266955 0.006122448979591836 0.006493506493506494
26 0.45255102040816325 0.954004329004329 0.00816326530612245 0.005411255411255411
8 0.41658163265306125 0.9471500721500722 0.01683673469387755 0.011904761904761904
41 0.4778061224489796 0.9612193362193362 0.0005102040816326531 0.01911976911976912
41 0.45637755102040817 0.9431818181818182 0.0005102040816326531 0.01984126984126984
63 0.4413265306122449 0.9538239538239538 0.007142857142857143 0.015151515151515152
24 0.3173469387755102 0.9568903318903319 0.00816326530612245 0.005411255411255411
41 0.3211734693877551 0.9460678210678211 0.0005102040816326531 0.01984126984126984
26 0.34591836734693876 0.954004329004329 0.00816326530612245 0.005411255411255411
41 0.3497448979591837 0.9431818181818182 0.0005102040816326531 0.01984126984126984
41 0.5040816326530613 0.9431818181818182 0.0010204081632653062 0.01984126984126984
47 0.35331632653061223 0.9365079365079365 0.0066326530612244895 0.006493506493506494
26 0.5002551020408164 0.954004329004329 0.007653061224489796 0.005411255411255411
26 0.3647959183673469 0.95995670995671 0.00816326530612245 0.005772005772005772
41 0.36862244897959184 0.948953823953824 0.0005102040816326531 0.01984126984126984