134 0.4997448979591837 0.13943001443001443 0.9045918367346939 0.024170274170274172
134 0.4997448979591837 0.41973304473304474 0.9045918367346939 0.024170274170274172
134 0.4997448979591837 0.0781024531024531 0.9045918367346939 0.024170274170274172
1 0.21683673469387754 0.36976911976911975 0.0163265306122449 0.0007215007215007215
1 0.17857142857142858 0.36976911976911975 0.0163265306122449 0.0007215007215007215
134 0.4997448979591837 0.21626984126984128 0.9045918367346939 0.024170274170274172
1 0.7936224489795919 0.12157287157287157 0.01683673469387755 0.0007215007215007215
1 0.10178571428571428 0.12157287157287157 0.015816326530612244 0.0007215007215007215
134 0.4997448979591837 0.2840909090909091 0.9045918367346939 0.024170274170274172
134 0.4997448979591837 0.3519119769119769 0.9045918367346939 0.024170274170274172
26 0.6846938775510204 0.21338383838383837 0.01020408163265306 0.006132756132756133
26 0.6846938775510204 0.4226190476190476 0.01020408163265306 0.006132756132756133
26 0.6846938775510204 0.06295093795093795 0.01020408163265306 0.006132756132756133
24 0.685204081632653 0.0781024531024531 0.009183673469387756 0.006132756132756133
41 0.6686224489795919 0.4157647907647908 0.0005102040816326531 0.015512265512265512
41 0.6686224489795919 0.3472222222222222 0.0005102040816326531 0.016955266955266956
26 0.5329081632653061 0.20725108225108224 0.010714285714285714 0.006132756132756133
41 0.6895408163265306 0.27326839826839827 0.0005102040816326531 0.011183261183261184
41 0.6795918367346939 0.22348484848484848 0.0010204081632653062 0.0183982683982684
26 0.6846938775510204 0.281024531024531 0.01020408163265306 0.005772005772005772
26 0.5329081632653061 0.2750721500721501 0.010714285714285714 0.006132756132756133
41 0.6795918367346939 0.07990620490620491 0.0010204081632653062 0.031385281385281384
26 0.6846938775510204 0.34884559884559885 0.01020408163265306 0.005772005772005772
26 0.6436224489795919 0.06295093795093795 0.010714285714285714 0.006132756132756133
24 0.6635204081632653 0.2898629148629149 0.010714285714285714 0.006132756132756133
24 0.6637755102040817 0.21626984126984128 0.01020408163265306 0.006132756132756133
24 0.6637755102040817 0.07196969696969698 0.01020408163265306 0.006132756132756133
41 0.6385204081632653 0.07990620490620491 0.0005102040816326531 0.031385281385281384
24 0.6635204081632653 0.35768398268398266 0.010714285714285714 0.006132756132756133
24 0.6436224489795919 0.0781024531024531 0.010714285714285714 0.006132756132756133
24 0.6635204081632653 0.4255050505050505 0.010714285714285714 0.006132756132756133
41 0.6586734693877551 0.08387445887445888 0.0010204081632653062 0.021284271284271284
41 0.6586734693877551 0.22564935064935066 0.0010204081632653062 0.016233766233766232
41 0.6686224489795919 0.27994227994227994 0.0005102040816326531 0.018037518037518036
24 0.7239795918367347 0.07196969696969698 0.01020408163265306 0.006132756132756133
24 0.7244897959183674 0.08387445887445888 0.009183673469387756 0.006132756132756133
41 0.6997448979591837 0.43073593073593075 0.0005102040816326531 0.017316017316017316
41 0.7191326530612245 0.08676046176046176 0.0005102040816326531 0.027056277056277056
41 0.6997448979591837 0.3629148629148629 0.0005102040816326531 0.017316017316017316
41 0.6997448979591837 0.2950937950937951 0.0005102040816326531 0.017316017316017316
24 0.7441326530612244 0.2898629148629149 0.010714285714285714 0.006132756132756133
41 0.5278061224489796 0.2860750360750361 0.0005102040816326531 0.01948051948051948
41 0.739030612244898 0.09036796536796536 0.0005102040816326531 0.01984126984126984
24 0.7441326530612244 0.4255050505050505 0.010714285714285714 0.006132756132756133
24 0.7441326530612244 0.35768398268398266 0.010714285714285714 0.006132756132756133
24 0.7441326530612244 0.21626984126984128 0.010714285714285714 0.006132756132756133
24 0.7441326530612244 0.0781024531024531 0.010714285714285714 0.006132756132756133
121 0.12551020408163266 0.10173160173160173 0.05714285714285714 0.0021645021645021645
41 0.6895408163265306 0.4146825396825397 0.0005102040816326531 0.013347763347763348
30 0.7051020408163265 0.1305916305916306 0.011224489795918367 0.006493506493506494
28 0.7056122448979592 0.1396103896103896 0.01020408163265306 0.006493506493506494
28 0.7056122448979592 0.1453823953823954 0.01020408163265306 0.006493506493506494
87 0.7038265306122449 0.0661976911976912 0.010714285714285714 0.011183261183261184
26 0.5329081632653061 0.14844877344877344 0.010714285714285714 0.006132756132756133
41 0.6895408163265306 0.34145021645021645 0.0005102040816326531 0.012626262626262626
41 0.6997448979591837 0.22168109668109667 0.0005102040816326531 0.0183982683982684
41 0.6997448979591837 0.14736652236652237 0.0005102040816326531 0.031385281385281384
24 0.7048469387755102 0.41973304473304474 0.010714285714285714 0.006132756132756133
87 0.5318877551020408 0.0661976911976912 0.010714285714285714 0.011183261183261184
24 0.7048469387755102 0.3519119769119769 0.010714285714285714 0.006132756132756133
24 0.7048469387755102 0.2840909090909091 0.010714285714285714 0.006132756132756133
24 0.7048469387755102 0.21013708513708515 0.010714285714285714 0.006132756132756133
41 0.5696428571428571 0.22492784992784992 0.0005102040816326531 0.0183982683982684
41 0.5798469387755102 0.2756132756132756 0.0005102040816326531 0.01875901875901876
41 0.5696428571428571 0.1462842712842713 0.0005102040816326531 0.01479076479076479
41 0.5696428571428571 0.0873015873015873 0.0005102040816326531 0.020202020202020204
41 0.5798469387755102 0.41125541125541126 0.0005102040816326531 0.01875901875901876
41 0.5910714285714286 0.08531746031746032 0.0005102040816326531 0.027056277056277056
24 0.5959183673469388 0.1275252525252525 0.01020408163265306 0.006132756132756133
26 0.5959183673469388 0.06908369408369408 0.01020408163265306 0.006132756132756133
26 0.5959183673469388 0.08098845598845598 0.01020408163265306 0.006132756132756133
41 0.5278061224489796 0.21825396825396826 0.0005102040816326531 0.01948051948051948
41 0.5798469387755102 0.3434343434343434 0.0005102040816326531 0.01875901875901876
41 0.5278061224489796 0.4282106782106782 0.0005102040816326531 0.018037518037518036
41 0.5487244897959184 0.0845959595959596 0.0005102040816326531 0.025613275613275612
26 0.5535714285714286 0.1424963924963925 0.01020408163265306 0.005772005772005772
26 0.5535714285714286 0.06908369408369408 0.01020408163265306 0.006132756132756133
26 0.5535714285714286 0.08098845598845598 0.01020408163265306 0.006132756132756133
41 0.5278061224489796 0.35443722943722944 0.0005102040816326531 0.0183982683982684
26 0.5747448979591837 0.4226190476190476 0.010714285714285714 0.006132756132756133
26 0.5747448979591837 0.3547979797979798 0.010714285714285714 0.006132756132756133
26 0.5747448979591837 0.286976911976912 0.010714285714285714 0.006132756132756133
26 0.5747448979591837 0.21338383838383837 0.010714285714285714 0.006132756132756133
26 0.5747448979591837 0.13654401154401155 0.010714285714285714 0.006132756132756133
26 0.5747448979591837 0.07485569985569986 0.010714285714285714 0.006132756132756133
41 0.5487244897959184 0.15043290043290045 0.0005102040816326531 0.013708513708513708
26 0.5329081632653061 0.41648629148629146 0.010714285714285714 0.006132756132756133
41 0.6191326530612244 0.2949134199134199 0.0005102040816326531 0.017676767676767676
41 0.6191326530612244 0.2215007215007215 0.0005102040816326531 0.01875901875901876
41 0.6191326530612244 0.4305555555555556 0.0005102040816326531 0.017676767676767676
26 0.5329081632653061 0.3428932178932179 0.010714285714285714 0.006132756132756133
41 0.6191326530612244 0.36273448773448774 0.0005102040816326531 0.017676767676767676
24 0.624234693877551 0.41973304473304474 0.010714285714285714 0.006132756132756133
24 0.624234693877551 0.3519119769119769 0.010714285714285714 0.006132756132756133
24 0.624234693877551 0.2840909090909091 0.010714285714285714 0.006132756132756133
24 0.624234693877551 0.21013708513708515 0.010714285714285714 0.006132756132756133
30 0.6247448979591836 0.1305916305916306 0.010714285714285714 0.006493506493506494
28 0.625 0.1396103896103896 0.01020408163265306 0.006493506493506494
28 0.625 0.1453823953823954 0.01020408163265306 0.006493506493506494
87 0.6234693877551021 0.0661976911976912 0.01020408163265306 0.011183261183261184
41 0.5910714285714286 0.14015151515151514 0.0005102040816326531 0.022727272727272728
41 0.6191326530612244 0.14736652236652237 0.0005102040816326531 0.031385281385281384
41 0.5278061224489796 0.15584415584415584 0.0005102040816326531 0.012265512265512266
24 0.914030612244898 0.43163780663780665 0.010714285714285714 0.006132756132756133
24 0.914030612244898 0.3638167388167388 0.010714285714285714 0.006132756132756133
24 0.914030612244898 0.295995670995671 0.010714285714285714 0.006132756132756133
24 0.914030612244898 0.2222222222222222 0.010714285714285714 0.005772005772005772
24 0.914030612244898 0.08387445887445888 0.010714285714285714 0.006132756132756133
41 0.9191326530612245 0.07052669552669552 0.0005102040816326531 0.024170274170274172
41 0.8987244897959183 0.07251082251082251 0.0005102040816326531 0.030303030303030304
26 0.8936224489795919 0.07485569985569986 0.010714285714285714 0.006132756132756133
24 0.8936224489795919 0.09000721500721501 0.010714285714285714 0.006132756132756133
41 0.8798469387755102 0.41143578643578643 0.0005102040816326531 0.01911976911976912
41 0.9191326530612245 0.284992784992785 0.0005102040816326531 0.01948051948051948
41 0.9191326530612245 0.42063492063492064 0.0005102040816326531 0.01948051948051948
41 0.9191326530612245 0.3528138528138528 0.0005102040816326531 0.01948051948051948
41 0.9191326530612245 0.2113997113997114 0.0005102040816326531 0.01948051948051948
87 0.8737244897959183 0.0661976911976912 0.010714285714285714 0.011183261183261184
26 0.8747448979591836 0.4226190476190476 0.010714285714285714 0.006132756132756133
24 0.8747448979591836 0.35768398268398266 0.010714285714285714 0.006132756132756133
24 0.8747448979591836 0.2898629148629149 0.010714285714285714 0.006132756132756133
26 0.8747448979591836 0.21338383838383837 0.010714285714285714 0.006132756132756133
30 0.875 0.12445887445887446 0.011224489795918367 0.006493506493506494
30 0.8755102040816326 0.1305916305916306 0.01020408163265306 0.006493506493506494
30 0.8755102040816326 0.13654401154401155 0.01020408163265306 0.006854256854256854
30 0.8755102040816326 0.1424963924963925 0.01020408163265306 0.006493506493506494
41 0.8594387755102041 0.4163059163059163 0.0005102040816326531 0.01443001443001443
41 0.8798469387755102 0.3466810966810967 0.0005102040816326531 0.01948051948051948
41 0.8798469387755102 0.27904040404040403 0.0005102040816326531 0.01984126984126984
41 0.8696428571428572 0.22420634920634921 0.0005102040816326531 0.01984126984126984
41 0.8696428571428572 0.14357864357864358 0.0005102040816326531 0.03535353535353535
121 0.6793367346938776 0.3363997113997114 0.020918367346938777 0.006854256854256854
121 0.5035714285714286 0.2691197691197691 0.027551020408163266 0.005772005772005772
121 0.5035714285714286 0.33694083694083693 0.027551020408163266 0.005772005772005772
121 0.5035714285714286 0.4022366522366522 0.027551020408163266 0.002886002886002886
121 0.559438775510204 0.15674603174603174 0.06275510204081633 0.012626262626262626
121 0.5696428571428571 0.09884559884559885 0.042346938775510205 0.0021645021645021645
121 0.6591836734693878 0.09595959595959595 0.04081632653061224 0.0021645021645021645
121 0.6691326530612245 0.2335858585858586 0.020918367346938777 0.003246753246753247
121 0.6793367346938776 0.2685786435786436 0.020918367346938777 0.006854256854256854
121 0.4933673469387755 0.2287157287157287 0.027551020408163266 0.002886002886002886
121 0.6793367346938776 0.4071067821067821 0.020918367346938777 0.003246753246753247
121 0.739030612244898 0.10173160173160173 0.04030612244897959 0.0021645021645021645
121 0.8285714285714286 0.10173160173160173 0.04183673469387755 0.0021645021645021645
121 0.8484693877551021 0.2012987012987013 0.02142857142857143 0.005772005772005772
121 0.8484693877551021 0.2750721500721501 0.02142857142857143 0.005411255411255411
121 0.8484693877551021 0.3428932178932179 0.02142857142857143 0.005411255411255411
121 0.8484693877551021 0.4107142857142857 0.02142857142857143 0.005411255411255411
121 0.9188775510204081 0.056998556998557 0.03979591836734694 0.0021645021645021645
121 0.373469387755102 0.10173160173160173 0.061224489795918366 0.0021645021645021645
121 0.12551020408163266 0.15097402597402598 0.05714285714285714 0.012626262626262626
121 0.14464285714285716 0.2335858585858586 0.018877551020408164 0.003246753246753247
121 0.14464285714285716 0.3014069264069264 0.018877551020408164 0.003246753246753247
121 0.15459183673469387 0.3428932178932179 0.019387755102040816 0.005411255411255411
121 0.21224489795918366 0.056998556998557 0.05714285714285714 0.0021645021645021645
121 0.20204081632653062 0.15151515151515152 0.05714285714285714 0.011544011544011544
121 0.2923469387755102 0.09704184704184704 0.06020408163265306 0.0021645021645021645
121 0.373469387755102 0.15494227994227994 0.061224489795918366 0.006854256854256854
121 0.48035714285714287 0.12445887445887446 0.07397959183673469 0.010101010101010102
121 0.48341836734693877 0.10173160173160173 0.047448979591836735 0.0021645021645021645
41 0.9390306122448979 0.07251082251082251 0.0005102040816326531 0.030303030303030304
26 0.9339285714285714 0.07485569985569986 0.010714285714285714 0.006132756132756133
24 0.9339285714285714 0.09000721500721501 0.010714285714285714 0.006132756132756133
41 0.7885204081632653 0.22492784992784992 0.0005102040816326531 0.0183982683982684
41 0.7885204081632653 0.14285714285714285 0.0005102040816326531 0.0367965367965368
41 0.7982142857142858 0.4110750360750361 0.0005102040816326531 0.0183982683982684
41 0.7982142857142858 0.34613997113997114 0.0005102040816326531 0.0183982683982684
41 0.7982142857142858 0.2783189033189033 0.0005102040816326531 0.0183982683982684
24 0.7642857142857142 0.07196969696969698 0.01020408163265306 0.006132756132756133
24 0.764795918367347 0.08387445887445888 0.009183673469387756 0.006132756132756133
41 0.749234693877551 0.4145021645021645 0.0005102040816326531 0.01948051948051948
41 0.7594387755102041 0.08748196248196248 0.0005102040816326531 0.0284992784992785
41 0.749234693877551 0.3466810966810967 0.0005102040816326531 0.01948051948051948
41 0.749234693877551 0.27904040404040403 0.0005102040816326531 0.01984126984126984
30 0.7938775510204081 0.1305916305916306 0.011224489795918367 0.006493506493506494
26 0.7933673469387755 0.4226190476190476 0.01020408163265306 0.006132756132756133
24 0.7933673469387755 0.35768398268398266 0.01020408163265306 0.006132756132756133
24 0.7933673469387755 0.2898629148629149 0.01020408163265306 0.006132756132756133
26 0.7933673469387755 0.21338383838383837 0.01020408163265306 0.006132756132756133
28 0.7938775510204081 0.12157287157287157 0.011224489795918367 0.006493506493506494
30 0.7936224489795919 0.13654401154401155 0.010714285714285714 0.006854256854256854
30 0.7938775510204081 0.1424963924963925 0.011224489795918367 0.006493506493506494
87 0.7923469387755102 0.0661976911976912 0.01020408163265306 0.011183261183261184
24 0.8543367346938775 0.35768398268398266 0.010714285714285714 0.006132756132756133
24 0.8543367346938775 0.2898629148629149 0.010714285714285714 0.006132756132756133
24 0.8543367346938775 0.21626984126984128 0.010714285714285714 0.006132756132756133
26 0.8545918367346939 0.06908369408369408 0.01020408163265306 0.006132756132756133
24 0.8548469387755102 0.08387445887445888 0.009693877551020408 0.006132756132756133
24 0.8543367346938775 0.4255050505050505 0.010714285714285714 0.006132756132756133
41 0.8375 0.420995670995671 0.0005102040816326531 0.016594516594516596
41 0.8375 0.3531746031746032 0.0005102040816326531 0.016594516594516596
41 0.8594387755102041 0.34884559884559885 0.0005102040816326531 0.015151515151515152
41 0.8594387755102041 0.2812049062049062 0.0005102040816326531 0.015512265512265512
41 0.8594387755102041 0.20743145743145744 0.0005102040816326531 0.015151515151515152
41 0.849234693877551 0.08603896103896104 0.0005102040816326531 0.031385281385281384
41 0.8073979591836735 0.08658008658008658 0.0005102040816326531 0.030303030303030304
26 0.8125 0.06908369408369408 0.010714285714285714 0.006132756132756133
24 0.8125 0.08387445887445888 0.010714285714285714 0.006132756132756133
26 0.8326530612244898 0.07485569985569986 0.01020408163265306 0.006132756132756133
41 0.8375 0.28535353535353536 0.0005102040816326531 0.016594516594516596
41 0.8375 0.2113997113997114 0.0005102040816326531 0.016594516594516596
41 0.739030612244898 0.22673160173160173 0.0005102040816326531 0.0183982683982684
41 0.8278061224489796 0.08892496392496392 0.0005102040816326531 0.025613275613275612
24 0.8326530612244898 0.43163780663780665 0.01020408163265306 0.006132756132756133
24 0.8326530612244898 0.3638167388167388 0.01020408163265306 0.006132756132756133
24 0.8326530612244898 0.295995670995671 0.01020408163265306 0.006132756132756133
24 0.8326530612244898 0.2222222222222222 0.01020408163265306 0.005772005772005772
41 0.20280612244897958 0.0726911976911977 0.0005102040816326531 0.030663780663780664
26 0.19770408163265307 0.1305916305916306 0.010714285714285714 0.005772005772005772
26 0.19770408163265307 0.07485569985569986 0.010714285714285714 0.006132756132756133
24 0.19770408163265307 0.09000721500721501 0.010714285714285714 0.006132756132756133
41 0.19260204081632654 0.1406926406926407 0.0005102040816326531 0.018037518037518036
41 0.17372448979591837 0.4283910533910534 0.0005102040816326531 0.017676767676767676
41 0.18341836734693878 0.3611111111111111 0.0005102040816326531 0.018037518037518036
24 0.21683673469387754 0.3695887445887446 0.01020408163265306 0.006132756132756133
41 0.21173469387755103 0.1453823953823954 0.0010204081632653062 0.015151515151515152
41 0.22168367346938775 0.06944444444444445 0.0005102040816326531 0.024170274170274172
24 0.21683673469387754 0.2840909090909091 0.01020408163265306 0.006132756132756133
24 0.21683673469387754 0.21626984126984128 0.01020408163265306 0.006132756132756133
26 0.21683673469387754 0.13654401154401155 0.01020408163265306 0.006132756132756133
24 0.21683673469387754 0.08387445887445888 0.01020408163265306 0.006132756132756133
41 0.16428571428571428 0.35353535353535354 0.0010204081632653062 0.017316017316017316
24 0.17857142857142858 0.2222222222222222 0.01020408163265306 0.005772005772005772
26 0.17857142857142858 0.12463924963924963 0.01020408163265306 0.006132756132756133
24 0.17857142857142858 0.08387445887445888 0.01020408163265306 0.006132756132756133
24 0.17857142857142858 0.2898629148629149 0.01020408163265306 0.006132756132756133
41 0.15433673469387754 0.294011544011544 0.0005102040816326531 0.015151515151515152
41 0.18341836734693878 0.27904040404040403 0.0005102040816326531 0.01984126984126984
41 0.18341836734693878 0.2113997113997114 0.0005102040816326531 0.01948051948051948
41 0.17372448979591837 0.13618326118326118 0.0005102040816326531 0.020562770562770564
41 0.18341836734693878 0.06998556998556998 0.0005102040816326531 0.025252525252525252
30 0.17908163265306123 0.4166666666666667 0.011224489795918367 0.006493506493506494
26 0.17857142857142858 0.37283549783549785 0.01020408163265306 0.006132756132756133
41 0.26224489795918365 0.14502164502164502 0.0010204081632653062 0.032467532467532464
41 0.26224489795918365 0.21825396825396826 0.0010204081632653062 0.01948051948051948
40 0.2813775510204082 0.20743145743145744 0.004591836734693878 0.002886002886002886
41 0.26224489795918365 0.08964646464646464 0.0010204081632653062 0.01406926406926407
41 0.2727040816326531 0.3430735930735931 0.0005102040816326531 0.018037518037518036
40 0.2813775510204082 0.354978354978355 0.004591836734693878 0.002886002886002886
41 0.26224489795918365 0.29184704184704185 0.0010204081632653062 0.01948051948051948
41 0.24107142857142858 0.0726911976911977 0.0005102040816326531 0.030663780663780664
26 0.23596938775510204 0.1424963924963925 0.010714285714285714 0.005772005772005772
26 0.23596938775510204 0.07485569985569986 0.010714285714285714 0.006132756132756133
24 0.23596938775510204 0.09000721500721501 0.010714285714285714 0.006132756132756133
41 0.22168367346938775 0.3587662337662338 0.0005102040816326531 0.01984126984126984
41 0.21173469387755103 0.29455266955266957 0.0010204081632653062 0.0183982683982684
41 0.21173469387755103 0.22673160173160173 0.0010204081632653062 0.0183982683982684
30 0.2673469387755102 0.42857142857142855 0.011224489795918367 0.006493506493506494
30 0.2673469387755102 0.3547979797979798 0.011224489795918367 0.006854256854256854
30 0.2673469387755102 0.281024531024531 0.011224489795918367 0.006493506493506494
30 0.2673469387755102 0.20725108225108224 0.011224489795918367 0.006854256854256854
28 0.2673469387755102 0.1275252525252525 0.011224489795918367 0.006854256854256854
30 0.2673469387755102 0.13654401154401155 0.011224489795918367 0.006854256854256854
30 0.2673469387755102 0.1424963924963925 0.011224489795918367 0.006493506493506494
26 0.2670918367346939 0.08098845598845598 0.010714285714285714 0.006132756132756133
41 0.2308673469387755 0.1497113997113997 0.0005102040816326531 0.012265512265512266
24 0.10204081632653061 0.12175324675324675 0.01020408163265306 0.006132756132756133
26 0.10178571428571428 0.07485569985569986 0.010714285714285714 0.006132756132756133
26 0.10178571428571428 0.20725108225108224 0.010714285714285714 0.006132756132756133
8 0.06938775510204082 0.4200937950937951 0.02959183673469388 0.027056277056277056
10 0.06403061224489796 0.38077200577200576 0.005612244897959183 0.005411255411255411
5 0.0663265306122449 0.35209235209235207 0.02346938775510204 0.051226551226551224
41 0.09668367346938775 0.134018759018759 0.0005102040816326531 0.022727272727272728
41 0.09668367346938775 0.21825396825396826 0.0005102040816326531 0.01948051948051948
41 0.09668367346938775 0.08892496392496392 0.0005102040816326531 0.025613275613275612
30 0.10204081632653061 0.4226190476190476 0.011224489795918367 0.006854256854256854
26 0.10178571428571428 0.34884559884559885 0.010714285714285714 0.005772005772005772
26 0.10178571428571428 0.2750721500721501 0.010714285714285714 0.006132756132756133
0 0.04030612244897959 0.10876623376623376 0.01020408163265306 0.0854978354978355
5 0.0663265306122449 0.2842712842712843 0.02346938775510204 0.051226551226551224
5 0.0663265306122449 0.21663059163059162 0.02346938775510204 0.050865800865800864
41 0.09668367346938775 0.2860750360750361 0.0005102040816326531 0.01948051948051948
8 0.06938775510204082 0.14015151515151514 0.02959183673469388 0.027056277056277056
5 0.0663265306122449 0.07828282828282829 0.02346938775510204 0.051226551226551224
41 0.13494897959183674 0.29184704184704185 0.0005102040816326531 0.017316017316017316
41 0.1451530612244898 0.3484848484848485 0.0005102040816326531 0.01443001443001443
41 0.13494897959183674 0.22420634920634921 0.0005102040816326531 0.016955266955266956
41 0.15433673469387754 0.2261904761904762 0.0005102040816326531 0.015151515151515152
41 0.15433673469387754 0.15043290043290045 0.0005102040816326531 0.010822510822510822
41 0.15433673469387754 0.08658008658008658 0.0005102040816326531 0.030303030303030304
24 0.15943877551020408 0.3638167388167388 0.010714285714285714 0.006132756132756133
24 0.15943877551020408 0.2840909090909091 0.010714285714285714 0.006132756132756133
24 0.15943877551020408 0.21626984126984128 0.010714285714285714 0.006132756132756133
26 0.15943877551020408 0.1424963924963925 0.010714285714285714 0.005772005772005772
26 0.15943877551020408 0.06908369408369408 0.010714285714285714 0.006132756132756133
24 0.15943877551020408 0.08387445887445888 0.010714285714285714 0.006132756132756133
41 0.11607142857142858 0.08658008658008658 0.0005102040816326531 0.030303030303030304
26 0.12091836734693878 0.13041125541125542 0.01020408163265306 0.006132756132756133
26 0.12091836734693878 0.06908369408369408 0.01020408163265306 0.006132756132756133
24 0.12091836734693878 0.08387445887445888 0.01020408163265306 0.006132756132756133
41 0.10739795918367347 0.4116161616161616 0.0005102040816326531 0.01948051948051948
41 0.09668367346938775 0.3596681096681097 0.0005102040816326531 0.01948051948051948
26 0.14005102040816325 0.21338383838383837 0.010714285714285714 0.006132756132756133
41 0.13494897959183674 0.14574314574314573 0.0005102040816326531 0.013708513708513708
41 0.13494897959183674 0.08946608946608947 0.0005102040816326531 0.024531024531024532
24 0.14005102040816325 0.35768398268398266 0.010714285714285714 0.006132756132756133
26 0.14005102040816325 0.281024531024531 0.010714285714285714 0.005772005772005772
40 0.2813775510204082 0.281024531024531 0.004591836734693878 0.002886002886002886
26 0.14005102040816325 0.13654401154401155 0.010714285714285714 0.006132756132756133
26 0.14005102040816325 0.07485569985569986 0.010714285714285714 0.006132756132756133
41 0.11607142857142858 0.14033189033189034 0.0005102040816326531 0.017316017316017316
41 0.4329081632653061 0.42803030303030304 0.0005102040816326531 0.0183982683982684
63 0.45127551020408163 0.08315295815295816 0.008673469387755102 0.024170274170274172
26 0.4846938775510204 0.1424963924963925 0.01020408163265306 0.005772005772005772
26 0.4846938775510204 0.07485569985569986 0.01020408163265306 0.006132756132756133
41 0.46964285714285714 0.1305916305916306 0.0005102040816326531 0.013708513708513708
41 0.45943877551020407 0.08658008658008658 0.0005102040816326531 0.030303030303030304
24 0.4645408163265306 0.13943001443001443 0.010714285714285714 0.006132756132756133
26 0.4645408163265306 0.06908369408369408 0.010714285714285714 0.006132756132756133
24 0.4645408163265306 0.08387445887445888 0.010714285714285714 0.006132756132756133
41 0.4431122448979592 0.1277056277056277 0.0005102040816326531 0.013708513708513708
94 0.43418367346938774 0.4448051948051948 0.00816326530612245 0.007936507936507936
95 0.4431122448979592 0.4435425685425685 0.008673469387755102 0.015512265512265512
26 0.43801020408163266 0.4166666666666667 0.010714285714285714 0.005772005772005772
94 0.43494897959183676 0.37626262626262624 0.007653061224489796 0.007936507936507936
93 0.44362244897959185 0.3768037518037518 0.008673469387755102 0.011904761904761904
26 0.43801020408163266 0.34884559884559885 0.010714285714285714 0.005772005772005772
41 0.4329081632653061 0.3596681096681097 0.0005102040816326531 0.01948051948051948
41 0.4329081632653061 0.29238816738816736 0.0005102040816326531 0.0183982683982684
26 0.4846938775510204 0.21338383838383837 0.01020408163265306 0.006132756132756133
41 0.4329081632653061 0.2187950937950938 0.0005102040816326531 0.0183982683982684
41 0.5071428571428571 0.08621933621933622 0.0010204081632653062 0.031024531024531024
41 0.5170918367346938 0.1388888888888889 0.0005102040816326531 0.020202020202020204
63 0.4989795918367347 0.15061327561327562 0.009183673469387756 0.024170274170274172
24 0.5119897959183674 0.41973304473304474 0.010714285714285714 0.006132756132756133
24 0.5119897959183674 0.3519119769119769 0.010714285714285714 0.006132756132756133
24 0.5119897959183674 0.2840909090909091 0.010714285714285714 0.006132756132756133
24 0.5122448979591837 0.21013708513708515 0.01020408163265306 0.006132756132756133
24 0.5122448979591837 0.15133477633477632 0.01020408163265306 0.006132756132756133
26 0.5119897959183674 0.06908369408369408 0.010714285714285714 0.006132756132756133
24 0.5122448979591837 0.08387445887445888 0.01020408163265306 0.006132756132756133
41 0.5170918367346938 0.4101731601731602 0.0005102040816326531 0.016594516594516596
41 0.5170918367346938 0.3428932178932179 0.0005102040816326531 0.015512265512265512
41 0.5170918367346938 0.27525252525252525 0.0005102040816326531 0.015151515151515152
41 0.5071428571428571 0.2196969696969697 0.0010204081632653062 0.016594516594516596
41 0.4895408163265306 0.13365800865800867 0.0005102040816326531 0.015512265512265512
41 0.4798469387755102 0.22168109668109667 0.0005102040816326531 0.01479076479076479
41 0.4798469387755102 0.08892496392496392 0.0005102040816326531 0.025613275613275612
26 0.4846938775510204 0.4226190476190476 0.01020408163265306 0.006132756132756133
24 0.4846938775510204 0.35768398268398266 0.01020408163265306 0.006132756132756133
24 0.4846938775510204 0.2898629148629149 0.01020408163265306 0.006132756132756133
41 0.4895408163265306 0.41215728715728717 0.0005102040816326531 0.0183982683982684
63 0.4714285714285714 0.35678210678210676 0.009183673469387756 0.024531024531024532
41 0.4895408163265306 0.3475829725829726 0.0005102040816326531 0.017676767676767676
63 0.4714285714285714 0.2893217893217893 0.009183673469387756 0.024531024531024532
41 0.4895408163265306 0.27994227994227994 0.0005102040816326531 0.018037518037518036
30 0.3479591836734694 0.4226190476190476 0.011224489795918367 0.006854256854256854
41 0.3426020408163265 0.15097402597402598 0.0005102040816326531 0.012626262626262626
41 0.3426020408163265 0.08946608946608947 0.0005102040816326531 0.024531024531024532
26 0.34770408163265304 0.1424963924963925 0.010714285714285714 0.005772005772005772
26 0.34770408163265304 0.07485569985569986 0.010714285714285714 0.006132756132756133
41 0.3227040816326531 0.08405483405483405 0.0005102040816326531 0.025252525252525252
94 0.43494897959183676 0.30844155844155846 0.007653061224489796 0.007936507936507936
93 0.44362244897959185 0.30898268398268397 0.008673469387755102 0.011904761904761904
41 0.36403061224489797 0.1471861471861472 0.0005102040816326531 0.016594516594516596
41 0.36403061224489797 0.08658008658008658 0.0005102040816326531 0.030303030303030304
26 0.3278061224489796 0.06908369408369408 0.010714285714285714 0.006132756132756133
26 0.3691326530612245 0.06908369408369408 0.010714285714285714 0.006132756132756133
24 0.3691326530612245 0.08387445887445888 0.010714285714285714 0.006132756132756133
41 0.35331632653061223 0.4116161616161616 0.0005102040816326531 0.01948051948051948
41 0.2727040816326531 0.41774891774891776 0.0005102040816326531 0.01948051948051948
26 0.3278061224489796 0.08098845598845598 0.010714285714285714 0.006132756132756133
41 0.3025510204081633 0.08676046176046176 0.0010204081632653062 0.01984126984126984
26 0.30739795918367346 0.07485569985569986 0.010714285714285714 0.006132756132756133
26 0.3691326530612245 0.13654401154401155 0.010714285714285714 0.006132756132756133
41 0.2823979591836735 0.08405483405483405 0.0005102040816326531 0.025252525252525252
26 0.2875 0.06908369408369408 0.010714285714285714 0.006132756132756133
26 0.2875 0.08098845598845598 0.010714285714285714 0.006132756132756133
26 0.4091836734693878 0.06908369408369408 0.01020408163265306 0.006132756132756133
24 0.40994897959183674 0.08387445887445888 0.009693877551020408 0.006132756132756133
41 0.3852040816326531 0.36002886002886003 0.0010204081632653062 0.01875901875901876
26 0.4094387755102041 0.13654401154401155 0.010714285714285714 0.006132756132756133
41 0.3852040816326531 0.22420634920634921 0.0010204081632653062 0.01984126984126984
26 0.43801020408163266 0.281024531024531 0.010714285714285714 0.005772005772005772
26 0.43801020408163266 0.20725108225108224 0.010714285714285714 0.006132756132756133
26 0.43801020408163266 0.13654401154401155 0.010714285714285714 0.006132756132756133
94 0.4375 0.09812409812409813 0.007653061224489796 0.007936507936507936
87 0.4372448979591837 0.0661976911976912 0.01020408163265306 0.011183261183261184
41 0.3852040816326531 0.2922077922077922 0.0010204081632653062 0.01875901875901876
41 0.40433673469387754 0.1452020202020202 0.0005102040816326531 0.01479076479076479
41 0.40433673469387754 0.08603896103896104 0.0005102040816326531 0.031385281385281384
94 0.3903061224489796 0.2362914862914863 0.00816326530612245 0.007936507936507936
26 0.3903061224489796 0.07485569985569986 0.01020408163265306 0.006132756132756133
26 0.3903061224489796 0.13041125541125542 0.01020408163265306 0.006132756132756133
26 0.39005102040816325 0.21338383838383837 0.010714285714285714 0.006132756132756133
26 0.39005102040816325 0.281024531024531 0.010714285714285714 0.005772005772005772
26 0.39005102040816325 0.34884559884559885 0.010714285714285714 0.005772005772005772
41 0.3852040816326531 0.08892496392496392 0.0010204081632653062 0.025613275613275612
41 0.3852040816326531 0.14285714285714285 0.0010204081632653062 0.022366522366522368
1 0.15357142857142858 0.6031746031746031 0.0163265306122449 0.0007215007215007215
134 0.4997448979591837 0.7234848484848485 0.9045918367346939 0.024170274170274172
134 0.4997448979591837 0.926948051948052 0.9045918367346939 0.024170274170274172
134 0.4997448979591837 0.8591269841269841 0.9045918367346939 0.024170274170274172
134 0.4997448979591837 0.6466450216450217 0.9045918367346939 0.024170274170274172
1 0.9045918367346939 0.8232323232323232 0.0163265306122449 0.0007215007215007215
1 0.9045918367346939 0.8293650793650794 0.0163265306122449 0.0007215007215007215
1 0.9045918367346939 0.8351370851370852 0.0163265306122449 0.0007215007215007215
1 0.9045918367346939 0.8412698412698413 0.0163265306122449 0.0007215007215007215
1 0.8558673469387755 0.8351370851370852 0.015816326530612244 0.0007215007215007215
1 0.8558673469387755 0.8412698412698413 0.015816326530612244 0.0007215007215007215
1 0.8298469387755102 0.8412698412698413 0.015816326530612244 0.0007215007215007215
1 0.7545918367346939 0.8351370851370852 0.0163265306122449 0.0007215007215007215
1 0.7545918367346939 0.8412698412698413 0.0163265306122449 0.0007215007215007215
1 0.6941326530612245 0.8412698412698413 0.015816326530612244 0.0007215007215007215
1 0.6454081632653061 0.8351370851370852 0.0163265306122449 0.0007215007215007215
1 0.6454081632653061 0.8412698412698413 0.0163265306122449 0.0007215007215007215
1 0.6206632653061225 0.8351370851370852 0.015816326530612244 0.0007215007215007215
1 0.6206632653061225 0.8412698412698413 0.015816326530612244 0.0007215007215007215
1 0.5959183673469388 0.8412698412698413 0.0163265306122449 0.0007215007215007215
1 0.5471938775510204 0.8351370851370852 0.015816326530612244 0.0007215007215007215
1 0.5471938775510204 0.8412698412698413 0.015816326530612244 0.0007215007215007215
1 0.48622448979591837 0.8351370851370852 0.0163265306122449 0.0007215007215007215
1 0.48622448979591837 0.8412698412698413 0.0163265306122449 0.0007215007215007215
1 0.43494897959183676 0.8293650793650794 0.015816326530612244 0.0007215007215007215
1 0.43494897959183676 0.8351370851370852 0.015816326530612244 0.0007215007215007215
1 0.43494897959183676 0.8412698412698413 0.015816326530612244 0.0007215007215007215
1 0.41020408163265304 0.8351370851370852 0.0163265306122449 0.0007215007215007215
1 0.41020408163265304 0.8412698412698413 0.0163265306122449 0.0007215007215007215
1 0.3780612244897959 0.8351370851370852 0.0163265306122449 0.0007215007215007215
1 0.3780612244897959 0.8412698412698413 0.0163265306122449 0.0007215007215007215
1 0.32193877551020406 0.8293650793650794 0.0163265306122449 0.0007215007215007215
1 0.32193877551020406 0.8351370851370852 0.0163265306122449 0.0007215007215007215
1 0.32193877551020406 0.8412698412698413 0.0163265306122449 0.0007215007215007215
1 0.7548469387755102 0.6287878787878788 0.01683673469387755 0.0007215007215007215
134 0.4997448979591837 0.7913059163059163 0.9045918367346939 0.024170274170274172
134 0.4997448979591837 0.5853174603174603 0.9045918367346939 0.024170274170274172
1 0.9045918367346939 0.7554112554112554 0.0163265306122449 0.0007215007215007215
1 0.9045918367346939 0.7615440115440115 0.0163265306122449 0.0007215007215007215
1 0.9045918367346939 0.7673160173160173 0.0163265306122449 0.0007215007215007215
1 0.9045918367346939 0.7734487734487735 0.0163265306122449 0.0007215007215007215
1 0.8558673469387755 0.7673160173160173 0.015816326530612244 0.0007215007215007215
1 0.8558673469387755 0.7734487734487735 0.015816326530612244 0.0007215007215007215
1 0.8298469387755102 0.7734487734487735 0.015816326530612244 0.0007215007215007215
1 0.7545918367346939 0.7673160173160173 0.0163265306122449 0.0007215007215007215
1 0.7545918367346939 0.7734487734487735 0.0163265306122449 0.0007215007215007215
1 0.6941326530612245 0.7734487734487735 0.015816326530612244 0.0007215007215007215
1 0.6454081632653061 0.7673160173160173 0.0163265306122449 0.0007215007215007215
1 0.6454081632653061 0.7734487734487735 0.0163265306122449 0.0007215007215007215
1 0.6206632653061225 0.7673160173160173 0.015816326530612244 0.0007215007215007215
1 0.6206632653061225 0.7734487734487735 0.015816326530612244 0.0007215007215007215
1 0.5959183673469388 0.7734487734487735 0.0163265306122449 0.0007215007215007215
1 0.5471938775510204 0.7673160173160173 0.015816326530612244 0.0007215007215007215
1 0.5471938775510204 0.7734487734487735 0.015816326530612244 0.0007215007215007215
1 0.48622448979591837 0.7673160173160173 0.0163265306122449 0.0007215007215007215
1 0.48622448979591837 0.7734487734487735 0.0163265306122449 0.0007215007215007215
1 0.43494897959183676 0.7615440115440115 0.015816326530612244 0.0007215007215007215
1 0.43494897959183676 0.7673160173160173 0.015816326530612244 0.0007215007215007215
1 0.43494897959183676 0.7734487734487735 0.015816326530612244 0.0007215007215007215
1 0.41020408163265304 0.7673160173160173 0.0163265306122449 0.0007215007215007215
1 0.41020408163265304 0.7734487734487735 0.0163265306122449 0.0007215007215007215
1 0.3780612244897959 0.7673160173160173 0.0163265306122449 0.0007215007215007215
1 0.3780612244897959 0.7734487734487735 0.0163265306122449 0.0007215007215007215
1 0.32193877551020406 0.7615440115440115 0.0163265306122449 0.0007215007215007215
1 0.32193877551020406 0.7673160173160173 0.0163265306122449 0.0007215007215007215
1 0.32193877551020406 0.7734487734487735 0.0163265306122449 0.0007215007215007215
41 0.6405612244897959 0.937950937950938 0.0005102040816326531 0.017316017316017316
41 0.6890306122448979 0.5975829725829725 0.0005102040816326531 0.020562770562770564
41 0.6405612244897959 0.7790404040404041 0.0005102040816326531 0.024170274170274172
24 0.6941326530612245 0.9327200577200577 0.010714285714285714 0.006132756132756133
26 0.6941326530612245 0.8382034632034632 0.010714285714285714 0.006132756132756133
41 0.6405612244897959 0.8468614718614719 0.0005102040816326531 0.024170274170274172
26 0.6941326530612245 0.7703823953823954 0.010714285714285714 0.006132756132756133
24 0.6698979591836735 0.5910894660894661 0.009183673469387756 0.006132756132756133
24 0.6693877551020408 0.5791847041847041 0.01020408163265306 0.006132756132756133
41 0.6645408163265306 0.5941558441558441 0.0005102040816326531 0.027417027417027416
24 0.6941326530612245 0.7234848484848485 0.010714285714285714 0.006132756132756133
24 0.6941326530612245 0.5853174603174603 0.010714285714285714 0.006132756132756133
26 0.6456632653061225 0.7644300144300145 0.010714285714285714 0.005772005772005772
41 0.625765306122449 0.920995670995671 0.0005102040816326531 0.013708513708513708
87 0.6446428571428572 0.5734126984126984 0.010714285714285714 0.011183261183261184
28 0.6464285714285715 0.6525974025974026 0.01020408163265306 0.006493506493506494
28 0.6464285714285715 0.6468253968253969 0.01020408163265306 0.006493506493506494
30 0.6459183673469387 0.6378066378066378 0.011224489795918367 0.006493506493506494
24 0.6456632653061225 0.7175324675324676 0.010714285714285714 0.005772005772005772
26 0.6456632653061225 0.8322510822510822 0.010714285714285714 0.005772005772005772
24 0.6456632653061225 0.926948051948052 0.010714285714285714 0.006132756132756133
41 0.6405612244897959 0.6545815295815296 0.0005102040816326531 0.031385281385281384
41 0.6405612244897959 0.7283549783549783 0.0005102040816326531 0.01948051948051948
87 0.7535714285714286 0.5734126984126984 0.01020408163265306 0.011183261183261184
30 0.7556122448979592 0.6497113997113997 0.01020408163265306 0.006493506493506494
30 0.7556122448979592 0.6437590187590188 0.01020408163265306 0.006854256854256854
30 0.7556122448979592 0.6378066378066378 0.01020408163265306 0.006493506493506494
28 0.7551020408163265 0.6287878787878788 0.011224489795918367 0.006493506493506494
26 0.7545918367346939 0.7205988455988456 0.01020408163265306 0.006132756132756133
24 0.7545918367346939 0.7674963924963925 0.01020408163265306 0.006132756132756133
24 0.7545918367346939 0.8353174603174603 0.01020408163265306 0.006132756132756133
26 0.7545918367346939 0.9298340548340548 0.01020408163265306 0.006132756132756133
121 0.3711734693877551 0.6316738816738817 0.08826530612244898 0.010101010101010102
41 0.7497448979591836 0.6493506493506493 0.0005102040816326531 0.03823953823953824
41 0.6890306122448979 0.7339466089466089 0.0005102040816326531 0.0183982683982684
41 0.6890306122448979 0.7813852813852814 0.0005102040816326531 0.01948051948051948
41 0.6890306122448979 0.8492063492063492 0.0005102040816326531 0.01948051948051948
41 0.699234693877551 0.9217171717171717 0.0005102040816326531 0.01948051948051948
24 0.7196428571428571 0.5910894660894661 0.009693877551020408 0.006132756132756133
24 0.7191326530612245 0.5791847041847041 0.010714285714285714 0.006132756132756133
41 0.7140306122448979 0.5946969696969697 0.0005102040816326531 0.0284992784992785
41 0.5420918367346939 0.8468614718614719 0.0005102040816326531 0.024170274170274172
121 0.17219387755102042 0.5820707070707071 0.027040816326530614 0.005411255411255411
41 0.5420918367346939 0.937950937950938 0.0005102040816326531 0.017316017316017316
121 0.24158163265306123 0.6020923520923521 0.08112244897959184 0.013708513708513708
24 0.5714285714285714 0.5853174603174603 0.009183673469387756 0.006132756132756133
26 0.5709183673469388 0.5701659451659452 0.01020408163265306 0.006132756132756133
41 0.5660714285714286 0.5865800865800865 0.0005102040816326531 0.030303030303030304
121 0.1104591836734694 0.6623376623376623 0.027040816326530614 0.006493506493506494
41 0.5420918367346939 0.6553030303030303 0.0005102040816326531 0.029942279942279944
41 0.5420918367346939 0.7290764790764791 0.0005102040816326531 0.018037518037518036
41 0.5420918367346939 0.7790404040404041 0.0005102040816326531 0.024170274170274172
41 0.6007653061224489 0.922979797979798 0.0005102040816326531 0.015512265512265512
24 0.6211734693877551 0.5853174603174603 0.009693877551020408 0.006132756132756133
26 0.6206632653061225 0.5703463203463204 0.010714285714285714 0.005772005772005772
26 0.6206632653061225 0.7205988455988456 0.010714285714285714 0.006132756132756133
24 0.6206632653061225 0.7674963924963925 0.010714285714285714 0.006132756132756133
24 0.6206632653061225 0.8353174603174603 0.010714285714285714 0.006132756132756133
26 0.6206632653061225 0.9298340548340548 0.010714285714285714 0.006132756132756133
41 0.6155612244897959 0.5865800865800865 0.0005102040816326531 0.030303030303030304
41 0.6155612244897959 0.7303391053391053 0.0005102040816326531 0.016955266955266956
41 0.6155612244897959 0.7794011544011544 0.0005102040816326531 0.021284271284271284
41 0.7497448979591836 0.7316017316017316 0.0005102040816326531 0.01948051948051948
41 0.6155612244897959 0.8472222222222222 0.0005102040816326531 0.021284271284271284
41 0.5908163265306122 0.7334054834054834 0.0010204081632653062 0.015873015873015872
24 0.5959183673469388 0.5791847041847041 0.01020408163265306 0.006132756132756133
24 0.5956632653061225 0.7234848484848485 0.010714285714285714 0.006132756132756133
26 0.5959183673469388 0.7703823953823954 0.01020408163265306 0.006132756132756133
26 0.5959183673469388 0.8382034632034632 0.01020408163265306 0.006132756132756133
24 0.5956632653061225 0.9327200577200577 0.010714285714285714 0.006132756132756133
41 0.5908163265306122 0.5910894660894661 0.0010204081632653062 0.021284271284271284
41 0.5908163265306122 0.7819264069264069 0.0010204081632653062 0.020562770562770564
41 0.5908163265306122 0.8497474747474747 0.0010204081632653062 0.020562770562770564
24 0.9045918367346939 0.8234126984126984 0.01020408163265306 0.006132756132756133
24 0.8798469387755102 0.5972222222222222 0.010714285714285714 0.006132756132756133
26 0.8790816326530613 0.5822510822510822 0.009183673469387756 0.005772005772005772
41 0.8846938775510204 0.5802669552669553 0.0010204081632653062 0.031385281385281384
24 0.9045918367346939 0.5910894660894661 0.01020408163265306 0.006132756132756133
26 0.9045918367346939 0.7086940836940837 0.01020408163265306 0.006132756132756133
24 0.9045918367346939 0.7555916305916306 0.01020408163265306 0.006132756132756133
41 0.8507653061224489 0.937950937950938 0.0005102040816326531 0.017316017316017316
26 0.9045918367346939 0.9179292929292929 0.01020408163265306 0.006132756132756133
41 0.9094387755102041 0.5777417027417028 0.0005102040816326531 0.024170274170274172
41 0.8994897959183673 0.7196969696969697 0.0010204081632653062 0.01948051948051948
41 0.8994897959183673 0.773989898989899 0.0010204081632653062 0.03427128427128427
30 0.8566326530612245 0.6437590187590188 0.01020408163265306 0.006854256854256854
30 0.8566326530612245 0.6378066378066378 0.01020408163265306 0.006493506493506494
30 0.8561224489795919 0.6318542568542569 0.011224489795918367 0.006854256854256854
24 0.8558673469387755 0.7175324675324676 0.010714285714285714 0.005772005772005772
26 0.8558673469387755 0.7644300144300145 0.010714285714285714 0.005772005772005772
26 0.8558673469387755 0.8322510822510822 0.010714285714285714 0.005772005772005772
24 0.8558673469387755 0.926948051948052 0.010714285714285714 0.006132756132756133
41 0.8507653061224489 0.6507936507936508 0.0005102040816326531 0.03535353535353535
41 0.8507653061224489 0.7283549783549783 0.0005102040816326531 0.01948051948051948
41 0.8507653061224489 0.7783189033189033 0.0005102040816326531 0.025613275613275612
41 0.8507653061224489 0.8461399711399712 0.0005102040816326531 0.025613275613275612
121 0.5908163265306122 0.6031746031746031 0.05 0.0021645021645021645
121 0.6033163265306123 0.7408008658008658 0.025 0.003246753246753247
121 0.4813775510204082 0.6060606060606061 0.05153061224489796 0.0021645021645021645
121 0.9094387755102041 0.5643939393939394 0.049489795918367344 0.0018037518037518038
121 0.8214285714285714 0.9179292929292929 0.026530612244897958 0.005411255411255411
121 0.811734693877551 0.8596681096681097 0.026530612244897958 0.002886002886002886
121 0.811734693877551 0.7918470418470418 0.026530612244897958 0.002886002886002886
121 0.8214285714285714 0.7085137085137085 0.026530612244897958 0.005772005772005772
121 0.799234693877551 0.6091269841269841 0.05153061224489796 0.0018037518037518038
121 0.6890306122448979 0.6091269841269841 0.049489795918367344 0.0018037518037518038
121 0.613265306122449 0.9143217893217893 0.024489795918367346 0.003246753246753247
121 0.6033163265306123 0.8596681096681097 0.025 0.002886002886002886
41 0.8994897959183673 0.8416305916305916 0.0010204081632653062 0.03463203463203463
41 0.8994897959183673 0.9289321789321789 0.0010204081632653062 0.01948051948051948
24 0.9293367346938776 0.5972222222222222 0.010714285714285714 0.006132756132756133
26 0.9288265306122448 0.5822510822510822 0.009693877551020408 0.005772005772005772
41 0.934438775510204 0.5802669552669553 0.0005102040816326531 0.031385281385281384
30 0.8561224489795919 0.6497113997113997 0.011224489795918367 0.006493506493506494
121 0.399234693877551 0.9096320346320347 0.03214285714285714 0.003246753246753247
121 0.4686224489795918 0.6634199134199135 0.0770408163265306 0.013708513708513708
24 0.7790816326530612 0.5910894660894661 0.009183673469387756 0.006132756132756133
121 0.38903061224489793 0.8596681096681097 0.03214285714285714 0.002886002886002886
41 0.7594387755102041 0.9188311688311688 0.0005102040816326531 0.01948051948051948
26 0.7785714285714286 0.5762987012987013 0.01020408163265306 0.006132756132756133
41 0.773469387755102 0.5932539682539683 0.0010204081632653062 0.031385281385281384
26 0.8033163265306122 0.5822510822510822 0.010714285714285714 0.005772005772005772
24 0.8033163265306122 0.7294372294372294 0.010714285714285714 0.005772005772005772
26 0.8033163265306122 0.7763347763347763 0.010714285714285714 0.005772005772005772
26 0.8033163265306122 0.8441558441558441 0.010714285714285714 0.005772005772005772
24 0.8033163265306122 0.9388528138528138 0.010714285714285714 0.006132756132756133
41 0.7982142857142858 0.5961399711399712 0.0005102040816326531 0.025613275613275612
121 0.6033163265306123 0.7918470418470418 0.025 0.002886002886002886
121 0.376530612244898 0.6091269841269841 0.05714285714285714 0.0018037518037518038
41 0.7497448979591836 0.7799422799422799 0.0005102040816326531 0.022366522366522368
121 0.38903061224489793 0.7361111111111112 0.03214285714285714 0.003246753246753247
121 0.38903061224489793 0.7918470418470418 0.03214285714285714 0.002886002886002886
41 0.7497448979591836 0.8477633477633477 0.0005102040816326531 0.022366522366522368
41 0.8247448979591837 0.5937950937950938 0.0005102040816326531 0.030303030303030304
41 0.8349489795918368 0.7142857142857143 0.0005102040816326531 0.01443001443001443
41 0.8247448979591837 0.7819264069264069 0.0005102040816326531 0.0183982683982684
24 0.8298469387755102 0.9327200577200577 0.010714285714285714 0.006132756132756133
41 0.8247448979591837 0.8497474747474747 0.0005102040816326531 0.0183982683982684
41 0.8349489795918368 0.9238816738816739 0.0005102040816326531 0.015151515151515152
87 0.8548469387755102 0.5735930735930735 0.010714285714285714 0.011544011544011544
41 0.8084183673469387 0.7195165945165946 0.0005102040816326531 0.017676767676767676
41 0.7982142857142858 0.7848124098124099 0.0005102040816326531 0.01479076479076479
41 0.7982142857142858 0.8526334776334776 0.0005102040816326531 0.01479076479076479
41 0.8084183673469387 0.9287518037518038 0.0005102040816326531 0.017676767676767676
24 0.8298469387755102 0.5910894660894661 0.010714285714285714 0.006132756132756133
26 0.8298469387755102 0.5762987012987013 0.010714285714285714 0.006132756132756133
24 0.8298469387755102 0.7234848484848485 0.010714285714285714 0.006132756132756133
26 0.8298469387755102 0.7703823953823954 0.010714285714285714 0.006132756132756133
26 0.8298469387755102 0.8382034632034632 0.010714285714285714 0.006132756132756133
41 0.20127551020408163 0.8647186147186147 0.0005102040816326531 0.018037518037518036
41 0.20127551020408163 0.937950937950938 0.0005102040816326531 0.017316017316017316
24 0.23316326530612244 0.5853174603174603 0.01020408163265306 0.006132756132756133
41 0.22831632653061223 0.5952380952380952 0.0005102040816326531 0.017316017316017316
41 0.20127551020408163 0.8023088023088023 0.0005102040816326531 0.017316017316017316
24 0.2602040816326531 0.5791847041847041 0.01020408163265306 0.006132756132756133
24 0.2602040816326531 0.7234848484848485 0.01020408163265306 0.006132756132756133
24 0.2602040816326531 0.7851731601731602 0.01020408163265306 0.006132756132756133
26 0.2602040816326531 0.8441558441558441 0.01020408163265306 0.005772005772005772
24 0.2602040816326531 0.9208152958152959 0.01020408163265306 0.006132756132756133
41 0.25510204081632654 0.5901875901875901 0.0010204081632653062 0.01948051948051948
41 0.25510204081632654 0.7339466089466089 0.0010204081632653062 0.0183982683982684
24 0.20637755102040817 0.926948051948052 0.010714285714285714 0.006132756132756133
24 0.18061224489795918 0.5972222222222222 0.01020408163265306 0.006132756132756133
41 0.1854591836734694 0.5883838383838383 0.0005102040816326531 0.015151515151515152
24 0.20637755102040817 0.5910894660894661 0.010714285714285714 0.006132756132756133
85 0.20739795918367346 0.645021645021645 0.012755102040816327 0.002886002886002886
24 0.20637755102040817 0.7175324675324676 0.010714285714285714 0.005772005772005772
24 0.20637755102040817 0.7913059163059163 0.010714285714285714 0.006132756132756133
24 0.20637755102040817 0.852994227994228 0.010714285714285714 0.006132756132756133
41 0.20127551020408163 0.6001082251082251 0.0005102040816326531 0.015512265512265512
41 0.20127551020408163 0.7283549783549783 0.0005102040816326531 0.01948051948051948
26 0.32193877551020406 0.9238816738816739 0.01020408163265306 0.005772005772005772
41 0.3267857142857143 0.6347402597402597 0.0005102040816326531 0.013347763347763348
94 0.32193877551020406 0.8791486291486291 0.00816326530612245 0.007936507936507936
41 0.3170918367346939 0.7261904761904762 0.0005102040816326531 0.018037518037518036
41 0.3170918367346939 0.7775974025974026 0.0005102040816326531 0.027056277056277056
26 0.2869897959183674 0.5703463203463204 0.010714285714285714 0.005772005772005772
41 0.25510204081632654 0.7961760461760462 0.0010204081632653062 0.01948051948051948
41 0.25510204081632654 0.854978354978355 0.0010204081632653062 0.01948051948051948
41 0.25510204081632654 0.9318181818181818 0.0010204081632653062 0.01948051948051948
41 0.1586734693877551 0.9217171717171717 0.0010204081632653062 0.01948051948051948
41 0.28188775510204084 0.5836940836940837 0.0005102040816326531 0.024531024531024532
87 0.3209183673469388 0.5734126984126984 0.01020408163265306 0.011183261183261184
94 0.32142857142857145 0.6053391053391053 0.00816326530612245 0.007936507936507936
26 0.32193877551020406 0.6437590187590188 0.01020408163265306 0.006132756132756133
26 0.32193877551020406 0.7144660894660895 0.01020408163265306 0.006132756132756133
24 0.32193877551020406 0.7613636363636364 0.01020408163265306 0.006132756132756133
94 0.32193877551020406 0.8115079365079365 0.00816326530612245 0.008297258297258298
24 0.32193877551020406 0.8291847041847041 0.01020408163265306 0.006132756132756133
5 0.0663265306122449 0.7238455988455988 0.02346938775510204 0.050865800865800864
5 0.0663265306122449 0.7916666666666666 0.02346938775510204 0.050865800865800864
5 0.0663265306122449 0.8594877344877345 0.02346938775510204 0.050865800865800864
10 0.06403061224489796 0.8883477633477633 0.005612244897959183 0.005411255411255411
8 0.06938775510204082 0.9273088023088023 0.02959183673469388 0.027056277056277056
26 0.10178571428571428 0.5762987012987013 0.010714285714285714 0.006132756132756133
24 0.10178571428571428 0.6466450216450217 0.010714285714285714 0.006132756132756133
24 0.10178571428571428 0.7294372294372294 0.010714285714285714 0.005772005772005772
26 0.10178571428571428 0.8060966810966811 0.010714285714285714 0.006132756132756133
24 0.10178571428571428 0.86489898989899 0.010714285714285714 0.006132756132756133
24 0.10178571428571428 0.9388528138528138 0.010714285714285714 0.006132756132756133
0 0.04030612244897959 0.615981240981241 0.01020408163265306 0.0854978354978355
41 0.09668367346938775 0.5873015873015873 0.0005102040816326531 0.01948051948051948
5 0.0663265306122449 0.5854978354978355 0.02346938775510204 0.051226551226551224
8 0.06938775510204082 0.6473665223665224 0.02959183673469388 0.027056277056277056
26 0.15357142857142858 0.6062409812409812 0.01020408163265306 0.006132756132756133
86 0.15229591836734693 0.647005772005772 0.009693877551020408 0.0183982683982684
24 0.15357142857142858 0.7234848484848485 0.01020408163265306 0.006132756132756133
24 0.15357142857142858 0.7972582972582972 0.01020408163265306 0.005772005772005772
24 0.15357142857142858 0.8591269841269841 0.01020408163265306 0.006132756132756133
24 0.1538265306122449 0.9327200577200577 0.010714285714285714 0.006132756132756133
41 0.1586734693877551 0.5945165945165946 0.0010204081632653062 0.020923520923520924
41 0.14872448979591837 0.7339466089466089 0.0005102040816326531 0.0183982683982684
41 0.1586734693877551 0.7864357864357865 0.0010204081632653062 0.01948051948051948
41 0.14872448979591837 0.8695887445887446 0.0005102040816326531 0.0183982683982684
41 0.09668367346938775 0.6562049062049062 0.0005102040816326531 0.016594516594516596
41 0.10688775510204082 0.7186147186147186 0.0005102040816326531 0.01948051948051948
41 0.10688775510204082 0.7950937950937951 0.0005102040816326531 0.01948051948051948
41 0.10688775510204082 0.8542568542568543 0.0005102040816326531 0.01948051948051948
41 0.10688775510204082 0.9278499278499278 0.0005102040816326531 0.01948051948051948
26 0.1288265306122449 0.6378066378066378 0.010714285714285714 0.005772005772005772
41 0.12372448979591837 0.6493506493506493 0.0005102040816326531 0.020923520923520924
41 0.4298469387755102 0.726010101010101 0.0005102040816326531 0.0183982683982684
41 0.4298469387755102 0.7774170274170275 0.0005102040816326531 0.027417027417027416
41 0.4298469387755102 0.8452380952380952 0.0005102040816326531 0.027417027417027416
41 0.4298469387755102 0.9352453102453102 0.0005102040816326531 0.0183982683982684
26 0.46096938775510204 0.5882034632034632 0.009693877551020408 0.006132756132756133
26 0.4604591836734694 0.5762987012987013 0.010714285714285714 0.006132756132756133
26 0.4604591836734694 0.6497113997113997 0.010714285714285714 0.005772005772005772
41 0.45535714285714285 0.5918109668109668 0.0005102040816326531 0.0284992784992785
41 0.45535714285714285 0.658008658008658 0.0005102040816326531 0.01443001443001443
41 0.4051020408163265 0.7783189033189033 0.0010204081632653062 0.025613275613275612
41 0.4051020408163265 0.8461399711399712 0.0010204081632653062 0.025613275613275612
41 0.4150510204081633 0.9168470418470418 0.0005102040816326531 0.015512265512265512
87 0.43418367346938774 0.5735930735930735 0.01020408163265306 0.011544011544011544
26 0.43494897959183676 0.6556637806637806 0.010714285714285714 0.006132756132756133
26 0.43494897959183676 0.7144660894660895 0.010714285714285714 0.006132756132756133
24 0.43494897959183676 0.7613636363636364 0.010714285714285714 0.006132756132756133
24 0.43494897959183676 0.8291847041847041 0.010714285714285714 0.006132756132756133
26 0.43494897959183676 0.9238816738816739 0.010714285714285714 0.005772005772005772
41 0.4298469387755102 0.663059163059163 0.0005102040816326531 0.012265512265512266
41 0.5073979591836735 0.6473665223665224 0.0005102040816326531 0.01984126984126984
41 0.4913265306122449 0.9188311688311688 0.0010204081632653062 0.01948051948051948
26 0.5127551020408163 0.5882034632034632 0.009183673469387756 0.006132756132756133
26 0.5122448979591837 0.5762987012987013 0.01020408163265306 0.006132756132756133
24 0.5122448979591837 0.6347402597402597 0.01020408163265306 0.006132756132756133
41 0.5073979591836735 0.5918109668109668 0.0005102040816326531 0.0284992784992785
87 0.5461734693877551 0.5734126984126984 0.010714285714285714 0.011183261183261184
28 0.5474489795918367 0.6525974025974026 0.011224489795918367 0.006493506493506494
28 0.5474489795918367 0.6468253968253969 0.011224489795918367 0.006493506493506494
30 0.5474489795918367 0.6378066378066378 0.011224489795918367 0.006493506493506494
24 0.5471938775510204 0.7175324675324676 0.010714285714285714 0.005772005772005772
26 0.5471938775510204 0.7644300144300145 0.010714285714285714 0.005772005772005772
26 0.5471938775510204 0.8322510822510822 0.010714285714285714 0.005772005772005772
24 0.5471938775510204 0.926948051948052 0.010714285714285714 0.006132756132756133
41 0.4813775510204082 0.6536796536796536 0.0005102040816326531 0.015151515151515152
26 0.48647959183673467 0.5822510822510822 0.010714285714285714 0.005772005772005772
26 0.48647959183673467 0.6437590187590188 0.010714285714285714 0.006132756132756133
26 0.48647959183673467 0.7205988455988456 0.010714285714285714 0.006132756132756133
24 0.48647959183673467 0.7674963924963925 0.010714285714285714 0.006132756132756133
24 0.48647959183673467 0.8353174603174603 0.010714285714285714 0.006132756132756133
26 0.48647959183673467 0.9298340548340548 0.010714285714285714 0.006132756132756133
41 0.4813775510204082 0.5946969696969697 0.0005102040816326531 0.022727272727272728
41 0.4813775510204082 0.7316017316017316 0.0005102040816326531 0.01948051948051948
41 0.4813775510204082 0.7799422799422799 0.0005102040816326531 0.022366522366522368
41 0.4813775510204082 0.8477633477633477 0.0005102040816326531 0.022366522366522368
24 0.3780612244897959 0.8353174603174603 0.01020408163265306 0.006132756132756133
63 0.33979591836734696 0.5901875901875901 0.009183673469387756 0.024531024531024532
41 0.3579081632653061 0.6376262626262627 0.0005102040816326531 0.013347763347763348
26 0.3780612244897959 0.5822510822510822 0.01020408163265306 0.005772005772005772
26 0.3778061224489796 0.6497113997113997 0.010714285714285714 0.005772005772005772
26 0.3780612244897959 0.7205988455988456 0.01020408163265306 0.006132756132756133
24 0.3780612244897959 0.7674963924963925 0.01020408163265306 0.006132756132756133
26 0.3778061224489796 0.9298340548340548 0.010714285714285714 0.006132756132756133
41 0.37295918367346936 0.5961399711399712 0.0010204081632653062 0.025613275613275612
41 0.38290816326530613 0.6408730158730159 0.0005102040816326531 0.015512265512265512
41 0.37295918367346936 0.7290764790764791 0.0010204081632653062 0.01443001443001443
41 0.3170918367346939 0.8446969696969697 0.0005102040816326531 0.0284992784992785
41 0.3170918367346939 0.9347041847041847 0.0005102040816326531 0.01948051948051948
24 0.3535714285714286 0.5910894660894661 0.009183673469387756 0.006132756132756133
26 0.35306122448979593 0.5762987012987013 0.01020408163265306 0.006132756132756133
24 0.35306122448979593 0.6466450216450217 0.01020408163265306 0.006132756132756133
41 0.3482142857142857 0.5932539682539683 0.0005102040816326531 0.031385281385281384
41 0.4150510204081633 0.6462842712842712 0.0005102040816326531 0.020562770562770564
41 0.38290816326530613 0.9193722943722944 0.0005102040816326531 0.0183982683982684
41 0.4051020408163265 0.5934343434343434 0.0010204081632653062 0.031024531024531024
24 0.40994897959183674 0.926948051948052 0.010714285714285714 0.006132756132756133
24 0.40994897959183674 0.5910894660894661 0.010714285714285714 0.006132756132756133
26 0.40994897959183674 0.5762987012987013 0.010714285714285714 0.006132756132756133
24 0.40994897959183674 0.6585497835497836 0.010714285714285714 0.006132756132756133
26 0.40994897959183674 0.8322510822510822 0.010714285714285714 0.005772005772005772
24 0.41020408163265304 0.7175324675324676 0.01020408163265306 0.005772005772005772
26 0.40994897959183674 0.7644300144300145 0.010714285714285714 0.005772005772005772
41 0.4051020408163265 0.726911976911977 0.0010204081632653062 0.016594516594516596
41 0.37295918367346936 0.7804834054834054 0.0010204081632653062 0.023448773448773448
41 0.37295918367346936 0.8483044733044733 0.0010204081632653062 0.023448773448773448
63 0.39693877551020407 0.658008658008658 0.009183673469387756 0.024531024531024532