134 0.4997448979591837 0.06908369408369408 0.9045918367346939 0.024170274170274172
134 0.4997448979591837 0.5124458874458875 0.9045918367346939 0.024170274170274172
1 0.9278061224489796 0.04527417027417027 0.01479591836734694 0.0010822510822510823
1 0.9270408163265306 0.051226551226551224 0.0163265306122449 0.0007215007215007215
1 0.8918367346938776 0.051226551226551224 0.0163265306122449 0.0007215007215007215
1 0.8619897959183673 0.051226551226551224 0.01479591836734694 0.0007215007215007215
1 0.8237244897959184 0.051226551226551224 0.015816326530612244 0.0007215007215007215
1 0.3038265306122449 0.03932178932178932 0.02295918367346939 0.0007215007215007215
1 0.3038265306122449 0.04527417027417027 0.02295918367346939 0.0010822510822510823
1 0.3038265306122449 0.051226551226551224 0.02295918367346939 0.0007215007215007215
1 0.20280612244897958 0.04527417027417027 0.015816326530612244 0.0010822510822510823
1 0.20280612244897958 0.051226551226551224 0.015816326530612244 0.0007215007215007215
1 0.14285714285714285 0.04527417027417027 0.0163265306122449 0.0010822510822510823
1 0.14285714285714285 0.051226551226551224 0.0163265306122449 0.0007215007215007215
134 0.4997448979591837 0.3647186147186147 0.9045918367346939 0.023809523809523808
134 0.4997448979591837 0.21699134199134198 0.9045918367346939 0.024170274170274172
1 0.6755102040816326 0.38257575757575757 0.0163265306122449 0.0010822510822510823
1 0.5660714285714286 0.38257575757575757 0.015816326530612244 0.0010822510822510823
1 0.3038265306122449 0.3466810966810967 0.02295918367346939 0.0007215007215007215
134 0.4997448979591837 0.6603535353535354 0.9045918367346939 0.024170274170274172
1 0.3038265306122449 0.193001443001443 0.02295918367346939 0.0007215007215007215
1 0.3038265306122449 0.19913419913419914 0.02295918367346939 0.0007215007215007215
1 0.20280612244897958 0.19913419913419914 0.015816326530612244 0.0007215007215007215
1 0.6755102040816326 0.5303030303030303 0.0163265306122449 0.0007215007215007215
1 0.5660714285714286 0.5303030303030303 0.015816326530612244 0.0007215007215007215
86 0.6260204081632653 0.6603535353535354 0.01020408163265306 0.0183982683982684
86 0.625765306122449 0.06944444444444445 0.009693877551020408 0.0183982683982684
86 0.6260204081632653 0.21699134199134198 0.01020408163265306 0.0183982683982684
86 0.625765306122449 0.3648989898989899 0.009693877551020408 0.0183982683982684
86 0.625765306122449 0.5128066378066378 0.009693877551020408 0.0183982683982684
24 0.6755102040816326 0.6484487734487735 0.01020408163265306 0.006132756132756133
41 0.6803571428571429 0.06060606060606061 0.0005102040816326531 0.03607503607503607
24 0.5660714285714286 0.08098845598845598 0.010714285714285714 0.006132756132756133
47 0.6846938775510204 0.05248917748917749 0.00816326530612245 0.01984126984126984
41 0.6803571428571429 0.2106782106782107 0.0005102040816326531 0.031746031746031744
26 0.6747448979591837 0.5214646464646465 0.009693877551020408 0.006132756132756133
47 0.6846938775510204 0.20472582972582973 0.00816326530612245 0.01984126984126984
41 0.6803571428571429 0.3667027417027417 0.0005102040816326531 0.03354978354978355
47 0.6846938775510204 0.36002886002886003 0.00816326530612245 0.01948051948051948
24 0.6752551020408163 0.08098845598845598 0.010714285714285714 0.006132756132756133
121 0.8377551020408164 0.06908369408369408 0.03775510204081633 0.0018037518037518038
26 0.6752551020408163 0.07196969696969698 0.010714285714285714 0.006132756132756133
26 0.6752551020408163 0.060064935064935064 0.010714285714285714 0.006132756132756133
24 0.6752551020408163 0.2288961038961039 0.010714285714285714 0.006132756132756133
26 0.6752551020408163 0.21392496392496393 0.010714285714285714 0.005772005772005772
26 0.6752551020408163 0.38546176046176045 0.010714285714285714 0.006132756132756133
24 0.6752551020408163 0.37067099567099565 0.010714285714285714 0.006132756132756133
24 0.6752551020408163 0.5304834054834054 0.010714285714285714 0.006132756132756133
26 0.5660714285714286 0.38546176046176045 0.010714285714285714 0.006132756132756133
41 0.5711734693877552 0.36706349206349204 0.0005102040816326531 0.03427128427128427
47 0.5752551020408163 0.36002886002886003 0.007653061224489796 0.01948051948051948
41 0.5711734693877552 0.5144300144300145 0.0005102040816326531 0.027417027417027416
47 0.5752551020408163 0.5108225108225108 0.007653061224489796 0.01948051948051948
6 0.5301020408163265 0.36453823953823955 0.02040816326530612 0.026334776334776336
26 0.5660714285714286 0.5214646464646465 0.010714285714285714 0.006132756132756133
41 0.5711734693877552 0.061147186147186144 0.0005102040816326531 0.03715728715728716
24 0.5660714285714286 0.5304834054834054 0.010714285714285714 0.006132756132756133
47 0.5752551020408163 0.05248917748917749 0.007653061224489796 0.01984126984126984
41 0.5711734693877552 0.21085858585858586 0.0005102040816326531 0.032106782106782104
24 0.5660714285714286 0.37067099567099565 0.010714285714285714 0.006132756132756133
47 0.5752551020408163 0.20472582972582973 0.007653061224489796 0.01984126984126984
87 0.5969387755102041 0.6603535353535354 0.01020408163265306 0.011183261183261184
87 0.5969387755102041 0.06926406926406926 0.01020408163265306 0.011544011544011544
87 0.5969387755102041 0.21717171717171718 0.01020408163265306 0.011544011544011544
87 0.5969387755102041 0.3648989898989899 0.01020408163265306 0.011183261183261184
26 0.5660714285714286 0.060064935064935064 0.010714285714285714 0.006132756132756133
87 0.5971938775510204 0.5126262626262627 0.010714285714285714 0.011544011544011544
26 0.5660714285714286 0.07196969696969698 0.010714285714285714 0.006132756132756133
24 0.5660714285714286 0.6484487734487735 0.010714285714285714 0.006132756132756133
26 0.5660714285714286 0.21392496392496393 0.010714285714285714 0.005772005772005772
41 0.5609693877551021 0.6590909090909091 0.0005102040816326531 0.01948051948051948
53 0.5668367346938775 0.6594516594516594 0.011224489795918367 0.01875901875901876
24 0.5660714285714286 0.2288961038961039 0.010714285714285714 0.006132756132756133
24 0.8614795918367347 0.051226551226551224 0.010714285714285714 0.005772005772005772
41 0.8563775510204081 0.06060606060606061 0.0005102040816326531 0.016594516594516596
63 0.8482142857142857 0.050505050505050504 0.008673469387755102 0.024531024531024532
26 0.8920918367346938 0.04816017316017316 0.010714285714285714 0.006132756132756133
41 0.8869897959183674 0.059704184704184704 0.0005102040816326531 0.020562770562770564
121 0.9045918367346939 0.0698051948051948 0.03469387755102041 0.003246753246753247
61 0.9153061224489796 0.045454545454545456 0.006122448979591836 0.025974025974025976
24 0.9270408163265306 0.04527417027417027 0.01020408163265306 0.006132756132756133
41 0.9221938775510204 0.05772005772005772 0.0005102040816326531 0.022366522366522368
41 0.6803571428571429 0.51497113997114 0.0005102040816326531 0.0284992784992785
47 0.6846938775510204 0.5108225108225108 0.00816326530612245 0.01948051948051948
41 0.6704081632653062 0.6590909090909091 0.0010204081632653062 0.01948051948051948
53 0.6760204081632653 0.6594516594516594 0.011224489795918367 0.01875901875901876
86 0.735204081632653 0.06944444444444445 0.01020408163265306 0.0183982683982684
87 0.7063775510204081 0.06926406926406926 0.010714285714285714 0.011544011544011544
87 0.7063775510204081 0.21717171717171718 0.010714285714285714 0.011544011544011544
87 0.7063775510204081 0.3647186147186147 0.010714285714285714 0.011544011544011544
87 0.7063775510204081 0.5126262626262627 0.010714285714285714 0.011544011544011544
87 0.7063775510204081 0.6603535353535354 0.010714285714285714 0.011183261183261184
14 0.7938775510204081 0.06222943722943723 0.01020408163265306 0.013347763347763348
16 0.7938775510204081 0.07665945165945166 0.012244897959183673 0.013347763347763348
24 0.8237244897959184 0.051226551226551224 0.010714285714285714 0.005772005772005772
14 0.7938775510204081 0.21013708513708515 0.01020408163265306 0.013347763347763348
16 0.7938775510204081 0.22438672438672438 0.012244897959183673 0.013708513708513708
14 0.7938775510204081 0.3578643578643579 0.01020408163265306 0.013708513708513708
16 0.7938775510204081 0.3722943722943723 0.012244897959183673 0.013708513708513708
14 0.7938775510204081 0.5055916305916306 0.01020408163265306 0.013347763347763348
16 0.7938775510204081 0.520021645021645 0.012244897959183673 0.013347763347763348
14 0.7938775510204081 0.6534992784992785 0.01020408163265306 0.013347763347763348
16 0.7938775510204081 0.6677489177489178 0.012244897959183673 0.013708513708513708
41 0.8186224489795918 0.06060606060606061 0.0005102040816326531 0.016594516594516596
86 0.735204081632653 0.21699134199134198 0.01020408163265306 0.0183982683982684
86 0.735204081632653 0.3648989898989899 0.01020408163265306 0.0183982683982684
86 0.735204081632653 0.5128066378066378 0.01020408163265306 0.0183982683982684
86 0.735204081632653 0.6603535353535354 0.01020408163265306 0.0183982683982684
26 0.20280612244897958 0.04238816738816739 0.010714285714285714 0.006132756132756133
26 0.20280612244897958 0.19606782106782106 0.010714285714285714 0.006132756132756133
26 0.20280612244897958 0.34974747474747475 0.010714285714285714 0.006132756132756133
86 0.20127551020408163 0.5126262626262627 0.009693877551020408 0.01875901875901876
86 0.20127551020408163 0.6603535353535354 0.009693877551020408 0.0183982683982684
41 0.19770408163265307 0.05627705627705628 0.0005102040816326531 0.025252525252525252
87 0.17244897959183675 0.6605339105339105 0.01020408163265306 0.011544011544011544
53 0.14387755102040817 0.6681096681096681 0.01020408163265306 0.01875901875901876
87 0.17244897959183675 0.06926406926406926 0.01020408163265306 0.011544011544011544
87 0.17244897959183675 0.21717171717171718 0.01020408163265306 0.011544011544011544
87 0.17244897959183675 0.3648989898989899 0.01020408163265306 0.011183261183261184
87 0.17244897959183675 0.5126262626262627 0.01020408163265306 0.011544011544011544
87 0.23214285714285715 0.06926406926406926 0.01020408163265306 0.011544011544011544
87 0.23214285714285715 0.21717171717171718 0.01020408163265306 0.011544011544011544
87 0.23214285714285715 0.3648989898989899 0.01020408163265306 0.011183261183261184
41 0.19770408163265307 0.36075036075036077 0.0005102040816326531 0.01948051948051948
53 0.20357142857142857 0.05916305916305916 0.011224489795918367 0.01875901875901876
41 0.19770408163265307 0.20707070707070707 0.0005102040816326531 0.01948051948051948
53 0.20357142857142857 0.20707070707070707 0.011224489795918367 0.01875901875901876
41 0.13801020408163264 0.6688311688311688 0.0005102040816326531 0.018037518037518036
53 0.20357142857142857 0.36075036075036077 0.011224489795918367 0.01875901875901876
5 0.0663265306122449 0.06944444444444445 0.02346938775510204 0.050865800865800864
69 0.09260204081632653 0.05627705627705628 0.008673469387755102 0.024531024531024532
69 0.10204081632653061 0.0652958152958153 0.009183673469387756 0.024531024531024532
69 0.1114795918367347 0.05339105339105339 0.008673469387755102 0.024531024531024532
5 0.0663265306122449 0.21717171717171718 0.02346938775510204 0.051226551226551224
69 0.09260204081632653 0.2041847041847042 0.008673469387755102 0.024531024531024532
69 0.10204081632653061 0.2132034632034632 0.009183673469387756 0.024531024531024532
69 0.1114795918367347 0.2012987012987013 0.008673469387755102 0.024531024531024532
5 0.0663265306122449 0.36507936507936506 0.02346938775510204 0.051226551226551224
69 0.09260204081632653 0.3519119769119769 0.008673469387755102 0.024170274170274172
69 0.10204081632653061 0.36075036075036077 0.009183673469387756 0.024531024531024532
69 0.1114795918367347 0.34884559884559885 0.008673469387755102 0.024531024531024532
8 0.06938775510204082 0.5131673881673882 0.02959183673469388 0.027056277056277056
69 0.09260204081632653 0.5057720057720058 0.008673469387755102 0.024531024531024532
69 0.10204081632653061 0.5146103896103896 0.009183673469387756 0.024170274170274172
69 0.1114795918367347 0.5027056277056277 0.008673469387755102 0.024170274170274172
84 0.8737244897959183 0.21302308802308803 0.015816326530612244 0.003968253968253968
84 0.8737244897959183 0.36093073593073594 0.015816326530612244 0.003968253968253968
84 0.8737244897959183 0.5086580086580087 0.015816326530612244 0.0036075036075036075
84 0.8737244897959183 0.6563852813852814 0.015816326530612244 0.003968253968253968
41 0.13801020408163264 0.21356421356421357 0.0005102040816326531 0.018037518037518036
53 0.14362244897959184 0.21302308802308803 0.010714285714285714 0.01911976911976912
41 0.13801020408163264 0.36724386724386726 0.0005102040816326531 0.018037518037518036
53 0.14387755102040817 0.05916305916305916 0.01020408163265306 0.01875901875901876
53 0.14362244897959184 0.36688311688311687 0.010714285714285714 0.01875901875901876
41 0.13801020408163264 0.5211038961038961 0.0005102040816326531 0.0183982683982684
53 0.14362244897959184 0.5205627705627706 0.010714285714285714 0.01875901875901876
8 0.06938775510204082 0.6607142857142857 0.02959183673469388 0.027056277056277056
10 0.06607142857142857 0.6773088023088023 0.005612244897959183 0.005411255411255411
69 0.09260204081632653 0.6533189033189033 0.008673469387755102 0.024531024531024532
69 0.10204081632653061 0.6623376623376623 0.009183673469387756 0.024531024531024532
69 0.1114795918367347 0.6504329004329005 0.008673469387755102 0.024531024531024532
24 0.14285714285714285 0.04527417027417027 0.01020408163265306 0.006132756132756133
26 0.14285714285714285 0.20202020202020202 0.01020408163265306 0.005772005772005772
26 0.14285714285714285 0.3558802308802309 0.01020408163265306 0.006132756132756133
26 0.14285714285714285 0.5095598845598845 0.01020408163265306 0.006132756132756133
26 0.14285714285714285 0.6571067821067821 0.01020408163265306 0.006132756132756133
41 0.13801020408163264 0.05772005772005772 0.0005102040816326531 0.022366522366522368
87 0.39107142857142857 0.5126262626262627 0.010714285714285714 0.011544011544011544
41 0.3566326530612245 0.6684704184704184 0.0010204081632653062 0.01875901875901876
53 0.3622448979591837 0.6682900432900433 0.011224489795918367 0.01911976911976912
53 0.48392857142857143 0.6682900432900433 0.010714285714285714 0.01911976911976912
87 0.39107142857142857 0.6605339105339105 0.010714285714285714 0.011544011544011544
87 0.3311224489795918 0.6603535353535354 0.01020408163265306 0.011183261183261184
32 0.3038265306122449 0.03932178932178932 0.01479591836734694 0.006493506493506494
26 0.36173469387755103 0.5095598845598845 0.01020408163265306 0.006132756132756133
26 0.36147959183673467 0.6572871572871573 0.010714285714285714 0.005772005772005772
41 0.3566326530612245 0.5205627705627706 0.0010204081632653062 0.01948051948051948
53 0.3622448979591837 0.5205627705627706 0.011224489795918367 0.01875901875901876
53 0.48392857142857143 0.5205627705627706 0.010714285714285714 0.01875901875901876
87 0.45255102040816325 0.5126262626262627 0.01020408163265306 0.011544011544011544
87 0.45255102040816325 0.6605339105339105 0.01020408163265306 0.011544011544011544
41 0.4778061224489796 0.5211038961038961 0.0005102040816326531 0.0183982683982684
26 0.4829081632653061 0.5095598845598845 0.010714285714285714 0.006132756132756133
26 0.4829081632653061 0.6572871572871573 0.010714285714285714 0.005772005772005772
87 0.3311224489795918 0.5126262626262627 0.01020408163265306 0.011544011544011544
47 0.43112244897959184 0.6525974025974026 0.007142857142857143 0.01948051948051948
41 0.42653061224489797 0.6522366522366523 0.0010204081632653062 0.01948051948051948
47 0.43112244897959184 0.5046897546897547 0.007142857142857143 0.01948051948051948
41 0.42653061224489797 0.5043290043290043 0.0010204081632653062 0.01948051948051948
26 0.42168367346938773 0.6632395382395382 0.010714285714285714 0.006132756132756133
26 0.42168367346938773 0.5153318903318903 0.010714285714285714 0.006132756132756133
41 0.4778061224489796 0.6681096681096681 0.0005102040816326531 0.01948051948051948
16 0.27168367346938777 0.5055916305916306 0.01173469387755102 0.013347763347763348
16 0.27168367346938777 0.5198412698412699 0.01173469387755102 0.013708513708513708
16 0.27168367346938777 0.06222943722943723 0.01173469387755102 0.013347763347763348
16 0.27193877551020407 0.07647907647907648 0.012244897959183673 0.013708513708513708
32 0.3038265306122449 0.193001443001443 0.01479591836734694 0.006493506493506494
16 0.27168367346938777 0.21013708513708515 0.01173469387755102 0.013347763347763348
16 0.27168367346938777 0.22420634920634921 0.01173469387755102 0.013347763347763348
32 0.3038265306122449 0.3466810966810967 0.01479591836734694 0.006493506493506494
16 0.27193877551020407 0.3578643578643579 0.012244897959183673 0.013708513708513708
16 0.27168367346938777 0.3721139971139971 0.01173469387755102 0.013347763347763348
24 0.30178571428571427 0.5005411255411255 0.010714285714285714 0.006132756132756133
24 0.30178571428571427 0.6482683982683982 0.010714285714285714 0.005772005772005772
16 0.27168367346938777 0.6534992784992785 0.01173469387755102 0.013347763347763348
16 0.27168367346938777 0.6675685425685426 0.01173469387755102 0.013347763347763348
87 0.5125 0.5126262626262627 0.010714285714285714 0.011544011544011544
87 0.5122448979591837 0.6603535353535354 0.01020408163265306 0.011183261183261184
53 0.3028061224489796 0.6594516594516594 0.010714285714285714 0.01875901875901876
41 0.29668367346938773 0.5115440115440115 0.0005102040816326531 0.01948051948051948
53 0.3025510204081633 0.5115440115440115 0.011224489795918367 0.01875901875901876
41 0.29668367346938773 0.6590909090909091 0.0005102040816326531 0.01948051948051948