2 0.6349489795918367 0.22168109668109667 0.0035714285714285713 0.0025252525252525255
2 0.6349489795918367 0.22745310245310246 0.0035714285714285713 0.0025252525252525255
2 0.6349489795918367 0.3024891774891775 0.0035714285714285713 0.0025252525252525255
2 0.6349489795918367 0.30826118326118324 0.0035714285714285713 0.0025252525252525255
2 0.6349489795918367 0.3832972582972583 0.0035714285714285713 0.0025252525252525255
2 0.6349489795918367 0.3894300144300144 0.0035714285714285713 0.0025252525252525255
134 0.5354591836734693 0.30537518037518036 0.8331632653061225 0.00036075036075036075
134 0.5354591836734693 0.38636363636363635 0.8331632653061225 0.023809523809523808
134 0.5354591836734693 0.22438672438672438 0.8331632653061225 0.0
134 0.5354591836734693 0.14339826839826839 0.8331632653061225 0.024170274170274172
2 0.6349489795918367 0.1405122655122655 0.0035714285714285713 0.0025252525252525255
2 0.6349489795918367 0.1462842712842713 0.0035714285714285713 0.0025252525252525255
26 0.8530612244897959 0.1462842712842713 0.01020408163265306 0.006132756132756133
41 0.7772959183673469 0.14123376623376624 0.0005102040816326531 0.01911976911976912
28 0.7729591836734694 0.30537518037518036 0.011224489795918367 0.006132756132756133
26 0.7724489795918368 0.15241702741702742 0.01020408163265306 0.006132756132756133
26 0.8066326530612244 0.15241702741702742 0.01020408163265306 0.006132756132756133
41 0.8114795918367347 0.1414141414141414 0.0005102040816326531 0.01948051948051948
41 0.7676020408163265 0.31583694083694086 0.0005102040816326531 0.0183982683982684
41 0.6461734693877551 0.3161976911976912 0.0005102040816326531 0.017676767676767676
41 0.6558673469387755 0.13636363636363635 0.0005102040816326531 0.016594516594516596
28 0.6515306122448979 0.30537518037518036 0.011224489795918367 0.006132756132756133
26 0.6510204081632653 0.1462842712842713 0.01020408163265306 0.006132756132756133
121 0.22653061224489796 0.24242424242424243 0.022448979591836733 0.0021645021645021645
26 0.7061224489795919 0.1462842712842713 0.01020408163265306 0.006132756132756133
41 0.7431122448979591 0.1397907647907648 0.0005102040816326531 0.016233766233766232
24 0.738265306122449 0.14953102453102454 0.01020408163265306 0.006132756132756133
41 0.710969387755102 0.13852813852813853 0.0005102040816326531 0.013708513708513708
41 0.6783163265306122 0.13582251082251082 0.0005102040816326531 0.017676767676767676
26 0.673469387755102 0.1462842712842713 0.01020408163265306 0.006132756132756133
121 0.8701530612244898 0.1266233766233766 0.025 0.0021645021645021645
121 0.7267857142857143 0.13095238095238096 0.03214285714285714 0.002886002886002886
84 0.7979591836734694 0.2261904761904762 0.01020408163265306 0.002886002886002886
84 0.7979591836734694 0.38203463203463206 0.01020408163265306 0.002886002886002886
84 0.6969387755102041 0.38203463203463206 0.01020408163265306 0.002886002886002886
121 0.9211734693877551 0.13095238095238096 0.031122448979591835 0.002886002886002886
84 0.5196428571428572 0.13924963924963926 0.010714285714285714 0.002886002886002886
84 0.24566326530612245 0.13924963924963926 0.010714285714285714 0.002886002886002886
84 0.338265306122449 0.13924963924963926 0.01020408163265306 0.002886002886002886
121 0.31505102040816324 0.24242424242424243 0.02193877551020408 0.0021645021645021645
84 0.338265306122449 0.38203463203463206 0.01020408163265306 0.002886002886002886
84 0.43214285714285716 0.13924963924963926 0.01020408163265306 0.002886002886002886
121 0.4035714285714286 0.24242424242424243 0.022448979591836733 0.0021645021645021645
84 0.43214285714285716 0.38203463203463206 0.01020408163265306 0.002886002886002886
121 0.44846938775510203 0.24242424242424243 0.022448979591836733 0.0021645021645021645
84 0.5196428571428572 0.38203463203463206 0.010714285714285714 0.002886002886002886
84 0.5897959183673469 0.13924963924963926 0.01020408163265306 0.002886002886002886
84 0.5897959183673469 0.2261904761904762 0.01020408163265306 0.002886002886002886
84 0.5897959183673469 0.38203463203463206 0.01020408163265306 0.002886002886002886
121 0.6668367346938775 0.1266233766233766 0.022448979591836733 0.0021645021645021645
84 0.6969387755102041 0.2261904761904762 0.01020408163265306 0.002886002886002886
26 0.878061224489796 0.1462842712842713 0.01020408163265306 0.006132756132756133
41 0.8482142857142857 0.31637806637806637 0.0005102040816326531 0.017316017316017316
41 0.8576530612244898 0.13618326118326118 0.0010204081632653062 0.0183982683982684
24 0.9321428571428572 0.14953102453102454 0.01020408163265306 0.006132756132756133
41 0.936734693877551 0.13997113997113997 0.0010204081632653062 0.016594516594516596
28 0.8533163265306123 0.30537518037518036 0.010714285714285714 0.006132756132756133
41 0.9053571428571429 0.13762626262626262 0.0005102040816326531 0.01406926406926407
26 0.9005102040816326 0.1462842712842713 0.01020408163265306 0.006132756132756133
41 0.8829081632653061 0.13618326118326118 0.0005102040816326531 0.0183982683982684
41 0.3038265306122449 0.2343073593073593 0.0005102040816326531 0.015512265512265512
41 0.3038265306122449 0.3161976911976912 0.0005102040816326531 0.017676767676767676
28 0.30918367346938774 0.30537518037518036 0.011224489795918367 0.006132756132756133
24 0.3086734693877551 0.22438672438672438 0.01020408163265306 0.006493506493506494
41 0.2602040816326531 0.23484848484848486 0.0010204081632653062 0.01875901875901876
24 0.26505102040816325 0.22456709956709955 0.009693877551020408 0.006132756132756133
24 0.3535714285714286 0.22438672438672438 0.01020408163265306 0.006493506493506494
41 0.3923469387755102 0.23376623376623376 0.0010204081632653062 0.016594516594516596
24 0.3971938775510204 0.22456709956709955 0.009693877551020408 0.006132756132756133
41 0.34872448979591836 0.23484848484848486 0.0005102040816326531 0.01875901875901876
41 0.32627551020408163 0.2343073593073593 0.0005102040816326531 0.015512265512265512
24 0.3311224489795918 0.22438672438672438 0.01020408163265306 0.006493506493506494
69 0.16096938775510203 0.38023088023088025 0.008673469387755102 0.017316017316017316
69 0.17015306122448978 0.38924963924963923 0.008673469387755102 0.017316017316017316
8 0.1377551020408163 0.38455988455988455 0.02346938775510204 0.020202020202020204
14 0.1913265306122449 0.2996031746031746 0.01020408163265306 0.010461760461760462
16 0.1913265306122449 0.3115079365079365 0.011224489795918367 0.010461760461760462
28 0.22066326530612246 0.30537518037518036 0.010714285714285714 0.006132756132756133
14 0.19107142857142856 0.21843434343434343 0.010714285714285714 0.010461760461760462
16 0.1913265306122449 0.2306998556998557 0.011224489795918367 0.010461760461760462
24 0.2201530612244898 0.22456709956709955 0.009693877551020408 0.006132756132756133
14 0.1913265306122449 0.13762626262626262 0.01020408163265306 0.010461760461760462
16 0.1913265306122449 0.14953102453102454 0.011224489795918367 0.010461760461760462
69 0.16096938775510203 0.1314935064935065 0.008673469387755102 0.017676767676767676
69 0.17015306122448978 0.14033189033189034 0.008673469387755102 0.017316017316017316
5 0.13826530612244897 0.14213564213564214 0.022448979591836733 0.044733044733044736
84 0.8948979591836734 0.38203463203463206 0.01020408163265306 0.002886002886002886
84 0.8948979591836734 0.2261904761904762 0.01020408163265306 0.002886002886002886
14 0.19107142857142856 0.3804112554112554 0.010714285714285714 0.010461760461760462
16 0.1913265306122449 0.3926767676767677 0.011224489795918367 0.010461760461760462
84 0.24566326530612245 0.38203463203463206 0.010714285714285714 0.002886002886002886
41 0.23801020408163265 0.2344877344877345 0.0005102040816326531 0.015151515151515152
24 0.24260204081632653 0.22456709956709955 0.009693877551020408 0.006132756132756133
28 0.3977040816326531 0.30537518037518036 0.010714285714285714 0.006132756132756133
41 0.21556122448979592 0.31583694083694086 0.0005102040816326531 0.0183982683982684
41 0.21556122448979592 0.23376623376623376 0.0005102040816326531 0.016594516594516596
3 0.1747448979591837 0.10840548340548341 0.020918367346938777 0.022005772005772004
41 0.4915816326530612 0.3161976911976912 0.0005102040816326531 0.017676767676767676
41 0.4915816326530612 0.2353896103896104 0.0005102040816326531 0.017676767676767676
28 0.4969387755102041 0.30537518037518036 0.011224489795918367 0.006132756132756133
24 0.49642857142857144 0.22438672438672438 0.01020408163265306 0.006493506493506494
41 0.575765306122449 0.31637806637806637 0.0005102040816326531 0.017316017316017316
28 0.5808673469387755 0.30537518037518036 0.010714285714285714 0.006132756132756133
86 0.5288265306122449 0.2231240981240981 0.007653061224489796 0.017676767676767676
24 0.4418367346938776 0.22456709956709955 0.01020408163265306 0.006132756132756133
41 0.4147959183673469 0.23376623376623376 0.0010204081632653062 0.016594516594516596
24 0.41964285714285715 0.22456709956709955 0.009693877551020408 0.006132756132756133
41 0.3923469387755102 0.31583694083694086 0.0010204081632653062 0.0183982683982684
41 0.4372448979591837 0.23376623376623376 0.0010204081632653062 0.016594516594516596
41 0.4596938775510204 0.23394660894660896 0.0010204081632653062 0.016233766233766232
24 0.4642857142857143 0.22438672438672438 0.01020408163265306 0.006493506493506494
134 0.4997448979591837 0.63997113997114 0.9045918367346939 0.023809523809523808
134 0.4997448979591837 0.7209595959595959 0.9045918367346939 0.00036075036075036075
134 0.4997448979591837 0.801948051948052 0.9045918367346939 0.0
134 0.4997448979591837 0.8829365079365079 0.9045918367346939 0.024170274170274172
41 0.7701530612244898 0.7316017316017316 0.0005102040816326531 0.018037518037518036
24 0.8331632653061225 0.7209595959595959 0.01020408163265306 0.006132756132756133
41 0.6160714285714286 0.6376262626262627 0.0005102040816326531 0.01911976911976912
26 0.8331632653061225 0.6430375180375181 0.01020408163265306 0.006132756132756133
41 0.8380102040816326 0.6325757575757576 0.0005102040816326531 0.0183982683982684
24 0.775 0.7209595959595959 0.01020408163265306 0.006132756132756133
41 0.7415816326530612 0.729978354978355 0.0005102040816326531 0.01479076479076479
24 0.7464285714285714 0.7209595959595959 0.01020408163265306 0.006132756132756133
41 0.8283163265306123 0.7303391053391053 0.0005102040816326531 0.016955266955266956
28 0.611734693877551 0.801948051948052 0.011224489795918367 0.006493506493506494
41 0.713265306122449 0.7306998556998557 0.0010204081632653062 0.016233766233766232
41 0.6063775510204081 0.8124098124098124 0.0005102040816326531 0.01875901875901876
24 0.7178571428571429 0.7209595959595959 0.01020408163265306 0.006132756132756133
41 0.6625 0.6376262626262627 0.0005102040816326531 0.01911976911976912
26 0.6576530612244897 0.6488095238095238 0.01020408163265306 0.006132756132756133
84 0.647704081632653 0.7225829725829725 0.010714285714285714 0.002886002886002886
84 0.647704081632653 0.8786075036075036 0.010714285714285714 0.003246753246753247
84 0.7589285714285714 0.6356421356421357 0.010714285714285714 0.002886002886002886
121 0.7275510204081632 0.7388167388167388 0.02857142857142857 0.0021645021645021645
84 0.7589285714285714 0.8035714285714286 0.010714285714285714 0.003246753246753247
121 0.5566326530612244 0.6275252525252525 0.0336734693877551 0.003246753246753247
84 0.7589285714285714 0.8786075036075036 0.010714285714285714 0.003246753246753247
121 0.852295918367347 0.6231962481962482 0.02806122448979592 0.0018037518037518038
121 0.8428571428571429 0.7388167388167388 0.02857142857142857 0.0021645021645021645
121 0.9153061224489796 0.6226551226551227 0.03163265306122449 0.002886002886002886
84 0.4061224489795918 0.7225829725829725 0.01020408163265306 0.002886002886002886
121 0.25255102040816324 0.6231962481962482 0.0336734693877551 0.0018037518037518038
84 0.28316326530612246 0.7225829725829725 0.01020408163265306 0.002886002886002886
84 0.28316326530612246 0.8786075036075036 0.01020408163265306 0.003246753246753247
121 0.31505102040816324 0.6275252525252525 0.03316326530612245 0.003246753246753247
84 0.4061224489795918 0.8786075036075036 0.01020408163265306 0.003246753246753247
121 0.4956632653061224 0.6231962481962482 0.02806122448979592 0.0018037518037518038
84 0.5270408163265307 0.7225829725829725 0.01020408163265306 0.002886002886002886
84 0.5270408163265307 0.8786075036075036 0.01020408163265306 0.003246753246753247
41 0.8992346938775511 0.6322150072150072 0.0005102040816326531 0.017676767676767676
24 0.8943877551020408 0.7209595959595959 0.01020408163265306 0.006132756132756133
26 0.8943877551020408 0.6430375180375181 0.01020408163265306 0.006132756132756133
41 0.8568877551020408 0.7308802308802309 0.0005102040816326531 0.015873015873015872
41 0.8665816326530612 0.6322150072150072 0.0005102040816326531 0.017676767676767676
24 0.861734693877551 0.7209595959595959 0.01020408163265306 0.006132756132756133
26 0.861734693877551 0.6430375180375181 0.01020408163265306 0.006132756132756133
41 0.9313775510204082 0.6302308802308803 0.0005102040816326531 0.015873015873015872
24 0.926530612244898 0.63997113997114 0.01020408163265306 0.006493506493506494
41 0.8895408163265306 0.7312409812409812 0.0005102040816326531 0.01875901875901876
41 0.2260204081632653 0.8125901875901876 0.0010204081632653062 0.0183982683982684
41 0.23545918367346938 0.6320346320346321 0.0005102040816326531 0.017316017316017316
28 0.23112244897959183 0.8017676767676768 0.011224489795918367 0.006132756132756133
26 0.23061224489795917 0.6430375180375181 0.01020408163265306 0.006132756132756133
41 0.1747448979591837 0.6374458874458875 0.0005102040816326531 0.01875901875901876
41 0.3318877551020408 0.6361832611832612 0.0005102040816326531 0.016233766233766232
24 0.3270408163265306 0.6459235209235209 0.01020408163265306 0.006132756132756133
41 0.2982142857142857 0.6338383838383839 0.0005102040816326531 0.013708513708513708
26 0.29362244897959183 0.6430375180375181 0.009693877551020408 0.006132756132756133
41 0.26913265306122447 0.6322150072150072 0.0005102040816326531 0.017676767676767676
26 0.2642857142857143 0.6430375180375181 0.01020408163265306 0.006132756132756133
69 0.08954081632653062 0.6280663780663781 0.008673469387755102 0.017316017316017316
69 0.09872448979591837 0.6369047619047619 0.008673469387755102 0.017676767676767676
5 0.06683673469387755 0.6385281385281385 0.022448979591836733 0.044733044733044736
84 0.8839285714285714 0.8786075036075036 0.010714285714285714 0.003246753246753247
84 0.8839285714285714 0.8035714285714286 0.010714285714285714 0.003246753246753247
84 0.15816326530612246 0.8786075036075036 0.01020408163265306 0.003246753246753247
84 0.15816326530612246 0.7225829725829725 0.01020408163265306 0.002886002886002886
26 0.16989795918367348 0.6488095238095238 0.01020408163265306 0.006132756132756133
41 0.11913265306122449 0.812950937950938 0.0005102040816326531 0.017676767676767676
41 0.12831632653061226 0.6374458874458875 0.0005102040816326531 0.01875901875901876
28 0.12423469387755103 0.8017676767676768 0.010714285714285714 0.006132756132756133
26 0.12372448979591837 0.6488095238095238 0.009693877551020408 0.006132756132756133
26 0.6112244897959184 0.6488095238095238 0.01020408163265306 0.006132756132756133
69 0.08954081632653062 0.876984126984127 0.008673469387755102 0.017316017316017316
69 0.09872448979591837 0.8858225108225108 0.008673469387755102 0.017676767676767676
8 0.0663265306122449 0.8809523809523809 0.02346938775510204 0.020202020202020204
41 0.4716836734693878 0.8127705627705628 0.0005102040816326531 0.018037518037518036
28 0.4770408163265306 0.8017676767676768 0.011224489795918367 0.006132756132756133
26 0.47653061224489796 0.6430375180375181 0.01020408163265306 0.006132756132756133
41 0.5395408163265306 0.634018759018759 0.0005102040816326531 0.01406926406926407
41 0.5732142857142857 0.636002886002886 0.0005102040816326531 0.015873015873015872
24 0.5683673469387756 0.6459235209235209 0.01020408163265306 0.006132756132756133
41 0.4813775510204082 0.6325757575757576 0.0005102040816326531 0.0183982683982684
26 0.5346938775510204 0.6430375180375181 0.01020408163265306 0.006132756132756133
41 0.5099489795918367 0.6322150072150072 0.0005102040816326531 0.017676767676767676
26 0.5051020408163265 0.6430375180375181 0.01020408163265306 0.006132756132756133
41 0.37423469387755104 0.6374458874458875 0.0005102040816326531 0.01875901875901876
41 0.3645408163265306 0.8127705627705628 0.0005102040816326531 0.018037518037518036
28 0.36989795918367346 0.8017676767676768 0.011224489795918367 0.006132756132756133
41 0.42066326530612247 0.6374458874458875 0.0005102040816326531 0.01875901875901876
26 0.3693877551020408 0.6488095238095238 0.01020408163265306 0.006132756132756133
26 0.41581632653061223 0.6488095238095238 0.01020408163265306 0.006132756132756133