134 0.4997448979591837 0.06222943722943723 0.9045918367346939 0.024170274170274172
134 0.4997448979591837 0.1928210678210678 0.9045918367346939 0.024170274170274172
1 0.26607142857142857 0.044372294372294376 0.015816326530612244 0.0007215007215007215
1 0.16275510204081634 0.044372294372294376 0.0163265306122449 0.0007215007215007215
1 0.8783163265306122 0.1341991341991342 0.015816326530612244 0.0007215007215007215
1 0.6696428571428571 0.1341991341991342 0.01683673469387755 0.0007215007215007215
1 0.6163265306122448 0.1341991341991342 0.0163265306122449 0.0007215007215007215
1 0.47244897959183674 0.1341991341991342 0.0163265306122449 0.0007215007215007215
1 0.4193877551020408 0.1341991341991342 0.0163265306122449 0.0007215007215007215
1 0.3191326530612245 0.1341991341991342 0.015816326530612244 0.0007215007215007215
1 0.26607142857142857 0.1341991341991342 0.015816326530612244 0.0007215007215007215
1 0.26607142857142857 0.13997113997113997 0.015816326530612244 0.0007215007215007215
1 0.26607142857142857 0.1461038961038961 0.015816326530612244 0.0007215007215007215
1 0.26607142857142857 0.15205627705627706 0.015816326530612244 0.0010822510822510823
1 0.26607142857142857 0.15800865800865802 0.015816326530612244 0.0007215007215007215
1 0.16275510204081634 0.1341991341991342 0.0163265306122449 0.0007215007215007215
1 0.16275510204081634 0.13997113997113997 0.0163265306122449 0.0007215007215007215
1 0.16275510204081634 0.1461038961038961 0.0163265306122449 0.0007215007215007215
1 0.16275510204081634 0.15205627705627706 0.0163265306122449 0.0010822510822510823
1 0.16275510204081634 0.15800865800865802 0.0163265306122449 0.0007215007215007215
134 0.4997448979591837 0.11634199134199134 0.9045918367346939 0.024170274170274172
1 0.26607142857142857 0.17496392496392496 0.015816326530612244 0.0007215007215007215
1 0.16275510204081634 0.17496392496392496 0.0163265306122449 0.0007215007215007215
30 0.6691326530612245 0.11327561327561328 0.009693877551020408 0.006493506493506494
28 0.6698979591836735 0.1341991341991342 0.011224489795918367 0.006493506493506494
26 0.6688775510204081 0.05321067821067821 0.009183673469387756 0.006132756132756133
24 0.6688775510204081 0.06818181818181818 0.009183673469387756 0.005772005772005772
24 0.6693877551020408 0.07413419913419914 0.01020408163265306 0.006132756132756133
41 0.7262755102040817 0.19480519480519481 0.0005102040816326531 0.015873015873015872
41 0.674234693877551 0.18578643578643578 0.0005102040816326531 0.03318903318903319
41 0.5293367346938775 0.048701298701298704 0.0005102040816326531 0.02958152958152958
41 0.7262755102040817 0.06421356421356421 0.0005102040816326531 0.015873015873015872
24 0.7211734693877551 0.20472582972582973 0.010714285714285714 0.006132756132756133
24 0.7211734693877551 0.07413419913419914 0.010714285714285714 0.006132756132756133
24 0.6693877551020408 0.20472582972582973 0.01020408163265306 0.006132756132756133
41 0.675 0.11363636363636363 0.0010204081632653062 0.03823953823953824
41 0.674234693877551 0.055735930735930736 0.0005102040816326531 0.03427128427128427
26 0.6693877551020408 0.1838023088023088 0.01020408163265306 0.006132756132756133
24 0.6693877551020408 0.1985930735930736 0.01020408163265306 0.006132756132756133
24 0.6158163265306122 0.18091630591630592 0.009183673469387756 0.006132756132756133
26 0.6158163265306122 0.19570707070707072 0.009183673469387756 0.006132756132756133
26 0.6163265306122448 0.20183982683982685 0.01020408163265306 0.006132756132756133
15 0.5864795918367347 0.10948773448773448 0.010714285714285714 0.013347763347763348
16 0.5864795918367347 0.12355699855699856 0.01173469387755102 0.013347763347763348
24 0.6158163265306122 0.11634199134199134 0.009183673469387756 0.006132756132756133
26 0.6163265306122448 0.1370851370851371 0.01020408163265306 0.005772005772005772
15 0.5864795918367347 0.055375180375180376 0.010714285714285714 0.013347763347763348
16 0.5864795918367347 0.06962481962481963 0.01173469387755102 0.013708513708513708
24 0.6158163265306122 0.05032467532467533 0.009183673469387756 0.006132756132756133
26 0.6158163265306122 0.06511544011544011 0.009183673469387756 0.006132756132756133
26 0.6163265306122448 0.07124819624819625 0.01020408163265306 0.006132756132756133
15 0.5864795918367347 0.18596681096681097 0.010714285714285714 0.013347763347763348
16 0.5864795918367347 0.20003607503607504 0.01173469387755102 0.013347763347763348
41 0.5293367346938775 0.1791125541125541 0.0005102040816326531 0.029942279942279944
121 0.23596938775510204 0.0891053391053391 0.15663265306122448 0.0021645021645021645
41 0.6211734693877551 0.11616161616161616 0.0005102040816326531 0.03968253968253968
41 0.6211734693877551 0.18326118326118326 0.0005102040816326531 0.03463203463203463
47 0.6255102040816326 0.10642135642135642 0.00816326530612245 0.01948051948051948
41 0.6211734693877551 0.05284992784992785 0.0005102040816326531 0.03427128427128427
16 0.940561224489796 0.18596681096681097 0.01173469387755102 0.013347763347763348
16 0.940561224489796 0.20003607503607504 0.01173469387755102 0.013347763347763348
16 0.940561224489796 0.10948773448773448 0.01173469387755102 0.013347763347763348
16 0.940561224489796 0.12355699855699856 0.01173469387755102 0.013347763347763348
16 0.940561224489796 0.055375180375180376 0.01173469387755102 0.013347763347763348
16 0.940561224489796 0.06962481962481963 0.01173469387755102 0.013708513708513708
122 0.547704081632653 0.10948773448773448 0.13316326530612244 0.00468975468975469
121 0.23596938775510204 0.2196969696969697 0.15663265306122448 0.0021645021645021645
122 0.21428571428571427 0.16612554112554112 0.1 0.003968253968253968
122 0.21760204081632653 0.12896825396825398 0.0933673469387755 0.003968253968253968
122 0.3691326530612245 0.14213564213564214 0.08520408163265306 0.004329004329004329
122 0.37244897959183676 0.10966810966810966 0.08979591836734693 0.004329004329004329
121 0.45076530612244897 0.03354978354978355 0.15663265306122448 0.0021645021645021645
121 0.45076530612244897 0.16414141414141414 0.15663265306122448 0.0021645021645021645
122 0.5443877551020408 0.1423160173160173 0.12857142857142856 0.00468975468975469
121 0.6479591836734694 0.036255411255411256 0.053061224489795916 0.003968253968253968
121 0.6479591836734694 0.16684704184704185 0.053061224489795916 0.003968253968253968
122 0.7739795918367347 0.1424963924963925 0.20510204081632652 0.004329004329004329
122 0.7775510204081633 0.10443722943722944 0.19795918367346937 0.00468975468975469
121 0.753061224489796 0.05230880230880231 0.05408163265306123 0.007936507936507936
121 0.753061224489796 0.18253968253968253 0.05408163265306123 0.007936507936507936
121 0.8563775510204081 0.05212842712842713 0.05357142857142857 0.007575757575757576
121 0.8563775510204081 0.18253968253968253 0.05357142857142857 0.007936507936507936
41 0.7798469387755103 0.18668831168831168 0.0005102040816326531 0.013347763347763348
41 0.8293367346938776 0.06349206349206349 0.0005102040816326531 0.016594516594516596
24 0.8244897959183674 0.20472582972582973 0.01020408163265306 0.006132756132756133
24 0.8244897959183674 0.07413419913419914 0.01020408163265306 0.006132756132756133
41 0.7798469387755103 0.05627705627705628 0.0005102040816326531 0.013708513708513708
26 0.7747448979591837 0.19570707070707072 0.010714285714285714 0.006132756132756133
26 0.7747448979591837 0.06511544011544011 0.010714285714285714 0.006132756132756133
41 0.8834183673469388 0.18686868686868688 0.0005102040816326531 0.013708513708513708
47 0.8877551020408163 0.1038961038961039 0.007142857142857143 0.01948051948051948
41 0.8834183673469388 0.1130952380952381 0.0005102040816326531 0.03787878787878788
41 0.8834183673469388 0.05627705627705628 0.0005102040816326531 0.013708513708513708
26 0.8783163265306122 0.19570707070707072 0.010714285714285714 0.006132756132756133
26 0.8783163265306122 0.11327561327561328 0.010714285714285714 0.005772005772005772
24 0.8783163265306122 0.134018759018759 0.010714285714285714 0.006132756132756133
26 0.8783163265306122 0.06511544011544011 0.010714285714285714 0.006132756132756133
41 0.8293367346938776 0.19462481962481962 0.0005102040816326531 0.017676767676767676
24 0.21224489795918366 0.07413419913419914 0.01020408163265306 0.006132756132756133
41 0.20739795918367346 0.21338383838383837 0.0005102040816326531 0.011904761904761904
41 0.20739795918367346 0.08207070707070707 0.0005102040816326531 0.013347763347763348
24 0.21224489795918366 0.20472582972582973 0.01020408163265306 0.006132756132756133
26 0.26658163265306123 0.06511544011544011 0.009693877551020408 0.006132756132756133
41 0.1576530612244898 0.19805194805194806 0.0010204081632653062 0.04256854256854257
41 0.16760204081632654 0.13618326118326118 0.0005102040816326531 0.03932178932178932
26 0.5242346938775511 0.19570707070707072 0.010714285714285714 0.006132756132756133
47 0.2755102040816326 0.12644300144300144 0.007142857142857143 0.01911976911976912
41 0.2711734693877551 0.13636363636363635 0.0005102040816326531 0.03968253968253968
41 0.26096938775510203 0.06782106782106782 0.0005102040816326531 0.04184704184704185
24 0.26607142857142857 0.1747835497835498 0.010714285714285714 0.006132756132756133
24 0.26658163265306123 0.18668831168831168 0.009693877551020408 0.006132756132756133
26 0.26658163265306123 0.19570707070707072 0.009693877551020408 0.006132756132756133
26 0.26607142857142857 0.1370851370851371 0.010714285714285714 0.005772005772005772
24 0.26607142857142857 0.15800865800865802 0.010714285714285714 0.005772005772005772
24 0.26607142857142857 0.044372294372294376 0.010714285714285714 0.005772005772005772
24 0.26607142857142857 0.05627705627705628 0.010714285714285714 0.005772005772005772
16 0.1326530612244898 0.10948773448773448 0.012244897959183673 0.013347763347763348
16 0.1326530612244898 0.12355699855699856 0.012244897959183673 0.013347763347763348
69 0.09260204081632653 0.10930735930735931 0.008673469387755102 0.024531024531024532
69 0.10204081632653061 0.11832611832611832 0.009183673469387756 0.024531024531024532
69 0.1114795918367347 0.10642135642135642 0.008673469387755102 0.024531024531024532
8 0.06938775510204082 0.1167027417027417 0.02959183673469388 0.027056277056277056
69 0.09260204081632653 0.049422799422799424 0.008673469387755102 0.024531024531024532
69 0.10204081632653061 0.05844155844155844 0.009183673469387756 0.024531024531024532
69 0.1114795918367347 0.046536796536796536 0.008673469387755102 0.024531024531024532
5 0.0663265306122449 0.06259018759018758 0.02346938775510204 0.050865800865800864
16 0.1326530612244898 0.18596681096681097 0.012244897959183673 0.013347763347763348
16 0.1326530612244898 0.20003607503607504 0.012244897959183673 0.013347763347763348
16 0.1326530612244898 0.055375180375180376 0.012244897959183673 0.013347763347763348
16 0.1326530612244898 0.06962481962481963 0.012244897959183673 0.013708513708513708
0 0.04081632653061224 0.08928571428571429 0.009183673469387756 0.07828282828282829
26 0.16326530612244897 0.06511544011544011 0.009183673469387756 0.006132756132756133
41 0.1576530612244898 0.06746031746031746 0.0010204081632653062 0.04256854256854257
24 0.1625 0.1747835497835498 0.010714285714285714 0.006132756132756133
24 0.1625 0.18668831168831168 0.010714285714285714 0.006132756132756133
26 0.1625 0.19570707070707072 0.010714285714285714 0.006132756132756133
26 0.1625 0.1370851370851371 0.010714285714285714 0.005772005772005772
24 0.1625 0.15800865800865802 0.010714285714285714 0.005772005772005772
24 0.1625 0.044372294372294376 0.010714285714285714 0.005772005772005772
24 0.1625 0.05627705627705628 0.010714285714285714 0.005772005772005772
41 0.26096938775510203 0.1976911976911977 0.0005102040816326531 0.04329004329004329
69 0.09260204081632653 0.18001443001443002 0.008673469387755102 0.024531024531024532
69 0.10204081632653061 0.18903318903318903 0.009183673469387756 0.024531024531024532
69 0.1114795918367347 0.17712842712842713 0.008673469387755102 0.024531024531024532
5 0.0663265306122449 0.193001443001443 0.02346938775510204 0.051226551226551224
41 0.42423469387755103 0.18037518037518038 0.0005102040816326531 0.032467532467532464
47 0.4288265306122449 0.10642135642135642 0.007653061224489796 0.01948051948051948
41 0.42423469387755103 0.11562049062049062 0.0005102040816326531 0.0386002886002886
26 0.47244897959183674 0.07124819624819625 0.01020408163265306 0.006132756132756133
41 0.42423469387755103 0.04996392496392496 0.0005102040816326531 0.032106782106782104
26 0.4191326530612245 0.17784992784992784 0.010714285714285714 0.005772005772005772
24 0.4191326530612245 0.1928210678210678 0.010714285714285714 0.006132756132756133
24 0.4191326530612245 0.1985930735930736 0.010714285714285714 0.006132756132756133
26 0.4191326530612245 0.1370851370851371 0.010714285714285714 0.005772005772005772
26 0.4191326530612245 0.04743867243867244 0.010714285714285714 0.006132756132756133
24 0.4191326530612245 0.06222943722943723 0.010714285714285714 0.006132756132756133
26 0.5242346938775511 0.06511544011544011 0.010714285714285714 0.006132756132756133
41 0.4772959183673469 0.18181818181818182 0.0005102040816326531 0.03535353535353535
41 0.4772959183673469 0.11562049062049062 0.0005102040816326531 0.03787878787878788
24 0.4191326530612245 0.11634199134199134 0.010714285714285714 0.006132756132756133
41 0.4772959183673469 0.05194805194805195 0.0005102040816326531 0.03607503607503607
24 0.47244897959183674 0.18091630591630592 0.01020408163265306 0.006132756132756133
26 0.47244897959183674 0.19570707070707072 0.01020408163265306 0.006132756132756133
26 0.47244897959183674 0.20183982683982685 0.01020408163265306 0.006132756132756133
24 0.47244897959183674 0.11634199134199134 0.01020408163265306 0.006132756132756133
26 0.47244897959183674 0.1370851370851371 0.01020408163265306 0.005772005772005772
24 0.47244897959183674 0.05032467532467533 0.01020408163265306 0.006132756132756133
26 0.47244897959183674 0.06511544011544011 0.01020408163265306 0.006132756132756133
24 0.31862244897959185 0.11634199134199134 0.009693877551020408 0.006132756132756133
24 0.3196428571428571 0.1985930735930736 0.009693877551020408 0.006132756132756133
41 0.314030612244898 0.19967532467532467 0.0005102040816326531 0.03932178932178932
24 0.4191326530612245 0.06818181818181818 0.010714285714285714 0.005772005772005772
41 0.324234693877551 0.11580086580086581 0.0005102040816326531 0.03823953823953824
41 0.314030612244898 0.06908369408369408 0.0005102040816326531 0.03932178932178932
26 0.3191326530612245 0.17784992784992784 0.010714285714285714 0.005772005772005772
26 0.3191326530612245 0.18975468975468976 0.010714285714285714 0.005772005772005772
26 0.3676020408163265 0.06511544011544011 0.010714285714285714 0.006132756132756133
24 0.3191326530612245 0.06818181818181818 0.010714285714285714 0.005772005772005772
41 0.37270408163265306 0.17893217893217894 0.0005102040816326531 0.02958152958152958
26 0.3191326530612245 0.059343434343434344 0.010714285714285714 0.006132756132756133
41 0.37270408163265306 0.04888167388167388 0.0005102040816326531 0.029942279942279944
26 0.3191326530612245 0.04743867243867244 0.010714285714285714 0.006132756132756133
26 0.3676020408163265 0.19570707070707072 0.010714285714285714 0.006132756132756133
26 0.3191326530612245 0.1370851370851371 0.010714285714285714 0.005772005772005772
134 0.4997448979591837 0.39231601731601734 0.9045918367346939 0.024170274170274172
1 0.8283163265306123 0.3685064935064935 0.015816326530612244 0.0010822510822510823
1 0.8283163265306123 0.37445887445887444 0.015816326530612244 0.0007215007215007215
1 0.7760204081632653 0.37445887445887444 0.0163265306122449 0.0007215007215007215
1 0.6739795918367347 0.37445887445887444 0.0163265306122449 0.0007215007215007215
1 0.6201530612244898 0.37445887445887444 0.015816326530612244 0.0007215007215007215
1 0.47551020408163264 0.37445887445887444 0.0163265306122449 0.0007215007215007215
1 0.26683673469387753 0.37445887445887444 0.0163265306122449 0.0007215007215007215
1 0.16275510204081634 0.37445887445887444 0.0163265306122449 0.0007215007215007215
134 0.4997448979591837 0.32196969696969696 0.9045918367346939 0.024170274170274172
1 0.26683673469387753 0.3398268398268398 0.0163265306122449 0.0007215007215007215
1 0.26683673469387753 0.34559884559884557 0.0163265306122449 0.0007215007215007215
1 0.26683673469387753 0.35173160173160173 0.0163265306122449 0.0007215007215007215
1 0.26683673469387753 0.3575036075036075 0.0163265306122449 0.0007215007215007215
1 0.16275510204081634 0.3398268398268398 0.0163265306122449 0.0007215007215007215
1 0.16275510204081634 0.34559884559884557 0.0163265306122449 0.0007215007215007215
1 0.16275510204081634 0.35173160173160173 0.0163265306122449 0.0007215007215007215
1 0.16275510204081634 0.3575036075036075 0.0163265306122449 0.0007215007215007215
1 0.8283163265306123 0.24386724386724387 0.015816326530612244 0.0007215007215007215
1 0.8283163265306123 0.25 0.015816326530612244 0.0007215007215007215
1 0.7760204081632653 0.25 0.0163265306122449 0.0007215007215007215
1 0.6739795918367347 0.25 0.0163265306122449 0.0007215007215007215
1 0.6201530612244898 0.25 0.015816326530612244 0.0007215007215007215
1 0.47551020408163264 0.25 0.0163265306122449 0.0007215007215007215
1 0.26683673469387753 0.25 0.0163265306122449 0.0007215007215007215
1 0.16275510204081634 0.25 0.0163265306122449 0.0007215007215007215
134 0.4997448979591837 0.26785714285714285 0.9045918367346939 0.024170274170274172
41 0.6686224489795919 0.2671356421356421 0.0005102040816326531 0.03643578643578643
26 0.6739795918367347 0.3713924963924964 0.01020408163265306 0.006132756132756133
24 0.674234693877551 0.39231601731601734 0.009693877551020408 0.006132756132756133
28 0.674234693877551 0.3098845598845599 0.010714285714285714 0.006493506493506494
30 0.6744897959183673 0.32485569985569984 0.01020408163265306 0.006854256854256854
26 0.6737244897959184 0.24693362193362192 0.010714285714285714 0.006132756132756133
24 0.6737244897959184 0.26785714285714285 0.010714285714285714 0.006132756132756133
26 0.7755102040816326 0.24693362193362192 0.009183673469387756 0.006132756132756133
41 0.7267857142857143 0.26334776334776333 0.0005102040816326531 0.02886002886002886
24 0.7760204081632653 0.26785714285714285 0.01020408163265306 0.006132756132756133
41 0.7267857142857143 0.3878066378066378 0.0005102040816326531 0.02886002886002886
24 0.7216836734693878 0.4042207792207792 0.010714285714285714 0.006132756132756133
24 0.7216836734693878 0.27976190476190477 0.010714285714285714 0.006132756132756133
41 0.6686224489795919 0.39141414141414144 0.0005102040816326531 0.03751803751803752
41 0.6686224489795919 0.3272005772005772 0.0005102040816326531 0.032467532467532464
15 0.5903061224489796 0.261002886002886 0.01020408163265306 0.013347763347763348
16 0.5903061224489796 0.27525252525252525 0.012244897959183673 0.013708513708513708
41 0.6150510204081633 0.2703823953823954 0.0005102040816326531 0.03643578643578643
15 0.5903061224489796 0.3856421356421356 0.01020408163265306 0.013708513708513708
16 0.5903061224489796 0.3997113997113997 0.012244897959183673 0.013708513708513708
24 0.6201530612244898 0.37463924963924966 0.010714285714285714 0.006132756132756133
26 0.6206632653061225 0.3953823953823954 0.009693877551020408 0.005772005772005772
15 0.5903061224489796 0.3152958152958153 0.01020408163265306 0.012987012987012988
16 0.5903061224489796 0.3291847041847042 0.012244897959183673 0.013347763347763348
24 0.6196428571428572 0.31583694083694086 0.009693877551020408 0.006132756132756133
26 0.6201530612244898 0.33676046176046176 0.010714285714285714 0.006132756132756133
24 0.6201530612244898 0.24981962481962483 0.010714285714285714 0.006132756132756133
26 0.6201530612244898 0.27074314574314573 0.010714285714285714 0.006132756132756133
41 0.5323979591836735 0.376984126984127 0.0005102040816326531 0.031746031746031744
121 0.2364795918367347 0.29473304473304474 0.1576530612244898 0.0021645021645021645
41 0.6150510204081633 0.3943001443001443 0.0005102040816326531 0.03751803751803752
47 0.6295918367346939 0.30735930735930733 0.007142857142857143 0.01948051948051948
41 0.6252551020408164 0.31637806637806637 0.0005102040816326531 0.03823953823953824
16 0.940561224489796 0.3856421356421356 0.01173469387755102 0.013708513708513708
16 0.940561224489796 0.3997113997113997 0.01173469387755102 0.013708513708513708
16 0.940561224489796 0.3151154401154401 0.01173469387755102 0.013347763347763348
16 0.940561224489796 0.3291847041847042 0.01173469387755102 0.013347763347763348
16 0.940561224489796 0.261002886002886 0.01173469387755102 0.013347763347763348
16 0.940561224489796 0.27525252525252525 0.01173469387755102 0.013708513708513708
122 0.5510204081632653 0.30916305916305914 0.1346938775510204 0.004329004329004329
121 0.2364795918367347 0.41919191919191917 0.1576530612244898 0.0021645021645021645
122 0.21479591836734693 0.3658008658008658 0.10102040816326531 0.004329004329004329
122 0.2181122448979592 0.32792207792207795 0.0933673469387755 0.004329004329004329
122 0.3711734693877551 0.341991341991342 0.08622448979591837 0.004329004329004329
122 0.37448979591836734 0.30916305916305914 0.09081632653061225 0.004329004329004329
121 0.45357142857142857 0.23502886002886003 0.15816326530612246 0.0018037518037518038
121 0.45357142857142857 0.3596681096681097 0.15816326530612246 0.0021645021645021645
122 0.547704081632653 0.341991341991342 0.13010204081632654 0.004329004329004329
121 0.6420918367346938 0.2876984126984127 0.05357142857142857 0.003968253968253968
121 0.6420918367346938 0.41233766233766234 0.05357142857142857 0.0036075036075036075
122 0.7729591836734694 0.33351370851370854 0.19387755102040816 0.00468975468975469
122 0.7762755102040816 0.30176767676767674 0.20051020408163264 0.00468975468975469
121 0.7540816326530613 0.24044011544011545 0.05408163265306123 0.0183982683982684
121 0.7540816326530613 0.3648989898989899 0.05408163265306123 0.0183982683982684
121 0.8581632653061224 0.23575036075036074 0.05 0.015512265512265512
121 0.8581632653061224 0.3605699855699856 0.05 0.015512265512265512
41 0.8334183673469387 0.37067099567099565 0.0005102040816326531 0.03354978354978355
41 0.8334183673469387 0.24621212121212122 0.0005102040816326531 0.03354978354978355
24 0.8283163265306123 0.3685064935064935 0.010714285714285714 0.006132756132756133
26 0.8283163265306123 0.3894300144300144 0.010714285714285714 0.006132756132756133
24 0.8283163265306123 0.24404761904761904 0.010714285714285714 0.006132756132756133
26 0.8283163265306123 0.26497113997113997 0.010714285714285714 0.006132756132756133
41 0.7808673469387755 0.37337662337662336 0.0005102040816326531 0.03318903318903319
41 0.7808673469387755 0.24945887445887446 0.0005102040816326531 0.03427128427128427
26 0.7760204081632653 0.3713924963924964 0.01020408163265306 0.006132756132756133
41 0.8834183673469388 0.3805916305916306 0.0005102040816326531 0.025974025974025976
53 0.8793367346938775 0.3344155844155844 0.010714285714285714 0.01875901875901876
41 0.8732142857142857 0.3281024531024531 0.0005102040816326531 0.032106782106782104
24 0.7760204081632653 0.39231601731601734 0.01020408163265306 0.006132756132756133
41 0.8834183673469388 0.25577200577200576 0.0005102040816326531 0.025974025974025976
26 0.8783163265306122 0.3953823953823954 0.010714285714285714 0.005772005772005772
24 0.8783163265306122 0.3098845598845599 0.010714285714285714 0.005772005772005772
26 0.8783163265306122 0.32485569985569984 0.010714285714285714 0.006132756132756133
26 0.8783163265306122 0.27074314574314573 0.010714285714285714 0.006132756132756133
41 0.2076530612244898 0.41233766233766234 0.0010204081632653062 0.013708513708513708
41 0.2076530612244898 0.2876984126984127 0.0010204081632653062 0.013347763347763348
24 0.21275510204081632 0.4042207792207792 0.01020408163265306 0.006132756132756133
24 0.21275510204081632 0.27976190476190477 0.01020408163265306 0.006132756132756133
41 0.1576530612244898 0.39790764790764793 0.0010204081632653062 0.04256854256854257
41 0.16760204081632654 0.3356782106782107 0.0005102040816326531 0.03932178932178932
47 0.27653061224489794 0.32611832611832614 0.007142857142857143 0.01948051948051948
41 0.2721938775510204 0.336038961038961 0.0005102040816326531 0.04004329004329004
41 0.26198979591836735 0.27344877344877344 0.0005102040816326531 0.04184704184704185
24 0.2670918367346939 0.37463924963924966 0.010714285714285714 0.006132756132756133
26 0.26760204081632655 0.3894300144300144 0.009693877551020408 0.006132756132756133
26 0.26760204081632655 0.3953823953823954 0.009693877551020408 0.005772005772005772
26 0.2670918367346939 0.33676046176046176 0.010714285714285714 0.006132756132756133
24 0.2670918367346939 0.35768398268398266 0.010714285714285714 0.006132756132756133
24 0.2670918367346939 0.24981962481962483 0.010714285714285714 0.006132756132756133
26 0.2670918367346939 0.26497113997113997 0.010714285714285714 0.006132756132756133
26 0.2670918367346939 0.27074314574314573 0.010714285714285714 0.006132756132756133
16 0.1326530612244898 0.3151154401154401 0.012244897959183673 0.013347763347763348
16 0.1326530612244898 0.3291847041847042 0.012244897959183673 0.013347763347763348
69 0.09260204081632653 0.31493506493506496 0.008673469387755102 0.024531024531024532
69 0.10204081632653061 0.32395382395382394 0.009183673469387756 0.024531024531024532
69 0.1114795918367347 0.3120490620490621 0.008673469387755102 0.024531024531024532
8 0.06938775510204082 0.32233044733044736 0.02959183673469388 0.027056277056277056
69 0.09260204081632653 0.255050505050505 0.008673469387755102 0.024531024531024532
69 0.10204081632653061 0.26406926406926406 0.009183673469387756 0.024531024531024532
69 0.1114795918367347 0.25216450216450215 0.008673469387755102 0.024531024531024532
5 0.0663265306122449 0.26821789321789324 0.02346938775510204 0.050865800865800864
16 0.1326530612244898 0.3856421356421356 0.012244897959183673 0.013708513708513708
16 0.1326530612244898 0.3997113997113997 0.012244897959183673 0.013708513708513708
16 0.1326530612244898 0.261002886002886 0.012244897959183673 0.013347763347763348
16 0.1326530612244898 0.27525252525252525 0.012244897959183673 0.013708513708513708
0 0.04081632653061224 0.29473304473304474 0.009183673469387756 0.07792207792207792
41 0.1576530612244898 0.2730880230880231 0.0010204081632653062 0.04256854256854257
24 0.1625 0.37463924963924966 0.010714285714285714 0.006132756132756133
26 0.1625 0.3894300144300144 0.010714285714285714 0.006132756132756133
26 0.1625 0.3953823953823954 0.010714285714285714 0.005772005772005772
26 0.1625 0.33676046176046176 0.010714285714285714 0.006132756132756133
24 0.1625 0.35768398268398266 0.010714285714285714 0.006132756132756133
24 0.1625 0.24981962481962483 0.010714285714285714 0.006132756132756133
26 0.1625 0.26497113997113997 0.010714285714285714 0.006132756132756133
26 0.1625 0.27074314574314573 0.010714285714285714 0.006132756132756133
41 0.26198979591836735 0.39736652236652237 0.0005102040816326531 0.04365079365079365
69 0.09260204081632653 0.3795093795093795 0.008673469387755102 0.024531024531024532
69 0.10204081632653061 0.38852813852813856 0.009183673469387756 0.024531024531024532
69 0.1114795918367347 0.37662337662337664 0.008673469387755102 0.024531024531024532
5 0.0663265306122449 0.39285714285714285 0.02346938775510204 0.051226551226551224
41 0.42678571428571427 0.31601731601731603 0.0005102040816326531 0.03751803751803752
24 0.4747448979591837 0.24981962481962483 0.009693877551020408 0.006132756132756133
26 0.47525510204081634 0.27074314574314573 0.010714285714285714 0.006132756132756133
41 0.42678571428571427 0.3778860028860029 0.0005102040816326531 0.03643578643578643
47 0.4308673469387755 0.30735930735930733 0.007653061224489796 0.01948051948051948
26 0.47525510204081634 0.33676046176046176 0.010714285714285714 0.006132756132756133
41 0.42678571428571427 0.25342712842712845 0.0005102040816326531 0.03643578643578643
26 0.42168367346938773 0.37752525252525254 0.010714285714285714 0.006132756132756133
24 0.42168367346938773 0.31583694083694086 0.010714285714285714 0.006132756132756133
26 0.42168367346938773 0.33676046176046176 0.010714285714285714 0.006132756132756133
26 0.42168367346938773 0.25306637806637805 0.010714285714285714 0.006132756132756133
41 0.5323979591836735 0.2518037518037518 0.0005102040816326531 0.03318903318903319
26 0.5275510204081633 0.3953823953823954 0.01020408163265306 0.005772005772005772
26 0.5275510204081633 0.27074314574314573 0.01020408163265306 0.006132756132756133
41 0.48035714285714287 0.37644300144300147 0.0005102040816326531 0.03354978354978355
24 0.42168367346938773 0.39844877344877344 0.010714285714285714 0.006132756132756133
41 0.48035714285714287 0.31673881673881676 0.0005102040816326531 0.03751803751803752
41 0.48035714285714287 0.25234487734487737 0.0005102040816326531 0.03427128427128427
24 0.47525510204081634 0.37463924963924966 0.010714285714285714 0.006132756132756133
26 0.47525510204081634 0.3953823953823954 0.010714285714285714 0.005772005772005772
24 0.47525510204081634 0.31583694083694086 0.010714285714285714 0.006132756132756133
41 0.32576530612244897 0.31637806637806637 0.0005102040816326531 0.0367965367965368
26 0.32066326530612244 0.33676046176046176 0.010714285714285714 0.006132756132756133
41 0.3155612244897959 0.3995310245310245 0.0005102040816326531 0.03932178932178932
24 0.32066326530612244 0.31583694083694086 0.010714285714285714 0.006132756132756133
41 0.3155612244897959 0.2748917748917749 0.0005102040816326531 0.03896103896103896
26 0.32066326530612244 0.37752525252525254 0.010714285714285714 0.006132756132756133
24 0.32066326530612244 0.39844877344877344 0.010714285714285714 0.006132756132756133
24 0.42168367346938773 0.27380952380952384 0.010714285714285714 0.005772005772005772
24 0.32066326530612244 0.27380952380952384 0.010714285714285714 0.005772005772005772
41 0.3747448979591837 0.37662337662337664 0.0005102040816326531 0.03391053391053391
26 0.36964285714285716 0.27074314574314573 0.010714285714285714 0.006132756132756133
41 0.3747448979591837 0.25234487734487737 0.0005102040816326531 0.03427128427128427
26 0.36964285714285716 0.3953823953823954 0.010714285714285714 0.005772005772005772
26 0.32066326530612244 0.25306637806637805 0.010714285714285714 0.006132756132756133
134 0.4997448979591837 0.4675324675324675 0.9045918367346939 0.023809523809523808
134 0.4997448979591837 0.6051587301587301 0.9045918367346939 0.024170274170274172
1 0.6413265306122449 0.623015873015873 0.0163265306122449 0.0007215007215007215
1 0.45051020408163267 0.623015873015873 0.0163265306122449 0.0007215007215007215
1 0.6413265306122449 0.48538961038961037 0.0163265306122449 0.0010822510822510823
1 0.45051020408163267 0.48538961038961037 0.0163265306122449 0.0010822510822510823
1 0.738265306122449 0.5393217893217893 0.0163265306122449 0.0007215007215007215
1 0.6413265306122449 0.5393217893217893 0.0163265306122449 0.0007215007215007215
1 0.45051020408163267 0.5393217893217893 0.0163265306122449 0.0007215007215007215
1 0.3535714285714286 0.5393217893217893 0.0163265306122449 0.0007215007215007215
1 0.3535714285714286 0.5454545454545454 0.0163265306122449 0.0007215007215007215
1 0.3535714285714286 0.5512265512265512 0.0163265306122449 0.0007215007215007215
1 0.3535714285714286 0.5573593073593074 0.0163265306122449 0.0007215007215007215
1 0.3535714285714286 0.5631313131313131 0.0163265306122449 0.0007215007215007215
1 0.16275510204081634 0.5393217893217893 0.0163265306122449 0.0007215007215007215
1 0.16275510204081634 0.5454545454545454 0.0163265306122449 0.0007215007215007215
1 0.16275510204081634 0.5512265512265512 0.0163265306122449 0.0007215007215007215
1 0.16275510204081634 0.5573593073593074 0.0163265306122449 0.0007215007215007215
1 0.16275510204081634 0.5631313131313131 0.0163265306122449 0.0007215007215007215
134 0.4997448979591837 0.5214646464646465 0.9045918367346939 0.024170274170274172
41 0.6464285714285715 0.6037157287157288 0.0010204081632653062 0.03571428571428571
26 0.6415816326530612 0.6022727272727273 0.010714285714285714 0.006132756132756133
41 0.6464285714285715 0.4659090909090909 0.0010204081632653062 0.03571428571428571
41 0.6464285714285715 0.5211038961038961 0.0010204081632653062 0.03932178932178932
47 0.650765306122449 0.5115440115440115 0.007653061224489796 0.01948051948051948
26 0.7385204081632653 0.4825036075036075 0.010714285714285714 0.006132756132756133
26 0.7377551020408163 0.4763708513708514 0.009183673469387756 0.006132756132756133
24 0.7377551020408163 0.4615800865800866 0.009183673469387756 0.006132756132756133
26 0.7385204081632653 0.5423881673881674 0.010714285714285714 0.006132756132756133
24 0.7377551020408163 0.5214646464646465 0.009183673469387756 0.006132756132756133
26 0.738265306122449 0.6201298701298701 0.01020408163265306 0.005772005772005772
26 0.7377551020408163 0.6141774891774892 0.009183673469387756 0.006132756132756133
24 0.7377551020408163 0.5992063492063492 0.009183673469387756 0.005772005772005772
41 0.7433673469387755 0.46464646464646464 0.0010204081632653062 0.03318903318903319
121 0.31173469387755104 0.44372294372294374 0.28775510204081634 0.0021645021645021645
26 0.5459183673469388 0.4825036075036075 0.01020408163265306 0.006132756132756133
26 0.5459183673469388 0.6201298701298701 0.01020408163265306 0.005772005772005772
41 0.550765306122449 0.46410533910533913 0.0005102040816326531 0.03427128427128427
24 0.6415816326530612 0.6170634920634921 0.010714285714285714 0.006132756132756133
41 0.550765306122449 0.6017316017316018 0.0005102040816326531 0.03463203463203463
24 0.6415816326530612 0.48538961038961037 0.010714285714285714 0.006132756132756133
24 0.6415816326530612 0.47943722943722944 0.010714285714285714 0.005772005772005772
26 0.6415816326530612 0.46446608946608947 0.010714285714285714 0.006132756132756133
26 0.6415816326530612 0.5423881673881674 0.010714285714285714 0.006132756132756133
24 0.6415816326530612 0.5214646464646465 0.010714285714285714 0.006132756132756133
24 0.6415816326530612 0.6231962481962482 0.010714285714285714 0.006132756132756133
41 0.45535714285714285 0.6017316017316018 0.0005102040816326531 0.03823953823953824
16 0.940561224489796 0.5983044733044733 0.01173469387755102 0.013347763347763348
16 0.940561224489796 0.6125541125541125 0.01173469387755102 0.013708513708513708
121 0.6948979591836735 0.5844155844155844 0.28775510204081634 0.0021645021645021645
121 0.6948979591836735 0.4466089466089466 0.28775510204081634 0.0021645021645021645
122 0.5494897959183673 0.5147907647907648 0.18061224489795918 0.004329004329004329
122 0.5459183673469388 0.5476190476190477 0.17653061224489797 0.004329004329004329
122 0.2614795918367347 0.5340909090909091 0.18010204081632653 0.00468975468975469
122 0.25790816326530613 0.5714285714285714 0.18724489795918367 0.004329004329004329
121 0.31173469387755104 0.5813492063492064 0.28775510204081634 0.0018037518037518038
26 0.8339285714285715 0.6201298701298701 0.010714285714285714 0.005772005772005772
41 0.7433673469387755 0.5214646464646465 0.0010204081632653062 0.03932178932178932
41 0.7433673469387755 0.6017316017316018 0.0010204081632653062 0.03463203463203463
26 0.8339285714285715 0.4825036075036075 0.010714285714285714 0.006132756132756133
41 0.8390306122448979 0.46410533910533913 0.0005102040816326531 0.03427128427128427
41 0.8390306122448979 0.6017316017316018 0.0005102040816326531 0.03463203463203463
16 0.940561224489796 0.4606782106782107 0.01173469387755102 0.013708513708513708
16 0.940561224489796 0.4749278499278499 0.01173469387755102 0.013347763347763348
16 0.940561224489796 0.5146103896103896 0.01173469387755102 0.013347763347763348
16 0.940561224489796 0.5288600288600288 0.01173469387755102 0.013708513708513708
41 0.16760204081632654 0.46194083694083693 0.0005102040816326531 0.03643578643578643
26 0.1625 0.4825036075036075 0.010714285714285714 0.006132756132756133
26 0.1625 0.4763708513708514 0.010714285714285714 0.006132756132756133
24 0.1625 0.4615800865800866 0.010714285714285714 0.006132756132756133
24 0.1625 0.5633116883116883 0.010714285714285714 0.006132756132756133
26 0.16198979591836735 0.5423881673881674 0.009693877551020408 0.006132756132756133
26 0.1625 0.6201298701298701 0.010714285714285714 0.005772005772005772
26 0.16198979591836735 0.6141774891774892 0.009693877551020408 0.006132756132756133
24 0.16198979591836735 0.5992063492063492 0.009693877551020408 0.005772005772005772
41 0.16760204081632654 0.5418470418470418 0.0005102040816326531 0.04040404040404041
41 0.16760204081632654 0.6002886002886003 0.0005102040816326531 0.03751803751803752
0 0.04081632653061224 0.4945887445887446 0.009183673469387756 0.07792207792207792
16 0.1326530612244898 0.4606782106782107 0.012244897959183673 0.013708513708513708
16 0.1326530612244898 0.4749278499278499 0.012244897959183673 0.013347763347763348
16 0.1326530612244898 0.5146103896103896 0.012244897959183673 0.013347763347763348
16 0.1326530612244898 0.5288600288600288 0.012244897959183673 0.013708513708513708
16 0.1326530612244898 0.5983044733044733 0.012244897959183673 0.013347763347763348
16 0.1326530612244898 0.6125541125541125 0.012244897959183673 0.013708513708513708
5 0.0663265306122449 0.4678932178932179 0.02346938775510204 0.051226551226551224
69 0.09260204081632653 0.4547258297258297 0.008673469387755102 0.024170274170274172
69 0.10204081632653061 0.46356421356421357 0.009183673469387756 0.024531024531024532
69 0.1114795918367347 0.45165945165945165 0.008673469387755102 0.024531024531024532
8 0.06938775510204082 0.5221861471861472 0.02959183673469388 0.027056277056277056
69 0.09260204081632653 0.5147907647907648 0.008673469387755102 0.024531024531024532
69 0.10204081632653061 0.5236291486291487 0.009183673469387756 0.024170274170274172
69 0.1114795918367347 0.5117243867243867 0.008673469387755102 0.024170274170274172
5 0.0663265306122449 0.6055194805194806 0.02346938775510204 0.050865800865800864
69 0.09260204081632653 0.5923520923520924 0.008673469387755102 0.024531024531024532
69 0.10204081632653061 0.6013708513708513 0.009183673469387756 0.024531024531024532
69 0.1114795918367347 0.5894660894660895 0.008673469387755102 0.024531024531024532
24 0.45 0.47943722943722944 0.009183673469387756 0.005772005772005772
41 0.35841836734693877 0.5413059163059163 0.0005102040816326531 0.03932178932178932
47 0.36275510204081635 0.5317460317460317 0.00816326530612245 0.01948051948051948
41 0.35841836734693877 0.5995670995670995 0.0005102040816326531 0.03607503607503607
24 0.45051020408163267 0.48538961038961037 0.01020408163265306 0.006132756132756133
26 0.45 0.46446608946608947 0.009183673469387756 0.006132756132756133
26 0.45051020408163267 0.5423881673881674 0.01020408163265306 0.006132756132756133
24 0.45 0.5214646464646465 0.009183673469387756 0.006132756132756133
24 0.45051020408163267 0.6231962481962482 0.01020408163265306 0.006132756132756133
24 0.45051020408163267 0.6170634920634921 0.01020408163265306 0.006132756132756133
26 0.45051020408163267 0.6022727272727273 0.01020408163265306 0.006132756132756133
41 0.45535714285714285 0.4639249639249639 0.0005102040816326531 0.04040404040404041
41 0.45535714285714285 0.5214646464646465 0.0005102040816326531 0.03932178932178932
26 0.25790816326530613 0.4825036075036075 0.010714285714285714 0.006132756132756133
26 0.25816326530612244 0.6201298701298701 0.01020408163265306 0.005772005772005772
41 0.26301020408163267 0.4624819624819625 0.0005102040816326531 0.03751803751803752
41 0.26301020408163267 0.6002886002886003 0.0005102040816326531 0.03751803751803752
41 0.35841836734693877 0.46194083694083693 0.0005102040816326531 0.03643578643578643
26 0.3535714285714286 0.4763708513708514 0.01020408163265306 0.006132756132756133
24 0.3535714285714286 0.5992063492063492 0.01020408163265306 0.005772005772005772
24 0.3535714285714286 0.4615800865800866 0.01020408163265306 0.006132756132756133
24 0.3535714285714286 0.5633116883116883 0.01020408163265306 0.006132756132756133
26 0.3535714285714286 0.4825036075036075 0.01020408163265306 0.006132756132756133
26 0.3535714285714286 0.5423881673881674 0.01020408163265306 0.006132756132756133
26 0.3535714285714286 0.6201298701298701 0.01020408163265306 0.005772005772005772
26 0.3535714285714286 0.6141774891774892 0.01020408163265306 0.006132756132756133
1 0.7933673469387755 0.6982323232323232 0.0163265306122449 0.0010822510822510823
1 0.7614795918367347 0.6982323232323232 0.015816326530612244 0.0010822510822510823
1 0.2423469387755102 0.6982323232323232 0.0163265306122449 0.0010822510822510823
1 0.20051020408163264 0.6982323232323232 0.0163265306122449 0.0010822510822510823
26 0.9091836734693878 0.6832611832611832 0.01020408163265306 0.005772005772005772
15 0.8793367346938775 0.6735209235209235 0.010714285714285714 0.013708513708513708
16 0.8793367346938775 0.6875901875901876 0.01173469387755102 0.013708513708513708
24 0.9091836734693878 0.72492784992785 0.01020408163265306 0.006132756132756133
15 0.8793367346938775 0.729978354978355 0.010714285714285714 0.013347763347763348
16 0.8793367346938775 0.7440476190476191 0.01173469387755102 0.013347763347763348
15 0.8793367346938775 0.7931096681096681 0.010714285714285714 0.013347763347763348
16 0.8793367346938775 0.8071789321789322 0.01173469387755102 0.013347763347763348
41 0.914030612244898 0.6755050505050505 0.0005102040816326531 0.013347763347763348
41 0.9043367346938775 0.7359307359307359 0.0005102040816326531 0.01948051948051948
53 0.9099489795918367 0.7359307359307359 0.010714285714285714 0.01875901875901876
24 0.9232142857142858 0.6920995670995671 0.010714285714285714 0.006132756132756133
30 0.9237244897959184 0.7337662337662337 0.010714285714285714 0.006493506493506494
41 0.9283163265306122 0.6821789321789322 0.0005102040816326531 0.018037518037518036
15 0.8349489795918368 0.6735209235209235 0.010714285714285714 0.013708513708513708
16 0.8349489795918368 0.6875901875901876 0.01173469387755102 0.013708513708513708
121 0.21683673469387754 0.6672077922077922 0.05408163265306123 0.0018037518037518038
41 0.8022959183673469 0.7364718614718615 0.0005102040816326531 0.0183982683982684
26 0.8206632653061224 0.6832611832611832 0.010714285714285714 0.005772005772005772
41 0.825765306122449 0.672979797979798 0.0005102040816326531 0.0183982683982684
24 0.8647959183673469 0.6920995670995671 0.01020408163265306 0.006132756132756133
24 0.8647959183673469 0.7368326118326118 0.01020408163265306 0.006132756132756133
15 0.8349489795918368 0.729978354978355 0.010714285714285714 0.013347763347763348
16 0.8349489795918368 0.7440476190476191 0.01173469387755102 0.013347763347763348
15 0.8349489795918368 0.7931096681096681 0.010714285714285714 0.013347763347763348
16 0.8349489795918368 0.8071789321789322 0.01173469387755102 0.013347763347763348
41 0.8696428571428572 0.6774891774891775 0.0005102040816326531 0.027417027417027416
41 0.8596938775510204 0.7474747474747475 0.0010204081632653062 0.01875901875901876
53 0.8655612244897959 0.7471139971139971 0.010714285714285714 0.01875901875901876
24 0.9818877551020408 0.6863275613275613 0.010714285714285714 0.006132756132756133
30 0.9823979591836735 0.7218614718614719 0.010714285714285714 0.006493506493506494
41 0.9869897959183673 0.6767676767676768 0.0005102040816326531 0.016594516594516596
41 0.9767857142857143 0.7326839826839827 0.0005102040816326531 0.01948051948051948
41 0.9456632653061224 0.6883116883116883 0.0005102040816326531 0.017316017316017316
41 0.9181122448979592 0.7445887445887446 0.0005102040816326531 0.01948051948051948
24 0.9369897959183674 0.6801948051948052 0.010714285714285714 0.006132756132756133
41 0.9318877551020408 0.6897546897546898 0.0005102040816326531 0.016594516594516596
26 0.950765306122449 0.6773088023088023 0.010714285714285714 0.006132756132756133
26 0.9683673469387755 0.6832611832611832 0.01020408163265306 0.005772005772005772
41 0.9732142857142857 0.6747835497835498 0.0005102040816326531 0.01479076479076479
121 0.6178571428571429 0.6706349206349206 0.012244897959183673 0.006493506493506494
121 0.9801020408163266 0.6677489177489178 0.013265306122448979 0.002886002886002886
121 0.9387755102040817 0.6976911976911977 0.013265306122448979 0.002886002886002886
121 0.9211734693877551 0.6706349206349206 0.013775510204081633 0.006493506493506494
121 0.8341836734693877 0.6623376623376623 0.07142857142857142 0.0021645021645021645
121 0.7788265306122449 0.6672077922077922 0.03214285714285714 0.0018037518037518038
121 0.6933673469387756 0.6928210678210678 0.013265306122448979 0.003246753246753247
121 0.6658163265306123 0.6976911976911977 0.014285714285714285 0.002886002886002886
121 0.5239795918367347 0.6623376623376623 0.07040816326530612 0.0021645021645021645
121 0.4589285714285714 0.6672077922077922 0.031122448979591835 0.0018037518037518038
121 0.3834183673469388 0.66504329004329 0.013775510204081633 0.007575757575757576
121 0.35612244897959183 0.6976911976911977 0.013265306122448979 0.002886002886002886
121 0.3385204081632653 0.6706349206349206 0.013775510204081633 0.006493506493506494
122 0.29846938775510207 0.7278138528138528 0.04183673469387755 0.003968253968253968
121 0.2673469387755102 0.6684704184704184 0.03979591836734694 0.0021645021645021645
122 0.2471938775510204 0.7236652236652237 0.013775510204081633 0.0021645021645021645
84 0.3048469387755102 0.7976190476190477 0.005612244897959183 0.007215007215007215
122 0.2045918367346939 0.7278138528138528 0.025510204081632654 0.003246753246753247
41 0.36301020408163265 0.6884920634920635 0.0005102040816326531 0.016955266955266956
41 0.3354591836734694 0.7501803751803752 0.0005102040816326531 0.016233766233766232
24 0.35433673469387755 0.6801948051948052 0.010714285714285714 0.006132756132756133
41 0.349234693877551 0.6897546897546898 0.0005102040816326531 0.016594516594516596
26 0.3678571428571429 0.6773088023088023 0.01020408163265306 0.006132756132756133
41 0.34566326530612246 0.6816378066378066 0.0005102040816326531 0.016955266955266956
24 0.37142857142857144 0.6920995670995671 0.01020408163265306 0.006132756132756133
41 0.376530612244898 0.6798340548340548 0.0010204081632653062 0.022727272727272728
26 0.3852040816326531 0.6773088023088023 0.01020408163265306 0.006132756132756133
30 0.3854591836734694 0.7278138528138528 0.010714285714285714 0.006854256854256854
41 0.39005102040816325 0.6693722943722944 0.0005102040816326531 0.013347763347763348
53 0.32755102040816325 0.7417027417027418 0.01020408163265306 0.01875901875901876
26 0.32653061224489793 0.6832611832611832 0.01020408163265306 0.005772005772005772
15 0.29668367346938773 0.6735209235209235 0.010714285714285714 0.013708513708513708
16 0.29668367346938773 0.6875901875901876 0.01173469387755102 0.013708513708513708
24 0.32653061224489793 0.7306998556998557 0.01020408163265306 0.006132756132756133
15 0.29668367346938773 0.729978354978355 0.010714285714285714 0.013347763347763348
16 0.29668367346938773 0.7440476190476191 0.01173469387755102 0.013347763347763348
83 0.32346938775510203 0.7972582972582972 0.00510204081632653 0.007215007215007215
15 0.29668367346938773 0.7931096681096681 0.010714285714285714 0.013347763347763348
16 0.29668367346938773 0.8071789321789322 0.01173469387755102 0.013347763347763348
41 0.33137755102040817 0.6755050505050505 0.0005102040816326531 0.013347763347763348
41 0.32168367346938775 0.7417027417027418 0.0005102040816326531 0.01948051948051948
24 0.3405612244897959 0.6920995670995671 0.010714285714285714 0.006132756132756133
30 0.3408163265306122 0.7397186147186147 0.011224489795918367 0.006854256854256854
41 0.474234693877551 0.6756854256854257 0.0005102040816326531 0.016594516594516596
26 0.4420918367346939 0.6953463203463204 0.010714285714285714 0.006132756132756133
41 0.4471938775510204 0.6807359307359307 0.0005102040816326531 0.026695526695526696
26 0.4558673469387755 0.6832611832611832 0.010714285714285714 0.005772005772005772
41 0.4607142857142857 0.6747835497835498 0.0010204081632653062 0.01479076479076479
24 0.46938775510204084 0.6863275613275613 0.01020408163265306 0.006132756132756133
26 0.46938775510204084 0.7397186147186147 0.01020408163265306 0.006132756132756133
41 0.4645408163265306 0.75 0.0005102040816326531 0.018037518037518036
53 0.4701530612244898 0.7492784992784993 0.010714285714285714 0.01875901875901876
26 0.48341836734693877 0.6953463203463204 0.010714285714285714 0.006132756132756133
26 0.48341836734693877 0.7278138528138528 0.010714285714285714 0.006132756132756133
41 0.4885204081632653 0.6783910533910534 0.0005102040816326531 0.031385281385281384
41 0.38010204081632654 0.7388167388167388 0.0010204081632653062 0.01948051948051948
26 0.4385204081632653 0.6832611832611832 0.010714285714285714 0.005772005772005772
16 0.4086734693877551 0.6735209235209235 0.012244897959183673 0.013708513708513708
16 0.4086734693877551 0.6875901875901876 0.012244897959183673 0.013708513708513708
16 0.40841836734693876 0.729978354978355 0.01173469387755102 0.013347763347763348
16 0.40841836734693876 0.7440476190476191 0.01173469387755102 0.013347763347763348
16 0.40841836734693876 0.7931096681096681 0.01173469387755102 0.013347763347763348
16 0.40841836734693876 0.8071789321789322 0.01173469387755102 0.013347763347763348
41 0.44362244897959185 0.6747835497835498 0.0005102040816326531 0.01479076479076479
41 0.20535714285714285 0.6816378066378066 0.0005102040816326531 0.0284992784992785
26 0.18443877551020407 0.6832611832611832 0.010714285714285714 0.005772005772005772
24 0.1846938775510204 0.7306998556998557 0.01020408163265306 0.006132756132756133
41 0.1895408163265306 0.6747835497835498 0.0005102040816326531 0.01479076479076479
41 0.17959183673469387 0.7417027417027418 0.0010204081632653062 0.01948051948051948
24 0.2002551020408163 0.6982323232323232 0.010714285714285714 0.006132756132756133
26 0.22448979591836735 0.6832611832611832 0.01020408163265306 0.005772005772005772
24 0.22448979591836735 0.7306998556998557 0.01020408163265306 0.006132756132756133
41 0.22933673469387755 0.6747835497835498 0.0005102040816326531 0.01479076479076479
0 0.04056122448979592 0.7086940836940837 0.009693877551020408 0.08044733044733045
84 0.17525510204081632 0.795995670995671 0.015816326530612244 0.003968253968253968
16 0.1326530612244898 0.6735209235209235 0.012244897959183673 0.013708513708513708
16 0.1326530612244898 0.6875901875901876 0.012244897959183673 0.013708513708513708
16 0.1326530612244898 0.729978354978355 0.012244897959183673 0.013347763347763348
16 0.1326530612244898 0.7440476190476191 0.012244897959183673 0.013347763347763348
16 0.1326530612244898 0.7931096681096681 0.012244897959183673 0.013347763347763348
16 0.1326530612244898 0.8071789321789322 0.012244897959183673 0.013347763347763348
5 0.0663265306122449 0.6807359307359307 0.02346938775510204 0.051226551226551224
69 0.09260204081632653 0.6675685425685426 0.008673469387755102 0.024170274170274172
69 0.10204081632653061 0.6764069264069265 0.009183673469387756 0.024531024531024532
69 0.1114795918367347 0.6645021645021645 0.008673469387755102 0.024531024531024532
8 0.06938775510204082 0.7371933621933622 0.02959183673469388 0.027056277056277056
69 0.09260204081632653 0.729978354978355 0.008673469387755102 0.024170274170274172
69 0.10204081632653061 0.7388167388167388 0.009183673469387756 0.024531024531024532
69 0.1114795918367347 0.726911976911977 0.008673469387755102 0.024531024531024532
5 0.0663265306122449 0.8003246753246753 0.02346938775510204 0.050865800865800864
69 0.09260204081632653 0.7871572871572872 0.008673469387755102 0.024531024531024532
69 0.10204081632653061 0.7961760461760462 0.009183673469387756 0.024531024531024532
69 0.1114795918367347 0.7842712842712842 0.008673469387755102 0.024531024531024532
26 0.2701530612244898 0.6832611832611832 0.010714285714285714 0.005772005772005772
24 0.2558673469387755 0.6863275613275613 0.010714285714285714 0.006132756132756133
24 0.2558673469387755 0.7306998556998557 0.010714285714285714 0.006132756132756133
41 0.26096938775510203 0.6767676767676768 0.0005102040816326531 0.016594516594516596
41 0.25076530612244896 0.7417027417027418 0.0005102040816326531 0.01948051948051948
53 0.2566326530612245 0.7417027417027418 0.011224489795918367 0.01875901875901876
24 0.2701530612244898 0.7306998556998557 0.010714285714285714 0.006132756132756133
41 0.2752551020408163 0.6753246753246753 0.0005102040816326531 0.013708513708513708
41 0.26505102040816325 0.7417027417027418 0.0005102040816326531 0.01948051948051948
24 0.2823979591836735 0.6920995670995671 0.010714285714285714 0.006132756132756133
41 0.2875 0.6798340548340548 0.0005102040816326531 0.022727272727272728
41 0.21964285714285714 0.7417027417027418 0.0005102040816326531 0.01948051948051948
53 0.22551020408163266 0.7417027417027418 0.011224489795918367 0.01875901875901876
24 0.8071428571428572 0.72492784992785 0.01020408163265306 0.006132756132756133
24 0.2385204081632653 0.6863275613275613 0.010714285714285714 0.006132756132756133
24 0.23877551020408164 0.7306998556998557 0.01020408163265306 0.006132756132756133
41 0.24362244897959184 0.6762265512265512 0.0005102040816326531 0.017676767676767676
41 0.2336734693877551 0.7417027417027418 0.0010204081632653062 0.01948051948051948
24 0.2423469387755102 0.6982323232323232 0.01020408163265306 0.006132756132756133
41 0.2471938775510204 0.6827200577200577 0.0005102040816326531 0.0284992784992785
41 0.672704081632653 0.7476551226551227 0.0005102040816326531 0.017676767676767676
24 0.6915816326530613 0.6744227994227994 0.010714285714285714 0.006132756132756133
41 0.6864795918367347 0.6838023088023089 0.0005102040816326531 0.016233766233766232
26 0.7051020408163265 0.6773088023088023 0.01020408163265306 0.006132756132756133
24 0.7051020408163265 0.72492784992785 0.01020408163265306 0.006132756132756133
41 0.7002551020408163 0.6857864357864358 0.0005102040816326531 0.01443001443001443
41 0.7002551020408163 0.7359307359307359 0.0005102040816326531 0.01948051948051948
26 0.7579081632653061 0.6832611832611832 0.010714285714285714 0.005772005772005772
16 0.7278061224489796 0.6735209235209235 0.01173469387755102 0.013708513708513708
16 0.7278061224489796 0.6875901875901876 0.01173469387755102 0.013708513708513708
16 0.7278061224489796 0.729978354978355 0.01173469387755102 0.013347763347763348
16 0.7278061224489796 0.7440476190476191 0.01173469387755102 0.013347763347763348
16 0.7278061224489796 0.7931096681096681 0.01173469387755102 0.013347763347763348
16 0.7278061224489796 0.8071789321789322 0.01173469387755102 0.013347763347763348
41 0.7630102040816327 0.6747835497835498 0.0005102040816326531 0.01479076479076479
24 0.6637755102040817 0.72492784992785 0.01020408163265306 0.006132756132756133
15 0.6339285714285714 0.729978354978355 0.010714285714285714 0.013347763347763348
16 0.6336734693877552 0.7440476190476191 0.012244897959183673 0.013347763347763348
15 0.6339285714285714 0.7931096681096681 0.010714285714285714 0.013347763347763348
16 0.6336734693877552 0.8071789321789322 0.012244897959183673 0.013347763347763348
41 0.6586734693877551 0.6901154401154401 0.0010204081632653062 0.015873015873015872
41 0.6586734693877551 0.7359307359307359 0.0010204081632653062 0.01948051948051948
53 0.6645408163265306 0.7359307359307359 0.010714285714285714 0.01875901875901876
26 0.6778061224489796 0.6773088023088023 0.010714285714285714 0.006132756132756133
24 0.6778061224489796 0.7368326118326118 0.010714285714285714 0.006132756132756133
41 0.672704081632653 0.6877705627705628 0.0005102040816326531 0.0183982683982684
24 0.7755102040816326 0.72492784992785 0.01020408163265306 0.006132756132756133
41 0.7803571428571429 0.674062049062049 0.0005102040816326531 0.013347763347763348
41 0.7706632653061225 0.7359307359307359 0.0005102040816326531 0.01948051948051948
53 0.7765306122448979 0.7359307359307359 0.011224489795918367 0.01875901875901876
24 0.7895408163265306 0.6863275613275613 0.010714285714285714 0.006132756132756133
24 0.789795918367347 0.7368326118326118 0.01020408163265306 0.006132756132756133
41 0.7946428571428571 0.6762265512265512 0.0005102040816326531 0.017676767676767676
26 0.7755102040816326 0.6832611832611832 0.01020408163265306 0.005772005772005772
41 0.7846938775510204 0.7472943722943723 0.0010204081632653062 0.0183982683982684
24 0.7936224489795919 0.6982323232323232 0.010714285714285714 0.006132756132756133
41 0.7987244897959184 0.6798340548340548 0.0005102040816326531 0.03427128427128427
24 0.8071428571428572 0.6863275613275613 0.01020408163265306 0.006132756132756133
41 0.8119897959183674 0.6738816738816739 0.0005102040816326531 0.022366522366522368
24 0.7614795918367347 0.6982323232323232 0.010714285714285714 0.006132756132756133
24 0.7614795918367347 0.7368326118326118 0.010714285714285714 0.006132756132756133
41 0.7665816326530612 0.6821789321789322 0.0005102040816326531 0.02958152958152958
41 0.7563775510204082 0.7474747474747475 0.0005102040816326531 0.01875901875901876
53 0.7622448979591837 0.7471139971139971 0.011224489795918367 0.01875901875901876
41 0.5466836734693877 0.6718975468975469 0.0005102040816326531 0.0183982683982684
24 0.5540816326530612 0.6920995670995671 0.01020408163265306 0.006132756132756133
24 0.5540816326530612 0.72492784992785 0.01020408163265306 0.006132756132756133
41 0.5589285714285714 0.676948051948052 0.0005102040816326531 0.0284992784992785
41 0.549234693877551 0.7359307359307359 0.0005102040816326531 0.01948051948051948
26 0.5415816326530613 0.6832611832611832 0.010714285714285714 0.005772005772005772
26 0.6068877551020408 0.6832611832611832 0.010714285714285714 0.005772005772005772
15 0.5770408163265306 0.6735209235209235 0.01020408163265306 0.013708513708513708
16 0.5767857142857142 0.6875901875901876 0.01173469387755102 0.013708513708513708
15 0.5770408163265306 0.729978354978355 0.01020408163265306 0.013347763347763348
16 0.5767857142857142 0.7440476190476191 0.01173469387755102 0.013347763347763348
15 0.5770408163265306 0.7931096681096681 0.01020408163265306 0.013347763347763348
16 0.5767857142857142 0.8071789321789322 0.01173469387755102 0.013347763347763348
41 0.611734693877551 0.6755050505050505 0.0010204081632653062 0.013347763347763348
41 0.47831632653061223 0.7388167388167388 0.0005102040816326531 0.01948051948051948
53 0.48418367346938773 0.7388167388167388 0.011224489795918367 0.01875901875901876
24 0.5278061224489796 0.6863275613275613 0.010714285714285714 0.006132756132756133
16 0.49795918367346936 0.6735209235209235 0.012244897959183673 0.013708513708513708
16 0.4982142857142857 0.6875901875901876 0.01173469387755102 0.013708513708513708
24 0.5280612244897959 0.7368326118326118 0.01020408163265306 0.006132756132756133
16 0.49795918367346936 0.729978354978355 0.012244897959183673 0.013347763347763348
16 0.49795918367346936 0.7440476190476191 0.012244897959183673 0.013347763347763348
16 0.49795918367346936 0.7931096681096681 0.012244897959183673 0.013347763347763348
16 0.49795918367346936 0.8071789321789322 0.012244897959183673 0.013347763347763348
41 0.5329081632653061 0.6738816738816739 0.0005102040816326531 0.022366522366522368
24 0.6635204081632653 0.6801948051948052 0.010714285714285714 0.006132756132756133
41 0.5229591836734694 0.7472943722943723 0.0010204081632653062 0.0183982683982684
53 0.6201530612244898 0.7471139971139971 0.010714285714285714 0.01875901875901876
41 0.614030612244898 0.7478354978354979 0.0005102040816326531 0.018037518037518036
15 0.6336734693877552 0.6735209235209235 0.01020408163265306 0.013708513708513708
16 0.6339285714285714 0.6875901875901876 0.01173469387755102 0.013708513708513708
41 0.624234693877551 0.6816378066378066 0.0005102040816326531 0.016955266955266956
24 0.6191326530612244 0.7368326118326118 0.010714285714285714 0.006132756132756133
24 0.6191326530612244 0.6920995670995671 0.010714285714285714 0.006132756132756133
134 0.4997448979591837 0.875 0.9045918367346939 0.024170274170274172
1 0.8561224489795919 0.8928571428571429 0.022448979591836733 0.0007215007215007215
134 0.4997448979591837 0.9291125541125541 0.9045918367346939 0.024170274170274172
1 0.5926020408163265 0.946969696969697 0.015816326530612244 0.0007215007215007215
1 0.43698979591836734 0.946969696969697 0.01683673469387755 0.0007215007215007215
1 0.36862244897959184 0.946969696969697 0.015816326530612244 0.0007215007215007215
47 0.3780612244897959 0.939033189033189 0.007142857142857143 0.01948051948051948
41 0.4420918367346939 0.9352453102453102 0.0005102040816326531 0.0183982683982684
28 0.43673469387755104 0.946969696969697 0.011224489795918367 0.006493506493506494
47 0.41275510204081634 0.9191919191919192 0.007142857142857143 0.01948051948051948
41 0.40841836734693876 0.9179292929292929 0.0005102040816326531 0.017676767676767676
24 0.4033163265306122 0.9291125541125541 0.010714285714285714 0.006132756132756133
47 0.636734693877551 0.9166666666666666 0.007142857142857143 0.01948051948051948
32 0.8563775510204081 0.9170274170274171 0.01479591836734694 0.006493506493506494
34 0.8563775510204081 0.926046176046176 0.01479591836734694 0.006493506493506494
34 0.8561224489795919 0.8959235209235209 0.015306122448979591 0.006132756132756133
30 0.5168367346938776 0.926046176046176 0.011224489795918367 0.006493506493506494
41 0.6323979591836735 0.9154040404040404 0.0005102040816326531 0.016955266955266956
26 0.627295918367347 0.926046176046176 0.010714285714285714 0.005772005772005772
47 0.602295918367347 0.9361471861471862 0.007653061224489796 0.01948051948051948
41 0.5977040816326531 0.9354256854256854 0.0005102040816326531 0.01875901875901876
24 0.5926020408163265 0.9467893217893217 0.010714285714285714 0.006132756132756133
41 0.5221938775510204 0.915945165945166 0.0005102040816326531 0.017316017316017316
69 0.09260204081632653 0.8621933621933622 0.008673469387755102 0.024531024531024532
69 0.10204081632653061 0.8712121212121212 0.009183673469387756 0.024531024531024532
69 0.1114795918367347 0.8593073593073594 0.008673469387755102 0.024531024531024532
41 0.13801020408163264 0.9287518037518038 0.0005102040816326531 0.017676767676767676
28 0.1433673469387755 0.9170274170274171 0.011224489795918367 0.006493506493506494
69 0.09260204081632653 0.922077922077922 0.008673469387755102 0.024531024531024532
69 0.10204081632653061 0.9310966810966811 0.009183673469387756 0.024531024531024532
69 0.1114795918367347 0.9191919191919192 0.008673469387755102 0.024531024531024532
8 0.06938775510204082 0.9294733044733045 0.02959183673469388 0.027056277056277056
41 0.3737244897959184 0.9384920634920635 0.0005102040816326531 0.0183982683982684
5 0.0663265306122449 0.8753607503607503 0.02346938775510204 0.050865800865800864
0 0.04081632653061224 0.9020562770562771 0.009183673469387756 0.07828282828282829
16 0.33877551020408164 0.8681457431457431 0.012244897959183673 0.013347763347763348
16 0.33877551020408164 0.8823953823953824 0.012244897959183673 0.013708513708513708
41 0.2711734693877551 0.9283910533910534 0.0005102040816326531 0.0183982683982684
26 0.36862244897959184 0.9498556998556998 0.010714285714285714 0.005772005772005772
24 0.27627551020408164 0.9170274170274171 0.010714285714285714 0.005772005772005772
16 0.33877551020408164 0.9222582972582972 0.012244897959183673 0.013347763347763348
16 0.33877551020408164 0.9363275613275613 0.012244897959183673 0.013347763347763348
41 0.21377551020408164 0.9397546897546898 0.0010204081632653062 0.018037518037518036
24 0.21862244897959185 0.9291125541125541 0.010714285714285714 0.006132756132756133