134 0.4997448979591837 0.060425685425685424 0.9045918367346939 0.024170274170274172
134 0.4997448979591837 0.5777417027417028 0.9045918367346939 0.024170274170274172
1 0.6408163265306123 0.07828282828282829 0.015306122448979591 0.0007215007215007215
134 0.4997448979591837 0.4053030303030303 0.9045918367346939 0.024170274170274172
134 0.4997448979591837 0.23286435786435786 0.9045918367346939 0.024170274170274172
1 0.5408163265306123 0.5598845598845599 0.014285714285714285 0.0007215007215007215
1 0.4163265306122449 0.5598845598845599 0.015306122448979591 0.0007215007215007215
1 0.8188775510204082 0.215007215007215 0.015306122448979591 0.0007215007215007215
41 0.7028061224489796 0.39700577200577203 0.0005102040816326531 0.0183982683982684
121 0.1846938775510204 0.06746031746031746 0.00816326530612245 0.0021645021645021645
121 0.1635204081632653 0.07178932178932179 0.05153061224489796 0.002886002886002886
40 0.7094387755102041 0.562950937950938 0.0035714285714285713 0.0025252525252525255
41 0.6931122448979592 0.5735930735930735 0.0005102040816326531 0.018037518037518036
40 0.7094387755102041 0.4081890331890332 0.0035714285714285713 0.0025252525252525255
63 0.6849489795918368 0.2269119769119769 0.008673469387755102 0.017316017316017316
41 0.6931122448979592 0.23665223665223664 0.0005102040816326531 0.015873015873015872
53 0.7841836734693878 0.23214285714285715 0.007142857142857143 0.015512265512265512
41 0.7795918367346939 0.23196248196248195 0.0010204081632653062 0.01948051948051948
26 0.7841836734693878 0.5689033189033189 0.01020408163265306 0.006493506493506494
24 0.7841836734693878 0.22095959595959597 0.01020408163265306 0.006132756132756133
41 0.7446428571428572 0.575036075036075 0.0005102040816326531 0.015151515151515152
24 0.7494897959183674 0.5658369408369408 0.01020408163265306 0.006132756132756133
41 0.7278061224489796 0.23484848484848486 0.0005102040816326531 0.017316017316017316
26 0.7326530612244898 0.22384559884559885 0.01020408163265306 0.006132756132756133
26 0.575 0.057539682539682536 0.01020408163265306 0.006132756132756133
41 0.5928571428571429 0.4036796536796537 0.0010204081632653062 0.017316017316017316
41 0.602295918367347 0.04996392496392496 0.0005102040816326531 0.016955266955266956
24 0.5974489795918367 0.3933982683982684 0.01020408163265306 0.006132756132756133
24 0.5974489795918367 0.060425685425685424 0.01020408163265306 0.006132756132756133
41 0.5798469387755102 0.047979797979797977 0.0005102040816326531 0.016594516594516596
63 0.5275510204081633 0.556998556998557 0.00816326530612245 0.017316017316017316
41 0.5354591836734693 0.5681818181818182 0.0005102040816326531 0.01875901875901876
40 0.5517857142857143 0.5568181818181818 0.0035714285714285713 0.0025252525252525255
41 0.5354591836734693 0.4071067821067821 0.0005102040816326531 0.017676767676767676
7 0.6538265306122449 0.571969696969697 0.017857142857142856 0.017676767676767676
26 0.6979591836734694 0.562950937950938 0.01020408163265306 0.006132756132756133
26 0.6979591836734694 0.4083694083694084 0.01020408163265306 0.006493506493506494
24 0.6979591836734694 0.2269119769119769 0.01020408163265306 0.006493506493506494
41 0.6456632653061225 0.061507936507936505 0.0005102040816326531 0.03571428571428571
26 0.6408163265306123 0.08134920634920635 0.01020408163265306 0.006132756132756133
40 0.5517857142857143 0.3962842712842713 0.0035714285714285713 0.0025252525252525255
41 0.6155612244897959 0.4024170274170274 0.0005102040816326531 0.01984126984126984
41 0.6252551020408164 0.05104617604617605 0.0005102040816326531 0.015512265512265512
26 0.6204081632653061 0.39051226551226553 0.01020408163265306 0.006132756132756133
24 0.6204081632653061 0.060425685425685424 0.01020408163265306 0.006132756132756133
120 0.8301020408163265 0.558982683982684 0.024489795918367346 0.006854256854256854
120 0.8892857142857142 0.5562770562770563 0.044897959183673466 0.006493506493506494
121 0.8716836734693878 0.5838744588744589 0.11377551020408164 0.0018037518037518038
121 0.871938775510204 0.5887445887445888 0.11530612244897959 0.0021645021645021645
41 0.9293367346938776 0.5795454545454546 0.0005102040816326531 0.017676767676767676
26 0.9341836734693878 0.5689033189033189 0.01020408163265306 0.006493506493506494
120 0.5181122448979592 0.3838383838383838 0.20357142857142857 0.010822510822510822
120 0.21556122448979592 0.035533910533910536 0.14540816326530612 0.007575757575757576
121 0.15510204081632653 0.41792929292929293 0.03469387755102041 0.003246753246753247
120 0.24948979591836734 0.3903318903318903 0.21326530612244898 0.011544011544011544
120 0.34158163265306124 0.5505050505050505 0.3974489795918367 0.012265512265512266
121 0.3165816326530612 0.06637806637806638 0.11377551020408164 0.0021645021645021645
121 0.3163265306122449 0.07124819624819625 0.11530612244897959 0.0018037518037518038
121 0.3239795918367347 0.4101731601731602 0.00816326530612245 0.0021645021645021645
121 0.3051020408163265 0.4143217893217893 0.09285714285714286 0.005411255411255411
120 0.3339285714285714 0.04184704184704185 0.044387755102040814 0.006493506493506494
120 0.3678571428571429 0.045093795093795096 0.022448979591836733 0.004329004329004329
121 0.4801020408163265 0.07106782106782107 0.06428571428571428 0.006493506493506494
121 0.46224489795918366 0.07485569985569986 0.10102040816326531 0.009018759018759018
84 0.5209183673469387 0.2287157287157287 0.01020408163265306 0.002886002886002886
121 0.42933673469387756 0.4148629148629149 0.03520408163265306 0.006493506493506494
122 0.43418367346938774 0.04220779220779221 0.03163265306122449 0.0036075036075036075
120 0.4971938775510204 0.045093795093795096 0.08928571428571429 0.012265512265512266
121 0.5954081632653061 0.039502164502164504 0.1 0.010461760461760462
121 0.6127551020408163 0.045815295815295816 0.0653061224489796 0.007215007215007215
121 0.5885204081632653 0.4089105339105339 0.008673469387755102 0.0025252525252525255
121 0.5755102040816327 0.4143217893217893 0.07959183673469387 0.005411255411255411
122 0.5576530612244898 0.06349206349206349 0.030612244897959183 0.0036075036075036075
120 0.6061224489795919 0.07593795093795094 0.0653061224489796 0.024170274170274172
121 0.7104591836734694 0.24422799422799424 0.034183673469387756 0.002886002886002886
120 0.8045918367346939 0.2132034632034632 0.21326530612244898 0.012987012987012988
121 0.7405612244897959 0.579004329004329 0.008673469387755102 0.0021645021645021645
121 0.7191326530612245 0.5831529581529582 0.05153061224489796 0.003246753246753247
120 0.7415816326530612 0.5575396825396826 0.08622448979591837 0.00974025974025974
122 0.8017857142857143 0.5645743145743146 0.01989795918367347 0.002886002886002886
121 0.8793367346938775 0.23178210678210678 0.007653061224489796 0.0025252525252525255
121 0.8604591836734694 0.23593073593073594 0.0923469387755102 0.005772005772005772
26 0.8438775510204082 0.562950937950938 0.01020408163265306 0.006132756132756133
41 0.8140306122448979 0.5795454545454546 0.0005102040816326531 0.017676767676767676
63 0.8058673469387755 0.4083694083694084 0.008673469387755102 0.017316017316017316
41 0.8237244897959184 0.3971861471861472 0.0005102040816326531 0.01875901875901876
40 0.8303571428571429 0.4081890331890332 0.0035714285714285713 0.0025252525252525255
41 0.8390306122448979 0.5761183261183261 0.0005102040816326531 0.024531024531024532
41 0.8140306122448979 0.2252886002886003 0.0005102040816326531 0.016955266955266956
40 0.8303571428571429 0.21194083694083693 0.0035714285714285713 0.0025252525252525255
26 0.8188775510204082 0.5689033189033189 0.01020408163265306 0.006493506493506494
26 0.8188775510204082 0.4083694083694084 0.01020408163265306 0.006493506493506494
24 0.8188775510204082 0.215007215007215 0.01020408163265306 0.006493506493506494
63 0.7716836734693877 0.5689033189033189 0.008673469387755102 0.017316017316017316
53 0.7841836734693878 0.5802669552669553 0.007142857142857143 0.015512265512265512
41 0.9068877551020408 0.5782828282828283 0.0005102040816326531 0.020202020202020204
41 0.9068877551020408 0.23033910533910534 0.0005102040816326531 0.01406926406926407
24 0.911734693877551 0.5658369408369408 0.01020408163265306 0.006132756132756133
24 0.911734693877551 0.22095959595959597 0.01020408163265306 0.006132756132756133
41 0.8841836734693878 0.577922077922078 0.0010204081632653062 0.020923520923520924
41 0.7795918367346939 0.5797258297258298 0.0010204081632653062 0.01948051948051948
41 0.8841836734693878 0.227994227994228 0.0010204081632653062 0.017316017316017316
24 0.8887755102040816 0.5658369408369408 0.01020408163265306 0.006132756132756133
26 0.8887755102040816 0.21807359307359309 0.01020408163265306 0.006132756132756133
41 0.8614795918367347 0.5766594516594516 0.0005102040816326531 0.023448773448773448
26 0.8663265306122448 0.562950937950938 0.01020408163265306 0.006132756132756133
41 0.22423469387755102 0.06583694083694083 0.0005102040816326531 0.0183982683982684
41 0.25892857142857145 0.06385281385281386 0.0005102040816326531 0.01443001443001443
26 0.26377551020408163 0.562950937950938 0.01020408163265306 0.006132756132756133
26 0.26377551020408163 0.39051226551226553 0.01020408163265306 0.006132756132756133
24 0.26377551020408163 0.05447330447330447 0.01020408163265306 0.006493506493506494
53 0.22857142857142856 0.408008658008658 0.007142857142857143 0.015873015873015872
41 0.22423469387755102 0.4078282828282828 0.0005102040816326531 0.0183982683982684
63 0.21607142857142858 0.05447330447330447 0.008673469387755102 0.017316017316017316
53 0.22831632653061223 0.06655844155844155 0.007653061224489796 0.016955266955266956
26 0.22908163265306122 0.3962842712842713 0.01020408163265306 0.006132756132756133
24 0.22908163265306122 0.05447330447330447 0.01020408163265306 0.006493506493506494
41 0.1895408163265306 0.06295093795093795 0.0005102040816326531 0.0183982683982684
26 0.19438775510204082 0.05140692640692641 0.01020408163265306 0.006132756132756133
41 0.17244897959183675 0.4089105339105339 0.0010204081632653062 0.016233766233766232
24 0.17704081632653063 0.3995310245310245 0.01020408163265306 0.006132756132756133
41 0.30612244897959184 0.060425685425685424 0.0010204081632653062 0.021284271284271284
24 0.3107142857142857 0.04852092352092352 0.01020408163265306 0.006132756132756133
41 0.28341836734693876 0.060786435786435784 0.0005102040816326531 0.020562770562770564
24 0.288265306122449 0.04852092352092352 0.01020408163265306 0.006132756132756133
63 0.25076530612244896 0.5627705627705628 0.008673469387755102 0.017316017316017316
41 0.25892857142857145 0.5737734487734488 0.0005102040816326531 0.01984126984126984
40 0.2752551020408163 0.562950937950938 0.0035714285714285713 0.0025252525252525255
41 0.25892857142857145 0.4018759018759019 0.0005102040816326531 0.020923520923520924
40 0.2752551020408163 0.39051226551226553 0.0035714285714285713 0.0025252525252525255
8 0.0663265306122449 0.575937950937951 0.02346938775510204 0.01984126984126984
69 0.08954081632653062 0.39646464646464646 0.008673469387755102 0.017316017316017316
69 0.09872448979591837 0.4053030303030303 0.008673469387755102 0.017676767676767676
69 0.10790816326530613 0.3933982683982684 0.008673469387755102 0.017676767676767676
6 0.06709183673469388 0.4054834054834055 0.02295918367346939 0.023809523809523808
69 0.08954081632653062 0.22077922077922077 0.008673469387755102 0.017316017316017316
69 0.09872448979591837 0.2297979797979798 0.008673469387755102 0.017316017316017316
69 0.10790816326530613 0.2178932178932179 0.008673469387755102 0.017316017316017316
5 0.06683673469387755 0.23160173160173161 0.022448979591836733 0.044733044733044736
69 0.08954081632653062 0.048340548340548344 0.008673469387755102 0.017316017316017316
69 0.09872448979591837 0.05735930735930736 0.008673469387755102 0.017316017316017316
69 0.10790816326530613 0.045454545454545456 0.008673469387755102 0.017316017316017316
5 0.06683673469387755 0.05916305916305916 0.022448979591836733 0.044733044733044736
69 0.08954081632653062 0.5717893217893217 0.008673469387755102 0.017316017316017316
69 0.09872448979591837 0.5808080808080808 0.008673469387755102 0.017316017316017316
69 0.10790816326530613 0.5689033189033189 0.008673469387755102 0.017316017316017316
120 0.8283163265306123 0.3917748917748918 0.2443877551020408 0.020923520923520924
84 0.8104591836734694 0.056096681096681096 0.010714285714285714 0.003246753246753247
84 0.2538265306122449 0.2287157287157287 0.010714285714285714 0.002886002886002886
41 0.13801020408163264 0.5744949494949495 0.0005102040816326531 0.0183982683982684
40 0.15433673469387754 0.562950937950938 0.0035714285714285713 0.0025252525252525255
63 0.1298469387755102 0.4022366522366522 0.008673469387755102 0.017316017316017316
41 0.13801020408163264 0.41143578643578643 0.0005102040816326531 0.013347763347763348
26 0.5403061224489796 0.556998556998557 0.01020408163265306 0.006493506493506494
41 0.13801020408163264 0.06096681096681097 0.0005102040816326531 0.020202020202020204
40 0.15433673469387754 0.04563492063492063 0.0035714285714285713 0.0025252525252525255
93 0.14107142857142857 0.5988455988455988 0.01479591836734694 0.010101010101010102
26 0.14285714285714285 0.562950937950938 0.01020408163265306 0.006132756132756133
93 0.14107142857142857 0.42766955266955264 0.01479591836734694 0.00974025974025974
26 0.14285714285714285 0.4024170274170274 0.01020408163265306 0.006132756132756133
93 0.14107142857142857 0.08134920634920635 0.01479591836734694 0.00974025974025974
24 0.14285714285714285 0.04852092352092352 0.01020408163265306 0.006132756132756133
41 0.4471938775510204 0.4024170274170274 0.0005102040816326531 0.01984126984126984
41 0.4471938775510204 0.06204906204906205 0.0005102040816326531 0.023088023088023088
26 0.4520408163265306 0.39051226551226553 0.01020408163265306 0.006132756132756133
24 0.4520408163265306 0.04852092352092352 0.01020408163265306 0.006132756132756133
41 0.4114795918367347 0.5712481962481962 0.0005102040816326531 0.01911976911976912
40 0.4278061224489796 0.5568181818181818 0.0035714285714285713 0.0025252525252525255
26 0.3336734693877551 0.05140692640692641 0.01020408163265306 0.006132756132756133
41 0.5451530612244898 0.04563492063492063 0.0005102040816326531 0.01984126984126984
26 0.5403061224489796 0.39646464646464646 0.01020408163265306 0.006493506493506494
26 0.5403061224489796 0.057539682539682536 0.01020408163265306 0.006132756132756133
41 0.5130102040816327 0.07178932178932179 0.0005102040816326531 0.012265512265512266
26 0.5178571428571429 0.0633116883116883 0.01020408163265306 0.006132756132756133
53 0.4969387755102041 0.41089466089466087 0.007142857142857143 0.015873015873015872
41 0.4926020408163265 0.41089466089466087 0.0005102040816326531 0.01875901875901876
41 0.4926020408163265 0.0652958152958153 0.0005102040816326531 0.023088023088023088
24 0.49744897959183676 0.3995310245310245 0.01020408163265306 0.006132756132756133
26 0.49744897959183676 0.05140692640692641 0.01020408163265306 0.006132756132756133
41 0.46964285714285714 0.06403318903318904 0.0005102040816326531 0.022005772005772004
26 0.4744897959183674 0.05140692640692641 0.01020408163265306 0.006132756132756133
41 0.37423469387755104 0.06385281385281386 0.0005102040816326531 0.01443001443001443
24 0.3788265306122449 0.05447330447330447 0.009693877551020408 0.006493506493506494
41 0.32882653061224487 0.4054834054834055 0.0005102040816326531 0.01948051948051948
41 0.35127551020408165 0.4071067821067821 0.0005102040816326531 0.017676767676767676
41 0.35127551020408165 0.06222943722943723 0.0005102040816326531 0.017676767676767676
26 0.35612244897959183 0.39646464646464646 0.01020408163265306 0.006493506493506494
26 0.35612244897959183 0.05140692640692641 0.01020408163265306 0.006132756132756133
41 0.4114795918367347 0.4090909090909091 0.0005102040816326531 0.015873015873015872
24 0.3336734693877551 0.3933982683982684 0.01020408163265306 0.006132756132756133
41 0.32882653061224487 0.06186868686868687 0.0005102040816326531 0.0183982683982684
24 0.4163265306122449 0.04852092352092352 0.01020408163265306 0.006132756132756133
24 0.4163265306122449 0.3995310245310245 0.01020408163265306 0.006132756132756133
41 0.4114795918367347 0.06024531024531025 0.0005102040816326531 0.021645021645021644
24 0.4163265306122449 0.560064935064935 0.01020408163265306 0.006132756132756133