134 0.5356553998351196 0.14000582750582752 0.8330585325638912 0.019522144522144524
1 0.9223000824402309 0.1255827505827506 0.012778235779060182 0.0005827505827505828
1 0.8876751854905194 0.1255827505827506 0.012778235779060182 0.0005827505827505828
1 0.8530502885408079 0.1255827505827506 0.012778235779060182 0.0005827505827505828
1 0.8190436933223413 0.1255827505827506 0.011541632316570486 0.0005827505827505828
1 0.7790601813685079 0.12077505827505827 0.01236603462489695 0.0008741258741258741
1 0.7790601813685079 0.1255827505827506 0.01236603462489695 0.0005827505827505828
1 0.7444352844187964 0.12077505827505827 0.01236603462489695 0.0008741258741258741
1 0.7444352844187964 0.1255827505827506 0.01236603462489695 0.0005827505827505828
1 0.7098103874690849 0.12077505827505827 0.01236603462489695 0.0008741258741258741
1 0.7098103874690849 0.1255827505827506 0.01236603462489695 0.0005827505827505828
1 0.6751854905193735 0.12077505827505827 0.01236603462489695 0.0008741258741258741
1 0.6751854905193735 0.1255827505827506 0.01236603462489695 0.0005827505827505828
1 0.6263396537510305 0.12077505827505827 0.012778235779060182 0.0008741258741258741
1 0.6263396537510305 0.1255827505827506 0.012778235779060182 0.0005827505827505828
1 0.591714756801319 0.12077505827505827 0.012778235779060182 0.0008741258741258741
1 0.591714756801319 0.1255827505827506 0.012778235779060182 0.0005827505827505828
1 0.5570898598516076 0.12077505827505827 0.012778235779060182 0.0008741258741258741
1 0.5570898598516076 0.1255827505827506 0.012778235779060182 0.0005827505827505828
1 0.5222588623248146 0.12077505827505827 0.01236603462489695 0.0008741258741258741
1 0.5222588623248146 0.1255827505827506 0.01236603462489695 0.0005827505827505828
1 0.48763396537510306 0.12077505827505827 0.01236603462489695 0.0008741258741258741
1 0.48763396537510306 0.1255827505827506 0.01236603462489695 0.0005827505827505828
1 0.45300906842539157 0.12077505827505827 0.01236603462489695 0.0008741258741258741
1 0.45300906842539157 0.1255827505827506 0.01236603462489695 0.0005827505827505828
1 0.41838417147568013 0.12077505827505827 0.01236603462489695 0.0008741258741258741
1 0.41838417147568013 0.1255827505827506 0.01236603462489695 0.0005827505827505828
1 0.3837592745259687 0.12077505827505827 0.01236603462489695 0.0008741258741258741
1 0.3837592745259687 0.1255827505827506 0.01236603462489695 0.0005827505827505828
1 0.29389942291838417 0.10664335664335664 0.01236603462489695 0.0005827505827505828
134 0.5356553998351196 0.09222027972027973 0.8330585325638912 0.019522144522144524
24 0.7102225886232482 0.1351981351981352 0.00741962077493817 0.004662004662004662
24 0.7102225886232482 0.13039044289044288 0.00741962077493817 0.004953379953379953
24 0.7098103874690849 0.12077505827505827 0.008244023083264633 0.004953379953379953
41 0.7058944765045342 0.13505244755244755 0.00041220115416323167 0.027097902097902096
24 0.7448474855729597 0.1351981351981352 0.00741962077493817 0.004662004662004662
24 0.7448474855729597 0.13039044289044288 0.00741962077493817 0.004953379953379953
24 0.7444352844187964 0.12077505827505827 0.008244023083264633 0.004953379953379953
41 0.7405193734542457 0.13505244755244755 0.00041220115416323167 0.027097902097902096
41 0.5877988458367683 0.09877622377622378 0.0008244023083264633 0.015734265734265736
41 0.6224237427864798 0.1351981351981352 0.0008244023083264633 0.026806526806526808
24 0.6261335531739489 0.12077505827505827 0.008244023083264633 0.004953379953379953
26 0.6261335531739489 0.12791375291375293 0.008244023083264633 0.004662004662004662
26 0.6261335531739489 0.13272144522144522 0.008244023083264633 0.004953379953379953
41 0.5877988458367683 0.13476107226107226 0.0008244023083264633 0.025932400932400932
121 0.32337180544105526 0.08202214452214453 0.05152514427040396 0.010198135198135198
121 0.3454245671887881 0.08245920745920746 0.006595218466611707 0.002913752913752914
28 0.6751854905193735 0.09222027972027973 0.008244023083264633 0.004953379953379953
24 0.6755976916735367 0.1351981351981352 0.00741962077493817 0.004662004662004662
24 0.6755976916735367 0.13039044289044288 0.00741962077493817 0.004953379953379953
24 0.6751854905193735 0.12077505827505827 0.008244023083264633 0.004953379953379953
40 0.683429513602638 0.08974358974358974 0.00247320692497939 0.0017482517482517483
41 0.6712695795548228 0.10052447552447552 0.00041220115416323167 0.015151515151515152
41 0.6712695795548228 0.1354895104895105 0.00041220115416323167 0.027972027972027972
24 0.9227122835943941 0.1351981351981352 0.007007419620774938 0.004662004662004662
41 0.9185902720527618 0.13723776223776224 0.00041220115416323167 0.024475524475524476
26 0.9225061830173125 0.12310606060606061 0.008244023083264633 0.004953379953379953
24 0.9225061830173125 0.13039044289044288 0.008244023083264633 0.004953379953379953
41 0.8839653751030503 0.1368006993006993 0.00041220115416323167 0.0236013986013986
121 0.8664468260511129 0.14962121212121213 0.10387469084913438 0.001456876456876457
121 0.7234130255564716 0.14962121212121213 0.10387469084913438 0.001456876456876457
121 0.5704863973619126 0.14874708624708624 0.10387469084913438 0.001456876456876457
121 0.4319868095630668 0.14874708624708624 0.10387469084913438 0.001456876456876457
24 0.779472382522671 0.1351981351981352 0.00741962077493817 0.004662004662004662
24 0.779472382522671 0.13039044289044288 0.00741962077493817 0.004953379953379953
24 0.7790601813685079 0.12077505827505827 0.008244023083264633 0.004953379953379953
41 0.7751442704039572 0.1354895104895105 0.00041220115416323167 0.027972027972027972
24 0.8188375927452597 0.1351981351981352 0.007007419620774938 0.004662004662004662
24 0.8188375927452597 0.13039044289044288 0.007007419620774938 0.004953379953379953
26 0.8184253915910965 0.12310606060606061 0.007831821929101401 0.004953379953379953
41 0.8147155812036274 0.13665501165501165 0.00041220115416323167 0.02564102564102564
24 0.8534624896949712 0.1351981351981352 0.007007419620774938 0.004662004662004662
24 0.8534624896949712 0.13039044289044288 0.007007419620774938 0.004953379953379953
26 0.8530502885408079 0.12310606060606061 0.007831821929101401 0.004953379953379953
41 0.8493404781533388 0.13665501165501165 0.00041220115416323167 0.02564102564102564
26 0.8876751854905194 0.08988927738927739 0.007831821929101401 0.004953379953379953
24 0.8876751854905194 0.1351981351981352 0.007831821929101401 0.004662004662004662
24 0.8876751854905194 0.13039044289044288 0.007831821929101401 0.004953379953379953
26 0.8876751854905194 0.12310606060606061 0.007831821929101401 0.004953379953379953
41 0.8839653751030503 0.09863053613053613 0.00041220115416323167 0.016025641025641024
26 0.3843775762572135 0.13272144522144522 0.007007419620774938 0.004953379953379953
28 0.3837592745259687 0.09222027972027973 0.008244023083264633 0.004953379953379953
41 0.34934047815333885 0.08435314685314685 0.00041220115416323167 0.01252913752913753
24 0.3454245671887881 0.09222027972027973 0.008244023083264633 0.004953379953379953
26 0.3843775762572135 0.12791375291375293 0.007007419620774938 0.004662004662004662
41 0.29760923330585326 0.09702797202797203 0.0008244023083264633 0.02097902097902098
40 0.30214344600164883 0.10912004662004662 0.00247320692497939 0.001456876456876457
26 0.29389942291838417 0.10912004662004662 0.008244023083264633 0.004953379953379953
24 0.3837592745259687 0.12077505827505827 0.008244023083264633 0.004953379953379953
40 0.3922093981863149 0.08974358974358974 0.002061005770816158 0.0017482517482517483
41 0.3800494641384996 0.10052447552447552 0.0008244023083264633 0.015151515151515152
24 0.5915086562242374 0.12077505827505827 0.008244023083264633 0.004953379953379953
41 0.3800494641384996 0.13505244755244755 0.0008244023083264633 0.027097902097902096
8 0.13334707337180543 0.13796620046620048 0.01772464962901896 0.01486013986013986
23 0.16817807089859851 0.09222027972027973 0.010717230008244023 0.01486013986013986
5 0.1327287716405606 0.09265734265734266 0.016488046166529265 0.03263403263403263
85 0.19187963726298435 0.09105477855477856 0.008656224237427864 0.0020396270396270395
120 0.624484748557296 0.07794289044289045 0.6529266281945589 0.013694638694638694
0 0.11253091508656224 0.11611305361305362 0.00741962077493817 0.0673076923076923
84 0.2685490519373454 0.13636363636363635 0.008656224237427864 0.002331002331002331
23 0.16817807089859851 0.14000582750582752 0.010717230008244023 0.01486013986013986
40 0.20032976092333057 0.08974358974358974 0.00247320692497939 0.0017482517482517483
24 0.48763396537510306 0.12077505827505827 0.008244023083264633 0.004953379953379953
24 0.5222588623248146 0.12077505827505827 0.008244023083264633 0.004953379953379953
26 0.5228771640560593 0.12791375291375293 0.007007419620774938 0.004662004662004662
26 0.5228771640560593 0.13272144522144522 0.007007419620774938 0.004953379953379953
41 0.48392415498763397 0.13505244755244755 0.0008244023083264633 0.027097902097902096
41 0.5185490519373455 0.13505244755244755 0.0008244023083264633 0.027097902097902096
26 0.48763396537510306 0.12791375291375293 0.008244023083264633 0.004662004662004662
26 0.48763396537510306 0.13272144522144522 0.008244023083264633 0.004953379953379953
41 0.44929925803792253 0.13534382284382285 0.0008244023083264633 0.026515151515151516
26 0.5575020610057708 0.13272144522144522 0.007007419620774938 0.004953379953379953
26 0.5575020610057708 0.12791375291375293 0.007007419620774938 0.004662004662004662
24 0.5568837592745259 0.12077505827505827 0.008244023083264633 0.004953379953379953
41 0.5531739488870568 0.13505244755244755 0.0008244023083264633 0.027097902097902096
26 0.5915086562242374 0.08988927738927739 0.008244023083264633 0.004953379953379953
26 0.5915086562242374 0.13272144522144522 0.008244023083264633 0.004953379953379953
26 0.5915086562242374 0.12791375291375293 0.008244023083264633 0.004662004662004662
24 0.45300906842539157 0.12077505827505827 0.008244023083264633 0.004953379953379953
26 0.41900247320692496 0.13272144522144522 0.007007419620774938 0.004953379953379953
26 0.41900247320692496 0.12791375291375293 0.007007419620774938 0.004662004662004662
24 0.41838417147568013 0.12077505827505827 0.008244023083264633 0.004953379953379953
41 0.41467436108821104 0.13505244755244755 0.0008244023083264633 0.027097902097902096
26 0.45300906842539157 0.12791375291375293 0.008244023083264633 0.004662004662004662
26 0.45300906842539157 0.13272144522144522 0.008244023083264633 0.004953379953379953
134 0.5 0.2510198135198135 0.9043693322341303 0.019522144522144524
1 0.9245671887881286 0.28423659673659674 0.01236603462489695 0.0008741258741258741
1 0.8891178895300906 0.28423659673659674 0.01236603462489695 0.0008741258741258741
1 0.8532563891178895 0.28423659673659674 0.01236603462489695 0.0008741258741258741
1 0.8178070898598516 0.28423659673659674 0.01236603462489695 0.0008741258741258741
1 0.7819455894476505 0.28423659673659674 0.01236603462489695 0.0008741258741258741
1 0.7497938994229184 0.28423659673659674 0.01236603462489695 0.0008741258741258741
1 0.7174361088211046 0.28423659673659674 0.012778235779060182 0.0008741258741258741
1 0.685078318219291 0.28423659673659674 0.01236603462489695 0.0008741258741258741
1 0.6395300906842539 0.28423659673659674 0.012778235779060182 0.0008741258741258741
1 0.6075845012366035 0.28423659673659674 0.011541632316570486 0.0008741258741258741
1 0.5700741962077494 0.28423659673659674 0.01236603462489695 0.0008741258741258741
1 0.5377164056059357 0.28423659673659674 0.012778235779060182 0.0008741258741258741
1 0.5024732069249794 0.28423659673659674 0.01236603462489695 0.0008741258741258741
1 0.4701154163231657 0.28423659673659674 0.012778235779060182 0.0008741258741258741
1 0.437757625721352 0.28423659673659674 0.01236603462489695 0.0008741258741258741
1 0.4053998351195383 0.28423659673659674 0.012778235779060182 0.0008741258741258741
1 0.35449299258037925 0.28423659673659674 0.01236603462489695 0.0008741258741258741
1 0.3188375927452597 0.28423659673659674 0.012778235779060182 0.0008741258741258741
1 0.2737015663643858 0.28423659673659674 0.01236603462489695 0.0008741258741258741
1 0.24196207749381698 0.28423659673659674 0.011541632316570486 0.0008741258741258741
1 0.20610057708161583 0.28423659673659674 0.01236603462489695 0.0008741258741258741
1 0.17374278647980215 0.28423659673659674 0.012778235779060182 0.0008741258741258741
1 0.14138499587798845 0.28423659673659674 0.01236603462489695 0.0008741258741258741
1 0.10964550700741962 0.28423659673659674 0.011541632316570486 0.0008741258741258741
134 0.5 0.2988053613053613 0.9043693322341303 0.019522144522144524
24 0.685078318219291 0.28423659673659674 0.008244023083264633 0.004953379953379953
26 0.6856966199505359 0.291520979020979 0.007007419620774938 0.004953379953379953
26 0.6856966199505359 0.29632867132867136 0.007007419620774938 0.004662004662004662
30 0.685078318219291 0.25335081585081587 0.008244023083264633 0.004953379953379953
41 0.6889942291838417 0.24460955710955712 0.00041220115416323167 0.016025641025641024
41 0.6356141797197032 0.29865967365967366 0.0008244023083264633 0.026806526806526808
24 0.6393239901071723 0.28423659673659674 0.008244023083264633 0.004953379953379953
26 0.6393239901071723 0.291520979020979 0.008244023083264633 0.004953379953379953
26 0.6395300906842539 0.29632867132867136 0.007831821929101401 0.004662004662004662
41 0.6813685078318219 0.29865967365967366 0.0008244023083264633 0.026806526806526808
40 0.6935284418796372 0.25335081585081587 0.002061005770816158 0.001456876456876457
26 0.5028854080791426 0.29632867132867136 0.00741962077493817 0.004662004662004662
26 0.5383347073371806 0.291520979020979 0.00741962077493817 0.004953379953379953
26 0.5706924979389942 0.29632867132867136 0.007007419620774938 0.004662004662004662
61 0.5286479802143446 0.291520979020979 0.004534212695795548 0.01252913752913753
41 0.5340065952184666 0.2977855477855478 0.00041220115416323167 0.028554778554778556
26 0.5379225061830173 0.28190559440559443 0.008244023083264633 0.004953379953379953
26 0.5706924979389942 0.291520979020979 0.007007419620774938 0.004953379953379953
26 0.5379225061830173 0.29632867132867136 0.008244023083264633 0.004662004662004662
41 0.4985572959604287 0.2977855477855478 0.00041220115416323167 0.028554778554778556
26 0.5024732069249794 0.28190559440559443 0.008244023083264633 0.004953379953379953
26 0.5024732069249794 0.291520979020979 0.008244023083264633 0.004953379953379953
120 0.49896949711459193 0.23441142191142192 0.779472382522671 0.007284382284382284
24 0.6071723000824403 0.28423659673659674 0.008244023083264633 0.004953379953379953
41 0.6034624896949712 0.29822261072261075 0.0008244023083264633 0.025932400932400932
59 0.597691673536686 0.24825174825174826 0.00494641384995878 0.011655011655011656
41 0.6034624896949712 0.25961538461538464 0.0008244023083264633 0.014568764568764568
26 0.6071723000824403 0.291520979020979 0.008244023083264633 0.004953379953379953
26 0.6071723000824403 0.29632867132867136 0.008244023083264633 0.004662004662004662
24 0.6071723000824403 0.2510198135198135 0.008244023083264633 0.004953379953379953
41 0.5663643858202803 0.29734848484848486 0.0008244023083264633 0.02768065268065268
26 0.5700741962077494 0.28190559440559443 0.008244023083264633 0.004953379953379953
41 0.88520197856554 0.29865967365967366 0.00041220115416323167 0.02505827505827506
41 0.9208573784006595 0.2988053613053613 0.0008244023083264633 0.026515151515151516
24 0.9245671887881286 0.28423659673659674 0.008244023083264633 0.004953379953379953
24 0.9245671887881286 0.2938519813519814 0.008244023083264633 0.004953379953379953
26 0.9165292662819456 0.29632867132867136 0.007831821929101401 0.004662004662004662
41 0.88520197856554 0.25976107226107226 0.00041220115416323167 0.014277389277389278
24 0.8891178895300906 0.28423659673659674 0.008244023083264633 0.004953379953379953
24 0.8891178895300906 0.2938519813519814 0.008244023083264633 0.004953379953379953
26 0.8808738664468261 0.29632867132867136 0.008244023083264633 0.004662004662004662
24 0.8891178895300906 0.2510198135198135 0.008244023083264633 0.004953379953379953
121 0.1535449299258038 0.3084207459207459 0.09686727122835943 0.001456876456876457
121 0.2941055234954658 0.3084207459207459 0.1133553173948887 0.001456876456876457
121 0.44991755976916736 0.3123543123543124 0.09686727122835943 0.0017482517482517483
121 0.5849134377576257 0.3123543123543124 0.10140148392415499 0.0017482517482517483
121 0.7298021434460017 0.3123543123543124 0.09686727122835943 0.0017482517482517483
121 0.8674773289365211 0.3123543123543124 0.106760098928277 0.0017482517482517483
26 0.7825638911788954 0.291520979020979 0.007007419620774938 0.004953379953379953
26 0.7825638911788954 0.29632867132867136 0.007007419620774938 0.004662004662004662
41 0.7458779884583677 0.29895104895104896 0.00041220115416323167 0.026223776223776224
24 0.7497938994229184 0.28423659673659674 0.008244023083264633 0.004953379953379953
26 0.7497938994229184 0.291520979020979 0.008244023083264633 0.004953379953379953
26 0.7497938994229184 0.29632867132867136 0.008244023083264633 0.004662004662004662
24 0.7819455894476505 0.28423659673659674 0.008244023083264633 0.004953379953379953
41 0.7137262984336357 0.2990967365967366 0.00041220115416323167 0.025932400932400932
24 0.7174361088211046 0.28423659673659674 0.007831821929101401 0.004953379953379953
26 0.7174361088211046 0.291520979020979 0.007831821929101401 0.004953379953379953
26 0.7174361088211046 0.29632867132867136 0.007831821929101401 0.004662004662004662
41 0.8495465787304205 0.2988053613053613 0.0008244023083264633 0.026515151515151516
24 0.8532563891178895 0.28423659673659674 0.008244023083264633 0.004953379953379953
24 0.8532563891178895 0.2938519813519814 0.008244023083264633 0.004953379953379953
26 0.8452184666117065 0.29632867132867136 0.007831821929101401 0.004662004662004662
41 0.8138911788953009 0.2990967365967366 0.00041220115416323167 0.025932400932400932
24 0.8178070898598516 0.28423659673659674 0.008244023083264633 0.004953379953379953
24 0.8178070898598516 0.2938519813519814 0.008244023083264633 0.004953379953379953
26 0.809563066776587 0.29632867132867136 0.008244023083264633 0.004662004662004662
41 0.7782357790601814 0.29865967365967366 0.0008244023083264633 0.026806526806526808
41 0.23763396537510306 0.2958916083916084 0.00041220115416323167 0.024766899766899768
26 0.24154987633965375 0.28190559440559443 0.008244023083264633 0.004953379953379953
24 0.24154987633965375 0.2891899766899767 0.008244023083264633 0.004953379953379953
24 0.24154987633965375 0.2938519813519814 0.008244023083264633 0.004953379953379953
41 0.20218466611706512 0.2958916083916084 0.00041220115416323167 0.024766899766899768
26 0.20610057708161583 0.28190559440559443 0.008244023083264633 0.004953379953379953
24 0.20610057708161583 0.2891899766899767 0.008244023083264633 0.004953379953379953
24 0.20610057708161583 0.2938519813519814 0.008244023083264633 0.004953379953379953
8 0.06203627370156636 0.29676573426573427 0.01772464962901896 0.01486013986013986
24 0.2743198680956307 0.2891899766899767 0.007007419620774938 0.004953379953379953
24 0.31059356966199503 0.2938519813519814 0.007831821929101401 0.004953379953379953
26 0.3190436933223413 0.24854312354312355 0.008244023083264633 0.004662004662004662
41 0.2699917559769167 0.2958916083916084 0.0008244023083264633 0.024766899766899768
26 0.2737015663643858 0.28190559440559443 0.008244023083264633 0.004953379953379953
24 0.2737015663643858 0.2938519813519814 0.008244023083264633 0.004953379953379953
5 0.06141797197032152 0.2514568764568765 0.016488046166529265 0.03263403263403263
61 0.23227535037098104 0.28190559440559443 0.004534212695795548 0.01252913752913753
61 0.09583676834295136 0.2938519813519814 0.004534212695795548 0.01252913752913753
41 0.10531739488870569 0.29603729603729606 0.00041220115416323167 0.024475524475524476
41 0.10531739488870569 0.25976107226107226 0.00041220115416323167 0.014277389277389278
40 0.11747732893652102 0.24854312354312355 0.00247320692497939 0.0017482517482517483
26 0.10923330585325638 0.28190559440559443 0.008244023083264633 0.004953379953379953
24 0.10902720527617478 0.2891899766899767 0.007831821929101401 0.004953379953379953
24 0.10902720527617478 0.2938519813519814 0.007831821929101401 0.004953379953379953
28 0.10902720527617478 0.2510198135198135 0.007831821929101401 0.004953379953379953
41 0.16982687551525144 0.29574592074592077 0.0008244023083264633 0.02505827505827506
26 0.17353668590272053 0.28190559440559443 0.008244023083264633 0.004953379953379953
24 0.17353668590272053 0.2891899766899767 0.008244023083264633 0.004953379953379953
24 0.17353668590272053 0.2938519813519814 0.008244023083264633 0.004953379953379953
26 0.3194558944765045 0.291520979020979 0.00741962077493817 0.004953379953379953
41 0.13746908491343776 0.2958916083916084 0.00041220115416323167 0.024766899766899768
26 0.14138499587798845 0.28190559440559443 0.008244023083264633 0.004953379953379953
24 0.14138499587798845 0.2891899766899767 0.008244023083264633 0.004953379953379953
24 0.14138499587798845 0.2938519813519814 0.008244023083264633 0.004953379953379953
41 0.4016900247320693 0.29793123543123545 0.00041220115416323167 0.028263403263403264
0 0.04101401483924155 0.2749125874125874 0.007007419620774938 0.0673076923076923
41 0.466199505358615 0.2974941724941725 0.0008244023083264633 0.029137529137529136
26 0.4699093157460841 0.28190559440559443 0.008244023083264633 0.004953379953379953
26 0.4699093157460841 0.291520979020979 0.008244023083264633 0.004953379953379953
26 0.4699093157460841 0.29632867132867136 0.008244023083264633 0.004662004662004662
41 0.43384171475680133 0.2977855477855478 0.00041220115416323167 0.028554778554778556
26 0.437757625721352 0.28190559440559443 0.008244023083264633 0.004953379953379953
26 0.437757625721352 0.291520979020979 0.008244023083264633 0.004953379953379953
26 0.437757625721352 0.29632867132867136 0.008244023083264633 0.004662004662004662
41 0.35078318219291016 0.29574592074592077 0.0008244023083264633 0.02505827505827506
26 0.35449299258037925 0.28190559440559443 0.008244023083264633 0.004953379953379953
26 0.35449299258037925 0.291520979020979 0.008244023083264633 0.004953379953379953
24 0.3464550700741962 0.2938519813519814 0.007831821929101401 0.004953379953379953
41 0.3151277823577906 0.2958916083916084 0.00041220115416323167 0.024766899766899768
41 0.3151277823577906 0.2572843822843823 0.00041220115416323167 0.015734265734265736
26 0.3190436933223413 0.28190559440559443 0.008244023083264633 0.004953379953379953
26 0.40560593569661996 0.28190559440559443 0.008244023083264633 0.004953379953379953
41 0.4016900247320693 0.25976107226107226 0.00041220115416323167 0.014277389277389278
40 0.41384995877988456 0.24854312354312355 0.00247320692497939 0.0017482517482517483
26 0.40560593569661996 0.291520979020979 0.008244023083264633 0.004953379953379953
26 0.40560593569661996 0.29632867132867136 0.008244023083264633 0.004662004662004662
28 0.40560593569661996 0.2510198135198135 0.008244023083264633 0.004953379953379953
120 0.09604286892003297 0.24358974358974358 0.025556471558120363 0.0034965034965034965
134 0.5 0.4576048951048951 0.9043693322341303 0.019522144522144524
1 0.7906018136850783 0.44303613053613056 0.01236603462489695 0.0008741258741258741
1 0.7572135201978566 0.44303613053613056 0.01236603462489695 0.0008741258741258741
1 0.7238252267106348 0.44303613053613056 0.01236603462489695 0.0008741258741258741
1 0.6906430338004946 0.44303613053613056 0.012778235779060182 0.0008741258741258741
1 0.6331409727947238 0.44303613053613056 0.01236603462489695 0.0008741258741258741
1 0.5997526793075021 0.44303613053613056 0.01236603462489695 0.0008741258741258741
1 0.566570486397362 0.44303613053613056 0.012778235779060182 0.0008741258741258741
1 0.5331821929101401 0.44303613053613056 0.012778235779060182 0.0008741258741258741
1 0.5 0.44303613053613056 0.01236603462489695 0.0008741258741258741
1 0.4666117065127782 0.44303613053613056 0.01236603462489695 0.0008741258741258741
1 0.43322341302555645 0.44303613053613056 0.01236603462489695 0.0008741258741258741
1 0.4000412201154163 0.44303613053613056 0.012778235779060182 0.0008741258741258741
1 0.3530502885408079 0.44303613053613056 0.012778235779060182 0.0008741258741258741
1 0.31986809563066776 0.44303613053613056 0.01236603462489695 0.0008741258741258741
1 0.286479802143446 0.44303613053613056 0.01236603462489695 0.0008741258741258741
1 0.25309150865622426 0.44303613053613056 0.01236603462489695 0.0008741258741258741
1 0.21516900247320692 0.44303613053613056 0.01236603462489695 0.0008741258741258741
1 0.17848309975267931 0.44303613053613056 0.01236603462489695 0.0008741258741258741
1 0.14179719703215168 0.44303613053613056 0.01236603462489695 0.0008741258741258741
1 0.10511129431162407 0.44303613053613056 0.01236603462489695 0.0008741258741258741
134 0.5 0.4098193473193473 0.9043693322341303 0.019522144522144524
41 0.6943528441879637 0.40282634032634035 0.00041220115416323167 0.01486013986013986
40 0.6988870568837593 0.41215034965034963 0.002061005770816158 0.001456876456876457
24 0.690436933223413 0.44303613053613056 0.008244023083264633 0.004953379953379953
24 0.6910552349546579 0.45265151515151514 0.007007419620774938 0.004953379953379953
24 0.6910552349546579 0.4576048951048951 0.007007419620774938 0.004953379953379953
30 0.690436933223413 0.41215034965034963 0.008244023083264633 0.004953379953379953
41 0.6533388293487222 0.40355477855477856 0.0008244023083264633 0.014568764568764568
26 0.6496290189612531 0.41215034965034963 0.008244023083264633 0.004953379953379953
61 0.6815746084089035 0.45265151515151514 0.004534212695795548 0.01252913752913753
41 0.686727122835944 0.4578962703962704 0.0008244023083264633 0.02768065268065268
24 0.5997526793075021 0.4098193473193473 0.008244023083264633 0.004953379953379953
41 0.5626545754328112 0.4574592074592075 0.0008244023083264633 0.026806526806526808
24 0.5663643858202803 0.44303613053613056 0.008244023083264633 0.004953379953379953
24 0.5663643858202803 0.45265151515151514 0.008244023083264633 0.004953379953379953
24 0.5663643858202803 0.4576048951048951 0.008244023083264633 0.004953379953379953
24 0.6003709810387469 0.4576048951048951 0.007007419620774938 0.004953379953379953
41 0.529472382522671 0.4578962703962704 0.00041220115416323167 0.025932400932400932
24 0.5333882934872217 0.44303613053613056 0.008244023083264633 0.004953379953379953
24 0.5333882934872217 0.45265151515151514 0.008244023083264633 0.004953379953379953
24 0.5333882934872217 0.4576048951048951 0.008244023083264633 0.004953379953379953
120 0.4016900247320693 0.38913170163170163 0.5849134377576257 0.007284382284382284
41 0.596042868920033 0.4576048951048951 0.0008244023083264633 0.026515151515151516
41 0.6292250618301731 0.4577505827505827 0.00041220115416323167 0.026223776223776224
24 0.6331409727947238 0.44303613053613056 0.008244023083264633 0.004953379953379953
24 0.6331409727947238 0.45265151515151514 0.008244023083264633 0.004953379953379953
24 0.6331409727947238 0.4576048951048951 0.008244023083264633 0.004953379953379953
41 0.6036685902720528 0.4020979020979021 0.00041220115416323167 0.013403263403263404
40 0.6082028029678483 0.40734265734265734 0.002061005770816158 0.0017482517482517483
24 0.5997526793075021 0.44303613053613056 0.008244023083264633 0.004953379953379953
24 0.5997526793075021 0.45265151515151514 0.008244023083264633 0.004953379953379953
41 0.9198268755152514 0.4590617715617716 0.00041220115416323167 0.0236013986013986
26 0.9237427864798021 0.44536713286713286 0.008244023083264633 0.004953379953379953
24 0.9237427864798021 0.45265151515151514 0.008244023083264633 0.004953379953379953
24 0.9237427864798021 0.4576048951048951 0.008244023083264633 0.004953379953379953
41 0.8866446826051113 0.4589160839160839 0.0008244023083264633 0.023892773892773892
41 0.8942704039571311 0.4053030303030303 0.00041220115416323167 0.015151515151515152
26 0.8903544929925804 0.44536713286713286 0.008244023083264633 0.004953379953379953
24 0.8903544929925804 0.45265151515151514 0.008244023083264633 0.004953379953379953
121 0.1564303380049464 0.4710081585081585 0.11005770816158285 0.001456876456876457
121 0.29925803792250616 0.47188228438228436 0.09975267930750206 0.001456876456876457
121 0.44620774938169827 0.47188228438228436 0.10016488046166529 0.001456876456876457
121 0.5793487221764221 0.47188228438228436 0.10016488046166529 0.001456876456876457
121 0.6284006595218466 0.3952505827505827 0.04987633965375103 0.003205128205128205
121 0.6498351195383347 0.40005827505827507 0.007007419620774938 0.0017482517482517483
121 0.736603462489695 0.47188228438228436 0.09975267930750206 0.001456876456876457
121 0.8699505358615004 0.47188228438228436 0.10016488046166529 0.001456876456876457
24 0.8903544929925804 0.4576048951048951 0.008244023083264633 0.004953379953379953
24 0.7576257213520198 0.45265151515151514 0.00741962077493817 0.004953379953379953
41 0.7866859027205276 0.4581876456876457 0.00041220115416323167 0.027097902097902096
24 0.7906018136850783 0.44303613053613056 0.008244023083264633 0.004953379953379953
24 0.7906018136850783 0.45265151515151514 0.008244023083264633 0.004953379953379953
24 0.7906018136850783 0.4576048951048951 0.008244023083264633 0.004953379953379953
41 0.7532976092333058 0.4581876456876457 0.00041220115416323167 0.027097902097902096
24 0.7572135201978566 0.44303613053613056 0.008244023083264633 0.004953379953379953
24 0.7572135201978566 0.4576048951048951 0.008244023083264633 0.004953379953379953
41 0.7201154163231657 0.458041958041958 0.0008244023083264633 0.027389277389277388
24 0.7238252267106348 0.44303613053613056 0.008244023083264633 0.004953379953379953
24 0.7238252267106348 0.45265151515151514 0.008244023083264633 0.004953379953379953
24 0.7238252267106348 0.4576048951048951 0.008244023083264633 0.004953379953379953
24 0.8903544929925804 0.414481351981352 0.008244023083264633 0.004953379953379953
41 0.8532563891178895 0.4592074592074592 0.0008244023083264633 0.02505827505827506
26 0.8569661995053586 0.44536713286713286 0.008244023083264633 0.004953379953379953
24 0.8569661995053586 0.45265151515151514 0.008244023083264633 0.004953379953379953
24 0.8569661995053586 0.4576048951048951 0.008244023083264633 0.004953379953379953
41 0.8200741962077494 0.4594988344988345 0.00041220115416323167 0.024475524475524476
26 0.8237840065952184 0.44536713286713286 0.007831821929101401 0.004953379953379953
24 0.8237840065952184 0.45265151515151514 0.007831821929101401 0.004953379953379953
24 0.8237840065952184 0.4576048951048951 0.007831821929101401 0.004953379953379953
24 0.17889530090684255 0.45265151515151514 0.00741962077493817 0.004953379953379953
41 0.21125309150865623 0.4577505827505827 0.00041220115416323167 0.026223776223776224
24 0.21516900247320692 0.44303613053613056 0.008244023083264633 0.004953379953379953
24 0.21516900247320692 0.45265151515151514 0.008244023083264633 0.004953379953379953
26 0.20692497938994228 0.4551282051282051 0.008244023083264633 0.004662004662004662
41 0.1745671887881286 0.4577505827505827 0.00041220115416323167 0.026223776223776224
24 0.17848309975267931 0.44303613053613056 0.008244023083264633 0.004953379953379953
26 0.17023907666941468 0.4551282051282051 0.008244023083264633 0.004662004662004662
41 0.1380873866446826 0.4577505827505827 0.0008244023083264633 0.026223776223776224
24 0.14179719703215168 0.44303613053613056 0.008244023083264633 0.004953379953379953
24 0.14179719703215168 0.45265151515151514 0.008244023083264633 0.004953379953379953
26 0.13355317394888705 0.4551282051282051 0.008244023083264633 0.004662004662004662
41 0.2827699917559769 0.4581876456876457 0.0008244023083264633 0.027097902097902096
24 0.286479802143446 0.44303613053613056 0.008244023083264633 0.004953379953379953
24 0.286479802143446 0.45265151515151514 0.008244023083264633 0.004953379953379953
41 0.24938169826875514 0.458041958041958 0.0008244023083264633 0.027389277389277388
24 0.25309150865622426 0.44303613053613056 0.008244023083264633 0.004953379953379953
24 0.25309150865622426 0.45265151515151514 0.008244023083264633 0.004953379953379953
24 0.25309150865622426 0.4576048951048951 0.008244023083264633 0.004953379953379953
8 0.06183017312448475 0.4554195804195804 0.01731244847485573 0.015151515151515152
5 0.06141797197032152 0.41025641025641024 0.016488046166529265 0.03263403263403263
122 0.9208573784006595 0.4194347319347319 0.057708161582852434 0.003205128205128205
125 0.9159109645507008 0.42613636363636365 0.060181368507831824 0.006701631701631702
0 0.04101401483924155 0.4337121212121212 0.007007419620774938 0.0673076923076923
24 0.10572959604286893 0.45265151515151514 0.007007419620774938 0.004953379953379953
41 0.10140148392415499 0.4576048951048951 0.0008244023083264633 0.026515151515151516
41 0.10902720527617478 0.40297202797202797 0.00041220115416323167 0.015151515151515152
40 0.11356141797197032 0.41215034965034963 0.002061005770816158 0.001456876456876457
24 0.10511129431162407 0.44303613053613056 0.008244023083264633 0.004953379953379953
24 0.286479802143446 0.4576048951048951 0.008244023083264633 0.004953379953379953
26 0.09707337180544105 0.4551282051282051 0.007831821929101401 0.004662004662004662
30 0.10511129431162407 0.41215034965034963 0.008244023083264633 0.004953379953379953
41 0.3963314097279472 0.4583333333333333 0.00041220115416323167 0.026806526806526808
24 0.4672300082440231 0.4576048951048951 0.007007419620774938 0.004953379953379953
41 0.4037510305028854 0.40282634032634035 0.00041220115416323167 0.01486013986013986
40 0.408285243198681 0.41215034965034963 0.002061005770816158 0.001456876456876457
24 0.4672300082440231 0.45265151515151514 0.007007419620774938 0.004953379953379953
24 0.4666117065127782 0.44303613053613056 0.008244023083264633 0.004953379953379953
41 0.4295136026380874 0.458041958041958 0.0008244023083264633 0.027389277389277388
24 0.43322341302555645 0.44303613053613056 0.008244023083264633 0.004953379953379953
24 0.43322341302555645 0.45265151515151514 0.008244023083264633 0.004953379953379953
24 0.43322341302555645 0.4576048951048951 0.008244023083264633 0.004953379953379953
24 0.4000412201154163 0.44303613053613056 0.007831821929101401 0.004953379953379953
24 0.5004122011541632 0.4576048951048951 0.00741962077493817 0.004953379953379953
24 0.5004122011541632 0.45265151515151514 0.00741962077493817 0.004953379953379953
41 0.3159521846661171 0.4581876456876457 0.00041220115416323167 0.027097902097902096
24 0.3534624896949711 0.4576048951048951 0.007007419620774938 0.004953379953379953
41 0.3159521846661171 0.4185606060606061 0.00041220115416323167 0.014277389277389278
24 0.31986809563066776 0.44303613053613056 0.008244023083264633 0.004953379953379953
24 0.31986809563066776 0.45265151515151514 0.008244023083264633 0.004953379953379953
24 0.5 0.44303613053613056 0.008244023083264633 0.004953379953379953
24 0.31986809563066776 0.4576048951048951 0.008244023083264633 0.004953379953379953
24 0.31986809563066776 0.4098193473193473 0.008244023083264633 0.004953379953379953
41 0.4960840890354493 0.4578962703962704 0.00041220115416323167 0.02768065268065268
24 0.4000412201154163 0.4576048951048951 0.007831821929101401 0.004953379953379953
30 0.4000412201154163 0.41215034965034963 0.007831821929101401 0.004953379953379953
41 0.46290189612530913 0.4578962703962704 0.0008244023083264633 0.02768065268065268
24 0.4000412201154163 0.45265151515151514 0.007831821929101401 0.004953379953379953
41 0.34934047815333885 0.4583333333333333 0.00041220115416323167 0.026806526806526808
24 0.3530502885408079 0.44303613053613056 0.007831821929101401 0.004953379953379953
24 0.3530502885408079 0.45265151515151514 0.007831821929101401 0.004953379953379953
134 0.49938169826875517 0.5686188811188811 0.9031327287716405 0.019522144522144524
134 0.5 0.6213578088578089 0.9043693322341303 0.019522144522144524
24 0.6780708985985161 0.6117424242424242 0.008244023083264633 0.004953379953379953
41 0.6819868095630668 0.5664335664335665 0.00041220115416323167 0.015151515151515152
41 0.7077493816982687 0.6264568764568764 0.0008244023083264633 0.026223776223776224
40 0.6865210222588624 0.5757575757575758 0.002061005770816158 0.0017482517482517483
24 0.6786892003297609 0.6213578088578089 0.007007419620774938 0.004953379953379953
24 0.6786892003297609 0.6263111888111889 0.007007419620774938 0.004953379953379953
30 0.6780708985985161 0.5756118881118881 0.008244023083264633 0.004953379953379953
41 0.6222176422093982 0.6252913752913752 0.00041220115416323167 0.023892773892773892
24 0.6261335531739489 0.6117424242424242 0.008244023083264633 0.004953379953379953
26 0.6261335531739489 0.6190268065268065 0.008244023083264633 0.004953379953379953
24 0.7114591920857378 0.6263111888111889 0.008244023083264633 0.004953379953379953
24 0.7114591920857378 0.6213578088578089 0.008244023083264633 0.004953379953379953
24 0.7114591920857378 0.6117424242424242 0.008244023083264633 0.004953379953379953
41 0.674361088211047 0.6266025641025641 0.0008244023083264633 0.02768065268065268
41 0.45610057708161583 0.6266025641025641 0.00041220115416323167 0.025932400932400932
41 0.48928276999175596 0.6267482517482518 0.0008244023083264633 0.027389277389277388
41 0.5224649629018961 0.6257284382284383 0.00041220115416323167 0.024766899766899768
24 0.5263808738664468 0.6117424242424242 0.008244023083264633 0.004953379953379953
26 0.5263808738664468 0.6190268065268065 0.008244023083264633 0.004953379953379953
26 0.5263808738664468 0.6238344988344988 0.008244023083264633 0.004662004662004662
24 0.49299258037922505 0.6117424242424242 0.008244023083264633 0.004953379953379953
24 0.49299258037922505 0.6213578088578089 0.008244023083264633 0.004953379953379953
24 0.49299258037922505 0.6263111888111889 0.008244023083264633 0.004953379953379953
121 0.15272052761747734 0.6382575757575758 0.09934047815333882 0.001456876456876457
26 0.593363561417972 0.6190268065268065 0.007007419620774938 0.004953379953379953
41 0.589035449299258 0.6251456876456877 0.0008244023083264633 0.024184149184149184
41 0.5966611706512778 0.5617715617715617 0.00041220115416323167 0.015151515151515152
24 0.5927452596867271 0.6117424242424242 0.008244023083264633 0.004953379953379953
26 0.6261335531739489 0.6238344988344988 0.008244023083264633 0.004662004662004662
26 0.5927452596867271 0.6238344988344988 0.008244023083264633 0.004662004662004662
26 0.5927452596867271 0.5709498834498834 0.008244023083264633 0.004953379953379953
41 0.5558532563891179 0.6254370629370629 0.00041220115416323167 0.0236013986013986
24 0.559563066776587 0.6117424242424242 0.007831821929101401 0.004953379953379953
26 0.559563066776587 0.6190268065268065 0.007831821929101401 0.004953379953379953
26 0.559563066776587 0.6238344988344988 0.007831821929101401 0.004662004662004662
24 0.9237427864798021 0.6117424242424242 0.008244023083264633 0.004953379953379953
41 0.9198268755152514 0.625 0.00041220115416323167 0.024475524475524476
26 0.9237427864798021 0.6190268065268065 0.008244023083264633 0.004953379953379953
26 0.9237427864798021 0.6238344988344988 0.008244023083264633 0.004662004662004662
41 0.8866446826051113 0.6251456876456877 0.0008244023083264633 0.024184149184149184
120 0.63520197856554 0.5802738927738927 0.08491343775762572 0.00844988344988345
125 0.23289365210222587 0.6003787878787878 0.26133553173948887 0.006701631701631702
121 0.19352844187963728 0.5540501165501166 0.03338829348722176 0.003205128205128205
124 0.20342126957955484 0.5901806526806527 0.06966199505358615 0.006701631701631702
120 0.28070898598516075 0.5807109557109557 0.21516900247320692 0.009324009324009324
121 0.2943116240725474 0.5547785547785548 0.09975267930750206 0.007575757575757576
125 0.3031739488870569 0.5901806526806527 0.12077493816982687 0.006701631701631702
121 0.286479802143446 0.6382575757575758 0.09975267930750206 0.001456876456876457
121 0.43693322341302554 0.6407342657342657 0.10469909315746084 0.0017482517482517483
121 0.5725474031327288 0.6382575757575758 0.09975267930750206 0.001456876456876457
41 0.8942704039571311 0.5617715617715617 0.00041220115416323167 0.015151515151515152
121 0.7242374278647981 0.6407342657342657 0.09975267930750206 0.0017482517482517483
121 0.863767518549052 0.6382575757575758 0.11253091508656224 0.001456876456876457
120 0.8792250618301731 0.5748834498834499 0.020610057708161583 0.004662004662004662
24 0.8112118713932399 0.6117424242424242 0.008244023083264633 0.004953379953379953
26 0.8118301731244848 0.6190268065268065 0.007007419620774938 0.004953379953379953
26 0.8118301731244848 0.6238344988344988 0.007007419620774938 0.004662004662004662
41 0.7741137675185491 0.6266025641025641 0.0008244023083264633 0.02768065268065268
24 0.7778235779060181 0.6117424242424242 0.008244023083264633 0.004953379953379953
24 0.7778235779060181 0.6213578088578089 0.008244023083264633 0.004953379953379953
24 0.7780296784830998 0.6263111888111889 0.007831821929101401 0.004953379953379953
41 0.8075020610057708 0.6254370629370629 0.0008244023083264633 0.025349650349650348
41 0.7409315746084089 0.6268939393939394 0.00041220115416323167 0.027097902097902096
24 0.7448474855729597 0.6117424242424242 0.008244023083264633 0.004953379953379953
24 0.7448474855729597 0.6213578088578089 0.008244023083264633 0.004953379953379953
24 0.7448474855729597 0.6263111888111889 0.008244023083264633 0.004953379953379953
24 0.8903544929925804 0.6117424242424242 0.008244023083264633 0.004953379953379953
26 0.8903544929925804 0.6190268065268065 0.008244023083264633 0.004953379953379953
26 0.8903544929925804 0.6238344988344988 0.008244023083264633 0.004662004662004662
26 0.8903544929925804 0.5709498834498834 0.008244023083264633 0.004953379953379953
47 0.8740725474031328 0.5608974358974359 0.008656224237427864 0.009324009324009324
41 0.8720115416323165 0.5614801864801865 0.00041220115416323167 0.011655011655011656
24 0.8695383347073372 0.5684731934731935 0.0053586150041220115 0.0034965034965034965
41 0.840684253915911 0.6257284382284383 0.00041220115416323167 0.024766899766899768
24 0.8446001648804616 0.6117424242424242 0.008244023083264633 0.004953379953379953
26 0.8446001648804616 0.6190268065268065 0.008244023083264633 0.004953379953379953
26 0.8446001648804616 0.6238344988344988 0.008244023083264633 0.004662004662004662
41 0.21022258862324814 0.5603146853146853 0.0008244023083264633 0.013986013986013986
24 0.20651277823577907 0.6117424242424242 0.008244023083264633 0.004953379953379953
26 0.20692497938994228 0.6190268065268065 0.00741962077493817 0.004953379953379953
26 0.20692497938994228 0.6238344988344988 0.00741962077493817 0.004662004662004662
24 0.20651277823577907 0.5684731934731935 0.008244023083264633 0.004662004662004662
41 0.1694146743610882 0.6257284382284383 0.0008244023083264633 0.024766899766899768
41 0.177040395713108 0.5622086247086248 0.00041220115416323167 0.014277389277389278
24 0.1731244847485573 0.6117424242424242 0.008244023083264633 0.004953379953379953
26 0.1731244847485573 0.6190268065268065 0.008244023083264633 0.004953379953379953
26 0.1731244847485573 0.6238344988344988 0.008244023083264633 0.004662004662004662
26 0.1731244847485573 0.5709498834498834 0.008244023083264633 0.004953379953379953
24 0.24051937345424568 0.6117424242424242 0.007831821929101401 0.004953379953379953
26 0.2737015663643858 0.5659965034965035 0.008244023083264633 0.004953379953379953
24 0.4598103874690849 0.6117424242424242 0.007831821929101401 0.004953379953379953
41 0.24422918384171477 0.5568181818181818 0.00041220115416323167 0.009906759906759906
26 0.24093157460840892 0.6190268065268065 0.007007419620774938 0.004953379953379953
26 0.24093157460840892 0.6238344988344988 0.007007419620774938 0.004662004662004662
24 0.24051937345424568 0.5636655011655012 0.007831821929101401 0.004953379953379953
41 0.20259686727122836 0.6254370629370629 0.00041220115416323167 0.025349650349650348
8 0.06203627370156636 0.6194638694638694 0.01772464962901896 0.015151515151515152
5 0.06141797197032152 0.5690559440559441 0.016488046166529265 0.03263403263403263
122 0.08821104699093157 0.5756118881118881 0.00741962077493817 0.001456876456876457
0 0.04060181368507832 0.5948426573426573 0.007831821929101401 0.07255244755244755
41 0.13602638087386645 0.6242715617715617 0.0008244023083264633 0.02768065268065268
26 0.13973619126133552 0.609411421911422 0.008244023083264633 0.004953379953379953
26 0.13973619126133552 0.6190268065268065 0.008244023083264633 0.004953379953379953
26 0.13973619126133552 0.6238344988344988 0.008244023083264633 0.004662004662004662
41 0.1028441879637263 0.6245629370629371 0.00041220115416323167 0.027097902097902096
41 0.23680956306677658 0.6254370629370629 0.00041220115416323167 0.025349650349650348
41 0.11046990931574609 0.5642482517482518 0.0008244023083264633 0.015442890442890442
26 0.106760098928277 0.609411421911422 0.008244023083264633 0.004953379953379953
26 0.106760098928277 0.6190268065268065 0.008244023083264633 0.004953379953379953
26 0.106760098928277 0.6238344988344988 0.008244023083264633 0.004662004662004662
24 0.106760098928277 0.5732808857808858 0.008244023083264633 0.004953379953379953
24 0.38870568837592745 0.6117424242424242 0.008244023083264633 0.004953379953379953
41 0.38478977741137677 0.6266025641025641 0.00041220115416323167 0.02768065268065268
41 0.39241549876339654 0.5668706293706294 0.0008244023083264633 0.016025641025641024
40 0.3969497114591921 0.5757575757575758 0.00247320692497939 0.0017482517482517483
26 0.38870568837592745 0.6190268065268065 0.008244023083264633 0.004953379953379953
24 0.38870568837592745 0.6263111888111889 0.008244023083264633 0.004953379953379953
30 0.38849958779884586 0.5756118881118881 0.007831821929101401 0.004953379953379953
26 0.2743198680956307 0.6238344988344988 0.007007419620774938 0.004662004662004662
41 0.3365622423742787 0.6258741258741258 0.00041220115416323167 0.024475524475524476
24 0.4598103874690849 0.6213578088578089 0.007831821929101401 0.004953379953379953
24 0.4598103874690849 0.6263111888111889 0.007831821929101401 0.004953379953379953
41 0.4179719703215169 0.6267482517482518 0.0008244023083264633 0.027389277389277388
24 0.421681780708986 0.6117424242424242 0.008244023083264633 0.004953379953379953
26 0.421681780708986 0.6190268065268065 0.008244023083264633 0.004953379953379953
24 0.421681780708986 0.6263111888111889 0.008244023083264633 0.004953379953379953
41 0.3023495465787304 0.6257284382284383 0.00041220115416323167 0.024766899766899768
41 0.3099752679307502 0.5664335664335665 0.0008244023083264633 0.02097902097902098
24 0.3062654575432811 0.6117424242424242 0.008244023083264633 0.004953379953379953
26 0.3062654575432811 0.6190268065268065 0.008244023083264633 0.004953379953379953
26 0.3062654575432811 0.6238344988344988 0.008244023083264633 0.004662004662004662
24 0.3062654575432811 0.5782342657342657 0.008244023083264633 0.004953379953379953
41 0.2699917559769167 0.6257284382284383 0.0008244023083264633 0.024766899766899768
41 0.27761747732893655 0.559586247086247 0.00041220115416323167 0.011363636363636364
24 0.2737015663643858 0.6117424242424242 0.008244023083264633 0.004953379953379953
26 0.2737015663643858 0.6190268065268065 0.008244023083264633 0.004953379953379953
26 0.3402720527617477 0.6190268065268065 0.007831821929101401 0.004953379953379953
24 0.3402720527617477 0.6117424242424242 0.007831821929101401 0.004953379953379953
41 0.3439818631492168 0.5635198135198135 0.00041220115416323167 0.011072261072261072
26 0.3402720527617477 0.6238344988344988 0.007831821929101401 0.004662004662004662
26 0.3402720527617477 0.5709498834498834 0.007831821929101401 0.004953379953379953
134 0.5 0.7323717948717948 0.9043693322341303 0.019522144522144524
134 0.5 0.7801573426573427 0.9043693322341303 0.019522144522144524
1 0.9237427864798021 0.7657342657342657 0.01236603462489695 0.0005827505827505828
1 0.8903544929925804 0.7657342657342657 0.01236603462489695 0.0005827505827505828
1 0.8569661995053586 0.7657342657342657 0.01236603462489695 0.0005827505827505828
1 0.8244023083264633 0.7657342657342657 0.011541632316570486 0.0005827505827505828
1 0.7831821929101401 0.7609265734265734 0.01236603462489695 0.0008741258741258741
1 0.7831821929101401 0.7657342657342657 0.01236603462489695 0.0005827505827505828
1 0.7497938994229184 0.7609265734265734 0.01236603462489695 0.0008741258741258741
1 0.7497938994229184 0.7657342657342657 0.01236603462489695 0.0005827505827505828
1 0.7166117065127783 0.7609265734265734 0.012778235779060182 0.0008741258741258741
1 0.7166117065127783 0.7657342657342657 0.012778235779060182 0.0005827505827505828
1 0.683429513602638 0.7609265734265734 0.01236603462489695 0.0008741258741258741
1 0.683429513602638 0.7657342657342657 0.01236603462489695 0.0005827505827505828
1 0.636232481450948 0.7609265734265734 0.012778235779060182 0.0008741258741258741
1 0.636232481450948 0.7657342657342657 0.012778235779060182 0.0005827505827505828
1 0.6030502885408079 0.7609265734265734 0.01236603462489695 0.0008741258741258741
1 0.6030502885408079 0.7657342657342657 0.01236603462489695 0.0005827505827505828
1 0.5696619950535862 0.7609265734265734 0.01236603462489695 0.0008741258741258741
1 0.5696619950535862 0.7657342657342657 0.01236603462489695 0.0005827505827505828
1 0.5362737015663643 0.7609265734265734 0.01236603462489695 0.0008741258741258741
1 0.5362737015663643 0.7657342657342657 0.01236603462489695 0.0005827505827505828
1 0.5030915086562242 0.7609265734265734 0.012778235779060182 0.0008741258741258741
1 0.5030915086562242 0.7657342657342657 0.012778235779060182 0.0005827505827505828
1 0.4697032151690025 0.7609265734265734 0.012778235779060182 0.0008741258741258741
1 0.4697032151690025 0.7657342657342657 0.012778235779060182 0.0005827505827505828
1 0.4365210222588623 0.7609265734265734 0.01236603462489695 0.0008741258741258741
1 0.4365210222588623 0.7657342657342657 0.01236603462489695 0.0005827505827505828
1 0.4031327287716406 0.7609265734265734 0.01236603462489695 0.0008741258741258741
1 0.4031327287716406 0.7657342657342657 0.01236603462489695 0.0005827505827505828
1 0.20486397361912614 0.7467948717948718 0.01236603462489695 0.0005827505827505828
1 0.17147568013190437 0.7467948717948718 0.01236603462489695 0.0005827505827505828
41 0.6795136026380874 0.7411130536130536 0.00041220115416323167 0.014277389277389278
40 0.6916735366859027 0.7300407925407926 0.00247320692497939 0.001456876456876457
24 0.683429513602638 0.7609265734265734 0.008244023083264633 0.004953379953379953
24 0.6838417147568013 0.770541958041958 0.00741962077493817 0.004953379953379953
24 0.6838417147568013 0.7753496503496503 0.00741962077493817 0.004662004662004662
28 0.683429513602638 0.7323717948717948 0.008244023083264633 0.004953379953379953
41 0.7129018961253092 0.7757867132867133 0.00041220115416323167 0.025932400932400932
24 0.7166117065127783 0.7609265734265734 0.007831821929101401 0.004953379953379953
24 0.7166117065127783 0.770541958041958 0.007831821929101401 0.004953379953379953
24 0.7166117065127783 0.7753496503496503 0.007831821929101401 0.004662004662004662
41 0.6795136026380874 0.7756410256410257 0.00041220115416323167 0.027972027972027972
41 0.5659521846661171 0.7752039627039627 0.0008244023083264633 0.025349650349650348
24 0.5696619950535862 0.7609265734265734 0.008244023083264633 0.004953379953379953
26 0.5696619950535862 0.7682109557109557 0.008244023083264633 0.004953379953379953
26 0.5696619950535862 0.7728729603729604 0.008244023083264633 0.004953379953379953
41 0.5325638911788954 0.775495337995338 0.0008244023083264633 0.026515151515151516
24 0.5362737015663643 0.7609265734265734 0.008244023083264633 0.004953379953379953
26 0.5362737015663643 0.7682109557109557 0.008244023083264633 0.004953379953379953
26 0.5362737015663643 0.7728729603729604 0.008244023083264633 0.004953379953379953
121 0.15952184666117064 0.7252331002331003 0.09810387469084914 0.008158508158508158
41 0.5991343775762572 0.7752039627039627 0.00041220115416323167 0.025349650349650348
41 0.6325226710634789 0.7756410256410257 0.00041220115416323167 0.026223776223776224
24 0.6364385820280297 0.7609265734265734 0.008244023083264633 0.004953379953379953
26 0.6364385820280297 0.7682109557109557 0.008244023083264633 0.004953379953379953
26 0.6364385820280297 0.7728729603729604 0.008244023083264633 0.004953379953379953
41 0.5991343775762572 0.7392191142191142 0.00041220115416323167 0.015151515151515152
24 0.6030502885408079 0.7609265734265734 0.008244023083264633 0.004953379953379953
26 0.6030502885408079 0.7682109557109557 0.008244023083264633 0.004953379953379953
26 0.6030502885408079 0.7728729603729604 0.008244023083264633 0.004953379953379953
26 0.6030502885408079 0.7300407925407926 0.008244023083264633 0.004953379953379953
41 0.9198268755152514 0.7772435897435898 0.00041220115416323167 0.024766899766899768
26 0.9237427864798021 0.7632575757575758 0.008244023083264633 0.004953379953379953
24 0.9237427864798021 0.770541958041958 0.008244023083264633 0.004953379953379953
24 0.9237427864798021 0.7753496503496503 0.008244023083264633 0.004662004662004662
41 0.8864385820280297 0.7768065268065268 0.00041220115416323167 0.023892773892773892
41 0.8864385820280297 0.7392191142191142 0.00041220115416323167 0.015151515151515152
26 0.8903544929925804 0.7632575757575758 0.008244023083264633 0.004953379953379953
121 0.26442704039571313 0.7250874125874126 0.03503709810387469 0.004370629370629371
121 0.33470733718054413 0.7444638694638694 0.05028854080791426 0.004662004662004662
112 0.33553173948887055 0.7507284382284383 0.005770816158285243 0.006118881118881119
121 0.44929925803792253 0.7888986013986014 0.09975267930750206 0.001456876456876457
121 0.5824402308326463 0.7888986013986014 0.09975267930750206 0.001456876456876457
121 0.72959604286892 0.7897727272727273 0.09975267930750206 0.001456876456876457
121 0.8697444352844188 0.7897727272727273 0.09975267930750206 0.001456876456876457
24 0.8903544929925804 0.770541958041958 0.008244023083264633 0.004953379953379953
24 0.8241962077493817 0.7753496503496503 0.007007419620774938 0.004662004662004662
41 0.779472382522671 0.7759324009324009 0.0008244023083264633 0.027389277389277388
24 0.7831821929101401 0.7609265734265734 0.008244023083264633 0.004953379953379953
24 0.7831821929101401 0.770541958041958 0.008244023083264633 0.004953379953379953
24 0.7831821929101401 0.7753496503496503 0.008244023083264633 0.004662004662004662
24 0.8241962077493817 0.770541958041958 0.007007419620774938 0.004953379953379953
41 0.7460840890354493 0.7759324009324009 0.0008244023083264633 0.027389277389277388
24 0.7497938994229184 0.7609265734265734 0.008244023083264633 0.004953379953379953
24 0.7497938994229184 0.770541958041958 0.008244023083264633 0.004953379953379953
24 0.7497938994229184 0.7753496503496503 0.008244023083264633 0.004662004662004662
24 0.8575845012366035 0.7753496503496503 0.007007419620774938 0.004662004662004662
24 0.8903544929925804 0.7753496503496503 0.008244023083264633 0.004662004662004662
26 0.8903544929925804 0.7300407925407926 0.008244023083264633 0.004953379953379953
41 0.8532563891178895 0.7770979020979021 0.0008244023083264633 0.02505827505827506
26 0.8569661995053586 0.7632575757575758 0.008244023083264633 0.004953379953379953
24 0.8569661995053586 0.770541958041958 0.008244023083264633 0.004953379953379953
61 0.810593569661995 0.775495337995338 0.004534212695795548 0.01252913752913753
41 0.8198680956306678 0.7770979020979021 0.0008244023083264633 0.02505827505827506
26 0.8235779060181369 0.7632575757575758 0.008244023083264633 0.004953379953379953
41 0.20877988458367683 0.7380536130536131 0.00041220115416323167 0.019230769230769232
26 0.20486397361912614 0.7492715617715617 0.008244023083264633 0.004953379953379953
41 0.17539159109645508 0.7357226107226107 0.00041220115416323167 0.018648018648018648
86 0.17023907666941468 0.7801573426573427 0.005770816158285243 0.013694638694638694
24 0.17147568013190437 0.7469405594405595 0.008244023083264633 0.004953379953379953
41 0.14365210222588623 0.7310606060606061 0.00041220115416323167 0.013403263403263404
41 0.2817394888705688 0.7307692307692307 0.00041220115416323167 0.013986013986013986
26 0.27782357790601814 0.7396561771561772 0.008244023083264633 0.004953379953379953
26 0.13994229183841714 0.7396561771561772 0.007831821929101401 0.004953379953379953
41 0.24670239076669415 0.7347027972027972 0.00041220115416323167 0.016025641025641024
85 0.24299258037922505 0.7789918414918415 0.008656224237427864 0.0020396270396270395
26 0.24299258037922505 0.7444638694638694 0.007831821929101401 0.004662004662004662
8 0.06203627370156636 0.7782634032634033 0.01772464962901896 0.015151515151515152
5 0.06141797197032152 0.7328088578088578 0.016488046166529265 0.03263403263403263
0 0.04101401483924155 0.7562645687645687 0.007007419620774938 0.0673076923076923
41 0.1028441879637263 0.7856934731934732 0.00041220115416323167 0.027097902097902096
24 0.5030915086562242 0.7609265734265734 0.007831821929101401 0.004953379953379953
41 0.11046990931574609 0.7290209790209791 0.0008244023083264633 0.013986013986013986
24 0.106760098928277 0.770541958041958 0.008244023083264633 0.004953379953379953
24 0.106760098928277 0.7801573426573427 0.008244023083264633 0.004953379953379953
24 0.106760098928277 0.7851107226107226 0.008244023083264633 0.004953379953379953
24 0.106760098928277 0.7373251748251748 0.008244023083264633 0.004953379953379953
41 0.3994229183841715 0.7756410256410257 0.0008244023083264633 0.026223776223776224
26 0.4703215169002473 0.7682109557109557 0.00741962077493817 0.004953379953379953
41 0.4991755976916735 0.7752039627039627 0.0008244023083264633 0.027097902097902096
26 0.5030915086562242 0.7682109557109557 0.007831821929101401 0.004953379953379953
26 0.5028854080791426 0.7728729603729604 0.008244023083264633 0.004953379953379953
41 0.4659934047815334 0.7756410256410257 0.00041220115416323167 0.026223776223776224
24 0.4699093157460841 0.7609265734265734 0.008244023083264633 0.004953379953379953
26 0.4699093157460841 0.7728729603729604 0.008244023083264633 0.004953379953379953
41 0.4326051112943116 0.7756410256410257 0.00041220115416323167 0.026223776223776224
24 0.4365210222588623 0.7609265734265734 0.008244023083264633 0.004953379953379953
26 0.4365210222588623 0.7682109557109557 0.008244023083264633 0.004953379953379953
26 0.4365210222588623 0.7728729603729604 0.008244023083264633 0.004953379953379953
41 0.33470733718054413 0.7377622377622378 0.0008244023083264633 0.01282051282051282
26 0.33841714756801317 0.7300407925407926 0.008244023083264633 0.004953379953379953
24 0.36356141797197034 0.7323717948717948 0.008244023083264633 0.004953379953379953
41 0.35985160758450124 0.7395104895104895 0.0008244023083264633 0.01282051282051282
24 0.3134789777411377 0.7275641025641025 0.007831821929101401 0.004662004662004662
28 0.4031327287716406 0.7323717948717948 0.008244023083264633 0.004953379953379953
26 0.4031327287716406 0.7728729603729604 0.008244023083264633 0.004953379953379953
41 0.30956306677658696 0.7355769230769231 0.0008244023083264633 0.014277389277389278
26 0.4031327287716406 0.7682109557109557 0.008244023083264633 0.004953379953379953
24 0.4031327287716406 0.7609265734265734 0.008244023083264633 0.004953379953379953
40 0.41158285243198683 0.7300407925407926 0.002061005770816158 0.001456876456876457
41 0.3994229183841715 0.7406759906759907 0.0008244023083264633 0.015151515151515152
134 0.5 0.8911713286713286 0.9043693322341303 0.019522144522144524
1 0.7761747732893652 0.8719405594405595 0.01236603462489695 0.0008741258741258741
1 0.7761747732893652 0.8767482517482518 0.01236603462489695 0.0005827505827505828
1 0.9264220939818631 0.9207459207459208 0.012778235779060182 0.0005827505827505828
1 0.9264220939818631 0.9255536130536131 0.012778235779060182 0.0008741258741258741
1 0.8969497114591921 0.9207459207459208 0.01236603462489695 0.0005827505827505828
1 0.8969497114591921 0.9255536130536131 0.01236603462489695 0.0008741258741258741
1 0.8660346248969497 0.9207459207459208 0.01236603462489695 0.0005827505827505828
1 0.8660346248969497 0.9255536130536131 0.01236603462489695 0.0008741258741258741
1 0.8357378400659522 0.9159382284382285 0.012778235779060182 0.0008741258741258741
1 0.8357378400659522 0.9207459207459208 0.012778235779060182 0.0005827505827505828
1 0.8357378400659522 0.9255536130536131 0.012778235779060182 0.0008741258741258741
1 0.8054410552349547 0.9159382284382285 0.01236603462489695 0.0008741258741258741
1 0.8054410552349547 0.9207459207459208 0.01236603462489695 0.0005827505827505828
1 0.8054410552349547 0.9255536130536131 0.01236603462489695 0.0008741258741258741
1 0.7761747732893652 0.9159382284382285 0.01236603462489695 0.0008741258741258741
1 0.7761747732893652 0.9207459207459208 0.01236603462489695 0.0005827505827505828
1 0.7761747732893652 0.9255536130536131 0.01236603462489695 0.0008741258741258741
1 0.7452596867271228 0.9159382284382285 0.01236603462489695 0.0008741258741258741
1 0.7452596867271228 0.9207459207459208 0.01236603462489695 0.0005827505827505828
1 0.7452596867271228 0.9255536130536131 0.01236603462489695 0.0008741258741258741
1 0.7102225886232482 0.9543997668997669 0.01236603462489695 0.0008741258741258741
1 0.7102225886232482 0.9592074592074592 0.01236603462489695 0.0005827505827505828
1 0.4802143446001649 0.9255536130536131 0.01236603462489695 0.0008741258741258741
1 0.4505358615004122 0.9255536130536131 0.011541632316570486 0.0008741258741258741
1 0.4157048639736191 0.9255536130536131 0.012778235779060182 0.0008741258741258741
1 0.3854080791426216 0.9255536130536131 0.01236603462489695 0.0008741258741258741
1 0.34274525968672714 0.9255536130536131 0.012778235779060182 0.0008741258741258741
1 0.3124484748557296 0.9255536130536131 0.01236603462489695 0.0008741258741258741
1 0.2823577906018137 0.9255536130536131 0.01236603462489695 0.0008741258741258741
1 0.2522671063478978 0.9255536130536131 0.01236603462489695 0.0008741258741258741
1 0.22197032151690024 0.9255536130536131 0.012778235779060182 0.0008741258741258741
1 0.19208573784006594 0.9255536130536131 0.011541632316570486 0.0008741258741258741
1 0.15457543281121186 0.9255536130536131 0.01236603462489695 0.0008741258741258741
1 0.12159934047815334 0.9255536130536131 0.011541632316570486 0.0008741258741258741
134 0.5 0.9398310023310024 0.9043693322341303 0.019522144522144524
41 0.7063066776586975 0.9599358974358975 0.00041220115416323167 0.027097902097902096
41 0.7063066776586975 0.8930652680652681 0.00041220115416323167 0.015151515151515152
24 0.7102225886232482 0.9447843822843823 0.008244023083264633 0.004953379953379953
26 0.7102225886232482 0.9616841491841492 0.008244023083264633 0.004953379953379953
95 0.7112530915086562 0.909965034965035 0.013602638087386645 0.011072261072261072
26 0.7102225886232482 0.8838869463869464 0.008244023083264633 0.004953379953379953
41 0.6737427864798021 0.8932109557109557 0.00041220115416323167 0.01486013986013986
41 0.7413437757625722 0.8939393939393939 0.00041220115416323167 0.011655011655011656
26 0.7452596867271228 0.9134615384615384 0.008244023083264633 0.004662004662004662
41 0.7413437757625722 0.940413752913753 0.00041220115416323167 0.05215617715617716
26 0.7452596867271228 0.9182692307692307 0.008244023083264633 0.004953379953379953
24 0.7452596867271228 0.9255536130536131 0.008244023083264633 0.004953379953379953
24 0.7452596867271228 0.9302156177156177 0.008244023083264633 0.004953379953379953
24 0.7452596867271228 0.8863636363636364 0.008244023083264633 0.004662004662004662
26 0.5688375927452597 0.8792249417249417 0.008244023083264633 0.004953379953379953
41 0.5952184666117065 0.9434731934731935 0.0008244023083264633 0.024475524475524476
24 0.5989282769991756 0.9302156177156177 0.008244023083264633 0.004953379953379953
26 0.5989282769991756 0.9375 0.008244023083264633 0.004953379953379953
26 0.5989282769991756 0.94245337995338 0.008244023083264633 0.004953379953379953
41 0.5651277823577906 0.9442016317016317 0.0008244023083264633 0.024766899766899768
41 0.5651277823577906 0.8878205128205128 0.0008244023083264633 0.015734265734265736
24 0.5688375927452597 0.9302156177156177 0.008244023083264633 0.004953379953379953
26 0.5688375927452597 0.9375 0.008244023083264633 0.004953379953379953
26 0.5688375927452597 0.94245337995338 0.008244023083264633 0.004953379953379953
105 0.5688375927452597 0.8716491841491841 0.016488046166529265 0.007284382284382284
120 0.5237015663643858 0.8672785547785548 0.8050288540807914 0.007284382284382284
41 0.6589035449299258 0.9443473193473193 0.00041220115416323167 0.024475524475524476
24 0.6626133553173948 0.9302156177156177 0.007831821929101401 0.004953379953379953
26 0.6626133553173948 0.9375 0.007831821929101401 0.004953379953379953
26 0.6626133553173948 0.94245337995338 0.007831821929101401 0.004953379953379953
61 0.6232481450948063 0.9302156177156177 0.004122011541632316 0.01252913752913753
61 0.6232481450948063 0.94245337995338 0.004122011541632316 0.01252913752913753
26 0.6774525968672712 0.8838869463869464 0.007831821929101401 0.004953379953379953
41 0.6286067600989282 0.9437645687645687 0.0008244023083264633 0.023892773892773892
41 0.6286067600989282 0.8913170163170163 0.0008244023083264633 0.0168997668997669
40 0.6407666941467436 0.879079254079254 0.002061005770816158 0.0017482517482517483
24 0.6323165704863973 0.9302156177156177 0.008244023083264633 0.004953379953379953
26 0.6323165704863973 0.9375 0.008244023083264633 0.004953379953379953
26 0.6323165704863973 0.94245337995338 0.008244023083264633 0.004953379953379953
24 0.6323165704863973 0.8815559440559441 0.008244023083264633 0.004953379953379953
41 0.9225061830173125 0.9335664335664335 0.0008244023083264633 0.023892773892773892
41 0.9225061830173125 0.8993298368298368 0.0008244023083264633 0.014277389277389278
24 0.9262159934047816 0.9206002331002331 0.008244023083264633 0.004953379953379953
26 0.9262159934047816 0.9278846153846154 0.008244023083264633 0.004953379953379953
26 0.9262159934047816 0.9328379953379954 0.008244023083264633 0.004953379953379953
24 0.9262159934047816 0.8911713286713286 0.008244023083264633 0.004953379953379953
41 0.893239901071723 0.933420745920746 0.0008244023083264633 0.022435897435897436
41 0.893239901071723 0.8927738927738927 0.0008244023083264633 0.024475524475524476
24 0.8969497114591921 0.9206002331002331 0.008244023083264633 0.004953379953379953
26 0.8969497114591921 0.9278846153846154 0.008244023083264633 0.004953379953379953
26 0.8969497114591921 0.9328379953379954 0.008244023083264633 0.004953379953379953
26 0.8969497114591921 0.8792249417249417 0.008244023083264633 0.004953379953379953
121 0.16755976916735366 0.9495920745920746 0.10098928276999175 0.0017482517482517483
121 0.2936933223413026 0.9535256410256411 0.09027205276174774 0.001456876456876457
121 0.4214756801319044 0.8766025641025641 0.06471558120362737 0.003205128205128205
121 0.4305441055234955 0.8808275058275058 0.006183017312448475 0.0017482517482517483
121 0.42910140148392417 0.9535256410256411 0.09480626545754328 0.001456876456876457
121 0.5199917559769167 0.8719405594405595 0.07213520197856554 0.003205128205128205
121 0.5199917559769167 0.8757284382284383 0.07048639736191262 0.003205128205128205
121 0.5199917559769167 0.8798076923076923 0.07048639736191262 0.003205128205128205
121 0.6119126133553174 0.9567307692307693 0.09356966199505358 0.001456876456876457
121 0.670032976092333 0.8968531468531469 0.007007419620774938 0.0017482517482517483
121 0.6510717230008244 0.9003496503496503 0.04492992580379225 0.002331002331002331
121 0.7541220115416323 0.9007867132867133 0.0952184666117065 0.001456876456876457
121 0.7541220115416323 0.9653263403263403 0.0952184666117065 0.018065268065268064
121 0.877164056059357 0.9055944055944056 0.09068425391591096 0.0034965034965034965
121 0.877164056059357 0.9456585081585082 0.09068425391591096 0.001456876456876457
41 0.8017312448474856 0.9357517482517482 0.0008244023083264633 0.04224941724941725
41 0.8017312448474856 0.8940850815850816 0.0008244023083264633 0.013111888111888112
26 0.8054410552349547 0.9134615384615384 0.008244023083264633 0.004662004662004662
26 0.8054410552349547 0.9182692307692307 0.008244023083264633 0.004953379953379953
24 0.8054410552349547 0.9255536130536131 0.008244023083264633 0.004953379953379953
24 0.8054410552349547 0.9302156177156177 0.008244023083264633 0.004953379953379953
24 0.8054410552349547 0.8863636363636364 0.008244023083264633 0.004662004662004662
41 0.7724649629018961 0.9383741258741258 0.0008244023083264633 0.04691142191142191
41 0.7724649629018961 0.8869463869463869 0.0008244023083264633 0.027389277389277388
26 0.7761747732893652 0.9134615384615384 0.008244023083264633 0.004662004662004662
26 0.7761747732893652 0.9182692307692307 0.008244023083264633 0.004953379953379953
24 0.7761747732893652 0.9255536130536131 0.008244023083264633 0.004953379953379953
24 0.7761747732893652 0.9302156177156177 0.008244023083264633 0.004953379953379953
41 0.862118713932399 0.9338578088578089 0.00041220115416323167 0.023310023310023312
41 0.862118713932399 0.8953962703962703 0.00041220115416323167 0.019813519813519812
24 0.8660346248969497 0.9206002331002331 0.008244023083264633 0.004953379953379953
26 0.8660346248969497 0.9278846153846154 0.008244023083264633 0.004953379953379953
26 0.8660346248969497 0.9328379953379954 0.008244023083264633 0.004953379953379953
26 0.8660346248969497 0.8838869463869464 0.008244023083264633 0.004953379953379953
24 0.7761747732893652 0.8719405594405595 0.008244023083264633 0.004953379953379953
41 0.8320280296784831 0.9303613053613053 0.00041220115416323167 0.030303030303030304
41 0.8320280296784831 0.896416083916084 0.00041220115416323167 0.016608391608391608
26 0.8357378400659522 0.9134615384615384 0.007831821929101401 0.004662004662004662
26 0.8359439406430338 0.9182692307692307 0.008244023083264633 0.004953379953379953
26 0.8359439406430338 0.9230769230769231 0.008244023083264633 0.004662004662004662
26 0.8359439406430338 0.9278846153846154 0.008244023083264633 0.004953379953379953
24 0.8357378400659522 0.8863636363636364 0.007831821929101401 0.004662004662004662
41 0.27844187963726297 0.9389568764568764 0.00041220115416323167 0.028846153846153848
26 0.2823577906018137 0.9230769230769231 0.008244023083264633 0.004662004662004662
26 0.2823577906018137 0.9328379953379954 0.008244023083264633 0.004953379953379953
26 0.2823577906018137 0.9375 0.008244023083264633 0.004953379953379953
41 0.24835119538334707 0.9391025641025641 0.00041220115416323167 0.028554778554778556
26 0.2522671063478978 0.9230769230769231 0.008244023083264633 0.004662004662004662
26 0.2522671063478978 0.9328379953379954 0.008244023083264633 0.004953379953379953
26 0.2522671063478978 0.9375 0.008244023083264633 0.004953379953379953
41 0.21805441055234956 0.9367715617715617 0.0008244023083264633 0.02564102564102564
26 0.22197032151690024 0.9230769230769231 0.007831821929101401 0.004662004662004662
24 0.22176422093981862 0.9302156177156177 0.008244023083264633 0.004953379953379953
24 0.22176422093981862 0.9351689976689976 0.008244023083264633 0.004953379953379953
61 0.18260511129431162 0.9232226107226107 0.004122011541632316 0.01252913752913753
59 0.17889530090684255 0.9274475524475524 0.00494641384995878 0.011655011655011656
26 0.3860263808738664 0.9328379953379954 0.007007419620774938 0.004953379953379953
26 0.3860263808738664 0.9375 0.007007419620774938 0.004953379953379953
24 0.3854080791426216 0.8911713286713286 0.008244023083264633 0.004953379953379953
41 0.33903544929925805 0.9391025641025641 0.00041220115416323167 0.028554778554778556
26 0.34274525968672714 0.9230769230769231 0.007831821929101401 0.004662004662004662
26 0.34274525968672714 0.9328379953379954 0.007831821929101401 0.004953379953379953
26 0.34274525968672714 0.9375 0.007831821929101401 0.004953379953379953
41 0.18796372629843364 0.9370629370629371 0.0008244023083264633 0.02505827505827506
41 0.30873866446826054 0.9389568764568764 0.0008244023083264633 0.028846153846153848
41 0.30873866446826054 0.8978729603729604 0.0008244023083264633 0.015442890442890442
26 0.3124484748557296 0.9230769230769231 0.008244023083264633 0.004662004662004662
26 0.3124484748557296 0.9328379953379954 0.008244023083264633 0.004953379953379953
26 0.3124484748557296 0.9375 0.008244023083264633 0.004953379953379953
26 0.3124484748557296 0.8888403263403264 0.008244023083264633 0.004953379953379953
26 0.12139323990107172 0.9328379953379954 0.007007419620774938 0.004953379953379953
24 0.11253091508656224 0.9351689976689976 0.00741962077493817 0.004953379953379953
28 0.12077493816982687 0.8911713286713286 0.008244023083264633 0.004953379953379953
8 0.06183017312448475 0.9379370629370629 0.01731244847485573 0.015151515151515152
26 0.12077493816982687 0.9230769230769231 0.008244023083264633 0.004662004662004662
5 0.06141797197032152 0.8916083916083916 0.016488046166529265 0.03263403263403263
0 0.04080791426215993 0.9155011655011654 0.00741962077493817 0.06876456876456877
26 0.19167353668590273 0.9230769230769231 0.008244023083264633 0.004662004662004662
24 0.19167353668590273 0.9302156177156177 0.008244023083264633 0.004953379953379953
24 0.19167353668590273 0.9351689976689976 0.008244023083264633 0.004953379953379953
41 0.15065952184666118 0.9372086247086248 0.00041220115416323167 0.024766899766899768
26 0.15457543281121186 0.9230769230769231 0.008244023083264633 0.004662004662004662
26 0.15457543281121186 0.9328379953379954 0.008244023083264633 0.004953379953379953
24 0.14633140972794723 0.9351689976689976 0.008244023083264633 0.004953379953379953
61 0.10366859027205276 0.9351689976689976 0.004534212695795548 0.01252913752913753
41 0.1170651277823578 0.9367715617715617 0.0008244023083264633 0.02564102564102564
41 0.1170651277823578 0.8994755244755245 0.0008244023083264633 0.015151515151515152
40 0.12922506183017313 0.8886946386946387 0.002061005770816158 0.0017482517482517483
41 0.4762984336356142 0.9402680652680653 0.00041220115416323167 0.026223776223776224
41 0.48392415498763397 0.8805361305361306 0.0008244023083264633 0.018648018648018648
24 0.4802143446001649 0.9255536130536131 0.008244023083264633 0.004953379953379953
26 0.4802143446001649 0.9328379953379954 0.008244023083264633 0.004953379953379953
26 0.4802143446001649 0.9375 0.008244023083264633 0.004953379953379953
24 0.4802143446001649 0.8911713286713286 0.008244023083264633 0.004953379953379953
41 0.44620774938169827 0.9402680652680653 0.00041220115416323167 0.026223776223776224
41 0.45383347073371805 0.8850524475524476 0.0008244023083264633 0.01486013986013986
26 0.3854080791426216 0.9230769230769231 0.008244023083264633 0.004662004662004662
26 0.45012366034624895 0.9328379953379954 0.008244023083264633 0.004953379953379953
26 0.45012366034624895 0.9375 0.008244023083264633 0.004953379953379953
26 0.45012366034624895 0.893502331002331 0.008244023083264633 0.004953379953379953
41 0.5560593569661995 0.8825757575757576 0.0008244023083264633 0.019230769230769232
26 0.5523495465787304 0.893502331002331 0.008244023083264633 0.004953379953379953
61 0.5183429513602638 0.893502331002331 0.004534212695795548 0.01252913752913753
24 0.45012366034624895 0.9255536130536131 0.008244023083264633 0.004953379953379953
41 0.531121187139324 0.8821386946386947 0.00041220115416323167 0.019522144522144524
26 0.5272052761747733 0.893502331002331 0.008244023083264633 0.004953379953379953
59 0.494641384995878 0.8884032634032634 0.00494641384995878 0.011655011655011656
41 0.5078318219291014 0.8808275058275058 0.0008244023083264633 0.018065268065268064
24 0.5041220115416323 0.8911713286713286 0.008244023083264633 0.004953379953379953
26 0.41611706512778235 0.9328379953379954 0.007007419620774938 0.004953379953379953
26 0.41611706512778235 0.9375 0.007007419620774938 0.004953379953379953
41 0.3816982687551525 0.9386655011655012 0.0008244023083264633 0.029428904428904428
41 0.3893239901071723 0.8831585081585082 0.00041220115416323167 0.014568764568764568
40 0.39385820280296785 0.8886946386946387 0.002061005770816158 0.0017482517482517483
26 0.4157048639736191 0.9230769230769231 0.007831821929101401 0.004662004662004662
41 0.43425391591096457 0.884469696969697 0.00041220115416323167 0.014277389277389278
26 0.4305441055234955 0.893502331002331 0.007831821929101401 0.004953379953379953
41 0.4117889530090684 0.9386655011655012 0.0008244023083264633 0.029428904428904428