134 0.5346938775510204 0.4485930735930736 0.8316326530612245 0.00036075036075036075
134 0.5354591836734693 0.38257575757575757 0.8331632653061225 0.00036075036075036075
134 0.5354591836734693 0.31655844155844154 0.8331632653061225 0.024170274170274172
134 0.5354591836734693 0.1185064935064935 0.8331632653061225 0.024170274170274172
1 0.7989795918367347 0.09451659451659451 0.024489795918367346 0.0007215007215007215
1 0.7989795918367347 0.10064935064935066 0.024489795918367346 0.0007215007215007215
1 0.6760204081632653 0.09451659451659451 0.012244897959183673 0.0007215007215007215
1 0.6760204081632653 0.10064935064935066 0.012244897959183673 0.0007215007215007215
1 0.6387755102040816 0.10064935064935066 0.012244897959183673 0.0007215007215007215
1 0.5112244897959184 0.10064935064935066 0.012244897959183673 0.0007215007215007215
1 0.44540816326530613 0.10064935064935066 0.012244897959183673 0.0007215007215007215
1 0.22321428571428573 0.13636363636363635 0.012755102040816327 0.0007215007215007215
1 0.7989795918367347 0.20238095238095238 0.024489795918367346 0.0007215007215007215
1 0.6760204081632653 0.20238095238095238 0.012244897959183673 0.0007215007215007215
1 0.5112244897959184 0.20238095238095238 0.012244897959183673 0.0007215007215007215
1 0.22525510204081634 0.20238095238095238 0.018877551020408164 0.0007215007215007215
134 0.5354591836734693 0.18452380952380953 0.8331632653061225 0.024170274170274172
134 0.5354591836734693 0.25054112554112556 0.8331632653061225 0.024170274170274172
24 0.6760204081632653 0.0946969696969697 0.00816326530612245 0.005411255411255411
24 0.6760204081632653 0.20238095238095238 0.00816326530612245 0.005772005772005772
41 0.6721938775510204 0.10696248196248197 0.0005102040816326531 0.022727272727272728
41 0.6798469387755102 0.19173881673881674 0.0005102040816326531 0.01984126984126984
32 0.799234693877551 0.0946969696969697 0.015816326530612244 0.005411255411255411
32 0.799234693877551 0.20238095238095238 0.015816326530612244 0.005772005772005772
121 0.28494897959183674 0.10497835497835498 0.11581632653061225 0.016594516594516596
121 0.28494897959183674 0.10984848484848485 0.11479591836734694 0.016955266955266956
26 0.5969387755102041 0.10353535353535354 0.00816326530612245 0.005772005772005772
26 0.5969387755102041 0.1994949494949495 0.00816326530612245 0.005772005772005772
41 0.5931122448979592 0.11634199134199134 0.0005102040816326531 0.023448773448773448
41 0.6007653061224489 0.18668831168831168 0.0005102040816326531 0.023448773448773448
61 0.628061224489796 0.19913419913419914 0.006122448979591836 0.015873015873015872
63 0.5857142857142857 0.1993145743145743 0.007142857142857143 0.01479076479076479
26 0.6387755102040816 0.09758297258297258 0.00816326530612245 0.005411255411255411
26 0.6387755102040816 0.1994949494949495 0.00816326530612245 0.005772005772005772
41 0.6349489795918367 0.11381673881673882 0.0005102040816326531 0.030663780663780664
41 0.6426020408163265 0.18614718614718614 0.0005102040816326531 0.024531024531024532
122 0.7375 0.20923520923520925 0.11989795918367346 0.004329004329004329
122 0.7377551020408163 0.08802308802308802 0.11938775510204082 0.004329004329004329
121 0.5785714285714286 0.1737012987012987 0.12755102040816327 0.0018037518037518038
121 0.5790816326530612 0.17857142857142858 0.12653061224489795 0.0021645021645021645
121 0.5714285714285714 0.12445887445887446 0.12653061224489795 0.0021645021645021645
121 0.5711734693877552 0.12932900432900432 0.1270408163265306 0.0018037518037518038
122 0.47831632653061223 0.09397546897546898 0.06275510204081633 0.003968253968253968
121 0.4073979591836735 0.12157287157287157 0.06785714285714285 0.005772005772005772
122 0.3681122448979592 0.20923520923520925 0.28214285714285714 0.004329004329004329
69 0.15918367346938775 0.17243867243867245 0.007142857142857143 0.015151515151515152
69 0.16683673469387755 0.1812770562770563 0.007142857142857143 0.01479076479076479
69 0.17448979591836736 0.16937229437229437 0.007142857142857143 0.01479076479076479
16 0.19489795918367347 0.17857142857142858 0.013265306122448979 0.011544011544011544
16 0.19489795918367347 0.19065656565656566 0.013265306122448979 0.011904761904761904
5 0.1364795918367347 0.2510822510822511 0.020918367346938777 0.03535353535353535
16 0.19489795918367347 0.24458874458874458 0.013265306122448979 0.011544011544011544
16 0.19489795918367347 0.25685425685425683 0.013265306122448979 0.011544011544011544
8 0.1364795918367347 0.3134920634920635 0.020918367346938777 0.015151515151515152
10 0.13341836734693877 0.3327922077922078 0.005612244897959183 0.005411255411255411
69 0.15918367346938775 0.31042568542568544 0.007142857142857143 0.01479076479076479
69 0.16683673469387755 0.3194444444444444 0.007142857142857143 0.01479076479076479
69 0.17448979591836736 0.30753968253968256 0.007142857142857143 0.01479076479076479
16 0.19489795918367347 0.3106060606060606 0.013265306122448979 0.011544011544011544
16 0.19489795918367347 0.32287157287157287 0.013265306122448979 0.011544011544011544
16 0.19489795918367347 0.37662337662337664 0.013265306122448979 0.011544011544011544
16 0.19489795918367347 0.3888888888888889 0.013265306122448979 0.011544011544011544
16 0.19489795918367347 0.44264069264069267 0.013265306122448979 0.011544011544011544
16 0.19489795918367347 0.4549062049062049 0.013265306122448979 0.011544011544011544
41 0.22678571428571428 0.12337662337662338 0.0005102040816326531 0.021645021645021644
10 0.13443877551020408 0.20616883116883117 0.005612244897959183 0.005411255411255411
41 0.2308673469387755 0.19101731601731603 0.0005102040816326531 0.0183982683982684
41 0.5579081632653061 0.1812770562770563 0.0005102040816326531 0.01479076479076479
84 0.48418367346938773 0.24621212121212122 0.011224489795918367 0.003246753246753247
84 0.48418367346938773 0.31222943722943725 0.011224489795918367 0.003246753246753247
84 0.48418367346938773 0.3843795093795094 0.011224489795918367 0.003246753246753247
84 0.48418367346938773 0.4503968253968254 0.011224489795918367 0.003246753246753247
84 0.8591836734693877 0.24621212121212122 0.011224489795918367 0.003246753246753247
84 0.8591836734693877 0.31222943722943725 0.011224489795918367 0.003246753246753247
84 0.8591836734693877 0.3843795093795094 0.011224489795918367 0.003246753246753247
84 0.8591836734693877 0.4503968253968254 0.011224489795918367 0.003246753246753247
24 0.22321428571428573 0.13636363636363635 0.007653061224489796 0.005772005772005772
95 0.21301020408163265 0.09794372294372294 0.008673469387755102 0.009018759018759018
95 0.21913265306122448 0.09794372294372294 0.008673469387755102 0.009018759018759018
95 0.22551020408163266 0.09794372294372294 0.009183673469387756 0.009018759018759018
95 0.23188775510204082 0.09794372294372294 0.008673469387755102 0.009018759018759018
5 0.1364795918367347 0.11904761904761904 0.020918367346938777 0.03535353535353535
10 0.13443877551020408 0.14015151515151514 0.005612244897959183 0.005411255411255411
69 0.15918367346938775 0.10642135642135642 0.007142857142857143 0.015151515151515152
69 0.16683673469387755 0.11525974025974026 0.007142857142857143 0.01479076479076479
69 0.17448979591836736 0.10335497835497835 0.007142857142857143 0.01479076479076479
16 0.19489795918367347 0.11255411255411256 0.013265306122448979 0.011544011544011544
16 0.19489795918367347 0.12463924963924963 0.013265306122448979 0.011904761904761904
28 0.22525510204081634 0.20238095238095238 0.01173469387755102 0.005772005772005772
5 0.1364795918367347 0.18506493506493507 0.020918367346938777 0.03535353535353535
24 0.5112244897959184 0.10064935064935066 0.00816326530612245 0.005772005772005772
41 0.5502551020408163 0.12012987012987013 0.0005102040816326531 0.018037518037518036
24 0.44540816326530613 0.10064935064935066 0.00816326530612245 0.005772005772005772
41 0.4415816326530612 0.11038961038961038 0.0005102040816326531 0.018037518037518036
24 0.5540816326530612 0.19047619047619047 0.00816326530612245 0.005772005772005772
41 0.3737244897959184 0.11580086580086581 0.0005102040816326531 0.01443001443001443
26 0.5540816326530612 0.10948773448773448 0.00816326530612245 0.005411255411255411
24 0.5112244897959184 0.20238095238095238 0.00816326530612245 0.005772005772005772
41 0.5073979591836735 0.11525974025974026 0.0005102040816326531 0.027777777777777776
41 0.5150510204081633 0.18777056277056278 0.0005102040816326531 0.027777777777777776
26 0.2604591836734694 0.13347763347763347 0.007653061224489796 0.005772005772005772
41 0.26403061224489793 0.12012987012987013 0.0005102040816326531 0.024531024531024532
63 0.5428571428571428 0.10948773448773448 0.007142857142857143 0.01479076479076479
24 0.2997448979591837 0.12445887445887446 0.007653061224489796 0.005772005772005772
41 0.30357142857142855 0.11327561327561328 0.0010204081632653062 0.020923520923520924
24 0.3392857142857143 0.11255411255411256 0.00816326530612245 0.005772005772005772
41 0.34311224489795916 0.10461760461760462 0.0005102040816326531 0.013708513708513708
24 0.37729591836734694 0.1066017316017316 0.007653061224489796 0.005411255411255411
134 0.4997448979591837 0.6026334776334776 0.9045918367346939 0.024170274170274172
134 0.4997448979591837 0.9327200577200577 0.9045918367346939 0.00036075036075036075
134 0.4997448979591837 0.8667027417027418 0.9045918367346939 0.00036075036075036075
134 0.4997448979591837 0.8006854256854257 0.9045918367346939 0.024170274170274172
134 0.4997448979591837 0.7346681096681097 0.9045918367346939 0.024170274170274172
134 0.4997448979591837 0.6686507936507936 0.9045918367346939 0.024170274170274172
41 0.6956632653061224 0.8567821067821068 0.0005102040816326531 0.015151515151515152
24 0.6920918367346939 0.9327200577200577 0.007653061224489796 0.005411255411255411
24 0.6920918367346939 0.8667027417027418 0.007653061224489796 0.005411255411255411
24 0.6392857142857142 0.9327200577200577 0.00816326530612245 0.005411255411255411
41 0.6354591836734694 0.9419191919191919 0.0005102040816326531 0.016594516594516596
24 0.7448979591836735 0.8667027417027418 0.00816326530612245 0.005411255411255411
41 0.7410714285714286 0.9431818181818182 0.0005102040816326531 0.016955266955266956
41 0.7487244897959183 0.858044733044733 0.0005102040816326531 0.015512265512265512
24 0.7448979591836735 0.9327200577200577 0.00816326530612245 0.005411255411255411
41 0.6885204081632653 0.9426406926406926 0.0005102040816326531 0.018037518037518036
121 0.1951530612244898 0.8477633477633477 0.1576530612244898 0.0021645021645021645
121 0.2693877551020408 0.8524531024531025 0.00816326530612245 0.0021645021645021645
121 0.12091836734693878 0.8524531024531025 0.00816326530612245 0.0021645021645021645
24 0.48112244897959183 0.9327200577200577 0.00816326530612245 0.005411255411255411
41 0.4775510204081633 0.9426406926406926 0.0010204081632653062 0.018037518037518036
24 0.5341836734693878 0.8667027417027418 0.00816326530612245 0.005411255411255411
24 0.5341836734693878 0.9327200577200577 0.00816326530612245 0.005411255411255411
41 0.5377551020408163 0.8567821067821068 0.0010204081632653062 0.018037518037518036
41 0.5303571428571429 0.9419191919191919 0.0005102040816326531 0.016594516594516596
24 0.5867346938775511 0.8667027417027418 0.00816326530612245 0.005411255411255411
24 0.5867346938775511 0.9327200577200577 0.00816326530612245 0.005411255411255411
41 0.5905612244897959 0.8575036075036075 0.0005102040816326531 0.016594516594516596
41 0.5829081632653061 0.9419191919191919 0.0005102040816326531 0.016594516594516596
121 0.8198979591836735 0.946969696969697 0.15714285714285714 0.0021645021645021645
121 0.8201530612244898 0.9516594516594516 0.1576530612244898 0.0021645021645021645
121 0.8012755102040816 0.8488455988455988 0.10561224489795919 0.0021645021645021645
121 0.6091836734693877 0.946969696969697 0.15816326530612246 0.0021645021645021645
121 0.6091836734693877 0.9516594516594516 0.15816326530612246 0.0021645021645021645
121 0.6168367346938776 0.8477633477633477 0.15816326530612246 0.0021645021645021645
121 0.6915816326530613 0.8524531024531025 0.008673469387755102 0.0021645021645021645
121 0.5420918367346939 0.8524531024531025 0.008673469387755102 0.0021645021645021645
121 0.3989795918367347 0.946969696969697 0.15714285714285714 0.0021645021645021645
121 0.39846938775510204 0.9516594516594516 0.15816326530612246 0.0021645021645021645
121 0.3795918367346939 0.8488455988455988 0.10510204081632653 0.0021645021645021645
121 0.1875 0.946969696969697 0.15663265306122448 0.0021645021645021645
121 0.18775510204081633 0.9516594516594516 0.15816326530612246 0.0021645021645021645
24 0.7974489795918367 0.9327200577200577 0.00816326530612245 0.005411255411255411
41 0.7936224489795919 0.9426406926406926 0.0005102040816326531 0.018037518037518036
24 0.8502551020408163 0.8667027417027418 0.007653061224489796 0.005411255411255411
24 0.8502551020408163 0.9327200577200577 0.007653061224489796 0.005411255411255411
41 0.8538265306122449 0.8573232323232324 0.0005102040816326531 0.016955266955266956
41 0.8464285714285714 0.9426406926406926 0.0010204081632653062 0.018037518037518036
24 0.9030612244897959 0.9327200577200577 0.00816326530612245 0.005411255411255411
41 0.8992346938775511 0.9426406926406926 0.0005102040816326531 0.018037518037518036
24 0.11224489795918367 0.8667027417027418 0.00816326530612245 0.005411255411255411
69 0.08775510204081632 0.7945526695526696 0.007142857142857143 0.01479076479076479
69 0.09540816326530613 0.8035714285714286 0.007142857142857143 0.01479076479076479
69 0.10306122448979592 0.7916666666666666 0.007142857142857143 0.01479076479076479
10 0.06198979591836735 0.8169191919191919 0.005612244897959183 0.005411255411255411
8 0.06505102040816327 0.7974386724386724 0.020918367346938777 0.015512265512265512
5 0.06505102040816327 0.7352092352092352 0.020918367346938777 0.03535353535353535
94 0.10816326530612246 0.8374819624819625 0.011224489795918367 0.005411255411255411
93 0.11785714285714285 0.8385642135642135 0.009183673469387756 0.007575757575757576
24 0.11224489795918367 0.9327200577200577 0.00816326530612245 0.005411255411255411
94 0.10816326530612246 0.9211760461760462 0.011224489795918367 0.005411255411255411
93 0.11811224489795918 0.9222582972582972 0.008673469387755102 0.007575757575757576
41 0.11607142857142858 0.8567821067821068 0.0005102040816326531 0.018037518037518036
41 0.10841836734693877 0.9426406926406926 0.0005102040816326531 0.018037518037518036
24 0.16505102040816327 0.8667027417027418 0.007653061224489796 0.005411255411255411
24 0.16505102040816327 0.9327200577200577 0.007653061224489796 0.005411255411255411
84 0.5285714285714286 0.5983044733044733 0.011224489795918367 0.003246753246753247
84 0.5285714285714286 0.6643217893217893 0.011224489795918367 0.003246753246753247
84 0.5285714285714286 0.7303391053391053 0.011224489795918367 0.003246753246753247
84 0.5285714285714286 0.7963564213564214 0.011224489795918367 0.003246753246753247
5 0.06505102040816327 0.6031746031746031 0.020918367346938777 0.03535353535353535
10 0.06301020408163266 0.6242784992784993 0.005612244897959183 0.005411255411255411
69 0.0875 0.5905483405483406 0.007653061224489796 0.015151515151515152
69 0.09540816326530613 0.5993867243867244 0.007142857142857143 0.01479076479076479
69 0.10306122448979592 0.5874819624819625 0.007142857142857143 0.01479076479076479
5 0.06505102040816327 0.6691919191919192 0.020918367346938777 0.03535353535353535
10 0.06301020408163266 0.6902958152958153 0.005612244897959183 0.005411255411255411
69 0.0875 0.6565656565656566 0.007653061224489796 0.015151515151515152
69 0.09540816326530613 0.6654040404040404 0.007142857142857143 0.01479076479076479
69 0.10306122448979592 0.6534992784992785 0.007142857142857143 0.01479076479076479
41 0.26658163265306123 0.943001443001443 0.0005102040816326531 0.017316017316017316
41 0.16862244897959183 0.8567821067821068 0.0005102040816326531 0.018037518037518036
24 0.32321428571428573 0.8667027417027418 0.007653061224489796 0.005411255411255411
24 0.32321428571428573 0.9327200577200577 0.007653061224489796 0.005411255411255411
41 0.3267857142857143 0.8573232323232324 0.0005102040816326531 0.016955266955266956
41 0.3196428571428571 0.9426406926406926 0.0005102040816326531 0.018037518037518036
24 0.3760204081632653 0.9327200577200577 0.00816326530612245 0.005411255411255411
41 0.3721938775510204 0.9426406926406926 0.0005102040816326531 0.018037518037518036
24 0.42857142857142855 0.8667027417027418 0.00816326530612245 0.005411255411255411
24 0.42857142857142855 0.9327200577200577 0.00816326530612245 0.005411255411255411
41 0.43239795918367346 0.8573232323232324 0.0005102040816326531 0.016955266955266956
41 0.4247448979591837 0.9426406926406926 0.0005102040816326531 0.018037518037518036
24 0.21785714285714286 0.9327200577200577 0.00816326530612245 0.005411255411255411
41 0.21403061224489797 0.9426406926406926 0.0005102040816326531 0.018037518037518036
41 0.1614795918367347 0.9426406926406926 0.0005102040816326531 0.018037518037518036
24 0.27040816326530615 0.8667027417027418 0.00816326530612245 0.005411255411255411
24 0.27040816326530615 0.9327200577200577 0.00816326530612245 0.005411255411255411
41 0.274234693877551 0.8567821067821068 0.0005102040816326531 0.018037518037518036