1 0.9119897959183674 0.08423520923520923 0.015816326530612244 0.0010822510822510823
1 0.8724489795918368 0.08423520923520923 0.015306122448979591 0.0010822510822510823
1 0.8563775510204081 0.08423520923520923 0.01479591836734694 0.0010822510822510823
1 0.8400510204081633 0.08423520923520923 0.01479591836734694 0.0010822510822510823
1 0.824234693877551 0.08423520923520923 0.01479591836734694 0.0010822510822510823
1 0.8079081632653061 0.08423520923520923 0.01479591836734694 0.0010822510822510823
1 0.7918367346938775 0.08423520923520923 0.015306122448979591 0.0010822510822510823
1 0.7688775510204081 0.08423520923520923 0.015306122448979591 0.0010822510822510823
1 0.7525510204081632 0.08423520923520923 0.014285714285714285 0.0010822510822510823
1 0.7364795918367347 0.08423520923520923 0.01479591836734694 0.0010822510822510823
1 0.7206632653061225 0.08423520923520923 0.01479591836734694 0.0010822510822510823
1 0.7043367346938776 0.08423520923520923 0.01479591836734694 0.0010822510822510823
1 0.6885204081632653 0.08423520923520923 0.01479591836734694 0.0010822510822510823
1 0.6721938775510204 0.08423520923520923 0.01479591836734694 0.0010822510822510823
1 0.6563775510204082 0.08423520923520923 0.01479591836734694 0.0010822510822510823
1 0.6403061224489796 0.08423520923520923 0.014285714285714285 0.0010822510822510823
1 0.624234693877551 0.08423520923520923 0.01479591836734694 0.0010822510822510823
1 0.6081632653061224 0.08423520923520923 0.014285714285714285 0.0010822510822510823
1 0.5920918367346939 0.08423520923520923 0.01479591836734694 0.0010822510822510823
1 0.5762755102040816 0.08423520923520923 0.01479591836734694 0.0010822510822510823
1 0.5599489795918368 0.08423520923520923 0.01479591836734694 0.0010822510822510823
1 0.5438775510204081 0.08423520923520923 0.015306122448979591 0.0010822510822510823
1 0.47806122448979593 0.08423520923520923 0.015306122448979591 0.0010822510822510823
1 0.46198979591836736 0.08423520923520923 0.01479591836734694 0.0010822510822510823
1 0.44566326530612244 0.08423520923520923 0.01479591836734694 0.0010822510822510823
1 0.4298469387755102 0.08423520923520923 0.01479591836734694 0.0010822510822510823
1 0.4135204081632653 0.08423520923520923 0.01479591836734694 0.0010822510822510823
1 0.3905612244897959 0.08423520923520923 0.01479591836734694 0.0010822510822510823
1 0.3739795918367347 0.08423520923520923 0.015306122448979591 0.0010822510822510823
1 0.35153061224489796 0.08423520923520923 0.015306122448979591 0.0010822510822510823
1 0.3349489795918367 0.08423520923520923 0.01479591836734694 0.0010822510822510823
1 0.3191326530612245 0.08423520923520923 0.01479591836734694 0.0010822510822510823
1 0.30306122448979594 0.08423520923520923 0.014285714285714285 0.0010822510822510823
1 0.2869897959183674 0.08423520923520923 0.01479591836734694 0.0010822510822510823
1 0.27066326530612245 0.08423520923520923 0.01479591836734694 0.0010822510822510823
1 0.23137755102040816 0.08423520923520923 0.01479591836734694 0.0010822510822510823
1 0.21505102040816326 0.08423520923520923 0.01479591836734694 0.0010822510822510823
1 0.19923469387755102 0.08423520923520923 0.01479591836734694 0.0010822510822510823
1 0.18316326530612245 0.08423520923520923 0.014285714285714285 0.0010822510822510823
1 0.16683673469387755 0.08423520923520923 0.015306122448979591 0.0010822510822510823
24 0.8556122448979592 0.060425685425685424 0.009183673469387756 0.006132756132756133
24 0.8716836734693878 0.060425685425685424 0.008673469387755102 0.006132756132756133
26 0.8721938775510204 0.08712121212121213 0.009693877551020408 0.006132756132756133
41 0.860969387755102 0.060064935064935064 0.0005102040816326531 0.050144300144300144
41 0.8770408163265306 0.06060606060606061 0.0010204081632653062 0.051226551226551224
26 0.8854591836734694 0.07521645021645022 0.009693877551020408 0.006132756132756133
41 0.8903061224489796 0.054653679653679656 0.0010204081632653062 0.03932178932178932
24 0.898469387755102 0.07233044733044733 0.01020408163265306 0.006132756132756133
41 0.9033163265306122 0.05321067821067821 0.0005102040816326531 0.03643578643578643
24 0.8076530612244898 0.060425685425685424 0.009183673469387756 0.006132756132756133
41 0.8130102040816326 0.06024531024531025 0.0005102040816326531 0.050505050505050504
26 0.8239795918367347 0.08712121212121213 0.01020408163265306 0.006132756132756133
24 0.823469387755102 0.07828282828282829 0.009183673469387756 0.006493506493506494
41 0.8288265306122449 0.06060606060606061 0.0005102040816326531 0.051226551226551224
26 0.8403061224489796 0.08712121212121213 0.01020408163265306 0.006132756132756133
24 0.8397959183673469 0.07846320346320346 0.009183673469387756 0.006132756132756133
24 0.8397959183673469 0.07233044733044733 0.009183673469387756 0.006132756132756133
41 0.8451530612244897 0.06060606060606061 0.0005102040816326531 0.051226551226551224
26 0.911734693877551 0.08712121212121213 0.01020408163265306 0.006132756132756133
26 0.8561224489795919 0.08712121212121213 0.01020408163265306 0.006132756132756133
24 0.8561224489795919 0.07233044733044733 0.01020408163265306 0.006132756132756133
24 0.9647959183673469 0.060425685425685424 0.01020408163265306 0.006132756132756133
41 0.9696428571428571 0.046536796536796536 0.0005102040816326531 0.025252525252525252
90 0.9806122448979592 0.07016594516594517 0.015306122448979591 0.027777777777777776
41 0.9915816326530612 0.07882395382395382 0.0005102040816326531 0.0284992784992785
41 0.9298469387755102 0.04671717171717172 0.0005102040816326531 0.023448773448773448
24 0.9112244897959184 0.07846320346320346 0.009183673469387756 0.006132756132756133
24 0.9112244897959184 0.07233044733044733 0.009183673469387756 0.006132756132756133
24 0.9112244897959184 0.060425685425685424 0.009183673469387756 0.006132756132756133
41 0.9165816326530613 0.06060606060606061 0.0005102040816326531 0.051226551226551224
24 0.925 0.060425685425685424 0.01020408163265306 0.006132756132756133
26 0.938265306122449 0.0633116883116883 0.01020408163265306 0.006132756132756133
41 0.9431122448979592 0.048701298701298704 0.0005102040816326531 0.027417027417027416
24 0.951530612244898 0.060425685425685424 0.01020408163265306 0.006132756132756133
41 0.9563775510204081 0.04707792207792208 0.0005102040816326531 0.024170274170274172
26 0.6239795918367347 0.08712121212121213 0.01020408163265306 0.006132756132756133
41 0.6130102040816326 0.06024531024531025 0.0005102040816326531 0.050505050505050504
24 0.6081632653061224 0.060425685425685424 0.01020408163265306 0.006132756132756133
26 0.6081632653061224 0.08712121212121213 0.01020408163265306 0.006132756132756133
24 0.6237244897959183 0.07828282828282829 0.008673469387755102 0.006493506493506494
41 0.5969387755102041 0.06060606060606061 0.0010204081632653062 0.051226551226551224
24 0.5923469387755103 0.060425685425685424 0.01020408163265306 0.006132756132756133
24 0.5923469387755103 0.07233044733044733 0.01020408163265306 0.006132756132756133
26 0.5920918367346939 0.08712121212121213 0.009693877551020408 0.006132756132756133
41 0.6288265306122449 0.06060606060606061 0.0005102040816326531 0.051226551226551224
26 0.6403061224489796 0.08712121212121213 0.01020408163265306 0.006132756132756133
24 0.639795918367347 0.07846320346320346 0.009183673469387756 0.006132756132756133
24 0.639795918367347 0.07233044733044733 0.009183673469387756 0.006132756132756133
41 0.6451530612244898 0.06060606060606061 0.0005102040816326531 0.051226551226551224
26 0.6561224489795918 0.08712121212121213 0.01020408163265306 0.006132756132756133
24 0.6556122448979592 0.07233044733044733 0.009183673469387756 0.006132756132756133
41 0.5487244897959184 0.060064935064935064 0.0005102040816326531 0.050144300144300144
24 0.5438775510204081 0.07828282828282829 0.01020408163265306 0.006493506493506494
26 0.5438775510204081 0.08712121212121213 0.01020408163265306 0.006132756132756133
41 0.5354591836734693 0.05555555555555555 0.0005102040816326531 0.04112554112554113
24 0.5306122448979592 0.07233044733044733 0.01020408163265306 0.006132756132756133
24 0.5306122448979592 0.07828282828282829 0.01020408163265306 0.006493506493506494
121 0.5706632653061224 0.03354978354978355 0.7974489795918367 0.0021645021645021645
121 0.9563775510204081 0.038780663780663784 0.026020408163265306 0.0018037518037518038
121 0.5380102040816327 0.038780663780663784 0.7311224489795919 0.0018037518037518038
121 0.9650510204081633 0.04401154401154401 0.008673469387755102 0.0021645021645021645
121 0.5247448979591837 0.04401154401154401 0.7045918367346938 0.0021645021645021645
121 0.9650510204081633 0.04924242424242424 0.008673469387755102 0.0018037518037518038
24 0.6556122448979592 0.060425685425685424 0.009183673469387756 0.006132756132756133
26 0.560204081632653 0.08712121212121213 0.01020408163265306 0.006132756132756133
24 0.5596938775510204 0.07828282828282829 0.009183673469387756 0.006493506493506494
41 0.5650510204081632 0.060064935064935064 0.0005102040816326531 0.05230880230880231
26 0.5760204081632653 0.08712121212121213 0.01020408163265306 0.006132756132756133
24 0.5755102040816327 0.07828282828282829 0.009183673469387756 0.006493506493506494
24 0.5755102040816327 0.07233044733044733 0.009183673469387756 0.006132756132756133
41 0.5808673469387755 0.060064935064935064 0.0005102040816326531 0.05230880230880231
41 0.7573979591836735 0.059704184704184704 0.0005102040816326531 0.051587301587301584
26 0.7525510204081632 0.07521645021645022 0.01020408163265306 0.006132756132756133
26 0.7525510204081632 0.08712121212121213 0.01020408163265306 0.006132756132756133
26 0.7686224489795919 0.08712121212121213 0.009693877551020408 0.006132756132756133
41 0.7413265306122448 0.05988455988455989 0.0010204081632653062 0.05194805194805195
24 0.736734693877551 0.060425685425685424 0.01020408163265306 0.006132756132756133
26 0.736734693877551 0.08712121212121213 0.01020408163265306 0.006132756132756133
26 0.7681122448979592 0.07521645021645022 0.008673469387755102 0.006132756132756133
24 0.7788265306122449 0.07233044733044733 0.009693877551020408 0.006132756132756133
41 0.7732142857142857 0.060064935064935064 0.0005102040816326531 0.05230880230880231
26 0.7918367346938775 0.08712121212121213 0.01020408163265306 0.006132756132756133
24 0.7913265306122449 0.07233044733044733 0.009183673469387756 0.006132756132756133
24 0.7913265306122449 0.060425685425685424 0.009183673469387756 0.006132756132756133
41 0.7966836734693877 0.060064935064935064 0.0005102040816326531 0.05230880230880231
41 0.6772959183673469 0.059704184704184704 0.0005102040816326531 0.051587301587301584
41 0.6931122448979592 0.05952380952380952 0.0005102040816326531 0.051226551226551224
24 0.688265306122449 0.07828282828282829 0.01020408163265306 0.006493506493506494
26 0.688265306122449 0.08712121212121213 0.01020408163265306 0.006132756132756133
24 0.6724489795918367 0.060425685425685424 0.01020408163265306 0.006132756132756133
26 0.6724489795918367 0.08712121212121213 0.01020408163265306 0.006132756132756133
41 0.6609693877551021 0.060064935064935064 0.0005102040816326531 0.05230880230880231
26 0.8081632653061225 0.08712121212121213 0.01020408163265306 0.006132756132756133
26 0.7045918367346938 0.08712121212121213 0.01020408163265306 0.006132756132756133
24 0.7040816326530612 0.07846320346320346 0.009183673469387756 0.006132756132756133
24 0.7040816326530612 0.07233044733044733 0.009183673469387756 0.006132756132756133
41 0.7094387755102041 0.060064935064935064 0.0005102040816326531 0.05230880230880231
26 0.7204081632653061 0.08712121212121213 0.01020408163265306 0.006132756132756133
24 0.7198979591836735 0.07233044733044733 0.009183673469387756 0.006132756132756133
24 0.7198979591836735 0.060425685425685424 0.009183673469387756 0.006132756132756133
41 0.7252551020408163 0.060064935064935064 0.0005102040816326531 0.05230880230880231
122 0.6321428571428571 0.09054834054834054 0.0020408163265306124 0.0007215007215007215
122 0.7130102040816326 0.06998556998556998 0.0005102040816326531 0.0007215007215007215
122 0.7125 0.09054834054834054 0.002551020408163265 0.0007215007215007215
122 0.6969387755102041 0.07575757575757576 0.0010204081632653062 0.0007215007215007215
122 0.6964285714285714 0.09054834054834054 0.0020408163265306124 0.0007215007215007215
122 0.6803571428571429 0.09433621933621934 0.012755102040816327 0.0018037518037518038
122 0.6676020408163266 0.05375180375180375 0.005612244897959183 0.001443001443001443
122 0.6642857142857143 0.09433621933621934 0.012244897959183673 0.0025252525252525255
122 0.6489795918367347 0.06998556998556998 0.0010204081632653062 0.0007215007215007215
122 0.648469387755102 0.09054834054834054 0.0020408163265306124 0.0007215007215007215
122 0.6326530612244898 0.07557720057720058 0.0010204081632653062 0.00036075036075036075
122 0.6163265306122448 0.09451659451659451 0.012244897959183673 0.0021645021645021645
122 0.6033163265306123 0.05375180375180375 0.005612244897959183 0.001443001443001443
122 0.6002551020408163 0.09451659451659451 0.012755102040816327 0.0021645021645021645
122 0.5846938775510204 0.06998556998556998 0.0010204081632653062 0.0007215007215007215
122 0.5841836734693877 0.09054834054834054 0.0020408163265306124 0.0007215007215007215
122 0.5686224489795918 0.07557720057720058 0.0005102040816326531 0.00036075036075036075
122 0.5681122448979592 0.09054834054834054 0.002551020408163265 0.0007215007215007215
122 0.5553571428571429 0.07034632034632035 0.005612244897959183 0.001443001443001443
122 0.5520408163265306 0.09433621933621934 0.012244897959183673 0.0025252525252525255
122 0.8160714285714286 0.09433621933621934 0.012755102040816327 0.0018037518037518038
122 0.8676020408163265 0.05375180375180375 0.005612244897959183 0.001443001443001443
122 0.8642857142857143 0.09433621933621934 0.012244897959183673 0.0025252525252525255
122 0.8487244897959184 0.06998556998556998 0.0005102040816326531 0.0007215007215007215
122 0.8482142857142857 0.09054834054834054 0.002551020408163265 0.0007215007215007215
122 0.8326530612244898 0.07575757575757576 0.0010204081632653062 0.0007215007215007215
122 0.8321428571428572 0.09054834054834054 0.0020408163265306124 0.0007215007215007215
122 0.8033163265306122 0.05375180375180375 0.005612244897959183 0.001443001443001443
122 0.8 0.09433621933621934 0.012244897959183673 0.0025252525252525255
122 0.7826530612244897 0.06439393939393939 0.004081632653061225 0.0010822510822510823
122 0.7803571428571429 0.0910894660894661 0.008673469387755102 0.0018037518037518038
122 0.7637755102040816 0.06944444444444445 0.006122448979591836 0.0010822510822510823
122 0.7607142857142857 0.09451659451659451 0.012244897959183673 0.0021645021645021645
122 0.7446428571428572 0.09433621933621934 0.012755102040816327 0.0018037518037518038
122 0.7318877551020408 0.05375180375180375 0.005612244897959183 0.001443001443001443
122 0.7285714285714285 0.09433621933621934 0.012244897959183673 0.0025252525252525255
122 0.3464285714285714 0.05375180375180375 0.006122448979591836 0.001443001443001443
122 0.34311224489795916 0.09433621933621934 0.012755102040816327 0.0018037518037518038
122 0.32755102040816325 0.06998556998556998 0.0010204081632653062 0.0007215007215007215
122 0.3270408163265306 0.09054834054834054 0.0020408163265306124 0.0007215007215007215
122 0.31173469387755104 0.07557720057720058 0.0010204081632653062 0.00036075036075036075
122 0.3112244897959184 0.09054834054834054 0.0020408163265306124 0.0007215007215007215
122 0.29489795918367345 0.09451659451659451 0.012244897959183673 0.0021645021645021645
122 0.2670918367346939 0.08026695526695526 0.004591836734693878 0.0010822510822510823
122 0.2510204081632653 0.08531746031746032 0.01020408163265306 0.0018037518037518038
122 0.36275510204081635 0.0910894660894661 0.00816326530612245 0.0018037518037518038
122 0.2413265306122449 0.053932178932178935 0.003061224489795918 0.0010822510822510823
122 0.24107142857142858 0.08333333333333333 0.0035714285714285713 0.0007215007215007215
122 0.22653061224489796 0.07034632034632035 0.006122448979591836 0.001443001443001443
122 0.22321428571428573 0.09433621933621934 0.012755102040816327 0.0018037518037518038
122 0.21045918367346939 0.06439393939393939 0.005612244897959183 0.0010822510822510823
122 0.2076530612244898 0.08134920634920635 0.0010204081632653062 0.00036075036075036075
122 0.20714285714285716 0.09433621933621934 0.012244897959183673 0.0025252525252525255
122 0.19183673469387755 0.07557720057720058 0.0010204081632653062 0.00036075036075036075
122 0.19107142857142856 0.09054834054834054 0.002551020408163265 0.0007215007215007215
122 0.175 0.09433621933621934 0.012244897959183673 0.0025252525252525255
122 0.5346938775510204 0.08315295815295816 0.004081632653061225 0.0010822510822510823
122 0.5272959183673469 0.06457431457431458 0.0035714285714285713 0.0007215007215007215
122 0.5242346938775511 0.08531746031746032 0.009693877551020408 0.0018037518037518038
122 0.510969387755102 0.08531746031746032 0.009693877551020408 0.0018037518037518038
122 0.5010204081632653 0.053932178932178935 0.003061224489795918 0.0010822510822510823
122 0.49770408163265306 0.08531746031746032 0.009693877551020408 0.0018037518037518038
122 0.48775510204081635 0.08315295815295816 0.003061224489795918 0.0010822510822510823
122 0.4729591836734694 0.06421356421356421 0.006122448979591836 0.001443001443001443
122 0.4704081632653061 0.08152958152958154 0.0010204081632653062 0.0007215007215007215
122 0.4698979591836735 0.09433621933621934 0.012244897959183673 0.0025252525252525255
122 0.45433673469387753 0.07557720057720058 0.0005102040816326531 0.00036075036075036075
122 0.45382653061224487 0.09054834054834054 0.002551020408163265 0.0007215007215007215
122 0.4377551020408163 0.09433621933621934 0.012244897959183673 0.0025252525252525255
122 0.425 0.05375180375180375 0.006122448979591836 0.001443001443001443
122 0.42168367346938773 0.09433621933621934 0.012755102040816327 0.0018037518037518038
122 0.40433673469387754 0.06439393939393939 0.004591836734693878 0.0010822510822510823
122 0.4020408163265306 0.0910894660894661 0.009183673469387756 0.0018037518037518038
122 0.38571428571428573 0.06962481962481963 0.006122448979591836 0.001443001443001443
122 0.3821428571428571 0.09451659451659451 0.012244897959183673 0.0021645021645021645
86 0.1655612244897959 0.40584415584415584 0.007653061224489796 0.017316017316017316
86 0.1655612244897959 0.3584054834054834 0.007653061224489796 0.017676767676767676
86 0.1655612244897959 0.31096681096681095 0.007653061224489796 0.017316017316017316
86 0.1655612244897959 0.26046176046176045 0.007653061224489796 0.017316017316017316
86 0.1655612244897959 0.21013708513708515 0.007653061224489796 0.017676767676767676
86 0.1655612244897959 0.15981240981240982 0.007653061224489796 0.017316017316017316
86 0.1655612244897959 0.11237373737373738 0.007653061224489796 0.017676767676767676
26 0.16683673469387755 0.08712121212121213 0.01020408163265306 0.006132756132756133
86 0.1655612244897959 0.45634920634920634 0.007653061224489796 0.017316017316017316
69 0.08954081632653062 0.9408369408369408 0.008673469387755102 0.017316017316017316
69 0.09872448979591837 0.9498556998556998 0.008673469387755102 0.017316017316017316
69 0.10790816326530613 0.937950937950938 0.008673469387755102 0.017316017316017316
86 0.1655612244897959 0.8535353535353535 0.007653061224489796 0.017316017316017316
41 0.17168367346938776 0.060064935064935064 0.0005102040816326531 0.05230880230880231
86 0.1655612244897959 0.9514790764790765 0.007653061224489796 0.017676767676767676
86 0.1655612244897959 0.9011544011544012 0.007653061224489796 0.017316017316017316
86 0.1655612244897959 0.8062770562770563 0.007653061224489796 0.017316017316017316
86 0.1655612244897959 0.7586580086580087 0.007653061224489796 0.017316017316017316
86 0.1655612244897959 0.7083333333333334 0.007653061224489796 0.017676767676767676
86 0.1655612244897959 0.658008658008658 0.007653061224489796 0.017316017316017316
86 0.1655612244897959 0.6075036075036075 0.007653061224489796 0.017316017316017316
86 0.1655612244897959 0.556998556998557 0.007653061224489796 0.017316017316017316
86 0.1655612244897959 0.5066738816738817 0.007653061224489796 0.017676767676767676
41 0.2038265306122449 0.05952380952380952 0.0005102040816326531 0.051226551226551224
24 0.1989795918367347 0.07233044733044733 0.01020408163265306 0.006132756132756133
24 0.1989795918367347 0.07828282828282829 0.01020408163265306 0.006493506493506494
26 0.1989795918367347 0.08712121212121213 0.01020408163265306 0.006132756132756133
41 0.18801020408163266 0.059704184704184704 0.0005102040816326531 0.051587301587301584
24 0.18316326530612245 0.07828282828282829 0.01020408163265306 0.006493506493506494
26 0.18316326530612245 0.08712121212121213 0.01020408163265306 0.006132756132756133
41 0.23596938775510204 0.05952380952380952 0.0005102040816326531 0.051226551226551224
24 0.23112244897959183 0.060425685425685424 0.01020408163265306 0.006132756132756133
41 0.5221938775510204 0.055014430014430016 0.0005102040816326531 0.04220779220779221
26 0.23112244897959183 0.08712121212121213 0.01020408163265306 0.006132756132756133
41 0.2201530612244898 0.059704184704184704 0.0005102040816326531 0.051587301587301584
24 0.2153061224489796 0.07233044733044733 0.01020408163265306 0.006132756132756133
24 0.2153061224489796 0.07828282828282829 0.01020408163265306 0.006493506493506494
26 0.2153061224489796 0.08712121212121213 0.01020408163265306 0.006132756132756133
5 0.06683673469387755 0.9516594516594516 0.022448979591836733 0.044733044733044736
21 0.13801020408163264 0.10786435786435787 0.009693877551020408 0.010101010101010102
16 0.13826530612244897 0.11994949494949494 0.011224489795918367 0.010461760461760462
21 0.13801020408163264 0.5023448773448773 0.009693877551020408 0.010461760461760462
16 0.13826530612244897 0.5142496392496393 0.011224489795918367 0.010461760461760462
21 0.13801020408163264 0.4518398268398268 0.009693877551020408 0.010461760461760462
16 0.13826530612244897 0.46374458874458874 0.011224489795918367 0.010461760461760462
21 0.13801020408163264 0.4013347763347763 0.009693877551020408 0.010461760461760462
16 0.13826530612244897 0.41323953823953824 0.011224489795918367 0.010461760461760462
21 0.13801020408163264 0.3540764790764791 0.009693877551020408 0.010461760461760462
16 0.13826530612244897 0.36598124098124096 0.011224489795918367 0.010461760461760462
21 0.13801020408163264 0.3064574314574315 0.009693877551020408 0.010461760461760462
16 0.13826530612244897 0.31836219336219335 0.011224489795918367 0.010461760461760462
21 0.13801020408163264 0.25613275613275616 0.009693877551020408 0.010101010101010102
16 0.13826530612244897 0.268037518037518 0.011224489795918367 0.010101010101010102
21 0.13801020408163264 0.2058080808080808 0.009693877551020408 0.010461760461760462
16 0.13826530612244897 0.21771284271284272 0.011224489795918367 0.010461760461760462
21 0.13801020408163264 0.1553030303030303 0.009693877551020408 0.010461760461760462
16 0.13826530612244897 0.1672077922077922 0.011224489795918367 0.010461760461760462
21 0.13801020408163264 0.5526695526695526 0.009693877551020408 0.010101010101010102
16 0.13826530612244897 0.5645743145743146 0.011224489795918367 0.010101010101010102
21 0.13801020408163264 0.060425685425685424 0.009693877551020408 0.010461760461760462
16 0.13826530612244897 0.07233044733044733 0.011224489795918367 0.010461760461760462
21 0.13801020408163264 0.946969696969697 0.009693877551020408 0.010101010101010102
16 0.13826530612244897 0.959054834054834 0.011224489795918367 0.010461760461760462
8 0.0663265306122449 0.11183261183261184 0.02346938775510204 0.020202020202020204
69 0.08954081632653062 0.05447330447330447 0.008673469387755102 0.017316017316017316
69 0.09872448979591837 0.0633116883116883 0.008673469387755102 0.017676767676767676
69 0.10790816326530613 0.05140692640692641 0.008673469387755102 0.017676767676767676
5 0.06683673469387755 0.06493506493506493 0.022448979591836733 0.044733044733044736
21 0.13801020408163264 0.8966450216450217 0.009693877551020408 0.010461760461760462
16 0.13826530612244897 0.9085497835497836 0.011224489795918367 0.010461760461760462
21 0.13801020408163264 0.8492063492063492 0.009693877551020408 0.010101010101010102
16 0.13801020408163264 0.8611111111111112 0.01173469387755102 0.010101010101010102
21 0.13801020408163264 0.8017676767676768 0.009693877551020408 0.010461760461760462
16 0.13826530612244897 0.8136724386724387 0.011224489795918367 0.010461760461760462
21 0.13801020408163264 0.7543290043290043 0.009693877551020408 0.010101010101010102
16 0.13826530612244897 0.7662337662337663 0.011224489795918367 0.010101010101010102
21 0.13801020408163264 0.704004329004329 0.009693877551020408 0.010461760461760462
16 0.13826530612244897 0.7159090909090909 0.011224489795918367 0.010461760461760462
21 0.13801020408163264 0.6534992784992785 0.009693877551020408 0.010461760461760462
16 0.13826530612244897 0.6654040404040404 0.011224489795918367 0.010461760461760462
21 0.13801020408163264 0.602994227994228 0.009693877551020408 0.010461760461760462
16 0.13826530612244897 0.61489898989899 0.011224489795918367 0.010461760461760462
69 0.08954081632653062 0.10786435786435787 0.008673469387755102 0.017316017316017316
69 0.09872448979591837 0.1167027417027417 0.008673469387755102 0.017676767676767676
69 0.10790816326530613 0.10479797979797979 0.008673469387755102 0.017676767676767676
69 0.08954081632653062 0.6976911976911977 0.008673469387755102 0.017316017316017316
69 0.09872448979591837 0.7067099567099567 0.008673469387755102 0.017316017316017316
69 0.10790816326530613 0.6948051948051948 0.008673469387755102 0.017316017316017316
5 0.06683673469387755 0.7085137085137085 0.022448979591836733 0.044733044733044736
69 0.08954081632653062 0.6475468975468975 0.008673469387755102 0.017316017316017316
69 0.09872448979591837 0.6563852813852814 0.008673469387755102 0.017676767676767676
69 0.10790816326530613 0.6443001443001443 0.008673469387755102 0.017316017316017316
5 0.06683673469387755 0.658008658008658 0.022448979591836733 0.044733044733044736
69 0.08954081632653062 0.597041847041847 0.008673469387755102 0.017316017316017316
69 0.09872448979591837 0.6060606060606061 0.008673469387755102 0.017316017316017316
69 0.10790816326530613 0.5939754689754689 0.008673469387755102 0.017676767676767676
69 0.11709183673469388 0.602994227994228 0.008673469387755102 0.017676767676767676
5 0.06683673469387755 0.6075036075036075 0.022448979591836733 0.044733044733044736
69 0.08954081632653062 0.5465367965367965 0.008673469387755102 0.017316017316017316
69 0.09872448979591837 0.5555555555555556 0.008673469387755102 0.017316017316017316
69 0.10790816326530613 0.5436507936507936 0.008673469387755102 0.017316017316017316
69 0.11709183673469388 0.5526695526695526 0.008673469387755102 0.017316017316017316
5 0.06683673469387755 0.5573593073593074 0.022448979591836733 0.044733044733044736
69 0.08954081632653062 0.8905122655122655 0.008673469387755102 0.017676767676767676
69 0.09872448979591837 0.8993506493506493 0.008673469387755102 0.017316017316017316
69 0.10790816326530613 0.8874458874458875 0.008673469387755102 0.017316017316017316
69 0.11709183673469388 0.8964646464646465 0.008673469387755102 0.017316017316017316
5 0.06683673469387755 0.9011544011544012 0.022448979591836733 0.044733044733044736
69 0.08954081632653062 0.849025974025974 0.008673469387755102 0.017676767676767676
69 0.09872448979591837 0.8578643578643579 0.008673469387755102 0.017316017316017316
69 0.10790816326530613 0.8459595959595959 0.008673469387755102 0.017316017316017316
8 0.0663265306122449 0.8531746031746031 0.02346938775510204 0.020202020202020204
69 0.08954081632653062 0.8015873015873016 0.008673469387755102 0.017316017316017316
69 0.09872448979591837 0.8106060606060606 0.008673469387755102 0.017316017316017316
69 0.10790816326530613 0.7987012987012987 0.008673469387755102 0.017316017316017316
8 0.0663265306122449 0.8057359307359307 0.02346938775510204 0.01984126984126984
69 0.08954081632653062 0.7481962481962482 0.008673469387755102 0.017316017316017316
69 0.09872448979591837 0.7572150072150072 0.008673469387755102 0.017316017316017316
69 0.10790816326530613 0.7453102453102453 0.008673469387755102 0.017316017316017316
5 0.06683673469387755 0.759018759018759 0.022448979591836733 0.044733044733044736
69 0.08954081632653062 0.19967532467532467 0.008673469387755102 0.017676767676767676
69 0.09872448979591837 0.2085137085137085 0.008673469387755102 0.017316017316017316
69 0.10790816326530613 0.19660894660894662 0.008673469387755102 0.017316017316017316
69 0.08954081632653062 0.3005050505050505 0.008673469387755102 0.017316017316017316
69 0.09872448979591837 0.30952380952380953 0.008673469387755102 0.017316017316017316
69 0.10790816326530613 0.2976190476190476 0.008673469387755102 0.017316017316017316
69 0.11709183673469388 0.3064574314574315 0.008673469387755102 0.017676767676767676
5 0.06683673469387755 0.31096681096681095 0.022448979591836733 0.044733044733044736
69 0.08954081632653062 0.25 0.008673469387755102 0.017316017316017316
69 0.09872448979591837 0.25901875901875904 0.008673469387755102 0.017316017316017316
69 0.10790816326530613 0.24711399711399712 0.008673469387755102 0.017316017316017316
5 0.06683673469387755 0.26082251082251084 0.022448979591836733 0.044733044733044736
5 0.06683673469387755 0.21031746031746032 0.022448979591836733 0.044733044733044736
69 0.08954081632653062 0.14935064935064934 0.008673469387755102 0.017316017316017316
69 0.09872448979591837 0.15818903318903318 0.008673469387755102 0.017676767676767676
69 0.10790816326530613 0.1461038961038961 0.008673469387755102 0.017316017316017316
5 0.06683673469387755 0.15981240981240982 0.022448979591836733 0.044733044733044736
24 0.23112244897959183 0.07828282828282829 0.01020408163265306 0.006493506493506494
8 0.0663265306122449 0.3578643578643579 0.02346938775510204 0.020202020202020204
69 0.08954081632653062 0.3538961038961039 0.008673469387755102 0.017316017316017316
69 0.09872448979591837 0.3629148629148629 0.008673469387755102 0.017316017316017316
69 0.10790816326530613 0.351010101010101 0.008673469387755102 0.017316017316017316
5 0.06683673469387755 0.40584415584415584 0.022448979591836733 0.044733044733044736
69 0.08954081632653062 0.3953823953823954 0.008673469387755102 0.017316017316017316
69 0.09872448979591837 0.40440115440115443 0.008673469387755102 0.017316017316017316
69 0.10790816326530613 0.39231601731601734 0.008673469387755102 0.017676767676767676
5 0.06683673469387755 0.45634920634920634 0.022448979591836733 0.044733044733044736
69 0.08954081632653062 0.4457070707070707 0.008673469387755102 0.017676767676767676
69 0.09872448979591837 0.45454545454545453 0.008673469387755102 0.017316017316017316
69 0.10790816326530613 0.44264069264069267 0.008673469387755102 0.017316017316017316
5 0.06683673469387755 0.5068542568542569 0.022448979591836733 0.044733044733044736
69 0.08954081632653062 0.49603174603174605 0.008673469387755102 0.017316017316017316
69 0.09872448979591837 0.5050505050505051 0.008673469387755102 0.017316017316017316
69 0.10790816326530613 0.49314574314574317 0.008673469387755102 0.017316017316017316
26 0.3510204081632653 0.08712121212121213 0.01020408163265306 0.006132756132756133
24 0.3183673469387755 0.07846320346320346 0.009183673469387756 0.006132756132756133
24 0.3183673469387755 0.07233044733044733 0.009183673469387756 0.006132756132756133
41 0.3237244897959184 0.05952380952380952 0.0005102040816326531 0.051226551226551224
26 0.3352040816326531 0.08712121212121213 0.01020408163265306 0.006132756132756133
24 0.3346938775510204 0.07233044733044733 0.009183673469387756 0.006132756132756133
24 0.3346938775510204 0.060425685425685424 0.009183673469387756 0.006132756132756133
41 0.34005102040816326 0.060064935064935064 0.0005102040816326531 0.05230880230880231
26 0.31887755102040816 0.08712121212121213 0.01020408163265306 0.006132756132756133
24 0.35051020408163264 0.060425685425685424 0.009183673469387756 0.006132756132756133
41 0.35586734693877553 0.060064935064935064 0.0005102040816326531 0.05230880230880231
26 0.37423469387755104 0.08712121212121213 0.009693877551020408 0.006132756132756133
26 0.3737244897959184 0.07521645021645022 0.008673469387755102 0.006132756132756133
41 0.3788265306122449 0.060064935064935064 0.0005102040816326531 0.05230880230880231
61 0.36301020408163265 0.07521645021645022 0.005612244897959183 0.017676767676767676
26 0.3903061224489796 0.08712121212121213 0.01020408163265306 0.006132756132756133
26 0.30306122448979594 0.08712121212121213 0.01020408163265306 0.006132756132756133
24 0.3025510204081633 0.07828282828282829 0.009183673469387756 0.006493506493506494
41 0.3079081632653061 0.060064935064935064 0.0005102040816326531 0.05230880230880231
24 0.49056122448979594 0.060425685425685424 0.008673469387755102 0.006132756132756133
24 0.46122448979591835 0.07233044733044733 0.009183673469387756 0.006132756132756133
41 0.46658163265306124 0.05952380952380952 0.0005102040816326531 0.051226551226551224
26 0.4778061224489796 0.08712121212121213 0.009693877551020408 0.006132756132756133
24 0.4772959183673469 0.07846320346320346 0.008673469387755102 0.006132756132756133
24 0.4772959183673469 0.07233044733044733 0.008673469387755102 0.006132756132756133
41 0.4826530612244898 0.060064935064935064 0.0010204081632653062 0.05230880230880231
24 0.49107142857142855 0.07828282828282829 0.009693877551020408 0.006493506493506494
24 0.461734693877551 0.07828282828282829 0.01020408163265306 0.006493506493506494
41 0.4956632653061224 0.05555555555555555 0.0005102040816326531 0.04329004329004329
24 0.5040816326530613 0.07828282828282829 0.01020408163265306 0.006493506493506494
24 0.5035714285714286 0.060425685425685424 0.009183673469387756 0.006132756132756133
41 0.5089285714285714 0.05555555555555555 0.0005102040816326531 0.04329004329004329
24 0.5173469387755102 0.07846320346320346 0.01020408163265306 0.006132756132756133
24 0.5173469387755102 0.07233044733044733 0.01020408163265306 0.006132756132756133
26 0.42959183673469387 0.08712121212121213 0.01020408163265306 0.006132756132756133
26 0.38979591836734695 0.07521645021645022 0.009183673469387756 0.006132756132756133
24 0.400765306122449 0.07233044733044733 0.009693877551020408 0.006132756132756133
41 0.3951530612244898 0.060064935064935064 0.0005102040816326531 0.05230880230880231
26 0.41377551020408165 0.08712121212121213 0.01020408163265306 0.006132756132756133
24 0.413265306122449 0.07233044733044733 0.009183673469387756 0.006132756132756133
24 0.413265306122449 0.060425685425685424 0.009183673469387756 0.006132756132756133
41 0.41862244897959183 0.060064935064935064 0.0005102040816326531 0.05230880230880231
24 0.4290816326530612 0.060425685425685424 0.009183673469387756 0.006132756132756133
41 0.4344387755102041 0.060064935064935064 0.0005102040816326531 0.05230880230880231
26 0.4459183673469388 0.08712121212121213 0.01020408163265306 0.006132756132756133
24 0.44540816326530613 0.07828282828282829 0.009183673469387756 0.006493506493506494
41 0.45076530612244897 0.060064935064935064 0.0005102040816326531 0.05230880230880231
26 0.461734693877551 0.08712121212121213 0.01020408163265306 0.006132756132756133
41 0.29158163265306125 0.05952380952380952 0.0005102040816326531 0.051226551226551224
83 0.2839285714285714 0.356962481962482 0.0035714285714285713 0.005411255411255411
83 0.2839285714285714 0.40440115440115443 0.0035714285714285713 0.005772005772005772
83 0.2839285714285714 0.4547258297258297 0.0035714285714285713 0.005411255411255411
83 0.2839285714285714 0.5052308802308803 0.0035714285714285713 0.005411255411255411
83 0.2839285714285714 0.5555555555555556 0.0035714285714285713 0.005772005772005772
83 0.2839285714285714 0.6060606060606061 0.0035714285714285713 0.005772005772005772
83 0.2839285714285714 0.6563852813852814 0.0035714285714285713 0.005411255411255411
83 0.2839285714285714 0.7068903318903319 0.0035714285714285713 0.005411255411255411
83 0.2839285714285714 0.7572150072150072 0.0035714285714285713 0.005772005772005772
83 0.2839285714285714 0.8046536796536796 0.0035714285714285713 0.005411255411255411
83 0.2839285714285714 0.8520923520923521 0.0035714285714285713 0.005772005772005772
83 0.2839285714285714 0.8995310245310245 0.0035714285714285713 0.005411255411255411
83 0.2839285714285714 0.9498556998556998 0.0035714285714285713 0.005772005772005772
83 0.2839285714285714 0.30952380952380953 0.0035714285714285713 0.005772005772005772
24 0.2443877551020408 0.07828282828282829 0.01020408163265306 0.006493506493506494
24 0.24387755102040817 0.060425685425685424 0.009183673469387756 0.006132756132756133
41 0.249234693877551 0.05555555555555555 0.0005102040816326531 0.04329004329004329
24 0.2576530612244898 0.07828282828282829 0.01020408163265306 0.006493506493506494
24 0.2571428571428571 0.07233044733044733 0.009183673469387756 0.006132756132756133
41 0.2625 0.05555555555555555 0.0005102040816326531 0.04329004329004329
26 0.27091836734693875 0.08712121212121213 0.01020408163265306 0.006132756132756133
24 0.27040816326530615 0.07233044733044733 0.009183673469387756 0.006132756132756133
41 0.275765306122449 0.060064935064935064 0.0005102040816326531 0.05230880230880231
26 0.2869897959183674 0.08712121212121213 0.009693877551020408 0.006132756132756133
83 0.2839285714285714 0.11075036075036075 0.0035714285714285713 0.005772005772005772
83 0.2839285714285714 0.15818903318903318 0.0035714285714285713 0.005411255411255411
83 0.2839285714285714 0.20869408369408368 0.0035714285714285713 0.005411255411255411
83 0.2839285714285714 0.25901875901875904 0.0035714285714285713 0.005772005772005772