134 0.49985034420832086 0.04201058201058201 0.90451960490871 0.01417989417989418
134 0.49985034420832086 0.4103703703703704 0.90451960490871 0.014391534391534391
134 0.49985034420832086 0.7811640211640212 0.90451960490871 0.014391534391534391
134 0.49985034420832086 0.3694179894179894 0.90451960490871 0.01417989417989418
134 0.49985034420832086 0.5740740740740741 0.90451960490871 0.01417989417989418
134 0.49985034420832086 0.32846560846560846 0.90451960490871 0.014391534391534391
134 0.49985034420832086 0.2876190476190476 0.90451960490871 0.014391534391534391
134 0.49985034420832086 0.8629629629629629 0.90451960490871 0.01417989417989418
134 0.49985034420832086 0.24666666666666667 0.90451960490871 0.01417989417989418
134 0.49985034420832086 0.6517460317460317 0.90451960490871 0.01417989417989418
134 0.49985034420832086 0.5331216931216931 0.90451960490871 0.014391534391534391
1 0.925172104160431 0.6411640211640212 0.009577970667464832 0.0006349206349206349
1 0.911104459742592 0.6377777777777778 0.009577970667464832 0.0006349206349206349
1 0.911104459742592 0.6411640211640212 0.009577970667464832 0.0006349206349206349
1 0.8946423226578869 0.6411640211640212 0.009577970667464832 0.0006349206349206349
1 0.8337324154444777 0.6411640211640212 0.009877282250823106 0.0006349206349206349
1 0.8198144268183178 0.6377777777777778 0.009577970667464832 0.0006349206349206349
1 0.8198144268183178 0.6411640211640212 0.009577970667464832 0.0006349206349206349
1 0.8033522897336127 0.6411640211640212 0.009577970667464832 0.0006349206349206349
1 0.73436096976953 0.6411640211640212 0.009877282250823106 0.0006349206349206349
1 0.7204429811433702 0.6377777777777778 0.009577970667464832 0.0006349206349206349
1 0.7204429811433702 0.6411640211640212 0.009577970667464832 0.0006349206349206349
1 0.7039808440586651 0.6411640211640212 0.009577970667464832 0.0006349206349206349
1 0.6429212810535768 0.6411640211640212 0.009577970667464832 0.0006349206349206349
1 0.6290032924274169 0.6377777777777778 0.009877282250823106 0.0006349206349206349
1 0.6290032924274169 0.6411640211640212 0.009877282250823106 0.0006349206349206349
1 0.6125411553427118 0.6411640211640212 0.009877282250823106 0.0006349206349206349
1 0.5064351990422029 0.6411640211640212 0.009577970667464832 0.0006349206349206349
1 0.37533672553127806 0.6411640211640212 0.009577970667464832 0.0006349206349206349
1 0.267883867105657 0.6411640211640212 0.009577970667464832 0.0006349206349206349
1 0.25276863214606404 0.6411640211640212 0.009877282250823106 0.0006349206349206349
1 0.23750374139479197 0.6411640211640212 0.009877282250823106 0.0006349206349206349
1 0.17659383418138283 0.6411640211640212 0.009577970667464832 0.0006349206349206349
1 0.16132894343011075 0.6411640211640212 0.009577970667464832 0.0006349206349206349
1 0.14621370847051782 0.6411640211640212 0.009877282250823106 0.0006349206349206349
134 0.49985034420832086 0.49216931216931215 0.90451960490871 0.01417989417989418
134 0.49985034420832086 0.615026455026455 0.90451960490871 0.014391534391534391
134 0.49985034420832086 0.822010582010582 0.90451960490871 0.014391534391534391
1 0.6710565698892547 0.7084656084656085 0.009577970667464832 0.0006349206349206349
1 0.5797665369649806 0.7084656084656085 0.009577970667464832 0.0006349206349206349
1 0.4408859622867405 0.7084656084656085 0.009577970667464832 0.0006349206349206349
1 0.3100868003591739 0.7084656084656085 0.008979347500748278 0.0006349206349206349
134 0.49985034420832086 0.6978835978835979 0.90451960490871 0.01417989417989418
134 0.49985034420832086 0.45132275132275135 0.90451960490871 0.01417989417989418
134 0.49985034420832086 0.734920634920635 0.90451960490871 0.01417989417989418
134 0.49985034420832086 0.9039153439153439 0.90451960490871 0.014391534391534391
134 0.49985034420832086 0.2057142857142857 0.90451960490871 0.014391534391534391
134 0.49985034420832086 0.9447619047619048 0.90451960490871 0.014391534391534391
134 0.49985034420832086 0.12391534391534391 0.90451960490871 0.01417989417989418
134 0.49985034420832086 0.16486772486772486 0.90451960490871 0.014391534391534391
134 0.49985034420832086 0.08296296296296296 0.90451960490871 0.014391534391534391
41 0.6902125112241844 0.6926984126984127 0.000598623166716552 0.014814814814814815
41 0.7455851541454654 0.653015873015873 0.000598623166716552 0.009947089947089947
24 0.7482789583956899 0.7014814814814815 0.00598623166716552 0.0035978835978835977
26 0.7482789583956899 0.6464550264550265 0.00598623166716552 0.0035978835978835977
26 0.7702783597725232 0.6500529100529101 0.0062855432505237955 0.0035978835978835977
41 0.6845255911403771 0.6542857142857142 0.000598623166716552 0.01291005291005291
30 0.7705776713558815 0.9021164021164021 0.0062855432505237955 0.004021164021164021
24 0.7702783597725232 0.7048677248677249 0.0062855432505237955 0.0035978835978835977
41 0.7512720742292727 0.6926984126984127 0.000598623166716552 0.016084656084656083
93 0.7687818018557319 0.3416931216931217 0.0050882969170906915 0.006984126984126984
93 0.7723735408560312 0.3416931216931217 0.0050882969170906915 0.006984126984126984
28 0.7705776713558815 0.3250793650793651 0.0062855432505237955 0.0038095238095238095
41 0.7066746483088896 0.6901587301587302 0.000598623166716552 0.009735449735449736
41 0.7231367853935947 0.6883597883597884 0.000598623166716552 0.006137566137566138
24 0.73436096976953 0.6411640211640212 0.0062855432505237955 0.0035978835978835977
41 0.7174498653097875 0.648994708994709 0.000598623166716552 0.019682539682539683
26 0.7202933253516911 0.6925925925925925 0.0062855432505237955 0.0035978835978835977
24 0.7202933253516911 0.6377777777777778 0.0062855432505237955 0.0035978835978835977
41 0.7009877282250823 0.6512169312169312 0.000598623166716552 0.017354497354497355
24 0.703831188266986 0.6411640211640212 0.0062855432505237955 0.0035978835978835977
41 0.7372044298114337 0.6902645502645502 0.000598623166716552 0.009947089947089947
26 0.703831188266986 0.6961904761904761 0.0062855432505237955 0.0035978835978835977
41 0.7315175097276264 0.6500529100529101 0.000598623166716552 0.016296296296296295
93 0.5796168811733015 0.7205291005291006 0.0050882969170906915 0.006984126984126984
26 0.73436096976953 0.6961904761904761 0.0062855432505237955 0.0035978835978835977
41 0.5594133492966178 0.9097354497354497 0.000598623166716552 0.019682539682539683
26 0.5622568093385214 0.8986243386243387 0.0062855432505237955 0.0033862433862433864
94 0.5601616282550135 0.9248677248677248 0.004489673750374139 0.004656084656084656
95 0.5655492367554624 0.9243386243386243 0.0050882969170906915 0.0091005291005291
41 0.553127806046094 0.6932275132275132 0.000598623166716552 0.015026455026455027
121 0.14905716851242143 0.6572486772486772 0.07602514217300209 0.004867724867724868
121 0.14905716851242143 0.6602116402116402 0.0772223885064352 0.004867724867724868
41 0.5474408859622868 0.913968253968254 0.000598623166716552 0.009947089947089947
30 0.5797665369649806 0.9056084656084656 0.006584854833882071 0.0038095238095238095
26 0.6709069140975755 0.6534391534391535 0.0062855432505237955 0.0035978835978835977
93 0.5779706674648308 0.9169312169312169 0.004788985333732416 0.006984126984126984
93 0.5817120622568094 0.9169312169312169 0.0050882969170906915 0.006984126984126984
41 0.7674348997306196 0.3314285714285714 0.000598623166716552 0.011428571428571429
26 0.5796168811733015 0.6534391534391535 0.0062855432505237955 0.0035978835978835977
94 0.5775217000897934 0.67005291005291 0.004489673750374139 0.004656084656084656
95 0.5829093085902425 0.6693121693121693 0.0050882969170906915 0.0091005291005291
40 0.7789583956899132 0.3232804232804233 0.0026938042502244837 0.0014814814814814814
24 0.5796168811733015 0.7084656084656085 0.0062855432505237955 0.0035978835978835977
41 0.5827596527985633 0.8992592592592593 0.000598623166716552 0.011428571428571429
40 0.5881472612990123 0.9056084656084656 0.00299311583358276 0.0016931216931216932
41 0.5767734211313977 0.6580952380952381 0.000598623166716552 0.00783068783068783
41 0.5824603412152051 0.6961904761904761 0.000598623166716552 0.02306878306878307
41 0.6541454654295121 0.6526984126984127 0.0008979347500748278 0.010582010582010581
24 0.6568392696797366 0.7014814814814815 0.0062855432505237955 0.0035978835978835977
26 0.6568392696797366 0.6464550264550265 0.0062855432505237955 0.0035978835978835977
41 0.6459143968871596 0.6903703703703704 0.000598623166716552 0.010158730158730159
41 0.6402274768033522 0.6504761904761904 0.000598623166716552 0.01544973544973545
26 0.6429212810535768 0.6961904761904761 0.00598623166716552 0.0035978835978835977
24 0.6429212810535768 0.6411640211640212 0.00598623166716552 0.0035978835978835977
26 0.6873690511822808 0.6464550264550265 0.0062855432505237955 0.0035978835978835977
41 0.6737503741394792 0.6958730158730159 0.000598623166716552 0.022433862433862434
41 0.6680634540556719 0.6580952380952381 0.000598623166716552 0.00783068783068783
24 0.6709069140975755 0.7084656084656085 0.0062855432505237955 0.0035978835978835977
41 0.6599820413049985 0.6926984126984127 0.000598623166716552 0.016084656084656083
41 0.6096976953008082 0.6512169312169312 0.000598623166716552 0.017354497354497355
26 0.6125411553427118 0.6961904761904761 0.0062855432505237955 0.0035978835978835977
24 0.6125411553427118 0.6411640211640212 0.0062855432505237955 0.0035978835978835977
41 0.5989224782999102 0.6928042328042328 0.000598623166716552 0.015026455026455027
41 0.593235558216103 0.6542857142857142 0.000598623166716552 0.01291005291005291
24 0.5960790182580066 0.7014814814814815 0.0062855432505237955 0.0035978835978835977
26 0.5960790182580066 0.6464550264550265 0.0062855432505237955 0.0035978835978835977
24 0.6290032924274169 0.6377777777777778 0.0062855432505237955 0.0035978835978835977
41 0.6318467524693205 0.6884656084656084 0.000598623166716552 0.006349206349206349
41 0.6261598323855133 0.6486772486772486 0.000598623166716552 0.020317460317460317
26 0.6290032924274169 0.6925925925925925 0.0062855432505237955 0.0035978835978835977
24 0.6873690511822808 0.7014814814814815 0.0062855432505237955 0.0035978835978835977
41 0.6153846153846154 0.6903703703703704 0.000598623166716552 0.010158730158730159
121 0.8976354384914697 0.6537566137566138 0.07602514217300209 0.0038095238095238095
121 0.8976354384914697 0.6567195767195767 0.0772223885064352 0.0038095238095238095
84 0.6640227476803352 0.8606349206349206 0.009278659084106555 0.002328042328042328
84 0.6640227476803352 0.9425396825396826 0.009278659084106555 0.002328042328042328
121 0.7068243041005687 0.6573544973544974 0.07752170008979348 0.005079365079365079
121 0.7068243041005687 0.6601058201058201 0.07752170008979348 0.005079365079365079
121 0.712511224184376 0.6845502645502646 0.07752170008979348 0.0010582010582010583
121 0.712511224184376 0.6874074074074074 0.07752170008979348 0.0008465608465608466
121 0.8061957497755163 0.6537566137566138 0.07632445375636038 0.0038095238095238095
121 0.8061957497755163 0.6567195767195767 0.07752170008979348 0.0038095238095238095
121 0.8120323256510027 0.6845502645502646 0.0772223885064352 0.0010582010582010583
121 0.8120323256510027 0.6874074074074074 0.07602514217300209 0.0008465608465608466
121 0.9033223585752769 0.6845502645502646 0.0772223885064352 0.0010582010582010583
121 0.9033223585752769 0.6874074074074074 0.07602514217300209 0.0008465608465608466
121 0.3614187369051182 0.6585185185185185 0.10805148159233763 0.006137566137566138
121 0.3614187369051182 0.6613756613756614 0.10924872792577073 0.006349206349206349
84 0.4308590242442383 0.448994708994709 0.009278659084106555 0.002328042328042328
84 0.4308590242442383 0.48994708994708996 0.009278659084106555 0.0021164021164021165
84 0.4308590242442383 0.5308994708994709 0.009278659084106555 0.002328042328042328
84 0.4308590242442383 0.5717460317460318 0.009278659084106555 0.002328042328042328
84 0.4308590242442383 0.6128042328042328 0.009278659084106555 0.002328042328042328
84 0.4308590242442383 0.40814814814814815 0.009278659084106555 0.002328042328042328
121 0.36710565698892544 0.6845502645502646 0.10924872792577073 0.0010582010582010583
121 0.36710565698892544 0.6874074074074074 0.10805148159233763 0.0008465608465608466
84 0.4308590242442383 0.7326984126984127 0.009278659084106555 0.0021164021164021165
84 0.4308590242442383 0.7788359788359789 0.009278659084106555 0.0021164021164021165
84 0.4308590242442383 0.8197883597883597 0.009278659084106555 0.002328042328042328
84 0.4308590242442383 0.8606349206349206 0.009278659084106555 0.002328042328042328
121 0.3675546243639629 0.9137566137566138 0.12032325651002694 0.0010582010582010583
121 0.3675546243639629 0.9167195767195767 0.12032325651002694 0.0010582010582010583
121 0.3675546243639629 0.9196825396825397 0.12152050284346004 0.0010582010582010583
121 0.15474408859622868 0.6856084656084656 0.0772223885064352 0.0010582010582010583
121 0.15474408859622868 0.6885714285714286 0.07602514217300209 0.0010582010582010583
121 0.2403472014366956 0.6572486772486772 0.07602514217300209 0.004867724867724868
121 0.2403472014366956 0.6602116402116402 0.0772223885064352 0.004867724867724868
121 0.24603412152050283 0.6856084656084656 0.0772223885064352 0.0010582010582010583
121 0.24603412152050283 0.6885714285714286 0.07602514217300209 0.0010582010582010583
84 0.4308590242442383 0.03978835978835979 0.009278659084106555 0.0021164021164021165
84 0.4308590242442383 0.08074074074074074 0.009278659084106555 0.002328042328042328
84 0.4308590242442383 0.12158730158730159 0.009278659084106555 0.002328042328042328
84 0.4308590242442383 0.16253968253968254 0.009278659084106555 0.0021164021164021165
84 0.4308590242442383 0.9425396825396826 0.009278659084106555 0.002328042328042328
84 0.4308590242442383 0.2034920634920635 0.009278659084106555 0.002328042328042328
84 0.4308590242442383 0.24433862433862433 0.009278659084106555 0.002328042328042328
84 0.4308590242442383 0.28539682539682537 0.009278659084106555 0.002328042328042328
84 0.4308590242442383 0.3262433862433862 0.009278659084106555 0.002328042328042328
84 0.4308590242442383 0.3671957671957672 0.009278659084106555 0.0021164021164021165
84 0.6640227476803352 0.5717460317460318 0.009278659084106555 0.002328042328042328
84 0.6640227476803352 0.3671957671957672 0.009278659084106555 0.0021164021164021165
84 0.6640227476803352 0.40814814814814815 0.009278659084106555 0.002328042328042328
84 0.6640227476803352 0.448994708994709 0.009278659084106555 0.002328042328042328
84 0.6640227476803352 0.48994708994708996 0.009278659084106555 0.0021164021164021165
84 0.6640227476803352 0.5308994708994709 0.009278659084106555 0.002328042328042328
84 0.6640227476803352 0.3262433862433862 0.009278659084106555 0.002328042328042328
84 0.6640227476803352 0.6128042328042328 0.009278659084106555 0.002328042328042328
121 0.6153846153846154 0.6573544973544974 0.0772223885064352 0.005079365079365079
121 0.6153846153846154 0.6601058201058201 0.0772223885064352 0.005079365079365079
121 0.6212211912601018 0.6845502645502646 0.07752170008979348 0.0010582010582010583
121 0.6212211912601018 0.6874074074074074 0.07752170008979348 0.0008465608465608466
84 0.6640227476803352 0.7326984126984127 0.009278659084106555 0.0021164021164021165
84 0.6640227476803352 0.7788359788359789 0.009278659084106555 0.0021164021164021165
84 0.6640227476803352 0.8197883597883597 0.009278659084106555 0.002328042328042328
124 0.4353486979946124 0.9250793650793651 0.23376234660281353 0.005079365079365079
121 0.49266686620772226 0.6585185185185185 0.1083507931756959 0.006137566137566138
121 0.49266686620772226 0.6613756613756614 0.109548039509129 0.006349206349206349
121 0.4985034420832086 0.6856084656084656 0.10924872792577073 0.0010582010582010583
121 0.4988027536665669 0.6885714285714286 0.10865010475905418 0.0010582010582010583
121 0.49895240945824604 0.9137566137566138 0.12092187967674349 0.0010582010582010583
121 0.49895240945824604 0.9167195767195767 0.12092187967674349 0.0010582010582010583
121 0.49865309787488776 0.9196825396825397 0.12152050284346004 0.0010582010582010583
84 0.6640227476803352 0.03978835978835979 0.009278659084106555 0.0021164021164021165
84 0.6640227476803352 0.08074074074074074 0.009278659084106555 0.002328042328042328
84 0.6640227476803352 0.12158730158730159 0.009278659084106555 0.002328042328042328
84 0.6640227476803352 0.16253968253968254 0.009278659084106555 0.0021164021164021165
84 0.6640227476803352 0.2034920634920635 0.009278659084106555 0.002328042328042328
84 0.6640227476803352 0.24433862433862433 0.009278659084106555 0.002328042328042328
84 0.6640227476803352 0.28539682539682537 0.009278659084106555 0.002328042328042328
41 0.8061957497755163 0.69005291005291 0.0008979347500748278 0.010793650793650795
41 0.80035917390003 0.6496296296296297 0.000598623166716552 0.01417989417989418
26 0.8032026339419336 0.6961904761904761 0.0062855432505237955 0.0035978835978835977
24 0.8032026339419336 0.6411640211640212 0.0062855432505237955 0.0035978835978835977
41 0.7897336126908111 0.6926984126984127 0.0008979347500748278 0.016084656084656083
41 0.7838970368153247 0.6524867724867724 0.000598623166716552 0.009735449735449736
24 0.7867404968572284 0.7014814814814815 0.0062855432505237955 0.0035978835978835977
26 0.7867404968572284 0.6464550264550265 0.0062855432505237955 0.0035978835978835977
41 0.8225082310685423 0.688042328042328 0.000598623166716552 0.006772486772486773
41 0.8308889554025741 0.6491005291005291 0.000598623166716552 0.013121693121693121
26 0.8337324154444777 0.6961904761904761 0.0062855432505237955 0.0035978835978835977
24 0.8337324154444777 0.6411640211640212 0.0062855432505237955 0.0035978835978835977
41 0.8168213109847351 0.6475132275132275 0.000598623166716552 0.017142857142857144
26 0.8196647710266387 0.6925925925925925 0.0062855432505237955 0.0035978835978835977
24 0.8196647710266387 0.6377777777777778 0.0062855432505237955 0.0035978835978835977
41 0.773271475606106 0.6943915343915343 0.0008979347500748278 0.019470899470899472
41 0.7674348997306196 0.6543915343915344 0.000598623166716552 0.0071957671957671955
41 0.7674348997306196 0.9085714285714286 0.000598623166716552 0.011428571428571429
40 0.7789583956899132 0.9022222222222223 0.0026938042502244837 0.0016931216931216932
26 0.9109548039509129 0.6925925925925925 0.0062855432505237955 0.0035978835978835977
24 0.9250224483687519 0.6411640211640212 0.0062855432505237955 0.0035978835978835977
41 0.9139479197844956 0.6882539682539682 0.0008979347500748278 0.0071957671957671955
41 0.9082609997006884 0.6474074074074074 0.0008979347500748278 0.017354497354497355
26 0.9250224483687519 0.6961904761904761 0.0062855432505237955 0.0035978835978835977
24 0.9109548039509129 0.6377777777777778 0.0062855432505237955 0.0035978835978835977
41 0.8976354384914697 0.69005291005291 0.000598623166716552 0.010793650793650795
26 0.9390900927865908 0.6464550264550265 0.0062855432505237955 0.0035978835978835977
41 0.9419335528284944 0.6925925925925925 0.000598623166716552 0.015873015873015872
41 0.9362466327446872 0.6512169312169312 0.000598623166716552 0.008042328042328042
24 0.9390900927865908 0.7014814814814815 0.0062855432505237955 0.0035978835978835977
41 0.8917988626159833 0.6493121693121693 0.0008979347500748278 0.014814814814814815
41 0.9278659084106555 0.69005291005291 0.000598623166716552 0.010793650793650795
41 0.9221789883268483 0.6487830687830688 0.000598623166716552 0.013756613756613757
41 0.8588745884465728 0.6544973544973545 0.0008979347500748278 0.006984126984126984
24 0.8617180484884766 0.7048677248677249 0.00598623166716552 0.0035978835978835977
26 0.8615683926967974 0.6500529100529101 0.0062855432505237955 0.0035978835978835977
41 0.8506435199042203 0.6926984126984127 0.000598623166716552 0.016084656084656083
41 0.844956599820413 0.6516402116402117 0.000598623166716552 0.0071957671957671955
24 0.8476504040706375 0.7014814814814815 0.00598623166716552 0.0035978835978835977
26 0.8476504040706375 0.6464550264550265 0.00598623166716552 0.0035978835978835977
41 0.8365758754863813 0.69005291005291 0.000598623166716552 0.010793650793650795
26 0.8944926668662078 0.6961904761904761 0.0062855432505237955 0.0035978835978835977
24 0.8944926668662078 0.6411640211640212 0.0062855432505237955 0.0035978835978835977
41 0.8811733014067644 0.6926984126984127 0.000598623166716552 0.016084656084656083
41 0.8753367255312781 0.6523809523809524 0.0008979347500748278 0.009947089947089947
24 0.8780305297815025 0.7014814814814815 0.0062855432505237955 0.0035978835978835977
26 0.8780305297815025 0.6464550264550265 0.0062855432505237955 0.0035978835978835977
41 0.8647111643220593 0.6943915343915343 0.000598623166716552 0.019470899470899472
41 0.1643220592636935 0.6897354497354498 0.000598623166716552 0.008042328042328042
41 0.17390002993115833 0.6507936507936508 0.000598623166716552 0.016084656084656083
26 0.17659383418138283 0.6961904761904761 0.00598623166716552 0.0035978835978835977
24 0.17659383418138283 0.6411640211640212 0.00598623166716552 0.0035978835978835977
41 0.17958695001496558 0.6905820105820106 0.000598623166716552 0.009735449735449736
41 0.15863513917988625 0.6503703703703704 0.000598623166716552 0.018624338624338623
24 0.16132894343011075 0.6943915343915343 0.00598623166716552 0.0033862433862433864
26 0.16132894343011075 0.6394708994708995 0.00598623166716552 0.0035978835978835977
41 0.201736007183478 0.6575661375661376 0.000598623166716552 0.008888888888888889
26 0.20457946722538162 0.7066666666666667 0.0062855432505237955 0.0033862433862433864
24 0.20457946722538162 0.6517460317460317 0.0062855432505237955 0.0035978835978835977
41 0.19335528284944628 0.6929100529100529 0.000598623166716552 0.014391534391534391
41 0.14905716851242143 0.6904761904761905 0.000598623166716552 0.009523809523809525
41 0.18766836276563903 0.6528042328042328 0.000598623166716552 0.01037037037037037
24 0.19051182280754264 0.7014814814814815 0.0062855432505237955 0.0035978835978835977
26 0.19051182280754264 0.6464550264550265 0.0062855432505237955 0.0035978835978835977
41 0.11613289434301108 0.6956613756613756 0.000598623166716552 0.019894179894179895
41 0.11044597425920383 0.6575661375661376 0.000598623166716552 0.008888888888888889
26 0.11328943430110745 0.7066666666666667 0.0062855432505237955 0.0033862433862433864
24 0.11328943430110745 0.6517460317460317 0.0062855432505237955 0.0035978835978835977
69 0.07482789583956899 0.9408465608465608 0.005387608500448967 0.01417989417989418
69 0.08051481592337624 0.9461375661375662 0.005387608500448967 0.01417989417989418
69 0.08605208021550434 0.9391534391534392 0.0050882969170906915 0.01417989417989418
69 0.09173900029931158 0.9443386243386244 0.0050882969170906915 0.014391534391534391
10 0.0591140377132595 0.9548148148148148 0.0032924274169410356 0.0031746031746031746
8 0.06090990721340916 0.9450793650793651 0.01765938341813828 0.015873015873015872
69 0.07482789583956899 0.8998941798941799 0.005387608500448967 0.014391534391534391
69 0.08051481592337624 0.9051851851851852 0.005387608500448967 0.014391534391534391
69 0.08605208021550434 0.8982010582010582 0.0050882969170906915 0.014391534391534391
69 0.09173900029931158 0.9033862433862434 0.0050882969170906915 0.01417989417989418
8 0.06090990721340916 0.9042328042328043 0.01765938341813828 0.015873015873015872
41 0.13259503142771625 0.693015873015873 0.000598623166716552 0.014603174603174604
41 0.14337024842861418 0.6515343915343915 0.000598623166716552 0.017566137566137566
26 0.14621370847051782 0.6961904761904761 0.0062855432505237955 0.0035978835978835977
24 0.14621370847051782 0.6411640211640212 0.0062855432505237955 0.0035978835978835977
41 0.126908111343909 0.6544973544973545 0.000598623166716552 0.013333333333333334
24 0.12975157138581264 0.7014814814814815 0.0062855432505237955 0.0035978835978835977
26 0.12975157138581264 0.6464550264550265 0.0062855432505237955 0.0035978835978835977
93 0.30410056869200836 0.9262433862433862 0.004788985333732416 0.006984126984126984
93 0.30784196348398685 0.9262433862433862 0.0050882969170906915 0.006984126984126984
93 0.31143370248428615 0.9262433862433862 0.0050882969170906915 0.006984126984126984
93 0.3153247530679437 0.9262433862433862 0.0050882969170906915 0.006984126984126984
24 0.3096378329841365 0.9074074074074074 0.0062855432505237955 0.0035978835978835977
26 0.3096378329841365 0.7101587301587302 0.0062855432505237955 0.0035978835978835977
24 0.3096378329841365 0.6552380952380953 0.0062855432505237955 0.0033862433862433864
41 0.28479497156539957 0.6932275132275132 0.0008979347500748278 0.015026455026455027
41 0.27910805148159235 0.6528042328042328 0.0008979347500748278 0.01037037037037037
24 0.2818018557318168 0.7014814814814815 0.0062855432505237955 0.0035978835978835977
26 0.2818018557318168 0.6464550264550265 0.0062855432505237955 0.0035978835978835977
41 0.27087698293923973 0.6905820105820106 0.000598623166716552 0.009735449735449736
41 0.23466028135288836 0.6514285714285715 0.000598623166716552 0.017777777777777778
26 0.23750374139479197 0.6961904761904761 0.0062855432505237955 0.0035978835978835977
24 0.23750374139479197 0.6411640211640212 0.0062855432505237955 0.0035978835978835977
41 0.22388506435199043 0.693015873015873 0.000598623166716552 0.014603174603174604
41 0.21819814426818318 0.6544973544973545 0.000598623166716552 0.013333333333333334
24 0.2210416043100868 0.7014814814814815 0.0062855432505237955 0.0035978835978835977
26 0.2210416043100868 0.6464550264550265 0.0062855432505237955 0.0035978835978835977
41 0.20742292726728526 0.6958730158730159 0.000598623166716552 0.020317460317460317
41 0.2651900628554325 0.6507936507936508 0.000598623166716552 0.016084656084656083
26 0.267883867105657 0.6961904761904761 0.00598623166716552 0.0035978835978835977
24 0.267883867105657 0.6411640211640212 0.00598623166716552 0.0035978835978835977
41 0.25561209218796765 0.6896296296296296 0.000598623166716552 0.00783068783068783
41 0.24992517210416043 0.6502645502645502 0.000598623166716552 0.018835978835978835
24 0.25276863214606404 0.6943915343915343 0.0062855432505237955 0.0033862433862433864
26 0.25276863214606404 0.6394708994708995 0.0062855432505237955 0.0035978835978835977
41 0.2403472014366956 0.6905820105820106 0.000598623166716552 0.009735449735449736
84 0.19829392397485782 0.03978835978835979 0.009278659084106555 0.0021164021164021165
84 0.19829392397485782 0.48994708994708996 0.009278659084106555 0.0021164021164021165
84 0.19829392397485782 0.448994708994709 0.009278659084106555 0.002328042328042328
84 0.19829392397485782 0.40814814814814815 0.009278659084106555 0.002328042328042328
84 0.19829392397485782 0.3671957671957672 0.009278659084106555 0.0021164021164021165
84 0.19829392397485782 0.3262433862433862 0.009278659084106555 0.002328042328042328
84 0.19829392397485782 0.28539682539682537 0.009278659084106555 0.002328042328042328
84 0.19829392397485782 0.24433862433862433 0.009278659084106555 0.002328042328042328
84 0.19829392397485782 0.2034920634920635 0.009278659084106555 0.002328042328042328
84 0.19829392397485782 0.16253968253968254 0.009278659084106555 0.0021164021164021165
84 0.19829392397485782 0.12158730158730159 0.009278659084106555 0.002328042328042328
84 0.19829392397485782 0.08074074074074074 0.009278659084106555 0.002328042328042328
84 0.19829392397485782 0.5308994708994709 0.009278659084106555 0.002328042328042328
125 0.3358275965279856 0.7203174603174604 0.4603412152050284 0.004867724867724868
125 0.3358275965279856 0.6701587301587302 0.4603412152050284 0.004867724867724868
84 0.854684226279557 0.12158730158730159 0.009278659084106555 0.002328042328042328
84 0.854684226279557 0.6126984126984127 0.009278659084106555 0.0021164021164021165
84 0.854684226279557 0.5717460317460318 0.009278659084106555 0.002328042328042328
84 0.854684226279557 0.5308994708994709 0.009278659084106555 0.002328042328042328
84 0.854684226279557 0.48994708994708996 0.009278659084106555 0.0021164021164021165
84 0.854684226279557 0.448994708994709 0.009278659084106555 0.002328042328042328
84 0.854684226279557 0.40814814814814815 0.009278659084106555 0.002328042328042328
84 0.854684226279557 0.3671957671957672 0.009278659084106555 0.0021164021164021165
84 0.854684226279557 0.28539682539682537 0.009278659084106555 0.002328042328042328
84 0.854684226279557 0.24433862433862433 0.009278659084106555 0.002328042328042328
84 0.854684226279557 0.2034920634920635 0.009278659084106555 0.002328042328042328
84 0.854684226279557 0.16253968253968254 0.009278659084106555 0.0021164021164021165
84 0.854684226279557 0.08074074074074074 0.009278659084106555 0.002328042328042328
84 0.854684226279557 0.03978835978835979 0.009278659084106555 0.0021164021164021165
84 0.19829392397485782 0.9425396825396826 0.009278659084106555 0.002328042328042328
84 0.19829392397485782 0.9016931216931217 0.009278659084106555 0.002328042328042328
84 0.19829392397485782 0.8606349206349206 0.009278659084106555 0.002328042328042328
84 0.19829392397485782 0.8197883597883597 0.009278659084106555 0.002328042328042328
84 0.19829392397485782 0.7788359788359789 0.009278659084106555 0.0021164021164021165
84 0.19829392397485782 0.7326984126984127 0.009278659084106555 0.0021164021164021165
84 0.19829392397485782 0.6126984126984127 0.009278659084106555 0.0021164021164021165
84 0.19829392397485782 0.5717460317460318 0.009278659084106555 0.002328042328042328
0 0.0429512122119126 0.7164021164021164 0.005686920083807243 0.051216931216931216
84 0.854684226279557 0.7326984126984127 0.009278659084106555 0.0021164021164021165
0 0.0429512122119126 0.6333333333333333 0.005686920083807243 0.051005291005291005
69 0.07482789583956899 0.5257142857142857 0.005387608500448967 0.014391534391534391
69 0.08051481592337624 0.531005291005291 0.005387608500448967 0.014391534391534391
69 0.08605208021550434 0.5239153439153439 0.0050882969170906915 0.01417989417989418
69 0.09173900029931158 0.5291005291005291 0.0050882969170906915 0.014391534391534391
69 0.09742592038311883 0.5343915343915344 0.0050882969170906915 0.014391534391534391
69 0.10311284046692606 0.5274074074074074 0.0050882969170906915 0.014391534391534391
8 0.06090990721340916 0.6521693121693122 0.01765938341813828 0.015873015873015872
69 0.07482789583956899 0.6075132275132276 0.005387608500448967 0.01417989417989418
69 0.08051481592337624 0.6128042328042328 0.005387608500448967 0.01417989417989418
69 0.08605208021550434 0.6058201058201058 0.0050882969170906915 0.01417989417989418
69 0.09173900029931158 0.611005291005291 0.0050882969170906915 0.014391534391534391
5 0.058964381921580364 0.6152380952380953 0.013768332834480694 0.030052910052910053
69 0.07482789583956899 0.5701587301587302 0.005387608500448967 0.014391534391534391
69 0.08051481592337624 0.5753439153439154 0.005387608500448967 0.01417989417989418
69 0.08605208021550434 0.5683597883597884 0.0050882969170906915 0.01417989417989418
69 0.09173900029931158 0.5735449735449736 0.0050882969170906915 0.014391534391534391
8 0.06090990721340916 0.5744973544973545 0.01765938341813828 0.015873015873015872
69 0.07482789583956899 0.6478306878306879 0.005387608500448967 0.014391534391534391
69 0.08051481592337624 0.653015873015873 0.005387608500448967 0.01417989417989418
69 0.08605208021550434 0.6460317460317461 0.0050882969170906915 0.01417989417989418
69 0.09173900029931158 0.6512169312169312 0.0050882969170906915 0.014391534391534391
5 0.058964381921580364 0.5333333333333333 0.013768332834480694 0.030052910052910053
69 0.07482789583956899 0.4847619047619048 0.005387608500448967 0.01417989417989418
69 0.08051481592337624 0.4900529100529101 0.005387608500448967 0.01417989417989418
69 0.08605208021550434 0.482962962962963 0.0050882969170906915 0.014391534391534391
69 0.09173900029931158 0.4882539682539683 0.0050882969170906915 0.014391534391534391
69 0.09742592038311883 0.49354497354497356 0.0050882969170906915 0.014391534391534391
69 0.10311284046692606 0.4864550264550265 0.0050882969170906915 0.01417989417989418
5 0.058964381921580364 0.4924867724867725 0.013768332834480694 0.030052910052910053
69 0.07482789583956899 0.4438095238095238 0.005387608500448967 0.014391534391534391
69 0.08051481592337624 0.4491005291005291 0.005387608500448967 0.014391534391534391
69 0.08605208021550434 0.44211640211640213 0.0050882969170906915 0.014391534391534391
69 0.09173900029931158 0.4473015873015873 0.0050882969170906915 0.01417989417989418
69 0.09742592038311883 0.4524867724867725 0.0050882969170906915 0.014391534391534391
5 0.058964381921580364 0.4515343915343915 0.013768332834480694 0.029841269841269842
69 0.07482789583956899 0.8572486772486773 0.005387608500448967 0.01417989417989418
69 0.08051481592337624 0.8625396825396825 0.005387608500448967 0.01417989417989418
69 0.08605208021550434 0.8554497354497355 0.0050882969170906915 0.014391534391534391
69 0.09173900029931158 0.8607407407407407 0.0050882969170906915 0.014391534391534391
6 0.0591140377132595 0.8627513227513227 0.015264890751272074 0.018835978835978835
69 0.07482789583956899 0.8146031746031746 0.005387608500448967 0.014391534391534391
69 0.08051481592337624 0.8198941798941799 0.005387608500448967 0.014391534391534391
69 0.08605208021550434 0.8128042328042328 0.0050882969170906915 0.01417989417989418
69 0.09173900029931158 0.8180952380952381 0.0050882969170906915 0.01417989417989418
5 0.058964381921580364 0.8222222222222222 0.013768332834480694 0.030052910052910053
69 0.07482789583956899 0.7736507936507937 0.005387608500448967 0.01417989417989418
69 0.08051481592337624 0.7789417989417989 0.005387608500448967 0.01417989417989418
69 0.08605208021550434 0.7718518518518519 0.0050882969170906915 0.014391534391534391
69 0.09173900029931158 0.7771428571428571 0.0050882969170906915 0.014391534391534391
5 0.058964381921580364 0.7813756613756614 0.013768332834480694 0.030052910052910053
69 0.07482789583956899 0.731005291005291 0.005387608500448967 0.014391534391534391
69 0.08051481592337624 0.7362962962962963 0.005387608500448967 0.014391534391534391
69 0.08605208021550434 0.7292063492063492 0.0050882969170906915 0.01417989417989418
69 0.09173900029931158 0.7344973544973545 0.0050882969170906915 0.01417989417989418
8 0.06090990721340916 0.7353439153439153 0.01765938341813828 0.015873015873015872
69 0.07482789583956899 0.6904761904761905 0.005387608500448967 0.01417989417989418
69 0.08051481592337624 0.6957671957671958 0.005387608500448967 0.01417989417989418
69 0.08605208021550434 0.6886772486772487 0.0050882969170906915 0.014391534391534391
69 0.09173900029931158 0.693968253968254 0.0050882969170906915 0.014391534391534391
5 0.058964381921580364 0.6980952380952381 0.013768332834480694 0.029841269841269842
69 0.07482789583956899 0.15735449735449736 0.005387608500448967 0.01417989417989418
69 0.08051481592337624 0.16264550264550265 0.005387608500448967 0.01417989417989418
69 0.08605208021550434 0.15555555555555556 0.0050882969170906915 0.014391534391534391
69 0.09173900029931158 0.16084656084656085 0.0050882969170906915 0.014391534391534391
5 0.058964381921580364 0.16507936507936508 0.013768332834480694 0.030052910052910053
69 0.07482789583956899 0.1164021164021164 0.005387608500448967 0.014391534391534391
69 0.08051481592337624 0.12169312169312169 0.005387608500448967 0.014391534391534391
69 0.08605208021550434 0.1147089947089947 0.0050882969170906915 0.014391534391534391
69 0.09173900029931158 0.1198941798941799 0.0050882969170906915 0.01417989417989418
5 0.058964381921580364 0.12412698412698413 0.013768332834480694 0.029841269841269842
69 0.07482789583956899 0.07555555555555556 0.005387608500448967 0.014391534391534391
69 0.08051481592337624 0.08074074074074074 0.005387608500448967 0.01417989417989418
69 0.08605208021550434 0.07375661375661376 0.0050882969170906915 0.01417989417989418
69 0.09173900029931158 0.07894179894179894 0.0050882969170906915 0.014391534391534391
5 0.058964381921580364 0.08317460317460318 0.013768332834480694 0.030052910052910053
69 0.07482789583956899 0.0346031746031746 0.005387608500448967 0.01417989417989418
69 0.08051481592337624 0.03989417989417989 0.005387608500448967 0.01417989417989418
69 0.08605208021550434 0.0328042328042328 0.0050882969170906915 0.014391534391534391
69 0.09173900029931158 0.0380952380952381 0.0050882969170906915 0.014391534391534391
5 0.058964381921580364 0.042222222222222223 0.013768332834480694 0.029841269841269842
84 0.854684226279557 0.9425396825396826 0.009278659084106555 0.002328042328042328
84 0.854684226279557 0.8606349206349206 0.009278659084106555 0.002328042328042328
84 0.854684226279557 0.8197883597883597 0.009278659084106555 0.002328042328042328
84 0.854684226279557 0.7788359788359789 0.009278659084106555 0.0021164021164021165
69 0.07482789583956899 0.40296296296296297 0.005387608500448967 0.014391534391534391
69 0.08051481592337624 0.40814814814814815 0.005387608500448967 0.01417989417989418
69 0.08605208021550434 0.40116402116402117 0.0050882969170906915 0.01417989417989418
69 0.09173900029931158 0.40634920634920635 0.0050882969170906915 0.014391534391534391
69 0.09742592038311883 0.41164021164021164 0.0050882969170906915 0.014391534391534391
5 0.058964381921580364 0.4105820105820106 0.013768332834480694 0.030052910052910053
69 0.07482789583956899 0.362010582010582 0.005387608500448967 0.01417989417989418
69 0.08051481592337624 0.3673015873015873 0.005387608500448967 0.01417989417989418
69 0.08605208021550434 0.3602116402116402 0.0050882969170906915 0.014391534391534391
69 0.09173900029931158 0.3655026455026455 0.0050882969170906915 0.014391534391534391
69 0.09742592038311883 0.3706878306878307 0.0050882969170906915 0.01417989417989418
5 0.058964381921580364 0.36962962962962964 0.013768332834480694 0.029841269841269842
69 0.07482789583956899 0.32105820105820104 0.005387608500448967 0.014391534391534391
69 0.08051481592337624 0.32634920634920633 0.005387608500448967 0.014391534391534391
69 0.08605208021550434 0.31936507936507935 0.0050882969170906915 0.014391534391534391
69 0.09173900029931158 0.32455026455026453 0.0050882969170906915 0.01417989417989418
69 0.09742592038311883 0.3297354497354497 0.0050882969170906915 0.014391534391534391
5 0.058964381921580364 0.3286772486772487 0.013768332834480694 0.030052910052910053
69 0.07482789583956899 0.2802116402116402 0.005387608500448967 0.014391534391534391
69 0.08051481592337624 0.28539682539682537 0.005387608500448967 0.01417989417989418
69 0.08605208021550434 0.2784126984126984 0.0050882969170906915 0.01417989417989418
69 0.09173900029931158 0.28359788359788357 0.0050882969170906915 0.014391534391534391
69 0.09742592038311883 0.28888888888888886 0.0050882969170906915 0.014391534391534391
69 0.10311284046692606 0.2819047619047619 0.0050882969170906915 0.014391534391534391
5 0.058964381921580364 0.2878306878306878 0.013768332834480694 0.030052910052910053
69 0.07482789583956899 0.23915343915343915 0.005387608500448967 0.014391534391534391
69 0.08051481592337624 0.24455026455026455 0.005387608500448967 0.01417989417989418
69 0.08605208021550434 0.23746031746031745 0.0050882969170906915 0.014391534391534391
69 0.09173900029931158 0.24275132275132275 0.0050882969170906915 0.014391534391534391
69 0.09742592038311883 0.24793650793650793 0.0050882969170906915 0.01417989417989418
69 0.10311284046692606 0.24084656084656084 0.0050882969170906915 0.014391534391534391
5 0.058964381921580364 0.2468783068783069 0.013768332834480694 0.029841269841269842
69 0.07482789583956899 0.2017989417989418 0.005387608500448967 0.01417989417989418
69 0.08051481592337624 0.2070899470899471 0.005387608500448967 0.01417989417989418
69 0.08605208021550434 0.2 0.0050882969170906915 0.014391534391534391
69 0.09173900029931158 0.2052910052910053 0.0050882969170906915 0.014391534391534391
8 0.06090990721340916 0.20603174603174604 0.01765938341813828 0.015873015873015872
24 0.4408859622867405 0.6552380952380953 0.00598623166716552 0.0033862433862433864
41 0.4437294223286441 0.6975661375661376 0.0008979347500748278 0.023703703703703703
41 0.43789284645315774 0.6598941798941799 0.000598623166716552 0.008042328042328042
24 0.4408859622867405 0.9074074074074074 0.00598623166716552 0.0035978835978835977
26 0.44073630649506135 0.7101587301587302 0.0062855432505237955 0.0035978835978835977
41 0.4283148757856929 0.9098412698412699 0.000598623166716552 0.019470899470899472
26 0.43115833582759655 0.8986243386243387 0.0062855432505237955 0.0033862433862433864
41 0.4160431008680036 0.914074074074074 0.000598623166716552 0.011005291005291006
41 0.4655791679137983 0.6932275132275132 0.0008979347500748278 0.015026455026455027
41 0.459892247829991 0.6552380952380953 0.0008979347500748278 0.015238095238095238
24 0.46273570787189466 0.9074074074074074 0.00598623166716552 0.0035978835978835977
24 0.4625860520802155 0.7014814814814815 0.0062855432505237955 0.0035978835978835977
26 0.4625860520802155 0.6464550264550265 0.0062855432505237955 0.0035978835978835977
41 0.45016462137084706 0.9098412698412699 0.000598623166716552 0.019470899470899472
26 0.4530080814127507 0.8986243386243387 0.0062855432505237955 0.0033862433862433864
41 0.43789284645315774 0.9138624338624338 0.000598623166716552 0.011428571428571429
24 0.39703681532475305 0.6978835978835979 0.0062855432505237955 0.0035978835978835977
41 0.3998802753666567 0.6908994708994709 0.000598623166716552 0.012486772486772487
41 0.39419335528284943 0.651957671957672 0.000598623166716552 0.01544973544973545
24 0.39703681532475305 0.9074074074074074 0.0062855432505237955 0.0035978835978835977
41 0.39419335528284943 0.9138624338624338 0.000598623166716552 0.011428571428571429
26 0.39703681532475305 0.642962962962963 0.0062855432505237955 0.0033862433862433864
41 0.38461538461538464 0.9098412698412699 0.000598623166716552 0.019470899470899472
26 0.38745884465728825 0.8986243386243387 0.0062855432505237955 0.0033862433862433864
26 0.4188865609099072 0.6464550264550265 0.0062855432505237955 0.0035978835978835977
41 0.42187967674349 0.6926984126984127 0.0008979347500748278 0.016084656084656083
41 0.4160431008680036 0.6529100529100529 0.000598623166716552 0.011428571428571429
24 0.4188865609099072 0.9074074074074074 0.0062855432505237955 0.0035978835978835977
24 0.4188865609099072 0.7014814814814815 0.0062855432505237955 0.0035978835978835977
41 0.40646513020053876 0.9098412698412699 0.000598623166716552 0.019470899470899472
26 0.40930859024244237 0.8986243386243387 0.0062855432505237955 0.0033862433862433864
41 0.5255911403771326 0.652063492063492 0.000598623166716552 0.015238095238095238
24 0.5282849446273571 0.9074074074074074 0.00598623166716552 0.0035978835978835977
24 0.5282849446273571 0.6978835978835979 0.00598623166716552 0.0035978835978835977
26 0.5282849446273571 0.642962962962963 0.00598623166716552 0.0033862433862433864
41 0.5312780604609398 0.6914285714285714 0.000598623166716552 0.011428571428571429
41 0.5157138581263095 0.9097354497354497 0.000598623166716552 0.019682539682539683
26 0.5185573181682132 0.8986243386243387 0.0062855432505237955 0.0033862433862433864
41 0.5037413947919784 0.9142857142857143 0.000598623166716552 0.010582010582010581
41 0.5375636037114636 0.9097354497354497 0.000598623166716552 0.019682539682539683
41 0.5474408859622868 0.6533333333333333 0.000598623166716552 0.010582010582010581
24 0.5501346902125113 0.9074074074074074 0.00598623166716552 0.0035978835978835977
24 0.5501346902125113 0.7014814814814815 0.00598623166716552 0.0035978835978835977
26 0.5501346902125113 0.6464550264550265 0.00598623166716552 0.0035978835978835977
26 0.5404070637533672 0.8986243386243387 0.0062855432505237955 0.0033862433862433864
41 0.5255911403771326 0.9138624338624338 0.000598623166716552 0.011428571428571429
41 0.48757856929063154 0.6914285714285714 0.000598623166716552 0.011428571428571429
41 0.4817419934151452 0.6526984126984127 0.0008979347500748278 0.0182010582010582
24 0.4845854534570488 0.9074074074074074 0.00598623166716552 0.0035978835978835977
24 0.4845854534570488 0.6978835978835979 0.00598623166716552 0.0035978835978835977
26 0.48443579766536965 0.642962962962963 0.0062855432505237955 0.0033862433862433864
41 0.4720143669560012 0.9097354497354497 0.000598623166716552 0.019682539682539683
26 0.4748578269979048 0.8986243386243387 0.0062855432505237955 0.0033862433862433864
41 0.459892247829991 0.9138624338624338 0.0008979347500748278 0.011428571428571429
41 0.5094283148757857 0.6897354497354498 0.000598623166716552 0.008042328042328042
41 0.5037413947919784 0.6508994708994709 0.000598623166716552 0.019682539682539683
24 0.5064351990422029 0.9074074074074074 0.00598623166716552 0.0035978835978835977
24 0.5064351990422029 0.6943915343915343 0.00598623166716552 0.0033862433862433864
26 0.5064351990422029 0.6394708994708995 0.00598623166716552 0.0035978835978835977
41 0.49386411254115536 0.9097354497354497 0.000598623166716552 0.019682539682539683
26 0.496707572583059 0.8986243386243387 0.0062855432505237955 0.0033862433862433864
41 0.4817419934151452 0.9138624338624338 0.0008979347500748278 0.011428571428571429
41 0.3124812930260401 0.697037037037037 0.000598623166716552 0.024761904761904763
41 0.328644118527387 0.6553439153439153 0.000598623166716552 0.015026455026455027
24 0.3314875785692906 0.9074074074074074 0.0062855432505237955 0.0035978835978835977
63 0.3018557318168213 0.6548148148148148 0.0050882969170906915 0.014391534391534391
24 0.3314875785692906 0.7014814814814815 0.0062855432505237955 0.0035978835978835977
26 0.3314875785692906 0.6464550264550265 0.0062855432505237955 0.0035978835978835977
41 0.31906614785992216 0.9098412698412699 0.000598623166716552 0.019470899470899472
26 0.3217599521101467 0.8986243386243387 0.00598623166716552 0.0033862433862433864
41 0.34091589344507633 0.9098412698412699 0.000598623166716552 0.019470899470899472
41 0.328644118527387 0.9138624338624338 0.000598623166716552 0.011428571428571429
41 0.33433103861119423 0.6926984126984127 0.000598623166716552 0.016084656084656083
63 0.3018557318168213 0.7096296296296296 0.0050882969170906915 0.014391534391534391
41 0.3067943729422329 0.9138624338624338 0.000598623166716552 0.011428571428571429
26 0.34375935348697995 0.8986243386243387 0.0062855432505237955 0.0033862433862433864
63 0.3018557318168213 0.9068783068783068 0.0050882969170906915 0.014391534391534391
24 0.3751870697395989 0.6943915343915343 0.0062855432505237955 0.0033862433862433864
26 0.3751870697395989 0.6394708994708995 0.0062855432505237955 0.0035978835978835977
24 0.3751870697395989 0.9074074074074074 0.0062855432505237955 0.0035978835978835977
41 0.36276563903023046 0.9098412698412699 0.000598623166716552 0.019470899470899472
26 0.36560909907213407 0.8986243386243387 0.0062855432505237955 0.0033862433862433864
41 0.3723436096976953 0.9138624338624338 0.000598623166716552 0.011428571428571429
41 0.37803052978150253 0.6892063492063492 0.000598623166716552 0.0091005291005291
41 0.3723436096976953 0.6504761904761904 0.000598623166716552 0.02052910052910053
24 0.3533373241544448 0.6978835978835979 0.0062855432505237955 0.0035978835978835977
63 0.3455552229871296 0.6425396825396825 0.0050882969170906915 0.014391534391534391
41 0.35049386411254113 0.653015873015873 0.000598623166716552 0.017566137566137566
24 0.3533373241544448 0.9074074074074074 0.0062855432505237955 0.0035978835978835977
26 0.3533373241544448 0.642962962962963 0.0062855432505237955 0.0033862433862433864
41 0.3067943729422329 0.6598941798941799 0.000598623166716552 0.008042328042328042
41 0.35049386411254113 0.9138624338624338 0.000598623166716552 0.011428571428571429
63 0.3455552229871296 0.6974603174603174 0.0050882969170906915 0.01417989417989418
41 0.3561807841963484 0.6908994708994709 0.000598623166716552 0.012486772486772487