134 0.4997448979591837 0.057900432900432904 0.9045918367346939 0.024170274170274172
134 0.4997448979591837 0.19642857142857142 0.9045918367346939 0.024170274170274172
1 0.46658163265306124 0.3170995670995671 0.015816326530612244 0.0007215007215007215
1 0.44846938775510203 0.3170995670995671 0.015306122448979591 0.0007215007215007215
1 0.4229591836734694 0.3170995670995671 0.015306122448979591 0.0007215007215007215
1 0.3964285714285714 0.3170995670995671 0.015306122448979591 0.0007215007215007215
1 0.19413265306122449 0.10930735930735931 0.015816326530612244 0.0007215007215007215
134 0.4997448979591837 0.12716450216450217 0.9045918367346939 0.024170274170274172
134 0.4997448979591837 0.2656926406926407 0.9045918367346939 0.024170274170274172
134 0.4997448979591837 0.33495670995670995 0.9045918367346939 0.024170274170274172
1 0.7793367346938775 0.28354978354978355 0.015816326530612244 0.0007215007215007215
1 0.7793367346938775 0.2896825396825397 0.015816326530612244 0.0007215007215007215
1 0.7540816326530613 0.28354978354978355 0.015306122448979591 0.0007215007215007215
1 0.7540816326530613 0.2896825396825397 0.015306122448979591 0.0007215007215007215
1 0.7377551020408163 0.28354978354978355 0.014285714285714285 0.0007215007215007215
1 0.23545918367346938 0.28354978354978355 0.015816326530612244 0.0007215007215007215
1 0.23545918367346938 0.2896825396825397 0.015816326530612244 0.0007215007215007215
41 0.6915816326530613 0.06132756132756133 0.0005102040816326531 0.01443001443001443
26 0.6961734693877552 0.32016594516594515 0.009693877551020408 0.006132756132756133
26 0.6961734693877552 0.2747113997113997 0.009693877551020408 0.006132756132756133
26 0.6964285714285714 0.19354256854256854 0.01020408163265306 0.006132756132756133
24 0.6961734693877552 0.12716450216450217 0.009693877551020408 0.006132756132756133
24 0.6961734693877552 0.05212842712842713 0.009693877551020408 0.006132756132756133
41 0.7010204081632653 0.26731601731601734 0.0010204081632653062 0.012987012987012988
61 0.6849489795918368 0.19354256854256854 0.005612244897959183 0.015512265512265512
41 0.6915816326530613 0.20238095238095238 0.0005102040816326531 0.015873015873015872
41 0.7010204081632653 0.11832611832611832 0.0010204081632653062 0.015873015873015872
41 0.6686224489795919 0.33315295815295815 0.0005102040816326531 0.015512265512265512
24 0.5614795918367347 0.05212842712842713 0.009693877551020408 0.006132756132756133
41 0.6780612244897959 0.2676767676767677 0.0010204081632653062 0.017316017316017316
41 0.749234693877551 0.057539682539682536 0.0005102040816326531 0.0183982683982684
24 0.7538265306122449 0.33495670995670995 0.009693877551020408 0.006132756132756133
24 0.7538265306122449 0.2895021645021645 0.009693877551020408 0.006132756132756133
24 0.7538265306122449 0.20833333333333334 0.009693877551020408 0.006132756132756133
26 0.7538265306122449 0.14213564213564214 0.009693877551020408 0.005772005772005772
24 0.7538265306122449 0.04599567099567099 0.009693877551020408 0.006132756132756133
24 0.7372448979591837 0.20256132756132755 0.01020408163265306 0.006132756132756133
26 0.7372448979591837 0.13618326118326118 0.01020408163265306 0.006132756132756133
24 0.7372448979591837 0.04599567099567099 0.01020408163265306 0.006132756132756133
41 0.7420918367346939 0.27146464646464646 0.0005102040816326531 0.020562770562770564
24 0.7372448979591837 0.2837301587301587 0.01020408163265306 0.006132756132756133
41 0.7094387755102041 0.33405483405483405 0.0005102040816326531 0.018037518037518036
41 0.7191326530612245 0.26875901875901875 0.0005102040816326531 0.01443001443001443
41 0.7420918367346939 0.12301587301587301 0.0005102040816326531 0.024531024531024532
41 0.7323979591836735 0.21031746031746032 0.0005102040816326531 0.013708513708513708
61 0.7260204081632653 0.20256132756132755 0.00510204081632653 0.015512265512265512
41 0.7323979591836735 0.05844155844155844 0.0005102040816326531 0.022366522366522368
24 0.7372448979591837 0.329004329004329 0.01020408163265306 0.005772005772005772
41 0.7094387755102041 0.06132756132756133 0.0005102040816326531 0.01443001443001443
24 0.7142857142857143 0.32305194805194803 0.01020408163265306 0.006132756132756133
24 0.7142857142857143 0.2775974025974026 0.01020408163265306 0.006132756132756133
24 0.7142857142857143 0.19642857142857142 0.01020408163265306 0.006132756132756133
41 0.7323979591836735 0.33784271284271283 0.0005102040816326531 0.015512265512265512
26 0.7142857142857143 0.13023088023088022 0.01020408163265306 0.005772005772005772
24 0.7142857142857143 0.05212842712842713 0.01020408163265306 0.006132756132756133
41 0.6915816326530613 0.3315295815295815 0.0005102040816326531 0.020923520923520924
41 0.7094387755102041 0.20526695526695526 0.0005102040816326531 0.015151515151515152
61 0.7260204081632653 0.2837301587301587 0.00510204081632653 0.015512265512265512
41 0.7191326530612245 0.12012987012987013 0.0005102040816326531 0.018037518037518036
41 0.5818877551020408 0.0633116883116883 0.0005102040816326531 0.01911976911976912
24 0.5867346938775511 0.32305194805194803 0.01020408163265306 0.006132756132756133
24 0.5867346938775511 0.2775974025974026 0.01020408163265306 0.006132756132756133
24 0.5867346938775511 0.19642857142857142 0.01020408163265306 0.006132756132756133
26 0.5867346938775511 0.13618326118326118 0.01020408163265306 0.006132756132756133
24 0.5867346938775511 0.05212842712842713 0.01020408163265306 0.006132756132756133
41 0.5915816326530612 0.2667748917748918 0.0005102040816326531 0.01984126984126984
26 0.6122448979591837 0.13618326118326118 0.01020408163265306 0.006132756132756133
24 0.6122448979591837 0.05212842712842713 0.01020408163265306 0.006132756132756133
41 0.5818877551020408 0.3338744588744589 0.0005102040816326531 0.01984126984126984
41 0.5818877551020408 0.2068903318903319 0.0005102040816326531 0.0183982683982684
41 0.5915816326530612 0.12536075036075037 0.0005102040816326531 0.01984126984126984
41 0.5660714285714286 0.12463924963924963 0.0005102040816326531 0.0183982683982684
41 0.5566326530612244 0.06295093795093795 0.0010204081632653062 0.01984126984126984
24 0.5614795918367347 0.32305194805194803 0.009693877551020408 0.006132756132756133
24 0.5612244897959183 0.2775974025974026 0.01020408163265306 0.006132756132756133
24 0.5612244897959183 0.19642857142857142 0.01020408163265306 0.006132756132756133
26 0.5612244897959183 0.13618326118326118 0.01020408163265306 0.006132756132756133
121 0.19005102040816327 0.045454545454545456 0.017857142857142856 0.002886002886002886
41 0.5660714285714286 0.2667748917748918 0.0005102040816326531 0.01984126984126984
41 0.5566326530612244 0.3338744588744589 0.0010204081632653062 0.01984126984126984
24 0.6122448979591837 0.19642857142857142 0.01020408163265306 0.006132756132756133
41 0.5566326530612244 0.2068903318903319 0.0010204081632653062 0.0183982683982684
41 0.6686224489795919 0.06132756132756133 0.0005102040816326531 0.01443001443001443
24 0.673469387755102 0.32305194805194803 0.01020408163265306 0.006132756132756133
24 0.673469387755102 0.2775974025974026 0.01020408163265306 0.006132756132756133
26 0.673469387755102 0.18740981240981242 0.01020408163265306 0.006132756132756133
26 0.673469387755102 0.13023088023088022 0.01020408163265306 0.005772005772005772
24 0.673469387755102 0.05212842712842713 0.01020408163265306 0.006132756132756133
41 0.6334183673469388 0.3373015873015873 0.0005102040816326531 0.01875901875901876
41 0.6431122448979592 0.2694805194805195 0.0005102040816326531 0.01875901875901876
41 0.6686224489795919 0.19787157287157287 0.0005102040816326531 0.0183982683982684
41 0.6780612244897959 0.11886724386724387 0.0010204081632653062 0.020562770562770564
41 0.6170918367346939 0.2662337662337662 0.0005102040816326531 0.01875901875901876
41 0.6073979591836735 0.2068903318903319 0.0005102040816326531 0.0183982683982684
41 0.6073979591836735 0.3342352092352092 0.0005102040816326531 0.01911976911976912
41 0.6170918367346939 0.12536075036075037 0.0005102040816326531 0.01984126984126984
41 0.6073979591836735 0.06295093795093795 0.0005102040816326531 0.01984126984126984
24 0.6122448979591837 0.32305194805194803 0.01020408163265306 0.006132756132756133
24 0.6122448979591837 0.2775974025974026 0.01020408163265306 0.006132756132756133
41 0.6334183673469388 0.06024531024531025 0.0005102040816326531 0.01875901875901876
41 0.6334183673469388 0.20202020202020202 0.0005102040816326531 0.01875901875901876
41 0.6431122448979592 0.12193362193362194 0.0005102040816326531 0.01875901875901876
26 0.638265306122449 0.3259379509379509 0.01020408163265306 0.006132756132756133
26 0.638265306122449 0.28066378066378067 0.01020408163265306 0.005772005772005772
24 0.638265306122449 0.19065656565656566 0.01020408163265306 0.006132756132756133
24 0.638265306122449 0.1332972582972583 0.01020408163265306 0.006132756132756133
26 0.638265306122449 0.049062049062049064 0.01020408163265306 0.005772005772005772
41 0.9150510204081632 0.3409090909090909 0.0005102040816326531 0.01948051948051948
41 0.9247448979591837 0.2638888888888889 0.0005102040816326531 0.0183982683982684
41 0.9247448979591837 0.11796536796536797 0.0005102040816326531 0.015151515151515152
70 0.9198979591836735 0.3185425685425685 0.014285714285714285 0.005772005772005772
24 0.9198979591836735 0.329004329004329 0.01020408163265306 0.005772005772005772
71 0.9198979591836735 0.2821067821067821 0.014285714285714285 0.005772005772005772
26 0.9198979591836735 0.2747113997113997 0.01020408163265306 0.006132756132756133
71 0.9198979591836735 0.14357864357864358 0.014285714285714285 0.005772005772005772
24 0.9198979591836735 0.12716450216450217 0.01020408163265306 0.006132756132756133
70 0.9377551020408164 0.3185425685425685 0.014285714285714285 0.005772005772005772
41 0.9426020408163265 0.26136363636363635 0.0005102040816326531 0.016955266955266956
41 0.9426020408163265 0.11544011544011544 0.0005102040816326531 0.013708513708513708
26 0.9377551020408164 0.3259379509379509 0.01020408163265306 0.006132756132756133
71 0.9377551020408164 0.2821067821067821 0.014285714285714285 0.005772005772005772
24 0.9377551020408164 0.2718253968253968 0.01020408163265306 0.006132756132756133
71 0.9377551020408164 0.14357864357864358 0.014285714285714285 0.005772005772005772
26 0.9377551020408164 0.12427849927849928 0.01020408163265306 0.006132756132756133
24 0.8994897959183673 0.1332972582972583 0.01020408163265306 0.006132756132756133
41 0.877295918367347 0.3418109668109668 0.0005102040816326531 0.022005772005772004
71 0.8994897959183673 0.14357864357864358 0.014285714285714285 0.005772005772005772
41 0.8869897959183674 0.2638888888888889 0.0005102040816326531 0.017676767676767676
41 0.8869897959183674 0.11796536796536797 0.0005102040816326531 0.01443001443001443
70 0.8821428571428571 0.3185425685425685 0.014285714285714285 0.005772005772005772
24 0.8821428571428571 0.329004329004329 0.01020408163265306 0.005772005772005772
41 0.8946428571428572 0.3437950937950938 0.0005102040816326531 0.01443001443001443
41 0.9043367346938775 0.2671356421356421 0.0005102040816326531 0.022727272727272728
41 0.9043367346938775 0.12157287157287157 0.0005102040816326531 0.020923520923520924
70 0.8994897959183673 0.3185425685425685 0.014285714285714285 0.005772005772005772
24 0.8994897959183673 0.33495670995670995 0.01020408163265306 0.006132756132756133
71 0.8994897959183673 0.28805916305916307 0.014285714285714285 0.005411255411255411
26 0.8994897959183673 0.28066378066378067 0.01020408163265306 0.005772005772005772
121 0.5290816326530612 0.2602813852813853 0.018367346938775512 0.003246753246753247
121 0.36403061224489797 0.3403679653679654 0.05459183673469388 0.003246753246753247
121 0.4528061224489796 0.06349206349206349 0.017857142857142856 0.002886002886002886
121 0.46224489795918366 0.11471861471861472 0.018367346938775512 0.002886002886002886
121 0.4528061224489796 0.20797258297258298 0.017857142857142856 0.003246753246753247
121 0.46224489795918366 0.2532467532467532 0.018367346938775512 0.002886002886002886
121 0.4528061224489796 0.3356782106782107 0.017857142857142856 0.003246753246753247
121 0.5196428571428572 0.06457431457431458 0.017857142857142856 0.002886002886002886
121 0.5290816326530612 0.11580086580086581 0.018367346938775512 0.002886002886002886
121 0.5290816326530612 0.1791125541125541 0.018367346938775512 0.003246753246753247
121 0.3737244897959184 0.2537878787878788 0.05459183673469388 0.003968253968253968
121 0.5196428571428572 0.34145021645021645 0.017857142857142856 0.003246753246753247
121 0.7002551020408163 0.06998556998556998 0.06377551020408163 0.0021645021645021645
121 0.7099489795918368 0.10930735930735931 0.06377551020408163 0.004329004329004329
121 0.7002551020408163 0.21284271284271283 0.06377551020408163 0.010822510822510822
121 0.7099489795918368 0.2597402597402597 0.06377551020408163 0.004329004329004329
121 0.7002551020408163 0.3437950937950938 0.06377551020408163 0.005772005772005772
121 0.18035714285714285 0.12788600288600288 0.017857142857142856 0.003246753246753247
121 0.19005102040816327 0.1791125541125541 0.017857142857142856 0.003246753246753247
121 0.18035714285714285 0.34145021645021645 0.017857142857142856 0.003246753246753247
121 0.31454081632653064 0.040584415584415584 0.017857142857142856 0.003246753246753247
121 0.3048469387755102 0.13924963924963926 0.017857142857142856 0.0021645021645021645
121 0.31454081632653064 0.1791125541125541 0.017857142857142856 0.003246753246753247
121 0.31454081632653064 0.2602813852813853 0.017857142857142856 0.003246753246753247
121 0.3048469387755102 0.34145021645021645 0.017857142857142856 0.003246753246753247
121 0.36403061224489797 0.07287157287157287 0.05459183673469388 0.007936507936507936
121 0.36403061224489797 0.1397907647907648 0.05459183673469388 0.003246753246753247
121 0.36403061224489797 0.21374458874458874 0.05459183673469388 0.003246753246753247
41 0.9329081632653061 0.33874458874458874 0.0005102040816326531 0.023088023088023088
121 0.8599489795918367 0.11471861471861472 0.017857142857142856 0.002886002886002886
121 0.8599489795918367 0.2602813852813853 0.017857142857142856 0.003246753246753247
121 0.8502551020408163 0.3522727272727273 0.017857142857142856 0.003246753246753247
121 0.914795918367347 0.10930735930735931 0.05510204081632653 0.004329004329004329
121 0.914795918367347 0.2537878787878788 0.05510204081632653 0.003968253968253968
121 0.9053571428571429 0.3522727272727273 0.055612244897959184 0.003246753246753247
71 0.8821428571428571 0.2821067821067821 0.014285714285714285 0.005772005772005772
24 0.8206632653061224 0.1332972582972583 0.009693877551020408 0.006132756132756133
24 0.8206632653061224 0.33495670995670995 0.009693877551020408 0.006132756132756133
71 0.8206632653061224 0.28805916305916307 0.013775510204081633 0.005411255411255411
95 0.8127551020408164 0.30104617604617606 0.017346938775510204 0.01406926406926407
95 0.8219387755102041 0.30104617604617606 0.017346938775510204 0.01406926406926407
95 0.8311224489795919 0.30104617604617606 0.017346938775510204 0.01406926406926407
26 0.8206632653061224 0.28066378066378067 0.009693877551020408 0.005772005772005772
71 0.8229591836734694 0.21284271284271283 0.014285714285714285 0.005772005772005772
95 0.8153061224489796 0.22582972582972582 0.017346938775510204 0.013708513708513708
95 0.8244897959183674 0.22582972582972582 0.017346938775510204 0.013708513708513708
95 0.8336734693877551 0.22582972582972582 0.017346938775510204 0.013708513708513708
34 0.8232142857142857 0.19354256854256854 0.01479591836734694 0.006132756132756133
71 0.8204081632653061 0.14357864357864358 0.014285714285714285 0.005772005772005772
95 0.8127551020408164 0.15656565656565657 0.017346938775510204 0.013708513708513708
95 0.8219387755102041 0.15656565656565657 0.017346938775510204 0.013708513708513708
95 0.8311224489795919 0.15656565656565657 0.017346938775510204 0.013708513708513708
95 0.8127551020408164 0.36544011544011545 0.017346938775510204 0.013708513708513708
95 0.8219387755102041 0.36544011544011545 0.017346938775510204 0.013708513708513708
95 0.8311224489795919 0.36544011544011545 0.017346938775510204 0.013708513708513708
70 0.8229591836734694 0.04148629148629149 0.014285714285714285 0.005772005772005772
95 0.8153061224489796 0.08098845598845598 0.017346938775510204 0.01406926406926407
95 0.8244897959183674 0.08098845598845598 0.017346938775510204 0.01406926406926407
95 0.8336734693877551 0.08098845598845598 0.017346938775510204 0.01406926406926407
32 0.8232142857142857 0.05212842712842713 0.01479591836734694 0.006132756132756133
41 0.7744897959183673 0.3454184704184704 0.0010204081632653062 0.0183982683982684
41 0.8252551020408163 0.12229437229437229 0.0005102040816326531 0.01948051948051948
70 0.8206632653061224 0.3185425685425685 0.01479591836734694 0.005772005772005772
24 0.7790816326530612 0.04599567099567099 0.01020408163265306 0.006132756132756133
41 0.749234693877551 0.3454184704184704 0.0005102040816326531 0.0183982683982684
41 0.7584183673469388 0.2772366522366522 0.0005102040816326531 0.022727272727272728
26 0.7790816326530612 0.14213564213564214 0.01020408163265306 0.005772005772005772
41 0.7584183673469388 0.1975108225108225 0.0005102040816326531 0.01984126984126984
41 0.7584183673469388 0.13131313131313133 0.0005102040816326531 0.01948051948051948
41 0.7839285714285714 0.2766955266955267 0.0005102040816326531 0.021645021645021644
41 0.7839285714285714 0.19696969696969696 0.0005102040816326531 0.01875901875901876
41 0.7839285714285714 0.13131313131313133 0.0005102040816326531 0.01948051948051948
41 0.7744897959183673 0.056998556998557 0.0010204081632653062 0.01948051948051948
24 0.7790816326530612 0.33495670995670995 0.01020408163265306 0.006132756132756133
24 0.7790816326530612 0.2895021645021645 0.01020408163265306 0.006132756132756133
24 0.7790816326530612 0.20833333333333334 0.01020408163265306 0.006132756132756133
70 0.8642857142857143 0.3185425685425685 0.014285714285714285 0.005772005772005772
26 0.8642857142857143 0.33207070707070707 0.01020408163265306 0.006132756132756133
71 0.8642857142857143 0.284992784992785 0.014285714285714285 0.005772005772005772
24 0.8642857142857143 0.2775974025974026 0.01020408163265306 0.006132756132756133
71 0.8642857142857143 0.14357864357864358 0.014285714285714285 0.005772005772005772
26 0.8642857142857143 0.13023088023088022 0.01020408163265306 0.005772005772005772
41 0.8691326530612244 0.12175324675324675 0.0005102040816326531 0.01479076479076479
41 0.8413265306122449 0.3445165945165945 0.0010204081632653062 0.016594516594516596
41 0.8507653061224489 0.2698412698412698 0.0005102040816326531 0.017316017316017316
26 0.8821428571428571 0.2747113997113997 0.01020408163265306 0.006132756132756133
71 0.8821428571428571 0.14357864357864358 0.014285714285714285 0.005772005772005772
24 0.8821428571428571 0.12716450216450217 0.01020408163265306 0.006132756132756133
41 0.8594387755102041 0.34235209235209235 0.0005102040816326531 0.01875901875901876
41 0.8691326530612244 0.2683982683982684 0.0005102040816326531 0.016594516594516596
41 0.8252551020408163 0.2698412698412698 0.0005102040816326531 0.01948051948051948
41 0.8160714285714286 0.3454184704184704 0.0005102040816326531 0.0183982683982684
61 0.809438775510204 0.19354256854256854 0.005612244897959183 0.015512265512265512
41 0.8507653061224489 0.12319624819624819 0.0005102040816326531 0.015512265512265512
70 0.8459183673469388 0.3185425685425685 0.014285714285714285 0.005772005772005772
24 0.8459183673469388 0.33495670995670995 0.01020408163265306 0.006132756132756133
71 0.8459183673469388 0.28805916305916307 0.014285714285714285 0.005411255411255411
26 0.8459183673469388 0.28066378066378067 0.01020408163265306 0.005772005772005772
71 0.8459183673469388 0.14357864357864358 0.014285714285714285 0.005772005772005772
24 0.8459183673469388 0.1332972582972583 0.01020408163265306 0.006132756132756133
26 0.30051020408163265 0.1994949494949495 0.01020408163265306 0.005772005772005772
24 0.30051020408163265 0.1213924963924964 0.01020408163265306 0.006132756132756133
24 0.30051020408163265 0.057900432900432904 0.01020408163265306 0.006132756132756133
26 0.30051020408163265 0.28066378066378067 0.01020408163265306 0.005772005772005772
41 0.27066326530612245 0.3374819624819625 0.0005102040816326531 0.0183982683982684
41 0.3053571428571429 0.2703823953823954 0.0005102040816326531 0.0183982683982684
41 0.3053571428571429 0.18921356421356422 0.0005102040816326531 0.0183982683982684
41 0.29591836734693877 0.1305916305916306 0.0010204081632653062 0.016594516594516596
41 0.3053571428571429 0.048701298701298704 0.0005102040816326531 0.016594516594516596
26 0.30051020408163265 0.3259379509379509 0.01020408163265306 0.006132756132756133
26 0.2752551020408163 0.3259379509379509 0.009693877551020408 0.006132756132756133
41 0.27066326530612245 0.0689033189033189 0.0005102040816326531 0.017316017316017316
95 0.2673469387755102 0.35804473304473305 0.017346938775510204 0.01406926406926407
95 0.27653061224489794 0.35804473304473305 0.017346938775510204 0.01406926406926407
95 0.2857142857142857 0.35804473304473305 0.017346938775510204 0.01406926406926407
41 0.27066326530612245 0.13275613275613277 0.0005102040816326531 0.01875901875901876
95 0.2673469387755102 0.29473304473304474 0.017346938775510204 0.013708513708513708
95 0.27653061224489794 0.29473304473304474 0.017346938775510204 0.013708513708513708
95 0.2857142857142857 0.29473304473304474 0.017346938775510204 0.013708513708513708
26 0.2752551020408163 0.28066378066378067 0.009693877551020408 0.005772005772005772
26 0.2752551020408163 0.1994949494949495 0.009693877551020408 0.005772005772005772
94 0.2727040816326531 0.15007215007215008 0.01479591836734694 0.006493506493506494
95 0.2836734693877551 0.15025252525252525 0.017346938775510204 0.01406926406926407
24 0.2752551020408163 0.1213924963924964 0.009693877551020408 0.006132756132756133
95 0.2673469387755102 0.08838383838383838 0.017346938775510204 0.013708513708513708
95 0.27653061224489794 0.08838383838383838 0.017346938775510204 0.013708513708513708
95 0.2857142857142857 0.08838383838383838 0.017346938775510204 0.013708513708513708
24 0.2752551020408163 0.057900432900432904 0.009693877551020408 0.006132756132756133
41 0.2798469387755102 0.2698412698412698 0.0005102040816326531 0.01948051948051948
41 0.2798469387755102 0.18867243867243869 0.0005102040816326531 0.01948051948051948
41 0.33698979591836736 0.2049062049062049 0.0005102040816326531 0.01875901875901876
41 0.33698979591836736 0.13113275613275613 0.0005102040816326531 0.015512265512265512
41 0.33698979591836736 0.06800144300144301 0.0005102040816326531 0.015512265512265512
26 0.34183673469387754 0.32016594516594515 0.01020408163265306 0.006132756132756133
26 0.34183673469387754 0.2747113997113997 0.01020408163265306 0.006132756132756133
26 0.34183673469387754 0.19354256854256854 0.01020408163265306 0.006132756132756133
24 0.34183673469387754 0.1213924963924964 0.01020408163265306 0.006132756132756133
24 0.34183673469387754 0.057900432900432904 0.01020408163265306 0.006132756132756133
26 0.35867346938775513 0.3259379509379509 0.01020408163265306 0.006132756132756133
26 0.35867346938775513 0.28066378066378067 0.01020408163265306 0.005772005772005772
26 0.35867346938775513 0.1994949494949495 0.01020408163265306 0.005772005772005772
24 0.35867346938775513 0.1213924963924964 0.01020408163265306 0.006132756132756133
24 0.35867346938775513 0.057900432900432904 0.01020408163265306 0.006132756132756133
41 0.3466836734693878 0.2644300144300144 0.0005102040816326531 0.01875901875901876
61 0.33035714285714285 0.19354256854256854 0.005612244897959183 0.015512265512265512
24 0.31887755102040816 0.1213924963924964 0.01020408163265306 0.006132756132756133
41 0.314030612244898 0.1305916305916306 0.0005102040816326531 0.016594516594516596
41 0.3237244897959184 0.05032467532467533 0.0005102040816326531 0.017676767676767676
24 0.31887755102040816 0.32305194805194803 0.01020408163265306 0.006132756132756133
24 0.31887755102040816 0.2775974025974026 0.01020408163265306 0.006132756132756133
24 0.31887755102040816 0.19642857142857142 0.01020408163265306 0.006132756132756133
26 0.31887755102040816 0.06096681096681097 0.01020408163265306 0.005772005772005772
41 0.29591836734693877 0.3345959595959596 0.0010204081632653062 0.01479076479076479
41 0.3237244897959184 0.2683982683982684 0.0005102040816326531 0.016594516594516596
41 0.314030612244898 0.3324314574314574 0.0005102040816326531 0.016955266955266956
41 0.3237244897959184 0.18722943722943722 0.0005102040816326531 0.016594516594516596
26 0.15051020408163265 0.1994949494949495 0.01020408163265306 0.005772005772005772
41 0.14566326530612245 0.12355699855699856 0.0005102040816326531 0.01911976911976912
41 0.15535714285714286 0.05266955266955267 0.0005102040816326531 0.01875901875901876
26 0.15051020408163265 0.3259379509379509 0.01020408163265306 0.006132756132756133
85 0.15076530612244898 0.26424963924963923 0.010714285714285714 0.0025252525252525255
26 0.15051020408163265 0.11237373737373738 0.01020408163265306 0.006132756132756133
24 0.15051020408163265 0.06403318903318904 0.01020408163265306 0.006132756132756133
26 0.1760204081632653 0.3259379509379509 0.01020408163265306 0.006132756132756133
26 0.1760204081632653 0.1994949494949495 0.01020408163265306 0.005772005772005772
26 0.1760204081632653 0.11237373737373738 0.01020408163265306 0.006132756132756133
24 0.1760204081632653 0.06403318903318904 0.01020408163265306 0.006132756132756133
41 0.14566326530612245 0.33694083694083693 0.0005102040816326531 0.01948051948051948
40 0.1614795918367347 0.2628066378066378 0.002551020408163265 0.0018037518037518038
41 0.15535714285714286 0.18867243867243869 0.0005102040816326531 0.01948051948051948
5 0.06479591836734694 0.058621933621933624 0.02040816326530612 0.04076479076479077
67 0.08698979591836735 0.193001443001443 0.0066326530612244895 0.01443001443001443
67 0.09387755102040816 0.18398268398268397 0.006122448979591836 0.01443001443001443
67 0.10051020408163265 0.1958874458874459 0.006122448979591836 0.01443001443001443
67 0.10714285714285714 0.18704906204906205 0.006122448979591836 0.01406926406926407
67 0.11403061224489795 0.19913419913419914 0.0066326530612244895 0.01443001443001443
67 0.12091836734693878 0.19011544011544013 0.006122448979591836 0.01443001443001443
67 0.08698979591836735 0.3374819624819625 0.0066326530612244895 0.01479076479076479
67 0.09387755102040816 0.3286435786435786 0.006122448979591836 0.01443001443001443
67 0.10051020408163265 0.34054834054834054 0.006122448979591836 0.01443001443001443
67 0.10714285714285714 0.3315295815295815 0.006122448979591836 0.01443001443001443
67 0.11403061224489795 0.3434343434343434 0.0066326530612244895 0.01443001443001443
67 0.12091836734693878 0.3344155844155844 0.006122448979591836 0.01443001443001443
8 0.0653061224489796 0.33261183261183264 0.02142857142857143 0.01875901875901876
67 0.08698979591836735 0.26226551226551226 0.0066326530612244895 0.01443001443001443
67 0.09387755102040816 0.2532467532467532 0.006122448979591836 0.01443001443001443
67 0.10051020408163265 0.26515151515151514 0.006122448979591836 0.01443001443001443
67 0.10714285714285714 0.25613275613275616 0.006122448979591836 0.01443001443001443
67 0.11403061224489795 0.26821789321789324 0.0066326530612244895 0.01479076479076479
67 0.12091836734693878 0.2593795093795094 0.006122448979591836 0.01443001443001443
5 0.06479591836734694 0.2662337662337662 0.02040816326530612 0.04040404040404041
41 0.18086734693877551 0.05447330447330447 0.0005102040816326531 0.016594516594516596
5 0.06479591836734694 0.19696969696969696 0.02040816326530612 0.04040404040404041
67 0.08698979591836735 0.12373737373737374 0.0066326530612244895 0.01443001443001443
67 0.09387755102040816 0.11471861471861472 0.006122448979591836 0.01443001443001443
67 0.10051020408163265 0.1266233766233766 0.006122448979591836 0.01443001443001443
67 0.10714285714285714 0.11796536796536797 0.006122448979591836 0.01443001443001443
67 0.11403061224489795 0.12987012987012986 0.0066326530612244895 0.01443001443001443
67 0.12091836734693878 0.12085137085137085 0.006122448979591836 0.01443001443001443
5 0.06479591836734694 0.1277056277056277 0.02040816326530612 0.04040404040404041
67 0.08698979591836735 0.05447330447330447 0.0066326530612244895 0.01443001443001443
67 0.09387755102040816 0.045454545454545456 0.006122448979591836 0.01443001443001443
67 0.10051020408163265 0.05735930735930736 0.006122448979591836 0.01443001443001443
67 0.10714285714285714 0.048701298701298704 0.006122448979591836 0.01443001443001443
67 0.11403061224489795 0.06060606060606061 0.0066326530612244895 0.01443001443001443
67 0.12091836734693878 0.051587301587301584 0.006122448979591836 0.01443001443001443
30 0.21224489795918366 0.1994949494949495 0.01020408163265306 0.005772005772005772
41 0.20739795918367346 0.12373737373737374 0.0005102040816326531 0.01875901875901876
41 0.21709183673469387 0.05266955266955267 0.0005102040816326531 0.01875901875901876
26 0.21224489795918366 0.3259379509379509 0.01020408163265306 0.006132756132756133
41 0.21709183673469387 0.18867243867243869 0.0005102040816326531 0.01948051948051948
30 0.21224489795918366 0.11237373737373738 0.01020408163265306 0.006132756132756133
28 0.21224489795918366 0.06403318903318904 0.01020408163265306 0.006132756132756133
41 0.1895408163265306 0.33315295815295815 0.0005102040816326531 0.015512265512265512
95 0.23239795918367348 0.30357142857142855 0.01683673469387755 0.01406926406926407
95 0.2413265306122449 0.30357142857142855 0.017346938775510204 0.01406926406926407
41 0.2308673469387755 0.34595959595959597 0.0005102040816326531 0.017316017316017316
41 0.2403061224489796 0.27705627705627706 0.0010204081632653062 0.022366522366522368
95 0.23239795918367348 0.36147186147186144 0.01683673469387755 0.013708513708513708
95 0.24158163265306123 0.36147186147186144 0.01683673469387755 0.013708513708513708
24 0.2357142857142857 0.33495670995670995 0.01020408163265306 0.006132756132756133
24 0.2357142857142857 0.2895021645021645 0.01020408163265306 0.006132756132756133
41 0.20739795918367346 0.33694083694083693 0.0005102040816326531 0.01948051948051948
41 0.1711734693877551 0.3345959595959596 0.0005102040816326531 0.01479076479076479
41 0.18086734693877551 0.18921356421356422 0.0005102040816326531 0.0183982683982684
41 0.1711734693877551 0.12067099567099566 0.0005102040816326531 0.01479076479076479
41 0.19872448979591836 0.1865079365079365 0.0005102040816326531 0.015151515151515152
41 0.1895408163265306 0.11922799422799422 0.0005102040816326531 0.015512265512265512
41 0.33698979591836736 0.330988455988456 0.0005102040816326531 0.01984126984126984
41 0.19872448979591836 0.05194805194805195 0.0005102040816326531 0.013708513708513708
24 0.19413265306122449 0.32305194805194803 0.009693877551020408 0.006132756132756133
24 0.19413265306122449 0.19642857142857142 0.009693877551020408 0.006132756132756133
24 0.19413265306122449 0.10930735930735931 0.009693877551020408 0.005772005772005772
26 0.19413265306122449 0.06096681096681097 0.009693877551020408 0.005772005772005772
24 0.4663265306122449 0.3170995670995671 0.01020408163265306 0.005772005772005772
24 0.4663265306122449 0.2718253968253968 0.01020408163265306 0.006132756132756133
24 0.4663265306122449 0.19065656565656566 0.01020408163265306 0.006132756132756133
24 0.4663265306122449 0.1332972582972583 0.01020408163265306 0.006132756132756133
26 0.46658163265306124 0.04310966810966811 0.009693877551020408 0.006132756132756133
41 0.5285714285714286 0.05772005772005772 0.0010204081632653062 0.01443001443001443
41 0.461734693877551 0.05339105339105339 0.0010204081632653062 0.01875901875901876
41 0.44362244897959185 0.3253968253968254 0.0005102040816326531 0.01875901875901876
26 0.5331632653061225 0.28066378066378067 0.01020408163265306 0.005772005772005772
26 0.5331632653061225 0.1994949494949495 0.01020408163265306 0.005772005772005772
41 0.461734693877551 0.19985569985569984 0.0010204081632653062 0.016594516594516596
41 0.4711734693877551 0.12373737373737374 0.0005102040816326531 0.016594516594516596
26 0.5331632653061225 0.3259379509379509 0.01020408163265306 0.006132756132756133
41 0.44362244897959185 0.05591630591630592 0.0005102040816326531 0.015873015873015872
26 0.44846938775510203 0.31403318903318905 0.01020408163265306 0.006132756132756133
26 0.44846938775510203 0.26875901875901875 0.01020408163265306 0.005772005772005772
26 0.44846938775510203 0.18740981240981242 0.01020408163265306 0.006132756132756133
26 0.44846938775510203 0.13023088023088022 0.01020408163265306 0.005772005772005772
24 0.44846938775510203 0.04599567099567099 0.01020408163265306 0.006132756132756133
41 0.45331632653061227 0.2602813852813853 0.0005102040816326531 0.01479076479076479
41 0.44362244897959185 0.19787157287157287 0.0005102040816326531 0.0183982683982684
41 0.45331632653061227 0.12175324675324675 0.0005102040816326531 0.01479076479076479
41 0.5380102040816327 0.12319624819624819 0.0005102040816326531 0.015512265512265512
24 0.5153061224489796 0.04599567099567099 0.01020408163265306 0.006132756132756133
41 0.5104591836734694 0.332972582972583 0.0005102040816326531 0.015873015873015872
41 0.5104591836734694 0.05555555555555555 0.0005102040816326531 0.016594516594516596
24 0.5153061224489796 0.32305194805194803 0.01020408163265306 0.006132756132756133
24 0.5153061224489796 0.2775974025974026 0.01020408163265306 0.006132756132756133
24 0.5153061224489796 0.19642857142857142 0.01020408163265306 0.006132756132756133
26 0.5153061224489796 0.13618326118326118 0.01020408163265306 0.006132756132756133
41 0.4846938775510204 0.33116883116883117 0.0010204081632653062 0.01948051948051948
41 0.5201530612244898 0.2683982683982684 0.0005102040816326531 0.016594516594516596
41 0.5201530612244898 0.18722943722943722 0.0005102040816326531 0.016594516594516596
41 0.5201530612244898 0.1259018759018759 0.0005102040816326531 0.01875901875901876
26 0.48928571428571427 0.32016594516594515 0.01020408163265306 0.006132756132756133
26 0.48928571428571427 0.2747113997113997 0.01020408163265306 0.006132756132756133
26 0.48928571428571427 0.19354256854256854 0.01020408163265306 0.006132756132756133
26 0.48928571428571427 0.14213564213564214 0.01020408163265306 0.005772005772005772
26 0.48928571428571427 0.04310966810966811 0.01020408163265306 0.006132756132756133
26 0.5331632653061225 0.049062049062049064 0.01020408163265306 0.005772005772005772
24 0.5331632653061225 0.1332972582972583 0.01020408163265306 0.006132756132756133
41 0.4846938775510204 0.053932178932178935 0.0010204081632653062 0.01984126984126984
41 0.461734693877551 0.32702020202020204 0.0010204081632653062 0.017676767676767676
41 0.4711734693877551 0.26226551226551226 0.0005102040816326531 0.016594516594516596
41 0.4941326530612245 0.2638888888888889 0.0005102040816326531 0.01984126984126984
61 0.47831632653061223 0.19354256854256854 0.005612244897959183 0.015512265512265512
41 0.4846938775510204 0.20436507936507936 0.0010204081632653062 0.01984126984126984
41 0.4941326530612245 0.13131313131313133 0.0005102040816326531 0.01948051948051948
41 0.373469387755102 0.2041847041847042 0.0010204081632653062 0.01875901875901876
41 0.373469387755102 0.13113275613275613 0.0010204081632653062 0.016955266955266956
41 0.5285714285714286 0.3345959595959596 0.0010204081632653062 0.01479076479076479
24 0.3964285714285714 0.3170995670995671 0.01020408163265306 0.005772005772005772
24 0.3964285714285714 0.2718253968253968 0.01020408163265306 0.006132756132756133
24 0.3964285714285714 0.19065656565656566 0.01020408163265306 0.006132756132756133
26 0.3964285714285714 0.12427849927849928 0.01020408163265306 0.006132756132756133
26 0.3964285714285714 0.049062049062049064 0.01020408163265306 0.005772005772005772
41 0.373469387755102 0.06259018759018758 0.0010204081632653062 0.0183982683982684
41 0.373469387755102 0.33080808080808083 0.0010204081632653062 0.01875901875901876
41 0.38290816326530613 0.262987012987013 0.0005102040816326531 0.01875901875901876
41 0.3538265306122449 0.20725108225108224 0.0005102040816326531 0.013347763347763348
41 0.363265306122449 0.26695526695526695 0.0010204081632653062 0.025252525252525252
41 0.3538265306122449 0.06655844155844155 0.0005102040816326531 0.01479076479076479
41 0.3538265306122449 0.13077200577200576 0.0005102040816326531 0.016955266955266956
26 0.3780612244897959 0.32016594516594515 0.01020408163265306 0.006132756132756133
26 0.3780612244897959 0.2747113997113997 0.01020408163265306 0.006132756132756133
26 0.3780612244897959 0.19354256854256854 0.01020408163265306 0.006132756132756133
24 0.3780612244897959 0.1213924963924964 0.01020408163265306 0.006132756132756133
24 0.3780612244897959 0.05212842712842713 0.01020408163265306 0.006132756132756133
41 0.39158163265306123 0.05988455988455989 0.0005102040816326531 0.01948051948051948
41 0.3538265306122449 0.3338744588744589 0.0005102040816326531 0.013347763347763348
41 0.5380102040816327 0.18921356421356422 0.0005102040816326531 0.0183982683982684
41 0.4181122448979592 0.19877344877344877 0.0005102040816326531 0.01875901875901876
41 0.4278061224489796 0.11886724386724387 0.0005102040816326531 0.0183982683982684
41 0.4181122448979592 0.05735930735930736 0.0005102040816326531 0.01875901875901876
41 0.4181122448979592 0.3253968253968254 0.0005102040816326531 0.01875901875901876
41 0.4278061224489796 0.2573953823953824 0.0005102040816326531 0.0183982683982684
41 0.40127551020408164 0.26172438672438675 0.0005102040816326531 0.017676767676767676
41 0.39158163265306123 0.20238095238095238 0.0005102040816326531 0.021645021645021644
26 0.4229591836734694 0.31403318903318905 0.01020408163265306 0.006132756132756133
41 0.39158163265306123 0.13257575757575757 0.0005102040816326531 0.01479076479076479
41 0.5380102040816327 0.2703823953823954 0.0005102040816326531 0.0183982683982684
26 0.4229591836734694 0.26875901875901875 0.01020408163265306 0.005772005772005772
26 0.4229591836734694 0.18740981240981242 0.01020408163265306 0.006132756132756133
26 0.4229591836734694 0.13023088023088022 0.01020408163265306 0.005772005772005772
24 0.4229591836734694 0.04599567099567099 0.01020408163265306 0.006132756132756133
41 0.39158163265306123 0.329004329004329 0.0005102040816326531 0.021645021645021644
134 0.4997448979591837 0.5932539682539683 0.9045918367346939 0.024170274170274172
1 0.9015306122448979 0.8189033189033189 0.022448979591836733 0.0007215007215007215
1 0.9015306122448979 0.825036075036075 0.022448979591836733 0.0007215007215007215
1 0.8451530612244897 0.8189033189033189 0.015816326530612244 0.0007215007215007215
1 0.8451530612244897 0.825036075036075 0.015816326530612244 0.0007215007215007215
1 0.8198979591836735 0.8189033189033189 0.014285714285714285 0.0007215007215007215
1 0.3040816326530612 0.8189033189033189 0.02040816326530612 0.0007215007215007215
134 0.4997448979591837 0.801046176046176 0.9045918367346939 0.024170274170274172
134 0.4997448979591837 0.7317821067821068 0.9045918367346939 0.024170274170274172
1 0.8451530612244897 0.8881673881673882 0.015816326530612244 0.0007215007215007215
134 0.4997448979591837 0.6625180375180375 0.9045918367346939 0.024170274170274172
1 0.7385204081632653 0.6446608946608947 0.015816326530612244 0.0007215007215007215
1 0.9015306122448979 0.5694444444444444 0.022448979591836733 0.0010822510822510823
1 0.9015306122448979 0.5753968253968254 0.022448979591836733 0.0007215007215007215
1 0.7816326530612245 0.5694444444444444 0.022448979591836733 0.0010822510822510823
1 0.7816326530612245 0.5753968253968254 0.022448979591836733 0.0007215007215007215
1 0.7385204081632653 0.5694444444444444 0.015816326530612244 0.0010822510822510823
1 0.7385204081632653 0.5753968253968254 0.015816326530612244 0.0007215007215007215
1 0.7193877551020408 0.5753968253968254 0.015306122448979591 0.0007215007215007215
1 0.6806122448979591 0.5753968253968254 0.015306122448979591 0.0007215007215007215
1 0.6614795918367347 0.5753968253968254 0.015816326530612244 0.0007215007215007215
134 0.4997448979591837 0.8703102453102453 0.9045918367346939 0.024170274170274172
70 0.6806122448979591 0.8538961038961039 0.014285714285714285 0.005772005772005772
24 0.6612244897959184 0.6506132756132756 0.01020408163265306 0.006132756132756133
41 0.675765306122449 0.5836940836940837 0.0005102040816326531 0.01875901875901876
26 0.6806122448979591 0.8612914862914863 0.01020408163265306 0.006132756132756133
70 0.6612244897959184 0.568001443001443 0.014285714285714285 0.005411255411255411
24 0.6612244897959184 0.5755772005772006 0.01020408163265306 0.006132756132756133
24 0.6612244897959184 0.8643578643578643 0.01020408163265306 0.005772005772005772
30 0.6806122448979591 0.7288961038961039 0.01020408163265306 0.006132756132756133
26 0.6806122448979591 0.5723304473304474 0.01020408163265306 0.006132756132756133
70 0.6806122448979591 0.564935064935065 0.014285714285714285 0.005772005772005772
26 0.6806122448979591 0.6477272727272727 0.01020408163265306 0.006132756132756133
70 0.6806122448979591 0.6403318903318903 0.014285714285714285 0.005772005772005772
70 0.6612244897959184 0.6432178932178932 0.014285714285714285 0.005772005772005772
70 0.6806122448979591 0.7153679653679653 0.014285714285714285 0.005772005772005772
41 0.6566326530612245 0.6601731601731602 0.0010204081632653062 0.016594516594516596
41 0.6566326530612245 0.5847763347763347 0.0010204081632653062 0.016594516594516596
30 0.6806122448979591 0.810064935064935 0.01020408163265306 0.006132756132756133
71 0.6806122448979591 0.8174603174603174 0.014285714285714285 0.005772005772005772
70 0.6612244897959184 0.8538961038961039 0.014285714285714285 0.005772005772005772
41 0.6566326530612245 0.8737373737373737 0.0010204081632653062 0.016594516594516596
26 0.7193877551020408 0.8612914862914863 0.01020408163265306 0.006132756132756133
41 0.6931122448979592 0.6612554112554112 0.0005102040816326531 0.011544011544011544
41 0.6931122448979592 0.8748196248196248 0.0005102040816326531 0.011544011544011544
26 0.7193877551020408 0.5723304473304474 0.01020408163265306 0.006132756132756133
70 0.7193877551020408 0.564935064935065 0.014285714285714285 0.005772005772005772
26 0.7193877551020408 0.6477272727272727 0.01020408163265306 0.006132756132756133
70 0.7193877551020408 0.6403318903318903 0.014285714285714285 0.005772005772005772
70 0.7193877551020408 0.8538961038961039 0.014285714285714285 0.005772005772005772
41 0.7145408163265307 0.5827922077922078 0.0005102040816326531 0.0183982683982684
41 0.7145408163265307 0.6574675324675324 0.0005102040816326531 0.017676767676767676
41 0.7145408163265307 0.8713924963924964 0.0005102040816326531 0.017676767676767676
24 0.5464285714285714 0.8584054834054834 0.01020408163265306 0.006132756132756133
41 0.675765306122449 0.7397186147186147 0.0005102040816326531 0.01984126984126984
61 0.6693877551020408 0.7288961038961039 0.00510204081632653 0.015512265512265512
41 0.6854591836734694 0.7992424242424242 0.0005102040816326531 0.01984126984126984
41 0.675765306122449 0.6585497835497836 0.0005102040816326531 0.01984126984126984
41 0.675765306122449 0.8722943722943723 0.0005102040816326531 0.01948051948051948
26 0.6979591836734694 0.5784632034632035 0.01020408163265306 0.006132756132756133
70 0.6979591836734694 0.5710678210678211 0.014285714285714285 0.005772005772005772
26 0.6979591836734694 0.6536796536796536 0.01020408163265306 0.005772005772005772
70 0.6979591836734694 0.6461038961038961 0.014285714285714285 0.005772005772005772
26 0.6979591836734694 0.8674242424242424 0.01020408163265306 0.006132756132756133
70 0.6979591836734694 0.8538961038961039 0.014285714285714285 0.005772005772005772
41 0.6931122448979592 0.5856782106782107 0.0005102040816326531 0.012626262626262626
24 0.5846938775510204 0.812950937950938 0.01020408163265306 0.006132756132756133
71 0.5846938775510204 0.8203463203463204 0.014285714285714285 0.005772005772005772
24 0.5846938775510204 0.8643578643578643 0.01020408163265306 0.005772005772005772
70 0.5846938775510204 0.8538961038961039 0.014285714285714285 0.005772005772005772
41 0.5895408163265307 0.803030303030303 0.0005102040816326531 0.018037518037518036
41 0.5798469387755102 0.8726551226551227 0.0005102040816326531 0.01443001443001443
26 0.6142857142857143 0.5784632034632035 0.01020408163265306 0.006132756132756133
70 0.6142857142857143 0.5710678210678211 0.014285714285714285 0.005772005772005772
26 0.6142857142857143 0.6536796536796536 0.01020408163265306 0.005772005772005772
70 0.6142857142857143 0.6461038961038961 0.014285714285714285 0.005772005772005772
30 0.6142857142857143 0.7348484848484849 0.01020408163265306 0.005772005772005772
71 0.6142857142857143 0.7481962481962482 0.014285714285714285 0.005772005772005772
30 0.6142857142857143 0.816017316017316 0.01020408163265306 0.005772005772005772
71 0.6142857142857143 0.8234126984126984 0.014285714285714285 0.005411255411255411
26 0.6142857142857143 0.8674242424242424 0.01020408163265306 0.006132756132756133
70 0.6142857142857143 0.8538961038961039 0.014285714285714285 0.005772005772005772
41 0.6096938775510204 0.5892857142857143 0.0010204081632653062 0.01984126984126984
26 0.5653061224489796 0.810064935064935 0.01020408163265306 0.006132756132756133
121 0.1836734693877551 0.6751443001443002 0.019387755102040816 0.003246753246753247
70 0.5464285714285714 0.851010101010101 0.014285714285714285 0.005772005772005772
41 0.5512755102040816 0.7985209235209235 0.0005102040816326531 0.01406926406926407
41 0.5415816326530613 0.8679653679653679 0.0005102040816326531 0.017316017316017316
24 0.5653061224489796 0.6567460317460317 0.01020408163265306 0.006132756132756133
70 0.5653061224489796 0.6461038961038961 0.014285714285714285 0.005772005772005772
71 0.5653061224489796 0.8174603174603174 0.014285714285714285 0.005772005772005772
26 0.5653061224489796 0.8612914862914863 0.01020408163265306 0.006132756132756133
70 0.5653061224489796 0.8538961038961039 0.014285714285714285 0.005772005772005772
41 0.5607142857142857 0.6675685425685426 0.0010204081632653062 0.01984126984126984
41 0.5701530612244898 0.8012265512265512 0.0005102040816326531 0.015873015873015872
41 0.5607142857142857 0.8703102453102453 0.0010204081632653062 0.015512265512265512
26 0.6423469387755102 0.8674242424242424 0.01020408163265306 0.006132756132756133
26 0.6423469387755102 0.5784632034632035 0.01020408163265306 0.006132756132756133
70 0.6423469387755102 0.5710678210678211 0.014285714285714285 0.005772005772005772
26 0.6423469387755102 0.6536796536796536 0.01020408163265306 0.005772005772005772
70 0.6423469387755102 0.6461038961038961 0.014285714285714285 0.005772005772005772
70 0.6423469387755102 0.8538961038961039 0.014285714285714285 0.005772005772005772
41 0.6375 0.5862193362193362 0.0005102040816326531 0.013708513708513708
41 0.6375 0.6616161616161617 0.0005102040816326531 0.013708513708513708
41 0.6375 0.8751803751803752 0.0005102040816326531 0.013708513708513708
41 0.6096938775510204 0.6645021645021645 0.0010204081632653062 0.01948051948051948
41 0.6191326530612244 0.724025974025974 0.0005102040816326531 0.01948051948051948
41 0.6191326530612244 0.8051948051948052 0.0005102040816326531 0.01948051948051948
41 0.6096938775510204 0.8782467532467533 0.0010204081632653062 0.01984126984126984
80 0.9015306122448979 0.7831890331890332 0.02142857142857143 0.007936507936507936
71 0.9015306122448979 0.8322510822510822 0.014285714285714285 0.005772005772005772
32 0.9012755102040816 0.8822150072150072 0.01479591836734694 0.006132756132756133
80 0.9015306122448979 0.8524531024531025 0.02142857142857143 0.007936507936507936
71 0.9015306122448979 0.8896103896103896 0.014285714285714285 0.005772005772005772
121 0.38877551020408163 0.6047979797979798 0.019387755102040816 0.003246753246753247
124 0.676530612244898 0.9016955266955267 0.1346938775510204 0.008297258297258298
124 0.676530612244898 0.8354978354978355 0.1346938775510204 0.007936507936507936
124 0.676530612244898 0.7555916305916306 0.1346938775510204 0.008297258297258298
124 0.676530612244898 0.6848845598845599 0.1346938775510204 0.008297258297258298
121 0.5512755102040816 0.8787878787878788 0.05765306122448979 0.006493506493506494
121 0.5607142857142857 0.7911255411255411 0.05714285714285714 0.007936507936507936
121 0.4701530612244898 0.8805916305916306 0.06683673469387755 0.007936507936507936
121 0.4798469387755102 0.7932900432900433 0.06683673469387755 0.007936507936507936
121 0.4798469387755102 0.7178932178932179 0.06683673469387755 0.007936507936507936
121 0.4798469387755102 0.647005772005772 0.06683673469387755 0.006854256854256854
121 0.39846938775510204 0.7193362193362194 0.019387755102040816 0.002886002886002886
121 0.39846938775510204 0.6452020202020202 0.019387755102040816 0.003246753246753247
124 0.35306122448979593 0.8946608946608947 0.11530612244897959 0.007936507936507936
124 0.35306122448979593 0.8356782106782107 0.11530612244897959 0.008297258297258298
124 0.35306122448979593 0.7633477633477633 0.11530612244897959 0.007936507936507936
124 0.3528061224489796 0.6911976911976911 0.11581632653061225 0.007936507936507936
124 0.35306122448979593 0.6156204906204906 0.11530612244897959 0.008297258297258298
121 0.25918367346938775 0.7204184704184704 0.019387755102040816 0.002886002886002886
121 0.25918367346938775 0.65007215007215 0.019387755102040816 0.002886002886002886
121 0.1836734693877551 0.7492784992784993 0.019387755102040816 0.002886002886002886
32 0.9012755102040816 0.8248556998556998 0.01479591836734694 0.006132756132756133
121 0.7048469387755102 0.8816738816738817 0.05765306122448979 0.002886002886002886
121 0.7048469387755102 0.6679292929292929 0.05765306122448979 0.003246753246753247
121 0.7048469387755102 0.5934343434343434 0.05765306122448979 0.0021645021645021645
121 0.6469387755102041 0.8829365079365079 0.019387755102040816 0.003246753246753247
121 0.6469387755102041 0.6690115440115441 0.019387755102040816 0.003246753246753247
121 0.6469387755102041 0.5939754689754689 0.019387755102040816 0.003246753246753247
95 0.7645408163265306 0.7564935064935064 0.01683673469387755 0.013708513708513708
95 0.773469387755102 0.7564935064935064 0.017346938775510204 0.013708513708513708
95 0.7826530612244897 0.7564935064935064 0.017346938775510204 0.013708513708513708
95 0.7918367346938775 0.7564935064935064 0.017346938775510204 0.013708513708513708
95 0.8010204081632653 0.7564935064935064 0.017346938775510204 0.013708513708513708
70 0.7816326530612245 0.7153679653679653 0.014285714285714285 0.005772005772005772
26 0.7790816326530612 0.816017316017316 0.01020408163265306 0.005772005772005772
95 0.7622448979591837 0.8363997113997114 0.017346938775510204 0.01406926406926407
95 0.7714285714285715 0.8363997113997114 0.017346938775510204 0.01406926406926407
95 0.7806122448979592 0.8363997113997114 0.017346938775510204 0.01406926406926407
95 0.7895408163265306 0.8363997113997114 0.01683673469387755 0.01406926406926407
95 0.7987244897959184 0.8363997113997114 0.01683673469387755 0.01406926406926407
71 0.7790816326530612 0.8234126984126984 0.014285714285714285 0.005411255411255411
24 0.7790816326530612 0.8822150072150072 0.01020408163265306 0.006132756132756133
95 0.7622448979591837 0.9025974025974026 0.017346938775510204 0.013708513708513708
95 0.7714285714285715 0.9025974025974026 0.017346938775510204 0.013708513708513708
95 0.7806122448979592 0.9025974025974026 0.017346938775510204 0.013708513708513708
95 0.7895408163265306 0.9025974025974026 0.01683673469387755 0.013708513708513708
95 0.7987244897959184 0.9025974025974026 0.01683673469387755 0.013708513708513708
71 0.7790816326530612 0.8896103896103896 0.014285714285714285 0.005772005772005772
34 0.7813775510204082 0.7227633477633477 0.01479591836734694 0.006132756132756133
24 0.7385204081632653 0.5694444444444444 0.009693877551020408 0.006132756132756133
70 0.7387755102040816 0.562049062049062 0.014285714285714285 0.005772005772005772
24 0.7385204081632653 0.6446608946608947 0.009693877551020408 0.005772005772005772
70 0.7385204081632653 0.6372655122655123 0.013775510204081633 0.005411255411255411
24 0.7385204081632653 0.8584054834054834 0.009693877551020408 0.006132756132756133
70 0.7387755102040816 0.851010101010101 0.014285714285714285 0.005772005772005772
41 0.7339285714285714 0.5818903318903319 0.0005102040816326531 0.022366522366522368
41 0.7339285714285714 0.6565656565656566 0.0005102040816326531 0.021645021645021644
41 0.7339285714285714 0.8701298701298701 0.0005102040816326531 0.021645021645021644
34 0.7813775510204082 0.5665584415584416 0.01479591836734694 0.006132756132756133
95 0.7645408163265306 0.6163419913419913 0.01683673469387755 0.01406926406926407
95 0.7737244897959183 0.6163419913419913 0.01683673469387755 0.01406926406926407
95 0.7826530612244897 0.6163419913419913 0.017346938775510204 0.01406926406926407
95 0.7918367346938775 0.6163419913419913 0.017346938775510204 0.01406926406926407
95 0.8010204081632653 0.6163419913419913 0.017346938775510204 0.01406926406926407
34 0.7813775510204082 0.6477272727272727 0.01479591836734694 0.006132756132756133
95 0.7645408163265306 0.6856060606060606 0.01683673469387755 0.01406926406926407
95 0.7737244897959183 0.6856060606060606 0.01683673469387755 0.01406926406926407
95 0.7826530612244897 0.6856060606060606 0.017346938775510204 0.01406926406926407
95 0.7918367346938775 0.6856060606060606 0.017346938775510204 0.01406926406926407
95 0.8010204081632653 0.6856060606060606 0.017346938775510204 0.01406926406926407
70 0.7816326530612245 0.6403318903318903 0.014285714285714285 0.005772005772005772
61 0.8084183673469387 0.8190836940836941 0.005612244897959183 0.015512265512265512
41 0.824234693877551 0.8739177489177489 0.0005102040816326531 0.0183982683982684
28 0.8451530612244897 0.8248556998556998 0.009693877551020408 0.006132756132756133
71 0.8454081632653061 0.8322510822510822 0.014285714285714285 0.005772005772005772
30 0.8451530612244897 0.8912337662337663 0.009693877551020408 0.006132756132756133
71 0.8454081632653061 0.8986291486291487 0.014285714285714285 0.005772005772005772
41 0.85 0.8125901875901876 0.0010204081632653062 0.022727272727272728
41 0.85 0.8804112554112554 0.0010204081632653062 0.01984126984126984
34 0.9012755102040816 0.5665584415584416 0.01479591836734694 0.006132756132756133
70 0.9015306122448979 0.5591630591630592 0.014285714285714285 0.005772005772005772
34 0.9012755102040816 0.6477272727272727 0.01479591836734694 0.006132756132756133
80 0.9015306122448979 0.6323953823953824 0.02142857142857143 0.007936507936507936
70 0.9015306122448979 0.6403318903318903 0.014285714285714285 0.005772005772005772
34 0.9012755102040816 0.7227633477633477 0.01479591836734694 0.006132756132756133
80 0.9015306122448979 0.7076118326118326 0.02142857142857143 0.008297258297258298
70 0.9015306122448979 0.7153679653679653 0.014285714285714285 0.005772005772005772
41 0.7839285714285714 0.8051948051948052 0.0005102040816326531 0.01948051948051948
41 0.7839285714285714 0.8713924963924964 0.0005102040816326531 0.01984126984126984
24 0.8193877551020409 0.8190836940836941 0.01020408163265306 0.006132756132756133
71 0.8193877551020409 0.8311688311688312 0.014285714285714285 0.005772005772005772
26 0.8193877551020409 0.8852813852813853 0.01020408163265306 0.005772005772005772
71 0.8193877551020409 0.8926767676767676 0.014285714285714285 0.005411255411255411
41 0.824234693877551 0.8080808080808081 0.0005102040816326531 0.01948051948051948
71 0.30306122448979594 0.8264790764790765 0.014285714285714285 0.005772005772005772
32 0.3028061224489796 0.8643578643578643 0.01479591836734694 0.005772005772005772
70 0.30306122448979594 0.8538961038961039 0.014285714285714285 0.005772005772005772
41 0.29566326530612247 0.5986652236652237 0.0005102040816326531 0.01911976911976912
41 0.3053571428571429 0.6542207792207793 0.0005102040816326531 0.0183982683982684
32 0.3028061224489796 0.8127705627705628 0.01479591836734694 0.005772005772005772
41 0.3053571428571429 0.7263708513708513 0.0005102040816326531 0.0183982683982684
61 0.2895408163265306 0.737914862914863 0.005612244897959183 0.015512265512265512
41 0.24974489795918367 0.7281746031746031 0.0005102040816326531 0.016233766233766232
61 0.23341836734693877 0.737914862914863 0.005612244897959183 0.015512265512265512
24 0.26377551020408163 0.6686507936507936 0.01020408163265306 0.006132756132756133
26 0.26377551020408163 0.7408008658008658 0.01020408163265306 0.006132756132756133
41 0.2686224489795918 0.6590909090909091 0.0005102040816326531 0.016594516594516596
41 0.2686224489795918 0.7305194805194806 0.0005102040816326531 0.01875901875901876
24 0.30051020408163265 0.5874819624819625 0.01020408163265306 0.006132756132756133
70 0.30051020408163265 0.5768398268398268 0.014285714285714285 0.005772005772005772
26 0.30051020408163265 0.6655844155844156 0.01020408163265306 0.005772005772005772
71 0.30051020408163265 0.6789321789321789 0.014285714285714285 0.005772005772005772
24 0.30051020408163265 0.737914862914863 0.01020408163265306 0.006132756132756133
71 0.30051020408163265 0.75 0.014285714285714285 0.005772005772005772
32 0.3028061224489796 0.8190836940836941 0.01479591836734694 0.006132756132756133
26 0.35612244897959183 0.7348484848484849 0.01020408163265306 0.005772005772005772
41 0.33316326530612245 0.6545815295815296 0.0010204081632653062 0.01911976911976912
41 0.33316326530612245 0.7267316017316018 0.0010204081632653062 0.01911976911976912
26 0.35612244897959183 0.5844155844155844 0.01020408163265306 0.005772005772005772
70 0.35612244897959183 0.5768398268398268 0.014285714285714285 0.005772005772005772
24 0.35612244897959183 0.6625180375180375 0.01020408163265306 0.006132756132756133
70 0.35612244897959183 0.6461038961038961 0.014285714285714285 0.005772005772005772
71 0.35612244897959183 0.7481962481962482 0.014285714285714285 0.005772005772005772
41 0.35127551020408165 0.5952380952380952 0.0005102040816326531 0.01948051948051948
71 0.5464285714285714 0.8174603174603174 0.014285714285714285 0.005772005772005772
41 0.36096938775510207 0.724025974025974 0.0005102040816326531 0.01948051948051948
26 0.38418367346938775 0.5844155844155844 0.01020408163265306 0.005772005772005772
61 0.2895408163265306 0.8190836940836941 0.005612244897959183 0.015512265512265512
24 0.32857142857142857 0.5874819624819625 0.01020408163265306 0.006132756132756133
70 0.32857142857142857 0.5768398268398268 0.014285714285714285 0.005772005772005772
26 0.32857142857142857 0.6655844155844156 0.01020408163265306 0.005772005772005772
71 0.32857142857142857 0.6789321789321789 0.014285714285714285 0.005772005772005772
24 0.32857142857142857 0.737914862914863 0.01020408163265306 0.006132756132756133
71 0.32857142857142857 0.7481962481962482 0.014285714285714285 0.005772005772005772
41 0.3237244897959184 0.5983044733044733 0.0005102040816326531 0.01984126984126984
32 0.15331632653061225 0.5874819624819625 0.01479591836734694 0.006132756132756133
5 0.06479591836734694 0.8015873015873016 0.02040816326530612 0.04040404040404041
67 0.08698979591836735 0.7976190476190477 0.0066326530612244895 0.01443001443001443
67 0.09387755102040816 0.7886002886002886 0.006122448979591836 0.01443001443001443
67 0.10051020408163265 0.8005050505050505 0.006122448979591836 0.01443001443001443
67 0.10714285714285714 0.7914862914862915 0.006122448979591836 0.01443001443001443
67 0.11403061224489795 0.8035714285714286 0.0066326530612244895 0.01479076479076479
67 0.12091836734693878 0.7947330447330447 0.006122448979591836 0.01443001443001443
8 0.0653061224489796 0.8679653679653679 0.02142857142857143 0.01875901875901876
67 0.08698979591836735 0.8728354978354979 0.0066326530612244895 0.01479076479076479
67 0.09387755102040816 0.863997113997114 0.006122448979591836 0.01443001443001443
67 0.10051020408163265 0.8759018759018758 0.006122448979591836 0.01443001443001443
67 0.10714285714285714 0.8668831168831169 0.006122448979591836 0.01443001443001443
67 0.11403061224489795 0.8787878787878788 0.0066326530612244895 0.01443001443001443
67 0.12091836734693878 0.8697691197691197 0.006122448979591836 0.01443001443001443
70 0.15357142857142858 0.5768398268398268 0.014285714285714285 0.005772005772005772
24 0.1510204081632653 0.6567460317460317 0.01020408163265306 0.006132756132756133
70 0.1510204081632653 0.6461038961038961 0.014285714285714285 0.005772005772005772
26 0.1510204081632653 0.7288961038961039 0.01020408163265306 0.006132756132756133
70 0.1510204081632653 0.7153679653679653 0.014285714285714285 0.005772005772005772
34 0.15331632653061225 0.8041125541125541 0.01479591836734694 0.005772005772005772
71 0.15357142857142858 0.8174603174603174 0.014285714285714285 0.005772005772005772
32 0.15331632653061225 0.8584054834054834 0.01479591836734694 0.006132756132756133
70 0.15357142857142858 0.851010101010101 0.014285714285714285 0.005772005772005772
41 0.1461734693877551 0.6675685425685426 0.0005102040816326531 0.01984126984126984
5 0.06479591836734694 0.5939754689754689 0.02040816326530612 0.04076479076479077
67 0.08698979591836735 0.5898268398268398 0.0066326530612244895 0.01443001443001443
67 0.09387755102040816 0.5808080808080808 0.006122448979591836 0.01443001443001443
67 0.10051020408163265 0.5927128427128427 0.006122448979591836 0.01443001443001443
67 0.10714285714285714 0.584054834054834 0.006122448979591836 0.01443001443001443
67 0.11403061224489795 0.5959595959595959 0.0066326530612244895 0.01443001443001443
67 0.12091836734693878 0.586940836940837 0.006122448979591836 0.01443001443001443
5 0.06479591836734694 0.663059163059163 0.02040816326530612 0.04040404040404041
67 0.08698979591836735 0.6590909090909091 0.0066326530612244895 0.01443001443001443
67 0.09387755102040816 0.65007215007215 0.006122448979591836 0.01443001443001443
67 0.10051020408163265 0.661976911976912 0.006122448979591836 0.01443001443001443
67 0.10714285714285714 0.6533189033189033 0.006122448979591836 0.01443001443001443
67 0.11403061224489795 0.6652236652236653 0.0066326530612244895 0.01443001443001443
67 0.12091836734693878 0.6562049062049062 0.006122448979591836 0.01443001443001443
5 0.06479591836734694 0.7323232323232324 0.02040816326530612 0.04040404040404041
67 0.08698979591836735 0.7283549783549783 0.0066326530612244895 0.01443001443001443
67 0.09387755102040816 0.7193362193362194 0.006122448979591836 0.01443001443001443
67 0.10051020408163265 0.7312409812409812 0.006122448979591836 0.01443001443001443
67 0.10714285714285714 0.7224025974025974 0.006122448979591836 0.01406926406926407
67 0.11403061224489795 0.7344877344877345 0.0066326530612244895 0.01443001443001443
67 0.12091836734693878 0.7254689754689755 0.006122448979591836 0.01443001443001443
26 0.2173469387755102 0.7348484848484849 0.01020408163265306 0.005772005772005772
26 0.19795918367346937 0.6596320346320347 0.01020408163265306 0.006132756132756133
24 0.19795918367346937 0.7317821067821068 0.01020408163265306 0.006132756132756133
41 0.1931122448979592 0.6679292929292929 0.0005102040816326531 0.01479076479076479
41 0.1931122448979592 0.7413419913419913 0.0005102040816326531 0.016594516594516596
24 0.2173469387755102 0.6625180375180375 0.01020408163265306 0.006132756132756133
70 0.2173469387755102 0.6461038961038961 0.014285714285714285 0.005772005772005772
71 0.2173469387755102 0.7481962481962482 0.014285714285714285 0.005772005772005772
41 0.2125 0.672979797979798 0.0005102040816326531 0.0183982683982684
41 0.22193877551020408 0.724025974025974 0.0010204081632653062 0.01948051948051948
26 0.24489795918367346 0.6655844155844156 0.01020408163265306 0.005772005772005772
24 0.24489795918367346 0.737914862914863 0.01020408163265306 0.006132756132756133
41 0.24974489795918367 0.6571067821067821 0.0005102040816326531 0.01479076479076479
41 0.1461734693877551 0.7397186147186147 0.0005102040816326531 0.01984126984126984
61 0.13979591836734695 0.7288961038961039 0.00510204081632653 0.015512265512265512
41 0.35127551020408165 0.672979797979798 0.0005102040816326531 0.0183982683982684
24 0.1788265306122449 0.6567460317460317 0.009693877551020408 0.006132756132756133
26 0.1788265306122449 0.7288961038961039 0.009693877551020408 0.006132756132756133
41 0.17423469387755103 0.665945165945166 0.0005102040816326531 0.016594516594516596
41 0.17423469387755103 0.7391774891774892 0.0005102040816326531 0.01875901875901876
24 0.48928571428571427 0.6625180375180375 0.01020408163265306 0.006132756132756133
71 0.48928571428571427 0.6789321789321789 0.014285714285714285 0.005772005772005772
26 0.48928571428571427 0.7348484848484849 0.01020408163265306 0.005772005772005772
71 0.48928571428571427 0.7481962481962482 0.014285714285714285 0.005772005772005772
26 0.48928571428571427 0.810064935064935 0.01020408163265306 0.006132756132756133
71 0.48928571428571427 0.8174603174603174 0.014285714285714285 0.005772005772005772
26 0.48928571428571427 0.8612914862914863 0.01020408163265306 0.006132756132756133
70 0.48928571428571427 0.8538961038961039 0.014285714285714285 0.005772005772005772
41 0.49387755102040815 0.6540404040404041 0.0010204081632653062 0.015151515151515152
41 0.46505102040816326 0.8733766233766234 0.0005102040816326531 0.01443001443001443
41 0.49387755102040815 0.7254689754689755 0.0010204081632653062 0.016594516594516596
41 0.49387755102040815 0.8006854256854257 0.0010204081632653062 0.016955266955266956
41 0.4844387755102041 0.8708513708513709 0.0005102040816326531 0.016594516594516596
26 0.4698979591836735 0.6655844155844156 0.01020408163265306 0.005772005772005772
71 0.4698979591836735 0.6789321789321789 0.014285714285714285 0.005772005772005772
24 0.4698979591836735 0.737914862914863 0.01020408163265306 0.006132756132756133
24 0.4698979591836735 0.812950937950938 0.01020408163265306 0.006132756132756133
71 0.4698979591836735 0.8203463203463204 0.014285714285714285 0.005772005772005772
24 0.4698979591836735 0.8643578643578643 0.01020408163265306 0.005772005772005772
70 0.4698979591836735 0.8538961038961039 0.014285714285714285 0.005772005772005772
41 0.4747448979591837 0.6560245310245311 0.0005102040816326531 0.016955266955266956
41 0.4747448979591837 0.7276334776334776 0.0005102040816326531 0.018037518037518036
61 0.4586734693877551 0.737914862914863 0.00510204081632653 0.015512265512265512
41 0.4747448979591837 0.803030303030303 0.0005102040816326531 0.018037518037518036
24 0.5270408163265307 0.6567460317460317 0.01020408163265306 0.006132756132756133
70 0.5270408163265307 0.6461038961038961 0.014285714285714285 0.005772005772005772
28 0.5270408163265307 0.737914862914863 0.01020408163265306 0.006132756132756133
71 0.5270408163265307 0.7481962481962482 0.014285714285714285 0.005772005772005772
26 0.5270408163265307 0.8039321789321789 0.01020408163265306 0.006132756132756133
71 0.5270408163265307 0.8174603174603174 0.014285714285714285 0.005772005772005772
26 0.5270408163265307 0.8555194805194806 0.01020408163265306 0.006132756132756133
70 0.5270408163265307 0.8481240981240982 0.014285714285714285 0.005772005772005772
41 0.5221938775510204 0.6675685425685426 0.0005102040816326531 0.01984126984126984
41 0.5318877551020408 0.726911976911977 0.0005102040816326531 0.01948051948051948
41 0.5318877551020408 0.7956349206349206 0.0005102040816326531 0.01479076479076479
41 0.5221938775510204 0.8663419913419913 0.0005102040816326531 0.01984126984126984
24 0.5464285714285714 0.8071789321789322 0.01020408163265306 0.006132756132756133
26 0.5081632653061224 0.6596320346320347 0.01020408163265306 0.006132756132756133
71 0.5081632653061224 0.6789321789321789 0.014285714285714285 0.005772005772005772
24 0.5081632653061224 0.7317821067821068 0.01020408163265306 0.006132756132756133
71 0.5081632653061224 0.7481962481962482 0.014285714285714285 0.005772005772005772
24 0.5081632653061224 0.8071789321789322 0.01020408163265306 0.006132756132756133
71 0.5081632653061224 0.8174603174603174 0.014285714285714285 0.005772005772005772
24 0.5081632653061224 0.8584054834054834 0.01020408163265306 0.006132756132756133
70 0.5081632653061224 0.851010101010101 0.014285714285714285 0.005772005772005772
41 0.5130102040816327 0.6518759018759018 0.0005102040816326531 0.013708513708513708
71 0.4698979591836735 0.75 0.014285714285714285 0.005772005772005772
41 0.5130102040816327 0.7231240981240982 0.0005102040816326531 0.015512265512265512
41 0.5130102040816327 0.7981601731601732 0.0005102040816326531 0.015512265512265512
41 0.5035714285714286 0.8683261183261183 0.0010204081632653062 0.018037518037518036
70 0.44387755102040816 0.5768398268398268 0.014285714285714285 0.005772005772005772
41 0.4079081632653061 0.6547619047619048 0.0005102040816326531 0.017316017316017316
41 0.4079081632653061 0.7278138528138528 0.0005102040816326531 0.015512265512265512
32 0.4441326530612245 0.5874819624819625 0.01479591836734694 0.006132756132756133
95 0.4316326530612245 0.6163419913419913 0.017346938775510204 0.01406926406926407
95 0.44081632653061226 0.6163419913419913 0.017346938775510204 0.01406926406926407
95 0.45 0.6163419913419913 0.017346938775510204 0.01406926406926407
95 0.45918367346938777 0.6163419913419913 0.017346938775510204 0.01406926406926407
24 0.4418367346938776 0.6686507936507936 0.01020408163265306 0.006132756132756133
95 0.42933673469387756 0.6919191919191919 0.01683673469387755 0.013708513708513708
95 0.4385204081632653 0.6919191919191919 0.01683673469387755 0.013708513708513708
95 0.4474489795918367 0.6919191919191919 0.017346938775510204 0.013708513708513708
95 0.45663265306122447 0.6919191919191919 0.017346938775510204 0.013708513708513708
71 0.4418367346938776 0.6789321789321789 0.014285714285714285 0.005772005772005772
26 0.4418367346938776 0.7408008658008658 0.01020408163265306 0.006132756132756133
95 0.42933673469387756 0.7640692640692641 0.01683673469387755 0.013708513708513708
95 0.4385204081632653 0.7640692640692641 0.01683673469387755 0.013708513708513708
95 0.4474489795918367 0.7640692640692641 0.017346938775510204 0.013708513708513708
95 0.45663265306122447 0.7640692640692641 0.017346938775510204 0.013708513708513708
71 0.4418367346938776 0.7481962481962482 0.014285714285714285 0.005772005772005772
26 0.4418367346938776 0.816017316017316 0.01020408163265306 0.005772005772005772
95 0.42933673469387756 0.8363997113997114 0.01683673469387755 0.01406926406926407
95 0.4385204081632653 0.8363997113997114 0.01683673469387755 0.01406926406926407
95 0.4474489795918367 0.8363997113997114 0.017346938775510204 0.01406926406926407
95 0.45663265306122447 0.8363997113997114 0.017346938775510204 0.01406926406926407
71 0.4418367346938776 0.8234126984126984 0.014285714285714285 0.005411255411255411
26 0.4418367346938776 0.8674242424242424 0.01020408163265306 0.006132756132756133
95 0.42933673469387756 0.8955627705627706 0.01683673469387755 0.01406926406926407
95 0.4385204081632653 0.8955627705627706 0.01683673469387755 0.01406926406926407
95 0.4474489795918367 0.8955627705627706 0.017346938775510204 0.01406926406926407
95 0.45663265306122447 0.8955627705627706 0.017346938775510204 0.01406926406926407
70 0.4418367346938776 0.8538961038961039 0.014285714285714285 0.005772005772005772
78 0.38392857142857145 0.5735930735930735 0.007653061224489796 0.00937950937950938
24 0.38418367346938775 0.6625180375180375 0.01020408163265306 0.006132756132756133
79 0.38392857142857145 0.6764069264069265 0.007653061224489796 0.00937950937950938
26 0.38418367346938775 0.7348484848484849 0.01020408163265306 0.005772005772005772
79 0.38392857142857145 0.7456709956709957 0.007653061224489796 0.00937950937950938
41 0.3793367346938776 0.5946969696969697 0.0005102040816326531 0.0183982683982684
41 0.38877551020408163 0.6533189033189033 0.0010204081632653062 0.016594516594516596
41 0.38877551020408163 0.7263708513708513 0.0010204081632653062 0.01479076479076479
24 0.4030612244897959 0.5874819624819625 0.01020408163265306 0.006132756132756133
78 0.4033163265306122 0.5735930735930735 0.007653061224489796 0.00937950937950938
26 0.4030612244897959 0.6655844155844156 0.01020408163265306 0.005772005772005772
79 0.4033163265306122 0.6764069264069265 0.007653061224489796 0.00937950937950938
24 0.4030612244897959 0.737914862914863 0.01020408163265306 0.006132756132756133
79 0.4033163265306122 0.7514430014430015 0.007653061224489796 0.00937950937950938
41 0.3982142857142857 0.5966810966810967 0.0005102040816326531 0.016594516594516596
41 0.44642857142857145 0.8057359307359307 0.0010204081632653062 0.0183982683982684
41 0.43698979591836734 0.8757215007215007 0.0005102040816326531 0.01479076479076479
41 0.44642857142857145 0.6585497835497836 0.0010204081632653062 0.017676767676767676
41 0.44642857142857145 0.7305194805194806 0.0010204081632653062 0.01875901875901876