134 0.4997448979591837 0.09577922077922078 0.9045918367346939 0.024170274170274172
1 0.7303571428571428 0.306998556998557 0.012755102040816327 0.0007215007215007215
1 0.6209183673469387 0.30104617604617606 0.024489795918367346 0.0010822510822510823
1 0.6209183673469387 0.306998556998557 0.024489795918367346 0.0007215007215007215
1 0.5505102040816326 0.30104617604617606 0.018367346938775512 0.0010822510822510823
1 0.5505102040816326 0.306998556998557 0.018367346938775512 0.0007215007215007215
134 0.4997448979591837 0.17261904761904762 0.9045918367346939 0.024170274170274172
1 0.8816326530612245 0.22132034632034633 0.024489795918367346 0.0010822510822510823
1 0.7913265306122449 0.22132034632034633 0.018367346938775512 0.0010822510822510823
134 0.4997448979591837 0.23917748917748918 0.9045918367346939 0.023809523809523808
1 0.49081632653061225 0.07792207792207792 0.024489795918367346 0.0007215007215007215
1 0.3673469387755102 0.07792207792207792 0.024489795918367346 0.0007215007215007215
1 0.2625 0.07792207792207792 0.012755102040816327 0.0007215007215007215
1 0.23265306122448978 0.07196969696969698 0.012244897959183673 0.0010822510822510823
1 0.23265306122448978 0.07792207792207792 0.012244897959183673 0.0007215007215007215
134 0.4997448979591837 0.4016955266955267 0.9045918367346939 0.024170274170274172
1 0.8816326530612245 0.3838383838383838 0.024489795918367346 0.0007215007215007215
1 0.7913265306122449 0.3838383838383838 0.018367346938775512 0.0007215007215007215
1 0.6209183673469387 0.3838383838383838 0.024489795918367346 0.0007215007215007215
1 0.5505102040816326 0.3838383838383838 0.018367346938775512 0.0007215007215007215
134 0.4997448979591837 0.32485569985569984 0.9045918367346939 0.024170274170274172
41 0.6961734693877552 0.31836219336219335 0.0005102040816326531 0.012626262626262626
34 0.6211734693877551 0.24224386724386723 0.015816326530612244 0.005411255411255411
34 0.6211734693877551 0.08098845598845598 0.015816326530612244 0.005411255411255411
32 0.6211734693877551 0.16666666666666666 0.015816326530612244 0.005772005772005772
41 0.7267857142857143 0.31691919191919193 0.0005102040816326531 0.015512265512265512
24 0.7303571428571428 0.10173160173160173 0.007653061224489796 0.005772005772005772
24 0.7303571428571428 0.306998556998557 0.007653061224489796 0.005772005772005772
41 0.7339285714285714 0.09163059163059163 0.0005102040816326531 0.01875901875901876
41 0.5446428571428571 0.3953823953823954 0.0005102040816326531 0.01875901875901876
26 0.7448979591836735 0.09884559884559885 0.00816326530612245 0.005772005772005772
41 0.7487244897959183 0.08856421356421357 0.0005102040816326531 0.0183982683982684
41 0.7181122448979592 0.09505772005772006 0.0005102040816326531 0.021284271284271284
24 0.7142857142857143 0.10768398268398269 0.00816326530612245 0.005411255411255411
122 0.32882653061224487 0.31836219336219335 0.06581632653061224 0.003968253968253968
34 0.6211734693877551 0.2981601731601732 0.015816326530612244 0.005411255411255411
41 0.7033163265306123 0.1672077922077922 0.0005102040816326531 0.0183982683982684
32 0.6211734693877551 0.38401875901875904 0.015816326530612244 0.005411255411255411
41 0.7033163265306123 0.09541847041847042 0.0005102040816326531 0.020562770562770564
85 0.7012755102040816 0.4000721500721501 0.010714285714285714 0.002886002886002886
95 0.6989795918367347 0.3457792207792208 0.009183673469387756 0.009018759018759018
26 0.6997448979591837 0.31006493506493504 0.007653061224489796 0.005411255411255411
85 0.7012755102040816 0.23755411255411255 0.010714285714285714 0.003246753246753247
95 0.6989795918367347 0.19354256854256854 0.009183673469387756 0.009018759018759018
24 0.6997448979591837 0.17857142857142858 0.007653061224489796 0.005772005772005772
95 0.6959183673469388 0.11922799422799422 0.009183673469387756 0.009018759018759018
95 0.702295918367347 0.11922799422799422 0.008673469387755102 0.009018759018759018
24 0.6997448979591837 0.10768398268398269 0.007653061224489796 0.005411255411255411
122 0.8533163265306123 0.11417748917748918 0.052551020408163264 0.003968253968253968
122 0.8364795918367347 0.37734487734487737 0.08622448979591837 0.004329004329004329
122 0.8354591836734694 0.31096681096681095 0.07193877551020408 0.004329004329004329
122 0.8364795918367347 0.21464646464646464 0.08622448979591837 0.004329004329004329
122 0.8364795918367347 0.1911976911976912 0.08622448979591837 0.004329004329004329
121 0.8012755102040816 0.08676046176046176 0.01683673469387755 0.005411255411255411
121 0.7112244897959183 0.3255772005772006 0.030612244897959183 0.003246753246753247
121 0.7260204081632653 0.08189033189033189 0.044897959183673466 0.007936507936507936
121 0.7260204081632653 0.08694083694083694 0.044897959183673466 0.007936507936507936
122 0.5846938775510204 0.2931096681096681 0.05204081632653061 0.003968253968253968
122 0.4561224489795918 0.3125901875901876 0.05714285714285714 0.003968253968253968
28 0.7913265306122449 0.1847041847041847 0.012244897959183673 0.005772005772005772
28 0.7913265306122449 0.22132034632034633 0.012244897959183673 0.006132756132756133
95 0.7905612244897959 0.25992063492063494 0.008673469387755102 0.009018759018759018
30 0.7913265306122449 0.31601731601731603 0.012244897959183673 0.005772005772005772
28 0.7913265306122449 0.3838383838383838 0.012244897959183673 0.005772005772005772
95 0.7905612244897959 0.4226190476190476 0.008673469387755102 0.009018759018759018
41 0.7931122448979592 0.09271284271284272 0.0005102040816326531 0.015151515151515152
24 0.7892857142857143 0.10173160173160173 0.00816326530612245 0.005772005772005772
41 0.7971938775510204 0.17352092352092352 0.0005102040816326531 0.01948051948051948
41 0.7854591836734693 0.23232323232323232 0.0005102040816326531 0.01948051948051948
24 0.7596938775510204 0.09577922077922078 0.00816326530612245 0.005411255411255411
86 0.7586734693877552 0.1699134199134199 0.007142857142857143 0.015151515151515152
86 0.7586734693877552 0.32233044733044736 0.007142857142857143 0.01479076479076479
41 0.7558673469387756 0.10606060606060606 0.0005102040816326531 0.01875901875901876
32 0.8816326530612245 0.10786435786435787 0.0163265306122449 0.005772005772005772
32 0.8816326530612245 0.1847041847041847 0.0163265306122449 0.005772005772005772
32 0.8816326530612245 0.22132034632034633 0.0163265306122449 0.005411255411255411
34 0.8816326530612245 0.31601731601731603 0.0163265306122449 0.005772005772005772
32 0.8816326530612245 0.38401875901875904 0.0163265306122449 0.005411255411255411
24 0.8061224489795918 0.10768398268398269 0.00816326530612245 0.005411255411255411
41 0.7854591836734693 0.32702020202020204 0.0005102040816326531 0.01911976911976912
41 0.7854591836734693 0.395021645021645 0.0005102040816326531 0.01948051948051948
41 0.8099489795918368 0.09776334776334776 0.0005102040816326531 0.018037518037518036
24 0.825 0.10768398268398269 0.00816326530612245 0.005411255411255411
41 0.8288265306122449 0.09686147186147186 0.0005102040816326531 0.01984126984126984
41 0.2288265306122449 0.0845959595959596 0.0005102040816326531 0.022005772005772004
26 0.29183673469387755 0.08080808080808081 0.00816326530612245 0.005772005772005772
28 0.2941326530612245 0.325036075036075 0.01173469387755102 0.005772005772005772
28 0.2938775510204082 0.4137806637806638 0.012244897959183673 0.005772005772005772
41 0.288265306122449 0.09181096681096682 0.0010204081632653062 0.01984126984126984
41 0.288265306122449 0.3353174603174603 0.0010204081632653062 0.0183982683982684
41 0.2997448979591837 0.4025974025974026 0.0005102040816326531 0.01948051948051948
24 0.3227040816326531 0.08387445887445888 0.007653061224489796 0.005411255411255411
41 0.3191326530612245 0.0946969696969697 0.0005102040816326531 0.01984126984126984
26 0.2625 0.07485569985569986 0.007653061224489796 0.005411255411255411
86 0.2614795918367347 0.32233044733044736 0.007653061224489796 0.01479076479076479
26 0.26224489795918365 0.4166666666666667 0.00816326530612245 0.005772005772005772
41 0.2586734693877551 0.08567821067821067 0.0010204081632653062 0.01984126984126984
4 0.21683673469387754 0.04274891774891775 0.022448979591836733 0.020562770562770564
41 0.26607142857142857 0.406024531024531 0.0005102040816326531 0.01984126984126984
84 0.14591836734693878 0.39754689754689754 0.011224489795918367 0.002886002886002886
5 0.06505102040816327 0.09632034632034632 0.020918367346938777 0.03535353535353535
5 0.06505102040816327 0.17316017316017315 0.020918367346938777 0.03535353535353535
84 0.14591836734693878 0.3207070707070707 0.011224489795918367 0.002886002886002886
8 0.06505102040816327 0.23593073593073594 0.020918367346938777 0.015151515151515152
5 0.06505102040816327 0.32575757575757575 0.020918367346938777 0.03535353535353535
0 0.04030612244897959 0.205988455988456 0.00816326530612245 0.09018759018759019
84 0.14591836734693878 0.1682900432900433 0.011224489795918367 0.003246753246753247
84 0.14591836734693878 0.23484848484848486 0.011224489795918367 0.002886002886002886
41 0.1875 0.10082972582972582 0.0005102040816326531 0.01911976911976912
26 0.16071428571428573 0.09271284271284272 0.00816326530612245 0.005772005772005772
41 0.1568877551020408 0.10371572871572872 0.0005102040816326531 0.01984126984126984
24 0.1913265306122449 0.08982683982683982 0.00816326530612245 0.005772005772005772
24 0.23265306122448978 0.07196969696969698 0.00816326530612245 0.005411255411255411
34 0.23673469387755103 0.15782828282828282 0.0163265306122449 0.006132756132756133
32 0.23673469387755103 0.23322510822510822 0.0163265306122449 0.005411255411255411
86 0.2316326530612245 0.32233044733044736 0.007142857142857143 0.01479076479076479
86 0.2316326530612245 0.3991702741702742 0.007142857142857143 0.01479076479076479
8 0.06505102040816327 0.3986291486291486 0.020918367346938777 0.015151515151515152
86 0.09974489795918368 0.09307359307359307 0.007653061224489796 0.015151515151515152
24 0.13010204081632654 0.09577922077922078 0.00816326530612245 0.005411255411255411
41 0.12627551020408162 0.10606060606060606 0.0005102040816326531 0.01875901875901876
28 0.42551020408163265 0.3189033189033189 0.012244897959183673 0.005772005772005772
30 0.42551020408163265 0.41089466089466087 0.012244897959183673 0.005772005772005772
41 0.41989795918367345 0.3300865800865801 0.0010204081632653062 0.01948051948051948
32 0.49081632653061225 0.07792207792207792 0.0163265306122449 0.005772005772005772
32 0.49081632653061225 0.16666666666666666 0.0163265306122449 0.005772005772005772
34 0.49081632653061225 0.24224386724386723 0.0163265306122449 0.005411255411255411
24 0.48673469387755103 0.3189033189033189 0.00816326530612245 0.005772005772005772
86 0.48596938775510207 0.3991702741702742 0.007653061224489796 0.01479076479076479
41 0.5206632653061225 0.3995310245310245 0.0005102040816326531 0.01911976911976912
86 0.5158163265306123 0.32233044733044736 0.007142857142857143 0.01479076479076479
26 0.5168367346938776 0.4107142857142857 0.00816326530612245 0.005411255411255411
30 0.5505102040816326 0.2981601731601732 0.012244897959183673 0.006132756132756133
28 0.5505102040816326 0.3838383838383838 0.012244897959183673 0.005772005772005772
41 0.5446428571428571 0.3120490620490621 0.0005102040816326531 0.025252525252525252
41 0.4829081632653061 0.3299062049062049 0.0005102040816326531 0.01984126984126984
41 0.43137755102040815 0.3997113997113997 0.0005102040816326531 0.01948051948051948
41 0.35994897959183675 0.33585858585858586 0.0005102040816326531 0.017316017316017316
86 0.36275510204081635 0.3991702741702742 0.007142857142857143 0.01479076479076479
24 0.3635204081632653 0.325036075036075 0.007653061224489796 0.005772005772005772
41 0.3971938775510204 0.4022366522366522 0.0005102040816326531 0.01875901875901876
24 0.3936224489795918 0.4137806637806638 0.007653061224489796 0.005772005772005772
86 0.39260204081632655 0.32233044733044736 0.007653061224489796 0.01479076479076479
32 0.3676020408163265 0.23917748917748918 0.015816326530612244 0.005772005772005772
34 0.3676020408163265 0.07503607503607504 0.015816326530612244 0.005772005772005772
34 0.3676020408163265 0.16378066378066378 0.015816326530612244 0.005772005772005772