134 0.4997448979591837 0.3392857142857143 0.9045918367346939 0.024170274170274172
134 0.4997448979591837 0.4078282828282828 0.9045918367346939 0.024170274170274172
1 0.46683673469387754 0.044733044733044736 0.015306122448979591 0.0007215007215007215
1 0.26198979591836735 0.044733044733044736 0.015816326530612244 0.0007215007215007215
134 0.4997448979591837 0.27074314574314573 0.9045918367346939 0.024170274170274172
134 0.4997448979591837 0.12445887445887446 0.9045918367346939 0.023809523809523808
134 0.4997448979591837 0.20202020202020202 0.9045918367346939 0.023809523809523808
1 0.3604591836734694 0.18416305916305917 0.015816326530612244 0.0010822510822510823
134 0.4997448979591837 0.06259018759018758 0.9045918367346939 0.024170274170274172
41 0.6816326530612244 0.40295815295815296 0.0010204081632653062 0.01948051948051948
47 0.6857142857142857 0.4022366522366522 0.00816326530612245 0.017316017316017316
26 0.7239795918367347 0.07738095238095238 0.01020408163265306 0.006132756132756133
94 0.7204081632653061 0.08784271284271285 0.015306122448979591 0.006854256854256854
93 0.7308673469387755 0.08964646464646464 0.013775510204081633 0.010461760461760462
28 0.724234693877551 0.13636363636363635 0.009693877551020408 0.005772005772005772
28 0.7234693877551021 0.13041125541125542 0.009183673469387756 0.006132756132756133
28 0.7237244897959184 0.12445887445887446 0.008673469387755102 0.005772005772005772
24 0.724234693877551 0.19606782106782106 0.009693877551020408 0.006132756132756133
24 0.724234693877551 0.27074314574314573 0.009693877551020408 0.006132756132756133
95 0.7255102040816327 0.29365079365079366 0.017346938775510204 0.013708513708513708
24 0.724234693877551 0.4078282828282828 0.009693877551020408 0.006132756132756133
41 0.6721938775510204 0.20256132756132755 0.0005102040816326531 0.020562770562770564
94 0.674234693877551 0.29329004329004327 0.01479591836734694 0.006493506493506494
95 0.685204081632653 0.29365079365079366 0.017346938775510204 0.013708513708513708
24 0.6767857142857143 0.4137806637806638 0.009693877551020408 0.005772005772005772
93 0.6767857142857143 0.4291125541125541 0.013775510204081633 0.010461760461760462
41 0.6721938775510204 0.07233044733044733 0.0005102040816326531 0.015512265512265512
41 0.6721938775510204 0.27525252525252525 0.0005102040816326531 0.016594516594516596
41 0.7193877551020408 0.4181096681096681 0.0010204081632653062 0.01875901875901876
26 0.7545918367346939 0.07142857142857142 0.01020408163265306 0.005772005772005772
26 0.7545918367346939 0.19895382395382397 0.01020408163265306 0.006132756132756133
26 0.7545918367346939 0.2736291486291486 0.01020408163265306 0.006132756132756133
41 0.7594387755102041 0.059704184704184704 0.0005102040816326531 0.021284271284271284
41 0.7497448979591836 0.20977633477633478 0.0005102040816326531 0.01911976911976912
41 0.7288265306122449 0.06367243867243867 0.0005102040816326531 0.025613275613275612
24 0.6767857142857143 0.06259018759018758 0.009693877551020408 0.006132756132756133
41 0.7288265306122449 0.11994949494949494 0.0005102040816326531 0.030663780663780664
94 0.7204081632653061 0.43506493506493504 0.015306122448979591 0.006493506493506494
93 0.7308673469387755 0.4366883116883117 0.013775510204081633 0.010461760461760462
41 0.7193877551020408 0.2077922077922078 0.0010204081632653062 0.021645021645021644
41 0.7288265306122449 0.26172438672438675 0.0005102040816326531 0.015512265512265512
24 0.5780612244897959 0.19606782106782106 0.01020408163265306 0.006132756132756133
94 0.574234693877551 0.2269119769119769 0.01479591836734694 0.006493506493506494
93 0.5849489795918368 0.2288961038961039 0.013775510204081633 0.010461760461760462
24 0.5780612244897959 0.27074314574314573 0.01020408163265306 0.006132756132756133
94 0.574234693877551 0.2976190476190476 0.01479591836734694 0.006493506493506494
93 0.5849489795918368 0.29924242424242425 0.013775510204081633 0.010461760461760462
41 0.5732142857142857 0.07160894660894661 0.0005102040816326531 0.01479076479076479
94 0.575765306122449 0.09163059163059163 0.01479591836734694 0.006493506493506494
95 0.5862244897959183 0.09181096681096682 0.017346938775510204 0.01406926406926407
41 0.5732142857142857 0.2068903318903319 0.0005102040816326531 0.01984126984126984
41 0.5732142857142857 0.2795815295815296 0.0005102040816326531 0.015873015873015872
41 0.5334183673469388 0.4083694083694084 0.0005102040816326531 0.01875901875901876
24 0.5780612244897959 0.06259018759018758 0.01020408163265306 0.006132756132756133
41 0.624234693877551 0.27435064935064934 0.0005102040816326531 0.021284271284271284
121 0.17704081632653063 0.07323232323232323 0.16020408163265307 0.013708513708513708
94 0.674234693877551 0.0891053391053391 0.01479591836734694 0.006493506493506494
95 0.685204081632653 0.08928571428571429 0.017346938775510204 0.01406926406926407
24 0.6767857142857143 0.19011544011544013 0.009693877551020408 0.005772005772005772
94 0.6732142857142858 0.2215007215007215 0.01479591836734694 0.006493506493506494
93 0.6836734693877551 0.22348484848484848 0.013265306122448979 0.010461760461760462
41 0.624234693877551 0.06872294372294373 0.0005102040816326531 0.020562770562770564
24 0.6290816326530613 0.056457431457431456 0.01020408163265306 0.006132756132756133
95 0.6303571428571428 0.09181096681096682 0.01683673469387755 0.01406926406926407
26 0.6290816326530613 0.18704906204906205 0.01020408163265306 0.006132756132756133
94 0.6265306122448979 0.22564935064935066 0.015306122448979591 0.006854256854256854
95 0.6372448979591837 0.22582972582972582 0.017346938775510204 0.013708513708513708
26 0.6290816326530613 0.26172438672438675 0.01020408163265306 0.006132756132756133
87 0.628061224489796 0.40764790764790765 0.00816326530612245 0.00937950937950938
24 0.6767857142857143 0.26461038961038963 0.009693877551020408 0.006132756132756133
41 0.624234693877551 0.2012987012987013 0.0005102040816326531 0.025974025974025976
121 0.8579081632653062 0.06691919191919192 0.03010204081632653 0.00468975468975469
121 0.872704081632653 0.07034632034632035 0.06173469387755102 0.007936507936507936
121 0.7591836734693878 0.25577200577200576 0.06020408163265306 0.005772005772005772
121 0.7438775510204082 0.25955988455988455 0.02959183673469388 0.003968253968253968
121 0.7346938775510204 0.215007215007215 0.030612244897959183 0.004329004329004329
121 0.7494897959183674 0.22095959595959597 0.06020408163265306 0.006132756132756133
121 0.775 0.046176046176046176 0.09183673469387756 0.010822510822510822
121 0.7747448979591837 0.050865800865800864 0.0913265306122449 0.010822510822510822
121 0.3706632653061224 0.20544733044733043 0.02806122448979592 0.006132756132756133
121 0.3451530612244898 0.21392496392496393 0.08010204081632653 0.013708513708513708
121 0.3834183673469388 0.07323232323232323 0.15663265306122448 0.013708513708513708
121 0.1614795918367347 0.21572871572871574 0.02806122448979592 0.002886002886002886
121 0.13673469387755102 0.2215007215007215 0.07959183673469387 0.005050505050505051
121 0.5979591836734693 0.2876984126984127 0.14795918367346939 0.00974025974025974
121 0.5979591836734693 0.21699134199134198 0.14795918367346939 0.010461760461760462
121 0.5979591836734693 0.08044733044733045 0.14795918367346939 0.0021645021645021645
41 0.789030612244898 0.26605339105339104 0.0005102040816326531 0.016955266955266956
24 0.8163265306122449 0.06259018759018758 0.01020408163265306 0.006132756132756133
41 0.8211734693877552 0.051587301587301584 0.0005102040816326531 0.01948051948051948
24 0.8469387755102041 0.056457431457431456 0.01020408163265306 0.006132756132756133
26 0.8469387755102041 0.19895382395382397 0.01020408163265306 0.006132756132756133
94 0.8441326530612245 0.22727272727272727 0.01479591836734694 0.006493506493506494
95 0.8551020408163266 0.22727272727272727 0.017346938775510204 0.013708513708513708
26 0.8469387755102041 0.2736291486291486 0.01020408163265306 0.006132756132756133
94 0.8441326530612245 0.29329004329004327 0.01479591836734694 0.006493506493506494
95 0.8551020408163266 0.29365079365079366 0.017346938775510204 0.013708513708513708
87 0.8459183673469388 0.40764790764790765 0.00816326530612245 0.00937950937950938
41 0.8420918367346939 0.06547619047619048 0.0005102040816326531 0.015512265512265512
41 0.789030612244898 0.055735930735930736 0.0005102040816326531 0.021284271284271284
24 0.7841836734693878 0.06836219336219336 0.01020408163265306 0.006132756132756133
24 0.7841836734693878 0.20202020202020202 0.01020408163265306 0.005772005772005772
24 0.7841836734693878 0.2765151515151515 0.01020408163265306 0.006132756132756133
94 0.7803571428571429 0.29004329004329005 0.01479591836734694 0.006493506493506494
93 0.7910714285714285 0.292027417027417 0.013775510204081633 0.010461760461760462
41 0.7795918367346939 0.21284271284271283 0.0010204081632653062 0.01948051948051948
26 0.9081632653061225 0.047619047619047616 0.01020408163265306 0.005772005772005772
95 0.9096938775510204 0.0854978354978355 0.017346938775510204 0.013708513708513708
26 0.9081632653061225 0.39880952380952384 0.01020408163265306 0.006132756132756133
93 0.9081632653061225 0.4291125541125541 0.013265306122448979 0.010461760461760462
41 0.9035714285714286 0.057900432900432904 0.0010204081632653062 0.0183982683982684
41 0.9035714285714286 0.4098124098124098 0.0010204081632653062 0.01948051948051948
53 0.9084183673469388 0.41053391053391053 0.008673469387755102 0.017316017316017316
41 0.8420918367346939 0.20995670995670995 0.0005102040816326531 0.01948051948051948
41 0.8517857142857143 0.2628066378066378 0.0005102040816326531 0.01984126984126984
41 0.7594387755102041 0.26424963924963923 0.0005102040816326531 0.016955266955266956
24 0.8785714285714286 0.05068542568542569 0.01020408163265306 0.006132756132756133
41 0.8737244897959183 0.060786435786435784 0.0005102040816326531 0.0183982683982684
24 0.15153061224489797 0.20202020202020202 0.01020408163265306 0.005772005772005772
94 0.14770408163265306 0.2297979797979798 0.01479591836734694 0.006493506493506494
93 0.15816326530612246 0.23142135642135642 0.013265306122448979 0.010461760461760462
41 0.14668367346938777 0.06854256854256854 0.0005102040816326531 0.013708513708513708
41 0.14668367346938777 0.21194083694083693 0.0005102040816326531 0.017676767676767676
26 0.15153061224489797 0.05952380952380952 0.01020408163265306 0.005772005772005772
26 0.18112244897959184 0.19895382395382397 0.01020408163265306 0.006132756132756133
41 0.17627551020408164 0.20995670995670995 0.0005102040816326531 0.01948051948051948
41 0.09668367346938775 0.21464646464646464 0.0005102040816326531 0.015873015873015872
41 0.10637755102040816 0.2712842712842713 0.0005102040816326531 0.01875901875901876
26 0.21326530612244898 0.05357142857142857 0.01020408163265306 0.006132756132756133
41 0.10637755102040816 0.39935064935064934 0.0005102040816326531 0.01875901875901876
24 0.261734693877551 0.04455266955266955 0.01020408163265306 0.006132756132756133
95 0.2540816326530612 0.0854978354978355 0.017346938775510204 0.013708513708513708
95 0.26326530612244897 0.0854978354978355 0.017346938775510204 0.013708513708513708
95 0.2724489795918367 0.0854978354978355 0.017346938775510204 0.013708513708513708
26 0.261734693877551 0.41684704184704185 0.01020408163265306 0.006132756132756133
93 0.261734693877551 0.4291125541125541 0.013265306122448979 0.010461760461760462
41 0.2571428571428571 0.056457431457431456 0.0010204081632653062 0.021284271284271284
41 0.26658163265306123 0.40584415584415584 0.0005102040816326531 0.01948051948051948
47 0.27091836734693875 0.4051226551226551 0.00816326530612245 0.017316017316017316
26 0.21326530612244898 0.19318181818181818 0.01020408163265306 0.006132756132756133
94 0.21045918367346939 0.22474747474747475 0.01479591836734694 0.006493506493506494
95 0.22142857142857142 0.22510822510822512 0.017346938775510204 0.013708513708513708
26 0.21301020408163265 0.2676767676767677 0.009693877551020408 0.005772005772005772
105 0.21326530612244898 0.25234487734487737 0.02040816326530612 0.009018759018759018
87 0.21224489795918366 0.40764790764790765 0.00816326530612245 0.00937950937950938
41 0.20841836734693878 0.06259018759018758 0.0005102040816326531 0.016233766233766232
41 0.20841836734693878 0.204004329004329 0.0005102040816326531 0.01984126984126984
41 0.20841836734693878 0.2784992784992785 0.0005102040816326531 0.01948051948051948
5 0.06479591836734694 0.06313131313131314 0.02040816326530612 0.04040404040404041
8 0.0653061224489796 0.12193362193362194 0.02142857142857143 0.01875901875901876
5 0.06479591836734694 0.20274170274170275 0.02040816326530612 0.04040404040404041
5 0.06479591836734694 0.2712842712842713 0.02040816326530612 0.04040404040404041
0 0.039285714285714285 0.09361471861471861 0.009183673469387756 0.08621933621933622
94 0.09770408163265307 0.4273088023088023 0.01479591836734694 0.006854256854256854
93 0.10841836734693877 0.4291125541125541 0.013775510204081633 0.010461760461760462
30 0.10102040816326531 0.1213924963924964 0.009183673469387756 0.006132756132756133
26 0.10153061224489796 0.2050865800865801 0.01020408163265306 0.006132756132756133
94 0.09923469387755102 0.2334054834054834 0.01479591836734694 0.006493506493506494
95 0.1096938775510204 0.2335858585858586 0.017346938775510204 0.01406926406926407
24 0.10153061224489796 0.28264790764790765 0.01020408163265306 0.006132756132756133
94 0.09770408163265307 0.29292929292929293 0.01479591836734694 0.006493506493506494
93 0.10841836734693877 0.2949134199134199 0.013775510204081633 0.010461760461760462
105 0.10153061224489796 0.25234487734487737 0.02040816326530612 0.009018759018759018
32 0.1038265306122449 0.3273809523809524 0.01479591836734694 0.006132756132756133
26 0.10153061224489796 0.4107142857142857 0.01020408163265306 0.006132756132756133
30 0.10102040816326531 0.1275252525252525 0.009183673469387756 0.006132756132756133
41 0.09668367346938775 0.07305194805194805 0.0005102040816326531 0.011904761904761904
41 0.10637755102040816 0.11706349206349206 0.0005102040816326531 0.0284992784992785
8 0.0653061224489796 0.33676046176046176 0.02142857142857143 0.0183982683982684
8 0.0653061224489796 0.4053030303030303 0.02142857142857143 0.0183982683982684
10 0.06198979591836735 0.4240620490620491 0.005612244897959183 0.005411255411255411
26 0.10153061224489796 0.06547619047619048 0.01020408163265306 0.006132756132756133
95 0.10306122448979592 0.08982683982683982 0.017346938775510204 0.013708513708513708
30 0.10153061224489796 0.1332972582972583 0.01020408163265306 0.006132756132756133
41 0.46198979591836736 0.056818181818181816 0.0005102040816326531 0.020562770562770564
41 0.4716836734693878 0.40566378066378067 0.0005102040816326531 0.01911976911976912
47 0.475765306122449 0.4051226551226551 0.007653061224489796 0.017316017316017316
93 0.46658163265306124 0.4291125541125541 0.013775510204081633 0.010461760461760462
24 0.5285714285714286 0.056457431457431456 0.01020408163265306 0.006132756132756133
95 0.5301020408163265 0.09181096681096682 0.017346938775510204 0.01406926406926407
28 0.5290816326530612 0.13041125541125542 0.009183673469387756 0.006132756132756133
28 0.5290816326530612 0.12445887445887446 0.009183673469387756 0.005772005772005772
30 0.5285714285714286 0.11562049062049062 0.01020408163265306 0.006132756132756133
24 0.5285714285714286 0.20202020202020202 0.01020408163265306 0.005772005772005772
94 0.5262755102040816 0.23124098124098125 0.01479591836734694 0.006493506493506494
95 0.536734693877551 0.23142135642135642 0.017346938775510204 0.01406926406926407
26 0.3096938775510204 0.06547619047619048 0.01020408163265306 0.006132756132756133
41 0.41301020408163264 0.27886002886002886 0.0005102040816326531 0.01875901875901876
24 0.5285714285714286 0.2765151515151515 0.01020408163265306 0.006132756132756133
24 0.46683673469387754 0.04455266955266955 0.01020408163265306 0.006132756132756133
95 0.4589285714285714 0.0854978354978355 0.01683673469387755 0.013708513708513708
95 0.46811224489795916 0.0854978354978355 0.01683673469387755 0.013708513708513708
95 0.4772959183673469 0.0854978354978355 0.01683673469387755 0.013708513708513708
26 0.46683673469387754 0.41684704184704185 0.01020408163265306 0.006132756132756133
41 0.5237244897959183 0.28445165945165946 0.0005102040816326531 0.013347763347763348
41 0.5237244897959183 0.21194083694083693 0.0005102040816326531 0.017676767676767676
94 0.5262755102040816 0.30176767676767674 0.01479591836734694 0.006854256854256854
95 0.536734693877551 0.30194805194805197 0.017346938775510204 0.013708513708513708
34 0.5308673469387755 0.32431457431457433 0.01479591836734694 0.005772005772005772
24 0.5285714285714286 0.41973304473304474 0.01020408163265306 0.006132756132756133
94 0.5247448979591837 0.4301948051948052 0.01479591836734694 0.006854256854256854
93 0.5354591836734693 0.431998556998557 0.013775510204081633 0.010461760461760462
41 0.5237244897959183 0.0689033189033189 0.0005102040816326531 0.022366522366522368
41 0.41301020408163264 0.20436507936507936 0.0005102040816326531 0.01911976911976912
41 0.5237244897959183 0.1323953823953824 0.0005102040816326531 0.031746031746031744
41 0.3048469387755102 0.21338383838383837 0.0005102040816326531 0.012626262626262626
41 0.31454081632653064 0.2712842712842713 0.0005102040816326531 0.01875901875901876
41 0.31454081632653064 0.3995310245310245 0.0005102040816326531 0.01911976911976912
26 0.3607142857142857 0.05952380952380952 0.01020408163265306 0.005772005772005772
24 0.3607142857142857 0.18416305916305917 0.01020408163265306 0.006132756132756133
94 0.3579081632653061 0.22474747474747475 0.01479591836734694 0.006493506493506494
95 0.36887755102040815 0.22510822510822512 0.017346938775510204 0.013708513708513708
41 0.35586734693877553 0.06782106782106782 0.0005102040816326531 0.01443001443001443
26 0.3096938775510204 0.4107142857142857 0.01020408163265306 0.006132756132756133
95 0.310969387755102 0.08982683982683982 0.01683673469387755 0.013708513708513708
30 0.3096938775510204 0.1332972582972583 0.01020408163265306 0.006132756132756133
30 0.30918367346938774 0.1275252525252525 0.009183673469387756 0.006132756132756133
30 0.30918367346938774 0.1213924963924964 0.009183673469387756 0.006132756132756133
26 0.3096938775510204 0.2050865800865801 0.01020408163265306 0.006132756132756133
94 0.3058673469387755 0.22835497835497837 0.01479591836734694 0.006493506493506494
93 0.3163265306122449 0.23033910533910534 0.013265306122448979 0.010461760461760462
24 0.3096938775510204 0.28264790764790765 0.01020408163265306 0.006132756132756133
105 0.3096938775510204 0.25234487734487737 0.02040816326530612 0.009018759018759018
41 0.41301020408163264 0.06313131313131314 0.0005102040816326531 0.015151515151515152
94 0.3058673469387755 0.42712842712842713 0.01479591836734694 0.006493506493506494
93 0.3163265306122449 0.4291125541125541 0.013265306122448979 0.010461760461760462
41 0.3048469387755102 0.0726911976911977 0.0005102040816326531 0.012626262626262626
41 0.31454081632653064 0.1176046176046176 0.0005102040816326531 0.02958152958152958
41 0.3854591836734694 0.1984126984126984 0.0005102040816326531 0.01875901875901876
94 0.3864795918367347 0.2215007215007215 0.01479591836734694 0.006493506493506494
93 0.39693877551020407 0.22348484848484848 0.013265306122448979 0.010461760461760462
26 0.3903061224489796 0.18704906204906205 0.01020408163265306 0.006132756132756133
26 0.41785714285714287 0.05357142857142857 0.01020408163265306 0.006132756132756133
26 0.41785714285714287 0.19318181818181818 0.01020408163265306 0.006132756132756133
87 0.41683673469387755 0.40764790764790765 0.00816326530612245 0.00937950937950938
105 0.41785714285714287 0.25234487734487737 0.02040816326530612 0.009018759018759018
41 0.35586734693877553 0.1985930735930736 0.0005102040816326531 0.027056277056277056
26 0.41785714285714287 0.2676767676767677 0.01020408163265306 0.005772005772005772
94 0.41556122448979593 0.22474747474747475 0.01479591836734694 0.006493506493506494
95 0.4260204081632653 0.22510822510822512 0.017346938775510204 0.013708513708513708
1 0.75 0.560966810966811 0.015306122448979591 0.0007215007215007215
1 0.5316326530612245 0.560966810966811 0.015306122448979591 0.0007215007215007215
1 0.31785714285714284 0.560966810966811 0.015306122448979591 0.0007215007215007215
1 0.10153061224489796 0.560966810966811 0.015306122448979591 0.0007215007215007215
134 0.4997448979591837 0.924062049062049 0.9045918367346939 0.024170274170274172
134 0.4997448979591837 0.8555194805194806 0.9045918367346939 0.024170274170274172
134 0.4997448979591837 0.786976911976912 0.9045918367346939 0.024170274170274172
134 0.4997448979591837 0.7184343434343434 0.9045918367346939 0.024170274170274172
134 0.4997448979591837 0.6408730158730159 0.9045918367346939 0.024170274170274172
134 0.4997448979591837 0.5788239538239538 0.9045918367346939 0.024170274170274172
1 0.10153061224489796 0.7005772005772006 0.015306122448979591 0.0007215007215007215
1 0.8012755102040816 0.623015873015873 0.015816326530612244 0.0007215007215007215
1 0.75 0.6168831168831169 0.015306122448979591 0.0007215007215007215
1 0.75 0.623015873015873 0.015306122448979591 0.0007215007215007215
1 0.6943877551020409 0.623015873015873 0.015306122448979591 0.0007215007215007215
1 0.5872448979591837 0.623015873015873 0.015306122448979591 0.0007215007215007215
24 0.6943877551020409 0.6228354978354979 0.01020408163265306 0.006132756132756133
41 0.6339285714285714 0.6406926406926406 0.0005102040816326531 0.013708513708513708
26 0.6387755102040816 0.6318542568542569 0.01020408163265306 0.006132756132756133
24 0.75 0.6170634920634921 0.01020408163265306 0.006132756132756133
95 0.7512755102040817 0.9471500721500722 0.01683673469387755 0.01406926406926407
26 0.75 0.9330808080808081 0.01020408163265306 0.006132756132756133
86 0.7482142857142857 0.786976911976912 0.0066326530612244895 0.016955266955266956
86 0.7482142857142857 0.7184343434343434 0.0066326530612244895 0.016955266955266956
41 0.7451530612244898 0.6287878787878788 0.0005102040816326531 0.021645021645021644
41 0.6895408163265306 0.6352813852813853 0.0005102040816326531 0.022366522366522368
24 0.75 0.560966810966811 0.01020408163265306 0.005772005772005772
26 0.7505102040816326 0.5698051948051948 0.009183673469387756 0.006132756132756133
26 0.7505102040816326 0.575937950937951 0.009183673469387756 0.006132756132756133
41 0.7451530612244898 0.5793650793650794 0.0005102040816326531 0.03463203463203463
26 0.5321428571428571 0.5698051948051948 0.009183673469387756 0.006132756132756133
26 0.5321428571428571 0.575937950937951 0.009183673469387756 0.006132756132756133
41 0.47551020408163264 0.6459235209235209 0.0010204081632653062 0.031385281385281384
24 0.4801020408163265 0.628968253968254 0.01020408163265306 0.006132756132756133
24 0.5316326530612245 0.560966810966811 0.01020408163265306 0.005772005772005772
41 0.41989795918367345 0.6525974025974026 0.0010204081632653062 0.015151515151515152
26 0.42448979591836733 0.6437590187590188 0.01020408163265306 0.006132756132756133
121 0.18775510204081633 0.6264430014430015 0.16224489795918368 0.006854256854256854
121 0.18775510204081633 0.6313131313131313 0.16122448979591836 0.006493506493506494
24 0.5872448979591837 0.6228354978354979 0.01020408163265306 0.006132756132756133
41 0.5364795918367347 0.915945165945166 0.0005102040816326531 0.01875901875901876
41 0.5823979591836734 0.6367243867243867 0.0005102040816326531 0.025252525252525252
41 0.5267857142857143 0.6461038961038961 0.0005102040816326531 0.012987012987012988
41 0.5267857142857143 0.5793650793650794 0.0005102040816326531 0.03463203463203463
26 0.5316326530612245 0.9271284271284271 0.01020408163265306 0.005772005772005772
26 0.5316326530612245 0.6378066378066378 0.01020408163265306 0.005772005772005772
121 0.8216836734693878 0.6412337662337663 0.15357142857142858 0.012626262626262626
121 0.8219387755102041 0.6462842712842712 0.1540816326530612 0.012626262626262626
121 0.6081632653061224 0.645021645021645 0.16224489795918368 0.007936507936507936
121 0.6081632653061224 0.6497113997113997 0.16224489795918368 0.007936507936507936
121 0.39464285714285713 0.6569264069264069 0.16173469387755102 0.0021645021645021645
121 0.39413265306122447 0.6616161616161617 0.16275510204081634 0.0021645021645021645
41 0.7964285714285714 0.6341991341991342 0.0010204081632653062 0.020202020202020204
24 0.8010204081632653 0.6228354978354979 0.01020408163265306 0.006132756132756133
41 0.7548469387755102 0.9222582972582972 0.0005102040816326531 0.01984126984126984
24 0.8525510204081632 0.628968253968254 0.01020408163265306 0.006132756132756133
41 0.8477040816326531 0.6388888888888888 0.0005102040816326531 0.018037518037518036
26 0.9040816326530612 0.6378066378066378 0.01020408163265306 0.005772005772005772
41 0.8992346938775511 0.6452020202020202 0.0005102040816326531 0.012626262626262626
10 0.06198979591836735 0.9406565656565656 0.005612244897959183 0.005411255411255411
26 0.10204081632653061 0.5698051948051948 0.009183673469387756 0.006132756132756133
26 0.10204081632653061 0.575937950937951 0.009183673469387756 0.006132756132756133
24 0.10153061224489796 0.560966810966811 0.01020408163265306 0.005772005772005772
8 0.0653061224489796 0.9217171717171717 0.02142857142857143 0.01875901875901876
8 0.0653061224489796 0.8531746031746031 0.02142857142857143 0.01875901875901876
94 0.09923469387755102 0.946969696969697 0.01479591836734694 0.006493506493506494
95 0.1096938775510204 0.9471500721500722 0.017346938775510204 0.01406926406926407
41 0.10637755102040816 0.6383477633477633 0.0005102040816326531 0.0183982683982684
41 0.09668367346938775 0.5793650793650794 0.0005102040816326531 0.03463203463203463
5 0.06479591836734694 0.7875180375180375 0.02040816326530612 0.04040404040404041
24 0.10153061224489796 0.9121572871572872 0.01020408163265306 0.006132756132756133
32 0.1038265306122449 0.8436147186147186 0.01479591836734694 0.006132756132756133
94 0.09770408163265307 0.812049062049062 0.01479591836734694 0.006493506493506494
93 0.10841836734693877 0.814033189033189 0.013775510204081633 0.010461760461760462
30 0.10153061224489796 0.7840909090909091 0.01020408163265306 0.006132756132756133
94 0.09770408163265307 0.7377344877344877 0.01479591836734694 0.006493506493506494
93 0.10841836734693877 0.7397186147186147 0.013775510204081633 0.010461760461760462
28 0.10153061224489796 0.7003968253968254 0.01020408163265306 0.006132756132756133
95 0.10306122448979592 0.6637806637806638 0.017346938775510204 0.013708513708513708
26 0.10153061224489796 0.6498917748917749 0.01020408163265306 0.006132756132756133
122 0.5311224489795918 0.8382034632034632 0.8357142857142857 0.00468975468975469
0 0.039285714285714285 0.6098484848484849 0.009183673469387756 0.08621933621933622
8 0.0653061224489796 0.6383477633477633 0.02142857142857143 0.0183982683982684
5 0.06479591836734694 0.7189754689754689 0.02040816326530612 0.04040404040404041
5 0.06479591836734694 0.5793650793650794 0.02040816326530612 0.04040404040404041
41 0.26913265306122447 0.6300505050505051 0.0005102040816326531 0.011904761904761904
26 0.31785714285714284 0.6437590187590188 0.01020408163265306 0.006132756132756133
24 0.31785714285714284 0.560966810966811 0.01020408163265306 0.005772005772005772
26 0.3183673469387755 0.5698051948051948 0.009183673469387756 0.006132756132756133
26 0.3183673469387755 0.575937950937951 0.009183673469387756 0.006132756132756133
26 0.31785714285714284 0.9211760461760462 0.01020408163265306 0.006132756132756133
26 0.2642857142857143 0.6378066378066378 0.01020408163265306 0.005772005772005772
41 0.2135204081632653 0.6369047619047619 0.0005102040816326531 0.022005772005772004
26 0.2086734693877551 0.6498917748917749 0.01020408163265306 0.006132756132756133
41 0.36862244897959184 0.6507936507936508 0.0005102040816326531 0.021645021645021644
26 0.373469387755102 0.6378066378066378 0.01020408163265306 0.005772005772005772
41 0.31301020408163266 0.931998556998557 0.0005102040816326531 0.01984126984126984
41 0.31301020408163266 0.6533189033189033 0.0005102040816326531 0.016594516594516596
41 0.31301020408163266 0.5793650793650794 0.0005102040816326531 0.03463203463203463
41 0.09668367346938775 0.9231601731601732 0.0005102040816326531 0.01948051948051948
41 0.09668367346938775 0.7949134199134199 0.0005102040816326531 0.01984126984126984
40 0.11198979591836734 0.7839105339105339 0.002551020408163265 0.0021645021645021645
41 0.09668367346938775 0.7113997113997114 0.0005102040816326531 0.01948051948051948
40 0.11198979591836734 0.6975108225108225 0.002551020408163265 0.0018037518037518038
26 0.15714285714285714 0.6437590187590188 0.01020408163265306 0.006132756132756133
41 0.16198979591836735 0.63510101010101 0.0005102040816326531 0.015512265512265512