134 0.5353982300884956 0.08710013908205841 0.8328416912487709 0.02329624478442281
1 0.7787610619469026 0.16255215577190543 0.014749262536873156 0.001043115438108484
1 0.7787610619469026 0.16828929068150209 0.014749262536873156 0.0006954102920723226
1 0.7787610619469026 0.17420027816411682 0.014749262536873156 0.0006954102920723226
1 0.7278761061946902 0.16255215577190543 0.015240904621435595 0.001043115438108484
1 0.7278761061946902 0.16828929068150209 0.015240904621435595 0.0006954102920723226
1 0.7050147492625368 0.16255215577190543 0.014749262536873156 0.001043115438108484
1 0.48770894788593905 0.12812934631432546 0.014749262536873156 0.001043115438108484
1 0.4631268436578171 0.12812934631432546 0.014749262536873156 0.001043115438108484
1 0.43829891838741397 0.12812934631432546 0.015240904621435595 0.001043115438108484
1 0.4134709931170108 0.12239221140472879 0.014749262536873156 0.0006954102920723226
1 0.4134709931170108 0.12812934631432546 0.014749262536873156 0.001043115438108484
1 0.3886430678466077 0.12812934631432546 0.015240904621435595 0.001043115438108484
134 0.5353982300884956 0.14534075104311545 0.8328416912487709 0.02294853963838665
26 0.7281219272369714 0.17124478442280947 0.00983284169124877 0.005910987482614743
41 0.7234513274336283 0.1787204450625869 0.0004916420845624386 0.01321279554937413
41 0.7325467059980334 0.13960361613351877 0.0009832841691248771 0.02051460361613352
24 0.7281219272369714 0.1510778859527121 0.00983284169124877 0.005910987482614743
41 0.700589970501475 0.17385257301808066 0.0009832841691248771 0.013908205841446454
41 0.7740904621435595 0.18654381084840055 0.0004916420845624386 0.014951321279554937
47 0.7876106194690266 0.14621001390820584 0.00688298918387414 0.01564673157162726
41 0.7834316617502458 0.14603616133518776 0.0004916420845624386 0.01808066759388039
26 0.7787610619469026 0.17698191933240612 0.00983284169124877 0.005563282336578581
24 0.7787610619469026 0.15698887343532683 0.00983284169124877 0.005910987482614743
86 0.7772861356932154 0.08710013908205841 0.00688298918387414 0.01634214186369958
41 0.6531465093411996 0.16828929068150209 0.0004916420845624386 0.01321279554937413
41 0.6622418879056047 0.12986787204450626 0.0009832841691248771 0.017037552155771907
26 0.6578171091445427 0.15977051460361613 0.00983284169124877 0.005910987482614743
24 0.6578171091445427 0.13960361613351877 0.00983284169124877 0.005910987482614743
41 0.6280727630285152 0.16585535465924894 0.0004916420845624386 0.014603616133518776
41 0.6374139626352016 0.12830319888734354 0.0004916420845624386 0.012517385257301807
24 0.6327433628318584 0.15698887343532683 0.00983284169124877 0.005910987482614743
26 0.6327433628318584 0.1368219749652295 0.00983284169124877 0.005910987482614743
121 0.22468043264503443 0.0935326842837274 0.0727630285152409 0.0027816411682892906
121 0.2244346116027532 0.09822670375521558 0.07423795476892822 0.003129346314325452
41 0.70968534906588 0.13508344923504867 0.0004916420845624386 0.01634214186369958
26 0.7050147492625368 0.16550764951321278 0.00983284169124877 0.005563282336578581
24 0.7050147492625368 0.14534075104311545 0.00983284169124877 0.005563282336578581
41 0.6777286135693216 0.17002781641168288 0.0004916420845624386 0.017385257301808066
41 0.6870698131760079 0.13073713490959665 0.0004916420845624386 0.013908205841446454
26 0.6823992133726647 0.15977051460361613 0.00983284169124877 0.005910987482614743
24 0.6823992133726647 0.13960361613351877 0.00983284169124877 0.005910987482614743
41 0.9299410029498525 0.09144645340751043 0.0004916420845624386 0.017385257301808066
26 0.9252704031465093 0.10170375521557719 0.00983284169124877 0.005910987482614743
84 0.665929203539823 0.08292767732962447 0.01032448377581121 0.0024339360222531293
122 0.27876106194690264 0.07858136300417246 0.021632251720747297 0.0027816411682892906
121 0.2976892822025565 0.10083449235048679 0.021140609636184856 0.004172461752433936
121 0.31022615535889875 0.10691933240611962 0.0471976401179941 0.006606397774687065
84 0.47074729596853493 0.08292767732962447 0.01032448377581121 0.0024339360222531293
121 0.42133726647000985 0.14012517385257303 0.0727630285152409 0.0027816411682892906
121 0.42109144542772864 0.1448191933240612 0.07423795476892822 0.003129346314325452
122 0.4751720747295968 0.12239221140472879 0.021140609636184856 0.0027816411682892906
121 0.494346116027532 0.14760083449235048 0.021140609636184856 0.0038247566063977748
121 0.5068829891838741 0.15351182197496524 0.0471976401179941 0.006606397774687065
121 0.6251229105211407 0.1204798331015299 0.07423795476892822 0.0038247566063977748
121 0.6253687315634219 0.125 0.07374631268436578 0.0038247566063977748
121 0.6162733529990168 0.16950625869262864 0.07325467059980334 0.0038247566063977748
121 0.6157817109144543 0.17420027816411682 0.07423795476892822 0.004172461752433936
122 0.6705998033431662 0.13699582753824757 0.00983284169124877 0.002086230876216968
122 0.6693706981317601 0.1635952712100139 0.01032448377581121 0.0017385257301808068
121 0.70968534906588 0.12569541029207232 0.045722713864306784 0.008692628650904033
121 0.698377581120944 0.12882475660639778 0.023107177974434612 0.00521557719054242
121 0.6892822025565388 0.17593880389429764 0.02261553588987217 0.005563282336578581
121 0.700589970501475 0.18219749652294853 0.04523107177974434 0.008344923504867872
121 0.9144542772861357 0.08257997218358831 0.03048180924287119 0.0017385257301808068
121 0.9149459193706981 0.08727399165507649 0.029498525073746312 0.002086230876216968
26 0.855457227138643 0.0728442280945758 0.00983284169124877 0.005910987482614743
24 0.845378564405113 0.07562586926286509 0.009341199606686333 0.005910987482614743
24 0.8559488692232055 0.08153685674547984 0.008849557522123894 0.005910987482614743
24 0.8559488692232055 0.08710013908205841 0.008849557522123894 0.005910987482614743
87 0.8171091445427728 0.13351877607788595 0.007866273352999017 0.009040333796940195
70 0.855457227138643 0.06571627260083449 0.01376597836774828 0.005563282336578581
53 0.8557030481809242 0.16602920723226705 0.008357915437561455 0.014255910987482615
41 0.8994591937069814 0.09144645340751043 0.0004916420845624386 0.017385257301808066
87 0.8938053097345132 0.13351877607788595 0.007866273352999017 0.009040333796940195
26 0.8947885939036382 0.10170375521557719 0.00983284169124877 0.005910987482614743
53 0.7787610619469026 0.185326842837274 0.008849557522123894 0.016689847009735744
41 0.8507866273352999 0.1562934631432545 0.0004916420845624386 0.0351182197496523
53 0.8557030481809242 0.09753129346314325 0.008357915437561455 0.01634214186369958
41 0.8507866273352999 0.09005563282336579 0.0004916420845624386 0.03268428372739916
70 0.855457227138643 0.1295201668984701 0.01376597836774828 0.00521557719054242
26 0.855457227138643 0.1368219749652295 0.00983284169124877 0.005910987482614743
24 0.855457227138643 0.15698887343532683 0.00983284169124877 0.005910987482614743
41 0.334070796460177 0.10187760778859527 0.0004916420845624386 0.013908205841446454
24 0.3387413962635202 0.09301112656467315 0.00983284169124877 0.005910987482614743
41 0.30924287118977384 0.0989221140472879 0.0009832841691248771 0.014951321279554937
26 0.3136676499508358 0.09005563282336579 0.00983284169124877 0.005563282336578581
41 0.28638151425762043 0.09509735744089012 0.0004916420845624386 0.01842837273991655
26 0.2910521140609636 0.08431849791376912 0.00983284169124877 0.005910987482614743
41 0.2617994100294985 0.09231571627260084 0.0004916420845624386 0.012169680111265646
26 0.2664700098328417 0.08431849791376912 0.00983284169124877 0.005910987482614743
41 0.38421828908554573 0.1356050069541029 0.0004916420845624386 0.016689847009735744
95 0.38987217305801375 0.11178720445062587 0.01671583087512291 0.013560500695410291
26 0.3886430678466077 0.12534770514603616 0.009341199606686333 0.005910987482614743
74 0.19198623402163226 0.0728442280945758 0.009341199606686333 0.0003477051460361613
41 0.1875614552605703 0.09040333796940195 0.0004916420845624386 0.013908205841446454
14 0.16494591937069814 0.13960361613351877 0.01032448377581121 0.009388038942976356
16 0.16519174041297935 0.1510778859527121 0.010816125860373648 0.009388038942976356
8 0.13593903638151425 0.1429068150208623 0.021140609636184856 0.01808066759388039
14 0.16494591937069814 0.08136300417246176 0.01032448377581121 0.009735744089012517
16 0.16519174041297935 0.09301112656467315 0.010816125860373648 0.009388038942976356
5 0.13544739429695182 0.08779554937413074 0.02015732546705998 0.03929068150208623
24 0.19198623402163226 0.08153685674547984 0.009341199606686333 0.005910987482614743
0 0.1111111111111111 0.11630737134909597 0.008849557522123894 0.08171070931849791
84 0.2713864306784661 0.13525730180806675 0.00983284169124877 0.0027816411682892906
41 0.21214355948869223 0.0890125173852573 0.0004916420845624386 0.017385257301808066
41 0.23697148475909538 0.09040333796940195 0.0009832841691248771 0.015299026425591099
74 0.24164208456243855 0.0728442280945758 0.009341199606686333 0.0003477051460361613
24 0.24139626352015733 0.08153685674547984 0.00983284169124877 0.005910987482614743
74 0.2165683382497542 0.0728442280945758 0.009341199606686333 0.0003477051460361613
26 0.2168141592920354 0.07858136300417246 0.00983284169124877 0.005563282336578581
41 0.5786627335299902 0.1653337969401947 0.0009832841691248771 0.014951321279554937
41 0.5877581120943953 0.12708623087621695 0.0004916420845624386 0.014951321279554937
24 0.5833333333333334 0.15698887343532683 0.009341199606686333 0.005910987482614743
26 0.5833333333333334 0.1368219749652295 0.009341199606686333 0.005910987482614743
41 0.5307276302851525 0.14707927677329624 0.0004916420845624386 0.016689847009735744
26 0.5353982300884956 0.1368219749652295 0.00983284169124877 0.005910987482614743
24 0.6081612586037365 0.1338664812239221 0.00983284169124877 0.005563282336578581
41 0.6034906588003933 0.16481223922114047 0.0004916420845624386 0.017385257301808066
41 0.6128318584070797 0.12656467315716272 0.0004916420845624386 0.012517385257301807
26 0.6081612586037365 0.1538595271210014 0.00983284169124877 0.005910987482614743
41 0.4830383480825959 0.1402990264255911 0.0004916420845624386 0.02121001390820584
24 0.48770894788593905 0.12812934631432546 0.00983284169124877 0.005910987482614743
41 0.4584562438544739 0.1376912378303199 0.0004916420845624386 0.015299026425591099
24 0.4631268436578171 0.12812934631432546 0.00983284169124877 0.005910987482614743
41 0.4336283185840708 0.13577885952712102 0.0009832841691248771 0.01842837273991655
26 0.43805309734513276 0.12534770514603616 0.00983284169124877 0.005910987482614743
41 0.40880039331366763 0.13421418636995827 0.0004916420845624386 0.020166898470097356
24 0.4134709931170108 0.12239221140472879 0.00983284169124877 0.005563282336578581
41 0.5058997050147492 0.14412378303198886 0.0009832841691248771 0.01842837273991655
24 0.5103244837758112 0.1338664812239221 0.00983284169124877 0.005563282336578581
134 0.4997541789577188 0.2786856745479833 0.9041297935103245 0.02329624478442281
134 0.4997541789577188 0.34683588317107095 0.9041297935103245 0.02329624478442281
1 0.852015732546706 0.2555632823365786 0.014749262536873156 0.0006954102920723226
1 0.852015732546706 0.26130041724617525 0.014749262536873156 0.001043115438108484
1 0.7610619469026548 0.2555632823365786 0.014749262536873156 0.0006954102920723226
1 0.7610619469026548 0.26130041724617525 0.014749262536873156 0.001043115438108484
1 0.7050147492625368 0.2555632823365786 0.014749262536873156 0.0006954102920723226
1 0.7050147492625368 0.26130041724617525 0.014749262536873156 0.001043115438108484
1 0.6777286135693216 0.26130041724617525 0.015240904621435595 0.001043115438108484
1 0.6504424778761062 0.24982614742698192 0.014749262536873156 0.001043115438108484
1 0.6504424778761062 0.2555632823365786 0.014749262536873156 0.0006954102920723226
1 0.6504424778761062 0.26130041724617525 0.014749262536873156 0.001043115438108484
1 0.6229105211406096 0.24982614742698192 0.014749262536873156 0.001043115438108484
1 0.6229105211406096 0.2555632823365786 0.014749262536873156 0.0006954102920723226
1 0.6229105211406096 0.26130041724617525 0.014749262536873156 0.001043115438108484
1 0.5956243854473943 0.2555632823365786 0.015240904621435595 0.0006954102920723226
1 0.5956243854473943 0.26130041724617525 0.015240904621435595 0.001043115438108484
1 0.5683382497541789 0.2555632823365786 0.014749262536873156 0.0006954102920723226
1 0.5683382497541789 0.26130041724617525 0.014749262536873156 0.001043115438108484
1 0.5408062930186824 0.24982614742698192 0.014749262536873156 0.001043115438108484
1 0.5408062930186824 0.2555632823365786 0.014749262536873156 0.0006954102920723226
1 0.5408062930186824 0.26130041724617525 0.014749262536873156 0.001043115438108484
1 0.5024582104228122 0.2555632823365786 0.01376597836774828 0.0006954102920723226
1 0.5019665683382497 0.26130041724617525 0.014749262536873156 0.001043115438108484
1 0.46214355948869223 0.2555632823365786 0.014749262536873156 0.0006954102920723226
1 0.46214355948869223 0.26130041724617525 0.014749262536873156 0.001043115438108484
1 0.43461160275319566 0.2555632823365786 0.014749262536873156 0.0006954102920723226
1 0.43461160275319566 0.26130041724617525 0.014749262536873156 0.001043115438108484
1 0.852015732546706 0.32962447844228093 0.014749262536873156 0.0006954102920723226
1 0.8075221238938053 0.32962447844228093 0.015240904621435595 0.0006954102920723226
1 0.7050147492625368 0.32371349095966623 0.014749262536873156 0.0006954102920723226
1 0.7050147492625368 0.32962447844228093 0.014749262536873156 0.0006954102920723226
1 0.5956243854473943 0.32371349095966623 0.015240904621435595 0.0006954102920723226
1 0.5956243854473943 0.32962447844228093 0.015240904621435595 0.0006954102920723226
1 0.46214355948869223 0.32962447844228093 0.014749262536873156 0.0006954102920723226
1 0.36283185840707965 0.32962447844228093 0.014749262536873156 0.0006954102920723226
1 0.24582104228121926 0.32962447844228093 0.014749262536873156 0.0006954102920723226
1 0.15093411996066863 0.32962447844228093 0.014749262536873156 0.0006954102920723226
26 0.7050147492625368 0.2526077885952712 0.00983284169124877 0.005910987482614743
24 0.7055063913470994 0.26721140472878996 0.008849557522123894 0.005910987482614743
41 0.6730580137659784 0.273643949930459 0.0009832841691248771 0.027816411682892908
26 0.6774827925270404 0.2585187760778859 0.00983284169124877 0.005910987482614743
24 0.6774827925270404 0.27277468706536856 0.00983284169124877 0.005910987482614743
41 0.7003441494591937 0.2706884561891516 0.0004916420845624386 0.03372739916550765
41 0.645771878072763 0.3478789986091794 0.0004916420845624386 0.01564673157162726
41 0.645771878072763 0.2696453407510431 0.0004916420845624386 0.035813630041724616
26 0.6504424778761062 0.3381432545201669 0.00983284169124877 0.005910987482614743
24 0.6504424778761062 0.24982614742698192 0.00983284169124877 0.005910987482614743
26 0.6504424778761062 0.26425591098748263 0.00983284169124877 0.005563282336578581
121 0.24336283185840707 0.2585187760778859 0.0727630285152409 0.0017385257301808068
121 0.26524090462143557 0.26321279554937416 0.028023598820058997 0.002086230876216968
41 0.7563913470993117 0.27381780250347704 0.0004916420845624386 0.032336578581363004
26 0.7610619469026548 0.3496175243393602 0.00983284169124877 0.005910987482614743
24 0.7610619469026548 0.25573713490959665 0.00983284169124877 0.005910987482614743
26 0.7610619469026548 0.2699930458970793 0.00983284169124877 0.005910987482614743
26 0.7055063913470994 0.33240611961057026 0.008849557522123894 0.005563282336578581
41 0.7003441494591937 0.3374478442280946 0.0004916420845624386 0.029554937413073714
121 0.12069813176007867 0.36126564673157163 0.051622418879056046 0.005563282336578581
26 0.7050147492625368 0.32075799721835885 0.00983284169124877 0.005910987482614743
41 0.5636676499508357 0.27034075104311545 0.0004916420845624386 0.025382475660639777
24 0.5683382497541789 0.25573713490959665 0.00983284169124877 0.005910987482614743
26 0.5683382497541789 0.2699930458970793 0.00983284169124877 0.005910987482614743
41 0.5361356932153393 0.3464881780250348 0.0004916420845624386 0.013560500695410291
121 0.14085545722713863 0.2625173852573018 0.07325467059980334 0.002086230876216968
121 0.17305801376597837 0.2670375521557719 0.007866273352999017 0.002086230876216968
121 0.10889872173058014 0.2670375521557719 0.007374631268436578 0.002086230876216968
41 0.6182399213372665 0.26738525730180807 0.0004916420845624386 0.03129346314325452
24 0.6229105211406096 0.24982614742698192 0.00983284169124877 0.005910987482614743
26 0.6229105211406096 0.26425591098748263 0.00983284169124877 0.005563282336578581
41 0.5909537856440511 0.336230876216968 0.0009832841691248771 0.02294853963838665
41 0.5909537856440511 0.26842837273991654 0.0009832841691248771 0.02920723226703755
24 0.5956243854473943 0.3238873435326843 0.009341199606686333 0.005910987482614743
24 0.595378564405113 0.3294506258692629 0.00983284169124877 0.005910987482614743
26 0.595378564405113 0.2526077885952712 0.00983284169124877 0.005910987482614743
24 0.5956243854473943 0.26721140472878996 0.009341199606686333 0.005910987482614743
121 0.33505408062930186 0.3553546592489569 0.04670599803343166 0.005563282336578581
124 0.4134709931170108 0.299547983310153 0.20452310717797442 0.007997218358831711
41 0.923795476892822 0.3031988873435327 0.0009832841691248771 0.017385257301808066
26 0.928220255653884 0.2929415855354659 0.00983284169124877 0.005910987482614743
41 0.8906096361848574 0.3506606397774687 0.0004916420845624386 0.021905424200278165
122 0.3608652900688299 0.2670375521557719 0.0855457227138643 0.004172461752433936
121 0.4488692232055064 0.28198887343532686 0.09537856440511308 0.006258692628650904
121 0.4491150442477876 0.28668289290681503 0.09685349065880039 0.006606397774687065
121 0.42895771878072764 0.36126564673157163 0.056538839724680434 0.005563282336578581
121 0.5776794493608652 0.2797287899860918 0.08161258603736479 0.0017385257301808068
121 0.577433628318584 0.28442280945758 0.08210422812192723 0.002086230876216968
121 0.5636676499508357 0.3508344923504868 0.05457227138643068 0.0076495132127955496
122 0.633480825958702 0.2699930458970793 0.018190757128810225 0.0024339360222531293
122 0.6366764995083579 0.2439151599443672 0.02359882005899705 0.003129346314325452
121 0.6592920353982301 0.28442280945758 0.02753195673549656 0.002086230876216968
121 0.6730580137659784 0.2889429763560501 0.05506391347099312 0.002086230876216968
121 0.6730580137659784 0.3553546592489569 0.05506391347099312 0.005563282336578581
121 0.7797443461160275 0.3610917941585535 0.046214355948869225 0.00521557719054242
121 0.9075712881022615 0.30493741307371347 0.032448377581120944 0.006954102920723227
121 0.8854473942969519 0.30632823365785816 0.07669616519174041 0.01321279554937413
121 0.8689773844641101 0.36300417246175243 0.04375614552605703 0.002086230876216968
122 0.29891838741396265 0.2698191933240612 0.03146509341199607 0.0034770514603616135
41 0.8028515240904621 0.34509735744089015 0.0009832841691248771 0.028164116828929067
24 0.8072763028515241 0.3294506258692629 0.00983284169124877 0.005910987482614743
26 0.8072763028515241 0.3381432545201669 0.00983284169124877 0.005910987482614743
26 0.8072763028515241 0.34388038942976357 0.00983284169124877 0.005563282336578581
121 0.2195181907571288 0.36126564673157163 0.04375614552605703 0.005563282336578581
41 0.7563913470993117 0.35657162726008346 0.0004916420845624386 0.012169680111265646
41 0.8906096361848574 0.3009388038942976 0.0004916420845624386 0.012169680111265646
26 0.8952802359882006 0.3381432545201669 0.00983284169124877 0.005910987482614743
26 0.8952802359882006 0.34388038942976357 0.00983284169124877 0.005563282336578581
26 0.8952802359882006 0.2929415855354659 0.00983284169124877 0.005910987482614743
41 0.8473451327433629 0.347009735744089 0.0004916420845624386 0.03129346314325452
41 0.8473451327433629 0.2790333796940195 0.0004916420845624386 0.042767732962447846
24 0.852015732546706 0.3294506258692629 0.00983284169124877 0.005910987482614743
26 0.852015732546706 0.3381432545201669 0.00983284169124877 0.005910987482614743
26 0.852015732546706 0.34388038942976357 0.00983284169124877 0.005563282336578581
24 0.852015732546706 0.25573713490959665 0.00983284169124877 0.005910987482614743
26 0.852015732546706 0.2699930458970793 0.00983284169124877 0.005910987482614743
26 0.2025565388397247 0.27573018080667594 0.00983284169124877 0.005563282336578581
41 0.19788593903638152 0.3572670375521558 0.0004916420845624386 0.010778859527121001
41 0.20698131760078664 0.26668984700973575 0.0009832841691248771 0.015994436717663423
26 0.2025565388397247 0.3496175243393602 0.00983284169124877 0.005910987482614743
24 0.24582104228121926 0.2901599443671766 0.00983284169124877 0.005910987482614743
41 0.17772861356932154 0.27555632823365783 0.0004916420845624386 0.0260778859527121
24 0.17305801376597837 0.2901599443671766 0.00983284169124877 0.005910987482614743
41 0.14626352015732547 0.34509735744089015 0.0004916420845624386 0.028164116828929067
24 0.316125860373648 0.3409248956884562 0.00983284169124877 0.005910987482614743
26 0.3163716814159292 0.27573018080667594 0.009341199606686333 0.005563282336578581
41 0.27999016715830877 0.2663421418636996 0.0004916420845624386 0.015299026425591099
26 0.2753195673549656 0.27573018080667594 0.00983284169124877 0.005563282336578581
59 0.22468043264503443 0.3289290681502086 0.0058997050147492625 0.013908205841446454
24 0.15093411996066863 0.3294506258692629 0.00983284169124877 0.005910987482614743
41 0.2411504424778761 0.34561891515994436 0.0004916420845624386 0.027121001390820583
41 0.2504916420845624 0.27381780250347704 0.0004916420845624386 0.030250347705146036
24 0.24582104228121926 0.3294506258692629 0.00983284169124877 0.005910987482614743
26 0.2359882005899705 0.33240611961057026 0.00983284169124877 0.005563282336578581
26 0.24582104228121926 0.34388038942976357 0.00983284169124877 0.005563282336578581
8 0.06465093411996067 0.3444019471488178 0.021140609636184856 0.01773296244784423
5 0.063913470993117 0.27920723226703753 0.01966568338249754 0.03894297635605007
125 0.8500491642084562 0.3174547983310153 0.1887905604719764 0.0076495132127955496
0 0.03933136676499508 0.312586926286509 0.00983284169124877 0.0917941585535466
26 0.15093411996066863 0.3381432545201669 0.00983284169124877 0.005910987482614743
26 0.15093411996066863 0.34388038942976357 0.00983284169124877 0.005563282336578581
41 0.13348082595870206 0.2680806675938804 0.0004916420845624386 0.011126564673157162
26 0.1290560471976401 0.27573018080667594 0.009341199606686333 0.005563282336578581
41 0.09513274336283185 0.35709318497913767 0.0004916420845624386 0.011126564673157162
41 0.10422812192723697 0.27555632823365783 0.0009832841691248771 0.0260778859527121
26 0.09980334316617502 0.3496175243393602 0.00983284169124877 0.005910987482614743
93 0.09955752212389381 0.30198191933240615 0.01327433628318584 0.010083449235048678
24 0.09980334316617502 0.2901599443671766 0.00983284169124877 0.005910987482614743
41 0.45747295968534907 0.2705146036161335 0.0004916420845624386 0.03129346314325452
24 0.46214355948869223 0.3294506258692629 0.00983284169124877 0.005910987482614743
26 0.46263520157325466 0.3381432545201669 0.008849557522123894 0.005910987482614743
26 0.46214355948869223 0.2526077885952712 0.00983284169124877 0.005910987482614743
24 0.46214355948869223 0.26721140472878996 0.00983284169124877 0.005910987482614743
41 0.4299410029498525 0.2724269819193324 0.0004916420845624386 0.030250347705146036
24 0.43461160275319566 0.25573713490959665 0.00983284169124877 0.005910987482614743
26 0.43461160275319566 0.2699930458970793 0.00983284169124877 0.005910987482614743
41 0.4004424778761062 0.35413769123783034 0.0004916420845624386 0.017037552155771907
41 0.5361356932153393 0.26790681502086233 0.0004916420845624386 0.032336578581363004
26 0.5408062930186824 0.3381432545201669 0.00983284169124877 0.005910987482614743
24 0.5408062930186824 0.24982614742698192 0.00983284169124877 0.005910987482614743
26 0.5408062930186824 0.26425591098748263 0.00983284169124877 0.005563282336578581
41 0.31170108161258603 0.28616133518776077 0.0009832841691248771 0.018776077885952713
41 0.4972959685349066 0.26929763560500697 0.0004916420845624386 0.029554937413073714
26 0.5019665683382497 0.2526077885952712 0.00983284169124877 0.005910987482614743
24 0.5019665683382497 0.26721140472878996 0.00983284169124877 0.005910987482614743
41 0.45747295968534907 0.34492350486787204 0.0004916420845624386 0.02851182197496523
24 0.3633235004916421 0.3353616133518776 0.008849557522123894 0.005910987482614743
41 0.31170108161258603 0.3496175243393602 0.0009832841691248771 0.014951321279554937
26 0.4051130776794494 0.34388038942976357 0.00983284169124877 0.005563282336578581
26 0.4051130776794494 0.27573018080667594 0.00983284169124877 0.005563282336578581
41 0.3581612586037365 0.34248956884561893 0.0004916420845624386 0.022253129346314324
95 0.40658800393313665 0.3245827538247566 0.01671583087512291 0.013560500695410291
41 0.4004424778761062 0.28285813630041723 0.0004916420845624386 0.012169680111265646
24 0.36283185840707965 0.3294506258692629 0.00983284169124877 0.005910987482614743
134 0.4997541789577188 0.4800069541029207 0.9041297935103245 0.02329624478442281
1 0.8507866273352999 0.4570584144645341 0.015240904621435595 0.001043115438108484
1 0.8507866273352999 0.46279554937413075 0.015240904621435595 0.0006954102920723226
1 0.7625368731563422 0.4570584144645341 0.014749262536873156 0.001043115438108484
1 0.7625368731563422 0.46279554937413075 0.014749262536873156 0.0006954102920723226
1 0.7227138643067846 0.46279554937413075 0.014749262536873156 0.0006954102920723226
1 0.6971484759095379 0.4570584144645341 0.014749262536873156 0.001043115438108484
1 0.6971484759095379 0.46279554937413075 0.014749262536873156 0.0006954102920723226
1 0.6696165191740413 0.4570584144645341 0.014749262536873156 0.001043115438108484
1 0.6696165191740413 0.46279554937413075 0.014749262536873156 0.0006954102920723226
1 0.6418387413962635 0.4513212795549374 0.015240904621435595 0.0006954102920723226
1 0.6418387413962635 0.4570584144645341 0.015240904621435595 0.001043115438108484
1 0.6418387413962635 0.46279554937413075 0.015240904621435595 0.0006954102920723226
1 0.6140609636184857 0.4513212795549374 0.014749262536873156 0.0006954102920723226
1 0.6140609636184857 0.4570584144645341 0.014749262536873156 0.001043115438108484
1 0.6140609636184857 0.46279554937413075 0.014749262536873156 0.0006954102920723226
1 0.5865290068829891 0.4570584144645341 0.014749262536873156 0.001043115438108484
1 0.5865290068829891 0.46279554937413075 0.014749262536873156 0.0006954102920723226
1 0.5567846607669616 0.46279554937413075 0.015240904621435595 0.0006954102920723226
1 0.454031465093412 0.46279554937413075 0.015240904621435595 0.0006954102920723226
1 0.6971484759095379 0.5290333796940194 0.014749262536873156 0.001043115438108484
1 0.5865290068829891 0.5290333796940194 0.014749262536873156 0.001043115438108484
1 0.36578171091445427 0.5290333796940194 0.014749262536873156 0.001043115438108484
1 0.2475417895771878 0.5290333796940194 0.015240904621435595 0.001043115438108484
1 0.1516715830875123 0.5290333796940194 0.015240904621435595 0.001043115438108484
134 0.4997541789577188 0.5462447844228094 0.9041297935103245 0.02294853963838665
41 0.6924778761061947 0.4685326842837274 0.0004916420845624386 0.019819193324061197
24 0.6971484759095379 0.5290333796940194 0.00983284169124877 0.005910987482614743
24 0.6976401179941003 0.5405076495132128 0.008849557522123894 0.005910987482614743
24 0.6971484759095379 0.4570584144645341 0.00983284169124877 0.005910987482614743
41 0.6649459193706981 0.46714186369958277 0.0004916420845624386 0.021905424200278165
26 0.6696165191740413 0.4541029207232267 0.00983284169124877 0.005563282336578581
41 0.6374139626352016 0.5547635605006954 0.0004916420845624386 0.01286509040333797
41 0.757866273352999 0.4721835883171071 0.0004916420845624386 0.03268428372739916
26 0.7625368731563422 0.5318150208623088 0.00983284169124877 0.005910987482614743
26 0.7630285152409046 0.5377260083449235 0.008849557522123894 0.005910987482614743
26 0.7625368731563422 0.4541029207232267 0.00983284169124877 0.005563282336578581
24 0.7625368731563422 0.4685326842837274 0.00983284169124877 0.005910987482614743
41 0.6924778761061947 0.5436369958275382 0.0004916420845624386 0.027468706536856746
41 0.7180432645034415 0.47166203059805284 0.0004916420845624386 0.014255910987482615
24 0.7227138643067846 0.46262169680111265 0.00983284169124877 0.005910987482614743
121 0.14134709931170109 0.46383866481223923 0.07423795476892822 0.002086230876216968
121 0.17379547689282202 0.4685326842837274 0.007374631268436578 0.0017385257301808068
121 0.10889872173058014 0.4685326842837274 0.007374631268436578 0.0017385257301808068
41 0.581858407079646 0.47166203059805284 0.0004916420845624386 0.025382475660639777
24 0.5865290068829891 0.5290333796940194 0.00983284169124877 0.005910987482614743
24 0.5870206489675516 0.5405076495132128 0.008849557522123894 0.005910987482614743
24 0.5865290068829891 0.4570584144645341 0.00983284169124877 0.005910987482614743
41 0.581858407079646 0.5436369958275382 0.0004916420845624386 0.027468706536856746
41 0.5523598820058997 0.47600834492350486 0.0004916420845624386 0.022253129346314324
24 0.5570304818092429 0.46262169680111265 0.00983284169124877 0.005910987482614743
41 0.6096361848574238 0.467663421418637 0.0009832841691248771 0.029902642559109873
41 0.6374139626352016 0.46557719054242 0.0004916420845624386 0.024339360222531293
24 0.6418387413962635 0.5462447844228094 0.009341199606686333 0.005563282336578581
24 0.6418387413962635 0.45114742698191934 0.009341199606686333 0.005910987482614743
24 0.6418387413962635 0.4570584144645341 0.009341199606686333 0.005910987482614743
24 0.6140609636184857 0.45114742698191934 0.00983284169124877 0.005910987482614743
24 0.6140609636184857 0.4570584144645341 0.00983284169124877 0.005910987482614743
121 0.8773352999016716 0.5352920723226704 0.04375614552605703 0.003129346314325452
121 0.9068338249754179 0.5059109874826148 0.0319567354965585 0.0076495132127955496
121 0.8847099311701082 0.5067802503477051 0.07718780727630285 0.014951321279554937
41 0.9235496558505408 0.5048678720445062 0.0004916420845624386 0.016689847009735744
26 0.928220255653884 0.49426286509040335 0.00983284169124877 0.005910987482614743
121 0.12094395280235988 0.5606745479833102 0.05211406096361849 0.00521557719054242
121 0.24508357915437562 0.4598400556328234 0.07325467059980334 0.0017385257301808068
121 0.26720747295968533 0.46453407510431155 0.028023598820058997 0.002086230876216968
121 0.22099311701081611 0.5606745479833102 0.04375614552605703 0.00521557719054242
122 0.3011307767944936 0.4713143254520167 0.0319567354965585 0.003129346314325452
121 0.33775811209439527 0.5549374130737135 0.0471976401179941 0.005563282336578581
122 0.3638151425762045 0.46870653685674546 0.08652900688298919 0.004172461752433936
121 0.4633726647000983 0.49235048678720444 0.026057030481809244 0.002086230876216968
121 0.44051130776794495 0.49669680111265646 0.0727630285152409 0.003129346314325452
124 0.44960668633235007 0.5053894297635605 0.09193706981317601 0.007997218358831711
121 0.42674532940019666 0.5624130737134909 0.04523107177974434 0.0017385257301808068
121 0.5663716814159292 0.48261474269819193 0.08652900688298919 0.01043115438108484
121 0.566125860373648 0.48713490959666206 0.08702064896755163 0.01043115438108484
121 0.5523598820058997 0.5605006954102921 0.059488692232055065 0.005563282336578581
122 0.6248770894788593 0.46262169680111265 0.017699115044247787 0.0024339360222531293
122 0.6280727630285152 0.4454102920723227 0.024090462143559487 0.0027816411682892906
121 0.6777286135693216 0.4747913769123783 0.08112094395280237 0.003129346314325452
121 0.6777286135693216 0.4794853963838665 0.08112094395280237 0.0027816411682892906
121 0.6649459193706981 0.5605006954102921 0.05555555555555555 0.005563282336578581
121 0.7794985250737463 0.5686717663421419 0.04277286135693215 0.012169680111265646
122 0.8035889872173058 0.4749652294853964 0.07817109144542773 0.004172461752433936
122 0.8065388397246804 0.44923504867872044 0.07423795476892822 0.004172461752433936
24 0.8512782694198623 0.4685326842837274 0.008357915437561455 0.005910987482614743
41 0.8011307767944936 0.566759388038943 0.0004916420845624386 0.013908205841446454
24 0.8058013765978368 0.5577190542420027 0.00983284169124877 0.005563282336578581
26 0.8505408062930186 0.4541029207232267 0.00983284169124877 0.005563282336578581
41 0.757866273352999 0.5481571627260083 0.0004916420845624386 0.030250347705146036
41 0.8994591937069814 0.5425938803894298 0.0004916420845624386 0.01564673157162726
41 0.890117994100295 0.5019123783031989 0.0004916420845624386 0.011474269819193325
24 0.8947885939036382 0.5519819193324061 0.00983284169124877 0.005910987482614743
26 0.8947885939036382 0.49426286509040335 0.00983284169124877 0.005910987482614743
41 0.8552114060963618 0.5443324061196105 0.0004916420845624386 0.017037552155771907
41 0.8461160275319567 0.4775730180806676 0.0009832841691248771 0.044853963838664815
26 0.8505408062930186 0.5547635605006954 0.00983284169124877 0.005910987482614743
41 0.1988692232055064 0.5565020862308763 0.0004916420845624386 0.011474269819193325
41 0.20821042281219274 0.467663421418637 0.0004916420845624386 0.015299026425591099
26 0.20353982300884957 0.5492002781641169 0.00983284169124877 0.005910987482614743
26 0.20353982300884957 0.47722531293463144 0.00983284169124877 0.005910987482614743
41 0.17846607669616518 0.47705146036161333 0.0009832841691248771 0.02573018080667594
24 0.17404129793510326 0.4914812239221141 0.00983284169124877 0.005910987482614743
41 0.14700098328416913 0.5445062586926287 0.0009832841691248771 0.02851182197496523
24 0.15142576204523106 0.5290333796940194 0.00983284169124877 0.005910987482614743
26 0.3188298918387414 0.47722531293463144 0.009341199606686333 0.005910987482614743
26 0.27728613569321536 0.47722531293463144 0.00983284169124877 0.005910987482614743
59 0.22664700098328416 0.5285118219749653 0.0058997050147492625 0.013908205841446454
26 0.15142576204523106 0.5377260083449235 0.00983284169124877 0.005910987482614743
41 0.24311701081612586 0.545201668984701 0.0004916420845624386 0.027121001390820583
41 0.252212389380531 0.4751390820584145 0.0009832841691248771 0.030250347705146036
24 0.24778761061946902 0.5290333796940194 0.00983284169124877 0.005910987482614743
26 0.23795476892822026 0.5318150208623088 0.00983284169124877 0.005910987482614743
26 0.24778761061946902 0.5432892906815021 0.00983284169124877 0.005910987482614743
24 0.24778761061946902 0.4914812239221141 0.00983284169124877 0.005910987482614743
8 0.06465093411996067 0.5438108484005564 0.021140609636184856 0.01808066759388039
5 0.063913470993117 0.480528511821975 0.01966568338249754 0.03894297635605007
125 0.8505408062930186 0.5189499304589708 0.18682399213372664 0.007997218358831711
0 0.03933136676499508 0.5130389429763561 0.00983284169124877 0.08936022253129346
41 0.09513274336283185 0.5566759388038943 0.0004916420845624386 0.011126564673157162
26 0.15142576204523106 0.5432892906815021 0.00983284169124877 0.005910987482614743
41 0.13397246804326451 0.46974965229485394 0.0004916420845624386 0.011126564673157162
26 0.12930186823992135 0.47722531293463144 0.00983284169124877 0.005910987482614743
41 0.28195673549655853 0.46801112656467314 0.0004916420845624386 0.015994436717663423
41 0.10422812192723697 0.47705146036161333 0.0009832841691248771 0.02573018080667594
26 0.09980334316617502 0.5492002781641169 0.00983284169124877 0.005910987482614743
93 0.09955752212389381 0.5033031988873435 0.01327433628318584 0.010083449235048678
24 0.09980334316617502 0.4914812239221141 0.00983284169124877 0.005910987482614743
26 0.45378564405113075 0.5432892906815021 0.00983284169124877 0.005910987482614743
59 0.4427236971484759 0.5399860917941586 0.006391347099311701 0.013908205841446454
41 0.44936086529006886 0.5533727399165508 0.0009832841691248771 0.01773296244784423
41 0.44936086529006886 0.4803546592489569 0.0009832841691248771 0.032336578581363004
24 0.45378564405113075 0.46262169680111265 0.00983284169124877 0.005910987482614743
26 0.45378564405113075 0.47722531293463144 0.00983284169124877 0.005910987482614743
24 0.3188298918387414 0.5405076495132128 0.009341199606686333 0.005910987482614743
41 0.4043756145526057 0.5537204450625869 0.0004916420845624386 0.017037552155771907
41 0.522369714847591 0.5551112656467315 0.0004916420845624386 0.014255910987482615
41 0.522369714847591 0.48070236439499303 0.0004916420845624386 0.02121001390820584
95 0.5285152409046214 0.5239916550764951 0.01671583087512291 0.01321279554937413
24 0.5270403146509341 0.5462447844228094 0.00983284169124877 0.005563282336578581
24 0.5270403146509341 0.4685326842837274 0.00983284169124877 0.005910987482614743
26 0.5270403146509341 0.47722531293463144 0.00983284169124877 0.005910987482614743
41 0.4771386430678466 0.4824408901251738 0.0004916420845624386 0.029554937413073714
26 0.48180924287118976 0.46575104311543813 0.00983284169124877 0.005910987482614743
24 0.48180924287118976 0.4800069541029207 0.00983284169124877 0.005910987482614743
24 0.3662733529990167 0.5345966620305981 0.008849557522123894 0.005910987482614743
41 0.31440511307767943 0.5488525730180807 0.0004916420845624386 0.014951321279554937
41 0.4043756145526057 0.4874826147426982 0.0004916420845624386 0.016689847009735744
41 0.31440511307767943 0.48765646731571627 0.0004916420845624386 0.01912378303198887
26 0.40904621435594885 0.47722531293463144 0.00983284169124877 0.005910987482614743
26 0.40904621435594885 0.5432892906815021 0.00983284169124877 0.005910987482614743
41 0.3611111111111111 0.5417246175243393 0.0004916420845624386 0.022253129346314324
24 0.36578171091445427 0.5290333796940194 0.00983284169124877 0.005910987482614743
134 0.4997541789577188 0.6795897079276774 0.9041297935103245 0.02329624478442281
134 0.4997541789577188 0.7366133518776078 0.9041297935103245 0.02329624478442281
1 0.8584070796460177 0.6564673157162726 0.014749262536873156 0.0006954102920723226
1 0.8584070796460177 0.6622044506258693 0.014749262536873156 0.001043115438108484
1 0.7664700098328416 0.6564673157162726 0.014749262536873156 0.0006954102920723226
1 0.7664700098328416 0.6622044506258693 0.014749262536873156 0.001043115438108484
1 0.7101769911504425 0.6564673157162726 0.015240904621435595 0.0006954102920723226
1 0.7101769911504425 0.6622044506258693 0.015240904621435595 0.001043115438108484
1 0.6823992133726647 0.6622044506258693 0.014749262536873156 0.001043115438108484
1 0.6548672566371682 0.6507301808066759 0.014749262536873156 0.001043115438108484
1 0.6548672566371682 0.6564673157162726 0.014749262536873156 0.0006954102920723226
1 0.6548672566371682 0.6622044506258693 0.014749262536873156 0.001043115438108484
1 0.6273352999016716 0.6507301808066759 0.014749262536873156 0.001043115438108484
1 0.6273352999016716 0.6564673157162726 0.014749262536873156 0.0006954102920723226
1 0.6273352999016716 0.6622044506258693 0.014749262536873156 0.001043115438108484
1 0.599803343166175 0.6564673157162726 0.014749262536873156 0.0006954102920723226
1 0.599803343166175 0.6622044506258693 0.014749262536873156 0.001043115438108484
1 0.5722713864306784 0.6564673157162726 0.014749262536873156 0.0006954102920723226
1 0.5722713864306784 0.6622044506258693 0.014749262536873156 0.001043115438108484
1 0.5447394296951819 0.6507301808066759 0.014749262536873156 0.001043115438108484
1 0.5447394296951819 0.6564673157162726 0.014749262536873156 0.0006954102920723226
1 0.5447394296951819 0.6622044506258693 0.014749262536873156 0.001043115438108484
1 0.5058997050147492 0.6564673157162726 0.01376597836774828 0.0006954102920723226
1 0.5054080629301868 0.6622044506258693 0.014749262536873156 0.001043115438108484
1 0.46509341199606685 0.6564673157162726 0.014749262536873156 0.0006954102920723226
1 0.46509341199606685 0.6622044506258693 0.014749262536873156 0.001043115438108484
1 0.43756145526057033 0.6564673157162726 0.014749262536873156 0.0006954102920723226
1 0.43756145526057033 0.6622044506258693 0.014749262536873156 0.001043115438108484
1 0.8584070796460177 0.713490959666203 0.014749262536873156 0.0006954102920723226
1 0.8584070796460177 0.7194019471488178 0.014749262536873156 0.0006954102920723226
1 0.8134218289085545 0.7194019471488178 0.015240904621435595 0.0006954102920723226
1 0.7101769911504425 0.713490959666203 0.015240904621435595 0.0006954102920723226
1 0.7101769911504425 0.7194019471488178 0.015240904621435595 0.0006954102920723226
1 0.599803343166175 0.713490959666203 0.014749262536873156 0.0006954102920723226
1 0.599803343166175 0.7194019471488178 0.014749262536873156 0.0006954102920723226
1 0.46509341199606685 0.7194019471488178 0.014749262536873156 0.0006954102920723226
1 0.36529006882989185 0.7194019471488178 0.014749262536873156 0.0006954102920723226
1 0.2472959685349066 0.7194019471488178 0.014749262536873156 0.0006954102920723226
1 0.15142576204523106 0.7194019471488178 0.014749262536873156 0.0006954102920723226
24 0.710668633235005 0.6679415855354659 0.008357915437561455 0.005563282336578581
41 0.6779744346116028 0.674721835883171 0.0009832841691248771 0.027468706536856746
26 0.6823992133726647 0.6594228094575799 0.00983284169124877 0.005910987482614743
24 0.6823992133726647 0.6736787204450626 0.00983284169124877 0.005910987482614743
26 0.710668633235005 0.722183588317107 0.008357915437561455 0.005563282336578581
41 0.650196656833825 0.7381780250347705 0.0004916420845624386 0.017385257301808066
41 0.650196656833825 0.6710709318497914 0.0004916420845624386 0.037552155771905425
26 0.6548672566371682 0.7279207232267038 0.00983284169124877 0.005910987482614743
24 0.6548672566371682 0.6507301808066759 0.00983284169124877 0.005910987482614743
26 0.6548672566371682 0.6649860917941586 0.00983284169124877 0.005910987482614743
41 0.7617994100294986 0.674547983310153 0.0004916420845624386 0.03268428372739916
26 0.7664700098328416 0.7393949930458971 0.00983284169124877 0.005910987482614743
24 0.7664700098328416 0.6564673157162726 0.00983284169124877 0.005563282336578581
121 0.24459193706981316 0.6592489568845619 0.07325467059980334 0.002086230876216968
121 0.2667158308751229 0.66394297635605 0.028023598820058997 0.0017385257301808068
26 0.7664700098328416 0.6708970792767733 0.00983284169124877 0.005910987482614743
26 0.7099311701081613 0.6535118219749653 0.00983284169124877 0.005910987482614743
41 0.7055063913470994 0.7277468706536857 0.0009832841691248771 0.03129346314325452
121 0.12094395280235988 0.7510431154381085 0.05211406096361849 0.005563282336578581
41 0.7055063913470994 0.672287899860918 0.0009832841691248771 0.0351182197496523
26 0.7099311701081613 0.7107093184979137 0.00983284169124877 0.005563282336578581
41 0.5676007866273353 0.6712447844228094 0.0004916420845624386 0.025382475660639777
24 0.5722713864306784 0.6564673157162726 0.00983284169124877 0.005563282336578581
26 0.5722713864306784 0.6708970792767733 0.00983284169124877 0.005910987482614743
41 0.5400688298918387 0.7359179415855355 0.0004916420845624386 0.012169680111265646
121 0.14110127826941987 0.6632475660639777 0.07374631268436578 0.0017385257301808068
121 0.17379547689282202 0.6679415855354659 0.007374631268436578 0.002086230876216968
121 0.10889872173058014 0.6679415855354659 0.007374631268436578 0.002086230876216968
41 0.6226647000983284 0.6682892906815021 0.0004916420845624386 0.03129346314325452
24 0.6273352999016716 0.6507301808066759 0.00983284169124877 0.005910987482614743
26 0.6273352999016716 0.6649860917941586 0.00983284169124877 0.005910987482614743
41 0.5951327433628318 0.7265299026425591 0.0004916420845624386 0.021905424200278165
41 0.5951327433628318 0.6696801112656467 0.0004916420845624386 0.02851182197496523
24 0.599803343166175 0.7136648122392212 0.00983284169124877 0.005910987482614743
24 0.599803343166175 0.7192280945757997 0.00983284169124877 0.005910987482614743
26 0.599803343166175 0.6535118219749653 0.00983284169124877 0.005910987482614743
24 0.599803343166175 0.6679415855354659 0.00983284169124877 0.005563282336578581
121 0.33702064896755163 0.7451321279554938 0.04670599803343166 0.005563282336578581
41 0.9252704031465093 0.685326842837274 0.0009832841691248771 0.020166898470097356
24 0.9296951819075713 0.6736787204450626 0.00983284169124877 0.005910987482614743
121 0.7853982300884956 0.7510431154381085 0.04670599803343166 0.005563282336578581
121 0.45206489675516226 0.6828929068150209 0.09587020648967552 0.006258692628650904
121 0.4523107177974435 0.6875869262865091 0.09734513274336283 0.006606397774687065
121 0.43215339233038347 0.7510431154381085 0.05703048180924287 0.005563282336578581
121 0.581858407079646 0.6804589707927677 0.08210422812192723 0.002086230876216968
121 0.5813667649950836 0.6851529902642559 0.08308751229105212 0.0017385257301808068
121 0.567354965585054 0.7406119610570236 0.05506391347099312 0.0076495132127955496
122 0.637905604719764 0.6708970792767733 0.018190757128810225 0.0024339360222531293
122 0.6411012782694199 0.6448191933240612 0.02359882005899705 0.003129346314325452
121 0.6642084562438545 0.6851529902642559 0.02753195673549656 0.0017385257301808068
121 0.6779744346116028 0.6898470097357441 0.05506391347099312 0.002086230876216968
121 0.6779744346116028 0.7451321279554938 0.05506391347099312 0.005563282336578581
41 0.8974926253687315 0.6861961057023644 0.0004916420845624386 0.01634214186369958
122 0.8092428711897739 0.6794158553546592 0.08161258603736479 0.004172461752433936
122 0.8126843657817109 0.6486439499304589 0.08849557522123894 0.0038247566063977748
121 0.911504424778761 0.6908901251738526 0.02753195673549656 0.002086230876216968
121 0.8896263520157326 0.6955841446453408 0.07128810226155359 0.0017385257301808068
26 0.8141592920353983 0.7279207232267038 0.008849557522123894 0.005910987482614743
26 0.8141592920353983 0.7336578581363005 0.008849557522123894 0.005563282336578581
124 0.41642084562438547 0.700452016689847 0.20648967551622419 0.007997218358831711
24 0.8136676499508357 0.7192280945757997 0.00983284169124877 0.005910987482614743
122 0.30039331366764993 0.6707232267037552 0.03146509341199607 0.0034770514603616135
41 0.7617994100294986 0.7465229485396384 0.0004916420845624386 0.011821974965229486
121 0.2205014749262537 0.7510431154381085 0.04375614552605703 0.005563282336578581
41 0.8537364798426745 0.6768080667593881 0.0004916420845624386 0.037204450625869266
87 0.9011799410029498 0.7247913769123783 0.007866273352999017 0.009388038942976356
26 0.9021632251720747 0.6764603616133519 0.00983284169124877 0.005910987482614743
53 0.8586529006882989 0.739047287899861 0.008357915437561455 0.01634214186369958
41 0.8537364798426745 0.7317454798331016 0.0004916420845624386 0.032336578581363004
122 0.36307767944936087 0.6679415855354659 0.08603736479842675 0.004172461752433936
24 0.8584070796460177 0.7136648122392212 0.00983284169124877 0.005910987482614743
24 0.8584070796460177 0.7192280945757997 0.00983284169124877 0.005910987482614743
26 0.8584070796460177 0.7279207232267038 0.00983284169124877 0.005910987482614743
24 0.8584070796460177 0.6564673157162726 0.00983284169124877 0.005563282336578581
26 0.8584070796460177 0.6708970792767733 0.00983284169124877 0.005910987482614743
41 0.8089970501474927 0.7347009735744089 0.0004916420845624386 0.02851182197496523
26 0.20329400196656833 0.7393949930458971 0.009341199606686333 0.005910987482614743
24 0.2472959685349066 0.6910639777468707 0.00983284169124877 0.005910987482614743
41 0.1988692232055064 0.7465229485396384 0.0004916420845624386 0.011821974965229486
41 0.20771878072763028 0.6670723226703755 0.0004916420845624386 0.014951321279554937
26 0.24778761061946902 0.7338317107093185 0.008849557522123894 0.005910987482614743
26 0.20329400196656833 0.6764603616133519 0.009341199606686333 0.005910987482614743
41 0.17822025565388397 0.6761126564673157 0.0004916420845624386 0.025382475660639777
24 0.1735496558505408 0.6910639777468707 0.00983284169124877 0.005910987482614743
24 0.31809242871189775 0.730702364394993 0.00983284169124877 0.005910987482614743
26 0.31809242871189775 0.6764603616133519 0.00983284169124877 0.005910987482614743
41 0.28146509341199605 0.6672461752433936 0.0004916420845624386 0.015299026425591099
26 0.2767944936086529 0.6764603616133519 0.00983284169124877 0.005910987482614743
59 0.22615535889872174 0.7187065368567455 0.0058997050147492625 0.013908205841446454
41 0.1467551622418879 0.7350486787204451 0.0004916420845624386 0.027816411682892908
41 0.24262536873156343 0.7353963838664812 0.0004916420845624386 0.027121001390820583
41 0.25172074729596855 0.674721835883171 0.0009832841691248771 0.030250347705146036
24 0.2472959685349066 0.7192280945757997 0.00983284169124877 0.005910987482614743
26 0.2374631268436578 0.722183588317107 0.00983284169124877 0.005563282336578581
8 0.06465093411996067 0.7341794158553546 0.021140609636184856 0.01773296244784423
5 0.063913470993117 0.6801112656467315 0.01966568338249754 0.03894297635605007
0 0.03982300884955752 0.7081015299026425 0.008849557522123894 0.08031988873435326
24 0.15142576204523106 0.7192280945757997 0.00983284169124877 0.005910987482614743
26 0.15142576204523106 0.7279207232267038 0.00983284169124877 0.005910987482614743
26 0.15142576204523106 0.7338317107093185 0.00983284169124877 0.005910987482614743
41 0.13397246804326451 0.6691585535465925 0.0004916420845624386 0.011474269819193325
26 0.12930186823992135 0.6764603616133519 0.00983284169124877 0.005910987482614743
41 0.09513274336283185 0.7468706536856745 0.0004916420845624386 0.011126564673157162
41 0.10422812192723697 0.6764603616133519 0.0009832841691248771 0.0260778859527121
26 0.09980334316617502 0.7393949930458971 0.00983284169124877 0.005910987482614743
93 0.09955752212389381 0.7028859527121002 0.01327433628318584 0.010083449235048678
24 0.09980334316617502 0.6910639777468707 0.00983284169124877 0.005910987482614743
41 0.4604228121927237 0.7348748261474269 0.0004916420845624386 0.028164116828929067
41 0.4604228121927237 0.6710709318497914 0.0004916420845624386 0.031988873435326845
24 0.46509341199606685 0.7192280945757997 0.00983284169124877 0.005910987482614743
26 0.46509341199606685 0.7279207232267038 0.00983284169124877 0.005910987482614743
26 0.46509341199606685 0.6535118219749653 0.00983284169124877 0.005910987482614743
24 0.46509341199606685 0.6679415855354659 0.00983284169124877 0.005563282336578581
41 0.43289085545722716 0.6731571627260083 0.0004916420845624386 0.029902642559109873
24 0.43756145526057033 0.6564673157162726 0.00983284169124877 0.005563282336578581
26 0.43756145526057033 0.6708970792767733 0.00983284169124877 0.005910987482614743
41 0.3134218289085546 0.6870653685674548 0.0004916420845624386 0.018776077885952713
41 0.4033923303834808 0.7440890125173852 0.0004916420845624386 0.016689847009735744
41 0.5400688298918387 0.6688108484005564 0.0004916420845624386 0.032336578581363004
95 0.5457227138643068 0.7143602225312935 0.01671583087512291 0.013560500695410291
26 0.5447394296951819 0.7279207232267038 0.00983284169124877 0.005910987482614743
24 0.5447394296951819 0.6507301808066759 0.00983284169124877 0.005910987482614743
26 0.5447394296951819 0.6649860917941586 0.00983284169124877 0.005910987482614743
41 0.5007374631268436 0.670201668984701 0.0004916420845624386 0.029554937413073714
26 0.5054080629301868 0.6535118219749653 0.00983284169124877 0.005910987482614743
24 0.5054080629301868 0.6679415855354659 0.00983284169124877 0.005563282336578581
41 0.3606194690265487 0.7324408901251739 0.0004916420845624386 0.021905424200278165
24 0.36529006882989185 0.7192280945757997 0.00983284169124877 0.005910987482614743
24 0.36529006882989185 0.7251390820584145 0.00983284169124877 0.005910987482614743
41 0.3134218289085546 0.7393949930458971 0.0004916420845624386 0.014951321279554937
26 0.408062930186824 0.6766342141863699 0.00983284169124877 0.005563282336578581
26 0.408062930186824 0.7338317107093185 0.00983284169124877 0.005910987482614743
41 0.4033923303834808 0.6837621696801113 0.0004916420845624386 0.012169680111265646
2 0.7676991150442478 0.9391515994436718 0.0024582104228121925 0.002086230876216968
2 0.7676991150442478 0.9448887343532685 0.0024582104228121925 0.0017385257301808068
2 0.7676991150442478 0.8670027816411683 0.0024582104228121925 0.0017385257301808068
2 0.7676991150442478 0.872739916550765 0.0024582104228121925 0.002086230876216968
134 0.4997541789577188 0.8697844228094576 0.9041297935103245 0.02329624478442281
134 0.4997541789577188 0.9421070931849791 0.9041297935103245 0.02329624478442281
1 0.7940019665683382 0.9189847009735744 0.014749262536873156 0.0006954102920723226
1 0.7940019665683382 0.9248956884561892 0.014749262536873156 0.0006954102920723226
1 0.6283185840707964 0.9189847009735744 0.014749262536873156 0.0006954102920723226
1 0.6283185840707964 0.9248956884561892 0.014749262536873156 0.0006954102920723226
1 0.5855457227138643 0.9189847009735744 0.014749262536873156 0.0006954102920723226
1 0.5855457227138643 0.9248956884561892 0.014749262536873156 0.0006954102920723226
1 0.49901671583087515 0.9189847009735744 0.014749262536873156 0.0006954102920723226
1 0.49901671583087515 0.9248956884561892 0.014749262536873156 0.0006954102920723226
1 0.40462143559488695 0.9189847009735744 0.014749262536873156 0.0006954102920723226
1 0.40462143559488695 0.9248956884561892 0.014749262536873156 0.0006954102920723226
1 0.3200589970501475 0.9189847009735744 0.014749262536873156 0.0006954102920723226
1 0.3200589970501475 0.9248956884561892 0.014749262536873156 0.0006954102920723226
1 0.22566371681415928 0.9189847009735744 0.014749262536873156 0.0006954102920723226
1 0.22566371681415928 0.9248956884561892 0.014749262536873156 0.0006954102920723226
1 0.14110127826941987 0.9132475660639777 0.014749262536873156 0.001043115438108484
1 0.14110127826941987 0.9189847009735744 0.014749262536873156 0.0006954102920723226
1 0.14110127826941987 0.9248956884561892 0.014749262536873156 0.0006954102920723226
1 0.09980334316617502 0.9248956884561892 0.014749262536873156 0.0006954102920723226
41 0.6236479842674533 0.9315020862308763 0.0004916420845624386 0.02086230876216968
41 0.6236479842674533 0.8779554937413073 0.0004916420845624386 0.01808066759388039
4 0.6123402163225172 0.8291029207232267 0.018190757128810225 0.01564673157162726
24 0.6283185840707964 0.9191585535465925 0.00983284169124877 0.005910987482614743
24 0.6283185840707964 0.924721835883171 0.00983284169124877 0.005910987482614743
26 0.6283185840707964 0.8670027816411683 0.00983284169124877 0.005910987482614743
41 0.6855948869223205 0.8823018080667594 0.0004916420845624386 0.026773296244784424
41 0.717551622418879 0.8925591098748261 0.0004916420845624386 0.01321279554937413
87 0.7212389380530974 0.9302851182197497 0.007866273352999017 0.009388038942976356
26 0.7222222222222222 0.8842141863699583 0.00983284169124877 0.005563282336578581
53 0.6905113077679449 0.954798331015299 0.008357915437561455 0.015299026425591099
41 0.6855948869223205 0.9551460361613352 0.0004916420845624386 0.016689847009735744
26 0.6902654867256637 0.9448887343532685 0.00983284169124877 0.005910987482614743
26 0.6902654867256637 0.8670027816411683 0.00983284169124877 0.005910987482614743
41 0.654621435594887 0.9414116828929068 0.0004916420845624386 0.012169680111265646
26 0.6592920353982301 0.9334144645340751 0.00983284169124877 0.005910987482614743
26 0.5206489675516224 0.8610917941585535 0.00983284169124877 0.005910987482614743
41 0.494346116027532 0.9320236439499304 0.0004916420845624386 0.021905424200278165
41 0.494346116027532 0.8730876216968011 0.0004916420845624386 0.013908205841446454
24 0.49901671583087515 0.9191585535465925 0.00983284169124877 0.005910987482614743
24 0.49901671583087515 0.924721835883171 0.00983284169124877 0.005910987482614743
24 0.49901671583087515 0.864047287899861 0.00983284169124877 0.005563282336578581
41 0.5159783677482792 0.8716968011126565 0.0004916420845624386 0.018776077885952713
41 0.47271386430678464 0.8744784422809457 0.0004916420845624386 0.011126564673157162
26 0.4773844641101278 0.8670027816411683 0.00983284169124877 0.005910987482614743
121 0.12659783677482792 0.8765646731571627 0.061455260570304815 0.002086230876216968
121 0.1263520157325467 0.8812586926286509 0.06293018682399214 0.0017385257301808068
41 0.5808751229105211 0.875173852573018 0.0004916420845624386 0.018776077885952713
26 0.5855457227138643 0.916029207232267 0.00983284169124877 0.005910987482614743
26 0.5860373647984267 0.9276773296244785 0.008849557522123894 0.005563282336578581
24 0.5855457227138643 0.864047287899861 0.00983284169124877 0.005563282336578581
41 0.5572763028515241 0.8781293463143255 0.0004916420845624386 0.01286509040333797
24 0.5619469026548672 0.8697844228094576 0.00983284169124877 0.005910987482614743
41 0.5808751229105211 0.9323713490959666 0.0004916420845624386 0.030250347705146036
41 0.5376106194690266 0.94384561891516 0.0004916420845624386 0.017037552155771907
41 0.5376106194690266 0.8744784422809457 0.0004916420845624386 0.02294853963838665
26 0.5422812192723697 0.9334144645340751 0.00983284169124877 0.005910987482614743
26 0.5422812192723697 0.8610917941585535 0.00983284169124877 0.005910987482614743
41 0.9314159292035398 0.8723922114047288 0.0004916420845624386 0.024339360222531293
24 0.9360865290068829 0.8583101529902643 0.00983284169124877 0.005910987482614743
24 0.9360865290068829 0.864047287899861 0.00983284169124877 0.005563282336578581
41 0.8947885939036382 0.8725660639777468 0.0009832841691248771 0.025382475660639777
87 0.8982300884955752 0.9302851182197497 0.007866273352999017 0.009388038942976356
24 0.8992133726647001 0.8583101529902643 0.00983284169124877 0.005910987482614743
24 0.8992133726647001 0.864047287899861 0.00983284169124877 0.005563282336578581
121 0.5594886922320551 0.9506258692628651 0.043264503441494594 0.005563282336578581
121 0.11553588987217306 0.9483657858136301 0.04129793510324484 0.003129346314325452
122 0.1735496558505408 0.8576147426981919 0.007866273352999017 0.0017385257301808068
121 0.21116027531956735 0.8812586926286509 0.061455260570304815 0.0017385257301808068
121 0.21140609636184857 0.885952712100139 0.06293018682399214 0.002086230876216968
121 0.2003441494591937 0.9530598052851182 0.040806293018682396 0.0027816411682892906
121 0.3055555555555556 0.8765646731571627 0.061455260570304815 0.002086230876216968
121 0.3053097345132743 0.8812586926286509 0.06293018682399214 0.0017385257301808068
121 0.2944936086529007 0.9535813630041725 0.04129793510324484 0.0038247566063977748
122 0.3525073746312684 0.8574408901251739 0.007866273352999017 0.0013908205841446453
121 0.39011799410029496 0.8812586926286509 0.061455260570304815 0.0017385257301808068
121 0.39036381514257623 0.885952712100139 0.06293018682399214 0.002086230876216968
121 0.37930186823992135 0.9535813630041725 0.040806293018682396 0.0038247566063977748
121 0.48475909537856443 0.8765646731571627 0.061946902654867256 0.002086230876216968
121 0.48451327433628316 0.8812586926286509 0.0624385447394297 0.0017385257301808068
121 0.47369714847590955 0.946105702364395 0.040806293018682396 0.0076495132127955496
122 0.5314650934119961 0.8574408901251739 0.007866273352999017 0.0013908205841446453
121 0.5474434611602753 0.8812586926286509 0.019174041297935103 0.0017385257301808068
121 0.5594886922320551 0.885952712100139 0.043264503441494594 0.002086230876216968
125 0.6752704031465093 0.9061196105702365 0.10471976401179942 0.0076495132127955496
121 0.6388888888888888 0.9454102920723226 0.030973451327433628 0.006258692628650904
122 0.6590462143559489 0.8607440890125174 0.058505408062930184 0.0038247566063977748
121 0.7310717797443461 0.8976008344923505 0.02654867256637168 0.005910987482614743
121 0.7153392330383481 0.8998609179415855 0.058997050147492625 0.01043115438108484
121 0.8050639134709932 0.9455841446453408 0.030973451327433628 0.006606397774687065
121 0.8918387413962635 0.8819541029207232 0.07964601769911504 0.003129346314325452
121 0.8915929203539823 0.8864742698191933 0.08013765978367748 0.003129346314325452
24 0.7944936086529006 0.924721835883171 0.008849557522123894 0.005910987482614743
41 0.789331366764995 0.9320236439499304 0.0004916420845624386 0.021905424200278165
41 0.789331366764995 0.8779554937413073 0.0004916420845624386 0.01808066759388039
24 0.7940019665683382 0.9191585535465925 0.00983284169124877 0.005910987482614743
26 0.7940019665683382 0.8670027816411683 0.00983284169124877 0.005910987482614743
41 0.7450835791543756 0.8951668984700973 0.0004916420845624386 0.01773296244784423
26 0.7497541789577188 0.8842141863699583 0.00983284169124877 0.005563282336578581
26 0.8559488692232055 0.9448887343532685 0.00983284169124877 0.005910987482614743
41 0.8729105211406096 0.8746522948539638 0.0004916420845624386 0.023991655076495134
26 0.8775811209439528 0.8610917941585535 0.00983284169124877 0.005910987482614743
26 0.8775811209439528 0.8670027816411683 0.00983284169124877 0.005910987482614743
53 0.8561946902654868 0.9546244784422809 0.008357915437561455 0.01634214186369958
41 0.8512782694198623 0.9546244784422809 0.0004916420845624386 0.01773296244784423
41 0.8512782694198623 0.8777816411682893 0.0004916420845624386 0.01842837273991655
26 0.8559488692232055 0.8670027816411683 0.00983284169124877 0.005910987482614743
41 0.8203048180924287 0.9414116828929068 0.0004916420845624386 0.012169680111265646
26 0.8249754178957719 0.9334144645340751 0.00983284169124877 0.005910987482614743
41 0.19936086529006883 0.8774339360222532 0.0004916420845624386 0.017037552155771907
26 0.204031465093412 0.8670027816411683 0.00983284169124877 0.005910987482614743
59 0.17305801376597837 0.9242002781641169 0.0058997050147492625 0.013908205841446454
41 0.17969518190757128 0.9415855354659249 0.0004916420845624386 0.02364394993045897
41 0.17969518190757128 0.8744784422809457 0.0004916420845624386 0.02294853963838665
26 0.18436578171091444 0.9276773296244785 0.00983284169124877 0.005563282336578581
26 0.18436578171091444 0.8610917941585535 0.00983284169124877 0.005910987482614743
41 0.158062930186824 0.8720445062586927 0.0004916420845624386 0.01808066759388039
26 0.16273352999016716 0.8610917941585535 0.00983284169124877 0.005910987482614743
26 0.2472959685349066 0.8670027816411683 0.00983284169124877 0.005910987482614743
41 0.2740904621435595 0.8722183588317107 0.0004916420845624386 0.01773296244784423
24 0.27876106194690264 0.9306328233657858 0.00983284169124877 0.005910987482614743
41 0.24262536873156343 0.8769123783031989 0.0004916420845624386 0.01808066759388039
41 0.22099311701081611 0.9367176634214186 0.0004916420845624386 0.03129346314325452
41 0.22099311701081611 0.8760431154381085 0.0004916420845624386 0.019819193324061197
24 0.22566371681415928 0.9191585535465925 0.00983284169124877 0.005910987482614743
24 0.22566371681415928 0.924721835883171 0.00983284169124877 0.005910987482614743
24 0.22566371681415928 0.864047287899861 0.00983284169124877 0.005563282336578581
41 0.09513274336283185 0.8722183588317107 0.0004916420845624386 0.01773296244784423
24 0.09980334316617502 0.924721835883171 0.00983284169124877 0.005910987482614743
26 0.09980334316617502 0.8610917941585535 0.00983284169124877 0.005910987482614743
8 0.06465093411996067 0.939673157162726 0.021140609636184856 0.01773296244784423
5 0.063913470993117 0.8703059805285118 0.01966568338249754 0.03894297635605007
0 0.03908554572271387 0.9059457579972183 0.01032448377581121 0.09561891515994436
41 0.1364306784660767 0.9313282336578581 0.0004916420845624386 0.032336578581363004
41 0.1364306784660767 0.8736091794158554 0.0004916420845624386 0.014951321279554937
24 0.14110127826941987 0.9132475660639777 0.00983284169124877 0.005910987482614743
24 0.14110127826941987 0.9191585535465925 0.00983284169124877 0.005910987482614743
24 0.14110127826941987 0.864047287899861 0.00983284169124877 0.005563282336578581
26 0.27876106194690264 0.8610917941585535 0.00983284169124877 0.005910987482614743
41 0.1147984267453294 0.875 0.0004916420845624386 0.012169680111265646
26 0.11946902654867257 0.8670027816411683 0.00983284169124877 0.005910987482614743
41 0.09513274336283185 0.9372392211404729 0.0004916420845624386 0.022600834492350487
24 0.4051130776794494 0.924721835883171 0.008849557522123894 0.005910987482614743
24 0.40462143559488695 0.864047287899861 0.00983284169124877 0.005563282336578581
41 0.37831858407079644 0.8774339360222532 0.0004916420845624386 0.017037552155771907
26 0.3829891838741396 0.8670027816411683 0.00983284169124877 0.005910987482614743
59 0.352015732546706 0.9271557719054242 0.0058997050147492625 0.013560500695410291
24 0.40462143559488695 0.9191585535465925 0.00983284169124877 0.005910987482614743
41 0.3586529006882989 0.9434979137691237 0.0004916420845624386 0.021905424200278165
41 0.3586529006882989 0.8744784422809457 0.0004916420845624386 0.02294853963838665
24 0.3633235004916421 0.9306328233657858 0.00983284169124877 0.005910987482614743
26 0.3633235004916421 0.8610917941585535 0.00983284169124877 0.005910987482614743
41 0.4530481809242871 0.941933240611961 0.0004916420845624386 0.01321279554937413
41 0.4530481809242871 0.8722183588317107 0.0004916420845624386 0.01773296244784423
26 0.4577187807276303 0.9334144645340751 0.00983284169124877 0.005910987482614743
26 0.4577187807276303 0.8610917941585535 0.00983284169124877 0.005910987482614743
41 0.42158308751229107 0.8774339360222532 0.0004916420845624386 0.017037552155771907
26 0.42625368731563423 0.8670027816411683 0.00983284169124877 0.005910987482614743
41 0.3999508357915438 0.9361961057023644 0.0004916420845624386 0.032336578581363004
41 0.3999508357915438 0.8755215577190543 0.0004916420845624386 0.02086230876216968
41 0.31538839724680434 0.8736091794158554 0.0004916420845624386 0.014951321279554937
24 0.3200589970501475 0.9191585535465925 0.00983284169124877 0.005910987482614743
24 0.32055063913470994 0.924721835883171 0.008849557522123894 0.005910987482614743
24 0.3200589970501475 0.864047287899861 0.00983284169124877 0.005563282336578581
41 0.29375614552605706 0.875 0.0004916420845624386 0.012169680111265646
26 0.2984267453294002 0.8670027816411683 0.00983284169124877 0.005910987482614743
41 0.2740904621435595 0.952712100139082 0.0004916420845624386 0.0034770514603616135
41 0.33702064896755163 0.8720445062586927 0.0004916420845624386 0.01808066759388039
26 0.3416912487708948 0.8610917941585535 0.00983284169124877 0.005910987482614743
41 0.2740904621435595 0.9410639777468707 0.0004916420845624386 0.01912378303198887
41 0.31538839724680434 0.9361961057023644 0.0004916420845624386 0.032336578581363004