134 0.4997448979591837 0.38582251082251084 0.9045918367346939 0.024170274170274172
1 0.33010204081632655 0.4296536796536797 0.015306122448979591 0.0007215007215007215
1 0.2693877551020408 0.4237012987012987 0.015306122448979591 0.0010822510822510823
1 0.2693877551020408 0.4296536796536797 0.015306122448979591 0.0007215007215007215
1 0.20612244897959184 0.4296536796536797 0.015306122448979591 0.0007215007215007215
134 0.4997448979591837 0.4475108225108225 0.9045918367346939 0.024170274170274172
134 0.4997448979591837 0.07233044733044733 0.9045918367346939 0.024170274170274172
1 0.33010204081632655 0.05447330447330447 0.015306122448979591 0.0007215007215007215
1 0.2693877551020408 0.05447330447330447 0.015306122448979591 0.0007215007215007215
134 0.4997448979591837 0.2011183261183261 0.9045918367346939 0.024170274170274172
134 0.4997448979591837 0.13041125541125542 0.9045918367346939 0.024170274170274172
1 0.33010204081632655 0.1830808080808081 0.015306122448979591 0.0010822510822510823
1 0.2693877551020408 0.1830808080808081 0.015306122448979591 0.0010822510822510823
134 0.4997448979591837 0.26262626262626265 0.9045918367346939 0.023809523809523808
134 0.4997448979591837 0.32431457431457433 0.9045918367346939 0.0
1 0.33010204081632655 0.3560606060606061 0.015306122448979591 0.0007215007215007215
1 0.33010204081632655 0.362012987012987 0.015306122448979591 0.0010822510822510823
1 0.33010204081632655 0.36796536796536794 0.015306122448979591 0.0007215007215007215
1 0.2693877551020408 0.3501082251082251 0.015306122448979591 0.0010822510822510823
1 0.2693877551020408 0.3560606060606061 0.015306122448979591 0.0007215007215007215
1 0.2693877551020408 0.362012987012987 0.015306122448979591 0.0010822510822510823
1 0.2693877551020408 0.36796536796536794 0.015306122448979591 0.0007215007215007215
1 0.20612244897959184 0.3560606060606061 0.015306122448979591 0.0007215007215007215
1 0.20612244897959184 0.362012987012987 0.015306122448979591 0.0010822510822510823
1 0.20612244897959184 0.36796536796536794 0.015306122448979591 0.0007215007215007215
41 0.6548469387755103 0.2041847041847042 0.0005102040816326531 0.01443001443001443
84 0.5125 0.06186868686868687 0.010714285714285714 0.0025252525252525255
41 0.690561224489796 0.2041847041847042 0.0005102040816326531 0.01443001443001443
24 0.6954081632653061 0.19498556998556998 0.01020408163265306 0.006132756132756133
41 0.5176020408163265 0.20923520923520925 0.0005102040816326531 0.01875901875901876
26 0.5224489795918368 0.19787157287157287 0.01020408163265306 0.006132756132756133
41 0.4589285714285714 0.20346320346320346 0.0005102040816326531 0.01875901875901876
26 0.46377551020408164 0.1920995670995671 0.01020408163265306 0.006132756132756133
24 0.6596938775510204 0.19498556998556998 0.01020408163265306 0.006132756132756133
41 0.5808673469387755 0.20346320346320346 0.0005102040816326531 0.01875901875901876
26 0.5857142857142857 0.1920995670995671 0.01020408163265306 0.006132756132756133
84 0.5125 0.1259018759018759 0.010714285714285714 0.002886002886002886
84 0.5125 0.25216450216450215 0.010714285714285714 0.002886002886002886
84 0.5125 0.31385281385281383 0.017857142857142856 0.002886002886002886
84 0.5125 0.37536075036075034 0.010714285714285714 0.0025252525252525255
84 0.5125 0.4431818181818182 0.010714285714285714 0.0025252525252525255
121 0.7084183673469387 0.21284271284271283 0.1076530612244898 0.0021645021645021645
121 0.8714285714285714 0.18001443001443002 0.12857142857142856 0.0021645021645021645
121 0.9311224489795918 0.18488455988455987 0.00816326530612245 0.0018037518037518038
121 0.8479591836734693 0.18488455988455987 0.00816326530612245 0.0018037518037518038
41 0.8431122448979592 0.18813131313131312 0.0005102040816326531 0.015512265512265512
26 0.838265306122449 0.19787157287157287 0.01020408163265306 0.006132756132756133
41 0.8073979591836735 0.18831168831168832 0.0005102040816326531 0.015873015873015872
26 0.8025510204081633 0.19787157287157287 0.01020408163265306 0.006132756132756133
41 0.7622448979591837 0.20472582972582973 0.0010204081632653062 0.016233766233766232
24 0.7668367346938776 0.19498556998556998 0.01020408163265306 0.006132756132756133
41 0.7262755102040817 0.2032828282828283 0.0005102040816326531 0.01911976911976912
26 0.7311224489795919 0.1920995670995671 0.01020408163265306 0.006132756132756133
26 0.8954081632653061 0.204004329004329 0.01020408163265306 0.006132756132756133
41 0.9359693877551021 0.19264069264069264 0.0005102040816326531 0.024531024531024532
24 0.9311224489795918 0.2068903318903319 0.01020408163265306 0.006132756132756133
41 0.9002551020408164 0.19173881673881674 0.0005102040816326531 0.022727272727272728
41 0.8665816326530612 0.18831168831168832 0.0005102040816326531 0.015873015873015872
26 0.861734693877551 0.19787157287157287 0.01020408163265306 0.006132756132756133
5 0.06479591836734694 0.3865440115440115 0.02040816326530612 0.04076479076479077
67 0.08698979591836735 0.4440836940836941 0.0066326530612244895 0.01443001443001443
67 0.09387755102040816 0.43506493506493504 0.006122448979591836 0.01443001443001443
67 0.10051020408163265 0.44696969696969696 0.006122448979591836 0.01443001443001443
67 0.10714285714285714 0.4379509379509379 0.006122448979591836 0.01443001443001443
5 0.06479591836734694 0.44805194805194803 0.02040816326530612 0.04040404040404041
67 0.08698979591836735 0.3823953823953824 0.0066326530612244895 0.01443001443001443
67 0.09387755102040816 0.37337662337662336 0.006122448979591836 0.01443001443001443
67 0.10051020408163265 0.3852813852813853 0.006122448979591836 0.01443001443001443
67 0.08698979591836735 0.25901875901875904 0.0066326530612244895 0.01443001443001443
67 0.09387755102040816 0.25036075036075034 0.006122448979591836 0.01443001443001443
10 0.06607142857142857 0.23971861471861472 0.005612244897959183 0.005411255411255411
5 0.06479591836734694 0.26334776334776333 0.02040816326530612 0.04040404040404041
67 0.08698979591836735 0.1975108225108225 0.0066326530612244895 0.01479076479076479
67 0.09387755102040816 0.18867243867243869 0.006122448979591836 0.01443001443001443
67 0.10051020408163265 0.20057720057720058 0.006122448979591836 0.01443001443001443
67 0.10714285714285714 0.19155844155844157 0.006122448979591836 0.01443001443001443
67 0.11403061224489795 0.20346320346320346 0.0066326530612244895 0.01443001443001443
67 0.12091836734693878 0.19444444444444445 0.006122448979591836 0.01443001443001443
26 0.20612244897959184 0.05735930735930736 0.01020408163265306 0.005772005772005772
41 0.1385204081632653 0.455988455988456 0.0005102040816326531 0.01875901875901876
41 0.1385204081632653 0.38257575757575757 0.0005102040816326531 0.0183982683982684
5 0.06479591836734694 0.20165945165945165 0.02040816326530612 0.04040404040404041
41 0.1385204081632653 0.21194083694083693 0.0005102040816326531 0.017676767676767676
41 0.1385204081632653 0.08333333333333333 0.0005102040816326531 0.017316017316017316
26 0.1433673469387755 0.44462481962481964 0.01020408163265306 0.006132756132756133
26 0.1433673469387755 0.37103174603174605 0.01020408163265306 0.006132756132756133
24 0.14311224489795918 0.2011183261183261 0.009693877551020408 0.006132756132756133
24 0.1433673469387755 0.07233044733044733 0.01020408163265306 0.006132756132756133
84 0.2543367346938776 0.1259018759018759 0.010714285714285714 0.002886002886002886
84 0.2543367346938776 0.25216450216450215 0.010714285714285714 0.002886002886002886
0 0.039540816326530615 0.10137085137085138 0.008673469387755102 0.08225108225108226
67 0.08698979591836735 0.13275613275613277 0.0066326530612244895 0.01443001443001443
67 0.09387755102040816 0.1240981240981241 0.006122448979591836 0.01443001443001443
67 0.10051020408163265 0.13600288600288601 0.006122448979591836 0.01443001443001443
67 0.10714285714285714 0.12698412698412698 0.006122448979591836 0.01443001443001443
67 0.11403061224489795 0.1388888888888889 0.0066326530612244895 0.01443001443001443
67 0.12091836734693878 0.12987012987012986 0.006122448979591836 0.01443001443001443
8 0.0653061224489796 0.12788600288600288 0.02142857142857143 0.0183982683982684
67 0.08698979591836735 0.0689033189033189 0.0066326530612244895 0.01443001443001443
67 0.09387755102040816 0.05988455988455989 0.006122448979591836 0.01443001443001443
67 0.10051020408163265 0.07178932178932179 0.006122448979591836 0.01443001443001443
67 0.10714285714285714 0.06277056277056277 0.006122448979591836 0.01443001443001443
67 0.11403061224489795 0.07467532467532467 0.0066326530612244895 0.01443001443001443
67 0.12091836734693878 0.06565656565656566 0.006122448979591836 0.01443001443001443
5 0.06479591836734694 0.07287157287157287 0.02040816326530612 0.04040404040404041
3 0.11403061224489795 0.04256854256854257 0.01989795918367347 0.020202020202020204
84 0.7956632653061224 0.4431818181818182 0.010714285714285714 0.0025252525252525255
84 0.7956632653061224 0.37536075036075034 0.010714285714285714 0.0025252525252525255
84 0.7956632653061224 0.31385281385281383 0.017857142857142856 0.002886002886002886
84 0.7956632653061224 0.25216450216450215 0.010714285714285714 0.002886002886002886
84 0.7956632653061224 0.1259018759018759 0.010714285714285714 0.002886002886002886
84 0.7956632653061224 0.06186868686868687 0.010714285714285714 0.0025252525252525255
84 0.2543367346938776 0.31385281385281383 0.017857142857142856 0.002886002886002886
41 0.3252551020408163 0.06547619047619048 0.0005102040816326531 0.01911976911976912
41 0.3252551020408163 0.37012987012987014 0.0005102040816326531 0.031024531024531024
41 0.3252551020408163 0.19426406926406928 0.0005102040816326531 0.01911976911976912
26 0.33010204081632655 0.42658730158730157 0.01020408163265306 0.006132756132756133
26 0.33010204081632655 0.35299422799422797 0.01020408163265306 0.006132756132756133
24 0.33010204081632655 0.1830808080808081 0.01020408163265306 0.006132756132756133
24 0.33010204081632655 0.054292929292929296 0.01020408163265306 0.006132756132756133
26 0.20612244897959184 0.18596681096681097 0.01020408163265306 0.006132756132756133
41 0.2645408163265306 0.4365079365079365 0.0005102040816326531 0.021645021645021644
41 0.4002551020408163 0.1975108225108225 0.0005102040816326531 0.0183982683982684
26 0.4048469387755102 0.18596681096681097 0.009693877551020408 0.006132756132756133
41 0.3252551020408163 0.4375901875901876 0.0005102040816326531 0.01948051948051948
41 0.20127551020408163 0.44083694083694086 0.0005102040816326531 0.01875901875901876
41 0.20127551020408163 0.3717532467532468 0.0005102040816326531 0.027777777777777776
41 0.20127551020408163 0.19696969696969696 0.0005102040816326531 0.01948051948051948
41 0.20127551020408163 0.06818181818181818 0.0005102040816326531 0.01948051948051948
24 0.20612244897959184 0.4296536796536797 0.01020408163265306 0.005772005772005772
24 0.20612244897959184 0.3560606060606061 0.01020408163265306 0.005772005772005772
41 0.2645408163265306 0.19155844155844157 0.0005102040816326531 0.01875901875901876
26 0.2693877551020408 0.05140692640692641 0.01020408163265306 0.006132756132756133
41 0.2645408163265306 0.06222943722943723 0.0005102040816326531 0.01984126984126984
24 0.2693877551020408 0.4237012987012987 0.01020408163265306 0.006132756132756133
24 0.2693877551020408 0.3501082251082251 0.01020408163265306 0.006132756132756133
26 0.2693877551020408 0.18019480519480519 0.01020408163265306 0.006132756132756133
41 0.2645408163265306 0.36832611832611833 0.0005102040816326531 0.03463203463203463
134 0.4997448979591837 0.8858225108225108 0.9045918367346939 0.024170274170274172
1 0.8762755102040817 0.9294733044733045 0.015816326530612244 0.0010822510822510823
134 0.4997448979591837 0.9475108225108225 0.9045918367346939 0.024170274170274172
134 0.4989795918367347 0.5721500721500722 0.9030612244897959 0.023809523809523808
134 0.4997448979591837 0.7007575757575758 0.9045918367346939 0.024170274170274172
1 0.2461734693877551 0.7186147186147186 0.015816326530612244 0.0007215007215007215
1 0.1719387755102041 0.7186147186147186 0.015306122448979591 0.0007215007215007215
134 0.4997448979591837 0.7624458874458875 0.9045918367346939 0.024170274170274172
134 0.4997448979591837 0.6302308802308803 0.9045918367346939 0.023809523809523808
134 0.4997448979591837 0.8241341991341992 0.9045918367346939 0.00036075036075036075
41 0.6262755102040817 0.8134920634920635 0.0005102040816326531 0.018037518037518036
121 0.17704081632653063 0.6953463203463204 0.05612244897959184 0.003246753246753247
121 0.16301020408163266 0.700036075036075 0.026020408163265306 0.0025252525252525255
41 0.6165816326530612 0.9558080808080808 0.0005102040816326531 0.0183982683982684
26 0.38571428571428573 0.7595598845598845 0.01020408163265306 0.006132756132756133
68 0.5211734693877551 0.571969696969697 0.005612244897959183 0.015512265512265512
68 0.5272959183673469 0.5633116883116883 0.005612244897959183 0.015512265512265512
68 0.5354591836734693 0.5752164502164502 0.005612244897959183 0.015512265512265512
68 0.5415816326530613 0.5661976911976911 0.005612244897959183 0.015512265512265512
68 0.55 0.5781024531024531 0.00510204081632653 0.015512265512265512
68 0.5558673469387755 0.5690836940836941 0.005612244897959183 0.015512265512265512
41 0.43520408163265306 0.7575757575757576 0.0010204081632653062 0.01948051948051948
68 0.5211734693877551 0.6361832611832612 0.005612244897959183 0.015512265512265512
68 0.5272959183673469 0.6271645021645021 0.005612244897959183 0.015512265512265512
68 0.5354591836734693 0.6390692640692641 0.005612244897959183 0.015512265512265512
68 0.5415816326530613 0.6302308802308803 0.005612244897959183 0.015151515151515152
68 0.55 0.6423160173160173 0.00510204081632653 0.015512265512265512
68 0.5558673469387755 0.6332972582972582 0.005612244897959183 0.015512265512265512
68 0.5211734693877551 0.7007575757575758 0.005612244897959183 0.015512265512265512
68 0.5272959183673469 0.6917388167388168 0.005612244897959183 0.015512265512265512
68 0.5354591836734693 0.7036435786435786 0.005612244897959183 0.015512265512265512
68 0.5415816326530613 0.69498556998557 0.005612244897959183 0.015512265512265512
68 0.55 0.7068903318903319 0.00510204081632653 0.015512265512265512
68 0.5558673469387755 0.6978715728715729 0.005612244897959183 0.015512265512265512
68 0.5211734693877551 0.7624458874458875 0.005612244897959183 0.015512265512265512
68 0.5272959183673469 0.7534271284271284 0.005612244897959183 0.015512265512265512
24 0.6214285714285714 0.8241341991341992 0.01020408163265306 0.006132756132756133
95 0.622704081632653 0.838023088023088 0.01683673469387755 0.013708513708513708
24 0.4306122448979592 0.7683982683982684 0.01020408163265306 0.005772005772005772
41 0.3808673469387755 0.7673160173160173 0.0005102040816326531 0.013708513708513708
68 0.5211734693877551 0.8858225108225108 0.005612244897959183 0.015512265512265512
68 0.5272959183673469 0.8768037518037518 0.005612244897959183 0.015512265512265512
68 0.5354591836734693 0.8887085137085137 0.005612244897959183 0.015512265512265512
26 0.6214285714285714 0.9442640692640693 0.01020408163265306 0.006132756132756133
68 0.5211734693877551 0.9475108225108225 0.005612244897959183 0.015512265512265512
68 0.5272959183673469 0.9384920634920635 0.005612244897959183 0.015512265512265512
68 0.5354591836734693 0.9503968253968254 0.005612244897959183 0.015512265512265512
68 0.5415816326530613 0.9413780663780664 0.005612244897959183 0.015512265512265512
121 0.7306122448979592 0.8062770562770563 0.04591836734693878 0.0021645021645021645
121 0.35816326530612247 0.77507215007215 0.04591836734693878 0.003246753246753247
121 0.21428571428571427 0.7768759018759018 0.1489795918367347 0.006854256854256854
24 0.7025510204081633 0.8241341991341992 0.01020408163265306 0.006132756132756133
24 0.7025510204081633 0.9413780663780664 0.01020408163265306 0.006132756132756133
41 0.7073979591836734 0.8145743145743146 0.0005102040816326531 0.016594516594516596
41 0.6979591836734694 0.9522005772005772 0.0010204081632653062 0.01984126984126984
24 0.7489795918367347 0.8241341991341992 0.01020408163265306 0.006132756132756133
41 0.7535714285714286 0.8145743145743146 0.0010204081632653062 0.016594516594516596
28 0.7948979591836735 0.8241341991341992 0.01020408163265306 0.006132756132756133
26 0.7948979591836735 0.9323593073593074 0.01020408163265306 0.006132756132756133
41 0.7997448979591837 0.8136724386724387 0.0005102040816326531 0.0183982683982684
41 0.7900510204081632 0.9433621933621934 0.0005102040816326531 0.01948051948051948
24 0.8760204081632653 0.9294733044733045 0.01020408163265306 0.006132756132756133
41 0.8714285714285714 0.9402958152958153 0.0010204081632653062 0.01984126984126984
67 0.08698979591836735 0.6973304473304474 0.0066326530612244895 0.01443001443001443
67 0.09387755102040816 0.6883116883116883 0.006122448979591836 0.01443001443001443
67 0.10051020408163265 0.7002164502164502 0.006122448979591836 0.01443001443001443
67 0.10714285714285714 0.6913780663780664 0.006122448979591836 0.01406926406926407
67 0.11403061224489795 0.7034632034632035 0.0066326530612244895 0.01443001443001443
67 0.12091836734693878 0.6944444444444444 0.006122448979591836 0.01443001443001443
67 0.08698979591836735 0.759018759018759 0.0066326530612244895 0.01443001443001443
67 0.09387755102040816 0.75 0.006122448979591836 0.01443001443001443
10 0.06607142857142857 0.7397186147186147 0.005612244897959183 0.005411255411255411
5 0.06479591836734694 0.762987012987013 0.02040816326530612 0.04040404040404041
5 0.06479591836734694 0.7012987012987013 0.02040816326530612 0.04040404040404041
67 0.08698979591836735 0.6327561327561327 0.0066326530612244895 0.01443001443001443
67 0.09387755102040816 0.6237373737373737 0.006122448979591836 0.01443001443001443
67 0.10051020408163265 0.6356421356421357 0.006122448979591836 0.01443001443001443
67 0.10714285714285714 0.6266233766233766 0.006122448979591836 0.01443001443001443
67 0.11403061224489795 0.6385281385281385 0.0066326530612244895 0.01443001443001443
67 0.12091836734693878 0.6298701298701299 0.006122448979591836 0.01443001443001443
8 0.0653061224489796 0.6277056277056277 0.02142857142857143 0.01875901875901876
41 0.14923469387755103 0.7031024531024531 0.0005102040816326531 0.015873015873015872
24 0.14438775510204083 0.7126623376623377 0.01020408163265306 0.006132756132756133
67 0.08698979591836735 0.5685425685425686 0.0066326530612244895 0.01443001443001443
67 0.09387755102040816 0.5595238095238095 0.006122448979591836 0.01443001443001443
67 0.10051020408163265 0.5716089466089466 0.006122448979591836 0.01406926406926407
67 0.10714285714285714 0.5627705627705628 0.006122448979591836 0.01443001443001443
67 0.11403061224489795 0.5746753246753247 0.0066326530612244895 0.01443001443001443
67 0.12091836734693878 0.5656565656565656 0.006122448979591836 0.01443001443001443
67 0.08698979591836735 0.9439033189033189 0.0066326530612244895 0.01479076479076479
67 0.09387755102040816 0.935064935064935 0.006122448979591836 0.01443001443001443
67 0.10051020408163265 0.946969696969697 0.006122448979591836 0.01443001443001443
67 0.10714285714285714 0.937950937950938 0.006122448979591836 0.01443001443001443
5 0.06479591836734694 0.948051948051948 0.02040816326530612 0.04040404040404041
67 0.08698979591836735 0.8823953823953824 0.0066326530612244895 0.01443001443001443
67 0.09387755102040816 0.8733766233766234 0.006122448979591836 0.01443001443001443
67 0.10051020408163265 0.8852813852813853 0.006122448979591836 0.01443001443001443
5 0.06479591836734694 0.8863636363636364 0.02040816326530612 0.04040404040404041
0 0.039540816326530615 0.6011904761904762 0.008673469387755102 0.08189033189033189
84 0.7811224489795918 0.5616883116883117 0.01020408163265306 0.002886002886002886
5 0.06479591836734694 0.5726911976911977 0.02040816326530612 0.04076479076479077
84 0.7811224489795918 0.8753607503607503 0.01020408163265306 0.0025252525252525255
84 0.7811224489795918 0.751984126984127 0.01020408163265306 0.0025252525252525255
84 0.7811224489795918 0.6964285714285714 0.01020408163265306 0.0025252525252525255
84 0.7811224489795918 0.6257215007215007 0.01020408163265306 0.0025252525252525255
26 0.14438775510204083 0.7534271284271284 0.01020408163265306 0.006132756132756133
84 0.31607142857142856 0.9428210678210678 0.010714285714285714 0.0025252525252525255
84 0.31607142857142856 0.8753607503607503 0.010714285714285714 0.0025252525252525255
84 0.31607142857142856 0.8134920634920635 0.017857142857142856 0.002886002886002886
84 0.31607142857142856 0.6257215007215007 0.010714285714285714 0.0025252525252525255
84 0.31607142857142856 0.5616883116883117 0.010714285714285714 0.002886002886002886
24 0.2938775510204082 0.7624458874458875 0.01020408163265306 0.006132756132756133
87 0.29285714285714287 0.7005772005772006 0.00816326530612245 0.00937950937950938
41 0.24158163265306123 0.7680375180375181 0.0005102040816326531 0.01875901875901876
47 0.2556122448979592 0.7077922077922078 0.007142857142857143 0.015873015873015872
24 0.24642857142857144 0.7564935064935064 0.01020408163265306 0.005772005772005772
24 0.24642857142857144 0.7187950937950938 0.01020408163265306 0.006132756132756133
41 0.3349489795918367 0.7662337662337663 0.0005102040816326531 0.015873015873015872
41 0.2510204081632653 0.7077922077922078 0.0010204081632653062 0.01948051948051948
24 0.33979591836734696 0.7564935064935064 0.01020408163265306 0.005772005772005772
85 0.34005102040816326 0.6993145743145743 0.010714285714285714 0.0025252525252525255
41 0.28903061224489796 0.7711038961038961 0.0005102040816326531 0.015512265512265512
41 0.20484693877551022 0.7049062049062049 0.0005102040816326531 0.017316017316017316
24 0.1719387755102041 0.7187950937950938 0.01020408163265306 0.006132756132756133
41 0.1767857142857143 0.7065295815295816 0.0005102040816326531 0.022005772005772004
26 0.2002551020408163 0.7157287157287158 0.009693877551020408 0.005772005772005772
24 0.2002551020408163 0.7564935064935064 0.009693877551020408 0.005772005772005772
41 0.13954081632653062 0.7644300144300145 0.0005102040816326531 0.01948051948051948
41 0.19540816326530613 0.7667748917748918 0.0010204081632653062 0.0183982683982684