134 0.499812030075188 0.04851143009037746 0.9041353383458647 0.017809675704412546
134 0.499812030075188 0.8568580542264753 0.9041353383458647 0.017809675704412546
134 0.499812030075188 0.186735778841042 0.9041353383458647 0.017809675704412546
134 0.499812030075188 0.42317916002126527 0.9041353383458647 0.018075491759702286
134 0.499812030075188 0.09157363104731525 0.9041353383458647 0.017809675704412546
134 0.499812030075188 0.5708399787347156 0.9041353383458647 0.017809675704412546
134 0.499812030075188 0.8044922913343966 0.9041353383458647 0.017809675704412546
134 0.499812030075188 0.6139021796916534 0.9041353383458647 0.017809675704412546
134 0.499812030075188 0.14380648591174908 0.9041353383458647 0.018075491759702286
134 0.499812030075188 0.5184742158426369 0.9041353383458647 0.017809675704412546
1 0.8234962406015037 0.895933014354067 0.009398496240601503 0.0007974481658692185
1 0.7667293233082707 0.8915470494417863 0.009398496240601503 0.000531632110579479
1 0.7667293233082707 0.895933014354067 0.009398496240601503 0.0007974481658692185
1 0.7013157894736842 0.895933014354067 0.009398496240601503 0.0007974481658692185
1 0.6453007518796993 0.895933014354067 0.009398496240601503 0.0007974481658692185
1 0.5930451127819549 0.895933014354067 0.009398496240601503 0.0007974481658692185
1 0.5447368421052632 0.895933014354067 0.009022556390977444 0.0007974481658692185
1 0.4922932330827068 0.895933014354067 0.009398496240601503 0.0007974481658692185
1 0.4355263157894737 0.895933014354067 0.008646616541353383 0.0007974481658692185
1 0.3900375939849624 0.895933014354067 0.009398496240601503 0.0007974481658692185
1 0.2986842105263158 0.895933014354067 0.009398496240601503 0.0007974481658692185
134 0.499812030075188 0.9092238171185539 0.9041353383458647 0.017809675704412546
134 0.499812030075188 0.952020202020202 0.9041353383458647 0.017809675704412546
1 0.9400375939849624 0.03535353535353535 0.009398496240601503 0.000531632110579479
1 0.9257518796992481 0.03535353535353535 0.008646616541353383 0.000531632110579479
134 0.499812030075188 0.7090643274853801 0.9041353383458647 0.0002658160552897395
134 0.499812030075188 0.6661350345560871 0.9041353383458647 0.018075491759702286
134 0.499812030075188 0.4754120148856991 0.9041353383458647 0.017809675704412546
1 0.9400375939849624 0.13064859117490696 0.009398496240601503 0.0007974481658692185
1 0.9257518796992481 0.13064859117490696 0.008646616541353383 0.0007974481658692185
134 0.499812030075188 0.7614300903774588 0.9041353383458647 0.017809675704412546
134 0.499812030075188 0.3345295055821372 0.9041353383458647 0.017809675704412546
134 0.499812030075188 0.23910154173312068 0.9041353383458647 0.017809675704412546
134 0.499812030075188 0.2821637426900585 0.9041353383458647 0.017809675704412546
134 0.499812030075188 0.38024986709197234 0.9041353383458647 0.017809675704412546
1 0.8234962406015037 0.8176501860712387 0.009398496240601503 0.000531632110579479
1 0.7667293233082707 0.8176501860712387 0.009398496240601503 0.000531632110579479
1 0.7669172932330827 0.8220361509835195 0.009022556390977444 0.0007974481658692185
1 0.7013157894736842 0.8176501860712387 0.009398496240601503 0.000531632110579479
1 0.6453007518796993 0.8176501860712387 0.009398496240601503 0.000531632110579479
1 0.6163533834586467 0.8176501860712387 0.009398496240601503 0.000531632110579479
1 0.5930451127819549 0.8176501860712387 0.009398496240601503 0.000531632110579479
1 0.5445488721804511 0.8176501860712387 0.009398496240601503 0.000531632110579479
1 0.5156015037593985 0.8176501860712387 0.009398496240601503 0.000531632110579479
1 0.4922932330827068 0.8176501860712387 0.009398496240601503 0.000531632110579479
1 0.4580827067669173 0.8176501860712387 0.009398496240601503 0.000531632110579479
1 0.4580827067669173 0.8220361509835195 0.009398496240601503 0.0007974481658692185
1 0.43533834586466164 0.8176501860712387 0.009022556390977444 0.000531632110579479
1 0.43533834586466164 0.8220361509835195 0.009022556390977444 0.0007974481658692185
1 0.412781954887218 0.8176501860712387 0.009022556390977444 0.000531632110579479
1 0.412781954887218 0.8220361509835195 0.009022556390977444 0.0007974481658692185
1 0.3900375939849624 0.8176501860712387 0.009398496240601503 0.000531632110579479
1 0.3900375939849624 0.8220361509835195 0.009398496240601503 0.0007974481658692185
1 0.3674812030075188 0.8176501860712387 0.009398496240601503 0.000531632110579479
1 0.3674812030075188 0.8220361509835195 0.009398496240601503 0.0007974481658692185
1 0.3447368421052632 0.8176501860712387 0.009022556390977444 0.000531632110579479
1 0.3447368421052632 0.8220361509835195 0.009022556390977444 0.0007974481658692185
1 0.3219924812030075 0.8176501860712387 0.009398496240601503 0.000531632110579479
1 0.3219924812030075 0.8220361509835195 0.009398496240601503 0.0007974481658692185
1 0.2986842105263158 0.8176501860712387 0.009398496240601503 0.000531632110579479
1 0.2986842105263158 0.8220361509835195 0.009398496240601503 0.0007974481658692185
1 0.2650375939849624 0.8176501860712387 0.009022556390977444 0.000531632110579479
1 0.2650375939849624 0.8220361509835195 0.009022556390977444 0.0007974481658692185
1 0.2424812030075188 0.8176501860712387 0.009022556390977444 0.000531632110579479
1 0.2424812030075188 0.8220361509835195 0.009022556390977444 0.0007974481658692185
1 0.21973684210526315 0.8176501860712387 0.009398496240601503 0.000531632110579479
1 0.21973684210526315 0.8220361509835195 0.009398496240601503 0.0007974481658692185
1 0.19718045112781954 0.8176501860712387 0.009398496240601503 0.000531632110579479
1 0.19718045112781954 0.8220361509835195 0.009398496240601503 0.0007974481658692185
1 0.17443609022556392 0.8176501860712387 0.009022556390977444 0.000531632110579479
1 0.17443609022556392 0.8220361509835195 0.009022556390977444 0.0007974481658692185
1 0.15169172932330827 0.8176501860712387 0.009398496240601503 0.000531632110579479
1 0.15169172932330827 0.8220361509835195 0.009398496240601503 0.0007974481658692185
1 0.12913533834586466 0.8176501860712387 0.009398496240601503 0.000531632110579479
1 0.12913533834586466 0.8220361509835195 0.009398496240601503 0.0007974481658692185
1 0.9400375939849624 0.06951089845826688 0.009398496240601503 0.0007974481658692185
1 0.9400375939849624 0.07389686337054759 0.009398496240601503 0.000531632110579479
1 0.9400375939849624 0.07828282828282829 0.009398496240601503 0.0007974481658692185
1 0.9253759398496241 0.06951089845826688 0.009398496240601503 0.0007974481658692185
1 0.9253759398496241 0.07389686337054759 0.009398496240601503 0.000531632110579479
1 0.9253759398496241 0.07828282828282829 0.009398496240601503 0.0007974481658692185
1 0.9035714285714286 0.07389686337054759 0.009398496240601503 0.000531632110579479
1 0.9035714285714286 0.07828282828282829 0.009398496240601503 0.0007974481658692185
1 0.8889097744360902 0.07389686337054759 0.009398496240601503 0.000531632110579479
1 0.8889097744360902 0.07828282828282829 0.009398496240601503 0.0007974481658692185
1 0.8740601503759399 0.07828282828282829 0.009022556390977444 0.0007974481658692185
1 0.8597744360902255 0.07828282828282829 0.009022556390977444 0.0007974481658692185
47 0.7721804511278195 0.807150451887294 0.004511278195488722 0.005050505050505051
41 0.7693609022556391 0.8125996810207337 0.00037593984962406017 0.01594896331738437
41 0.7639097744360902 0.7670122275385434 0.0007518796992481203 0.013556618819776715
47 0.7721804511278195 0.2716640085061138 0.004511278195488722 0.004784688995215311
47 0.7721804511278195 0.9415204678362573 0.004511278195488722 0.004784688995215311
41 0.7840225563909774 0.13211057947900054 0.00037593984962406017 0.008506113769271665
72 0.781203007518797 0.7505316321105795 0.002255639097744361 0.0013290802764486975
24 0.781203007518797 0.7570441254651781 0.006015037593984963 0.004253056884635832
88 0.781390977443609 0.14128123338649654 0.006390977443609023 0.010898458266879319
72 0.7838345864661654 0.12413609782030835 0.002255639097744361 0.001594896331738437
24 0.781203007518797 0.13942052099946836 0.006015037593984963 0.003987240829346092
61 0.7588345864661654 0.8219032429558746 0.004135338345864661 0.011695906432748537
41 0.7693609022556391 0.945906432748538 0.00037593984962406017 0.013556618819776715
41 0.7639097744360902 0.9007177033492823 0.0007518796992481203 0.01674641148325359
47 0.7721804511278195 0.8528708133971292 0.004511278195488722 0.005050505050505051
41 0.7693609022556391 0.8572567783094099 0.00037593984962406017 0.013822434875066455
61 0.7296992481203007 0.7634237107921319 0.004511278195488722 0.011695906432748537
24 0.7518796992481203 0.14380648591174908 0.006015037593984963 0.004253056884635832
72 0.7546992481203008 0.1286549707602339 0.002631578947368421 0.001594896331738437
24 0.7518796992481203 0.7614300903774588 0.006015037593984963 0.003987240829346092
41 0.718609022556391 0.7583732057416268 0.00037593984962406017 0.011695906432748537
61 0.7296992481203007 0.14580010632642212 0.004511278195488722 0.011430090377458799
73 0.7518796992481203 0.7680754917597022 0.002255639097744361 0.0013290802764486975
41 0.7402255639097745 0.7570441254651781 0.0007518796992481203 0.012227538543328018
24 0.7665413533834586 0.8220361509835195 0.006015037593984963 0.003987240829346092
24 0.7665413533834586 0.8656299840510366 0.006015037593984963 0.003987240829346092
24 0.7665413533834586 0.8915470494417863 0.006015037593984963 0.004253056884635832
26 0.7665413533834586 0.9542796384901648 0.006015037593984963 0.004253056884635832
41 0.7693609022556391 0.13423710792131846 0.00037593984962406017 0.011695906432748537
72 0.7665413533834586 0.7549175970228602 0.002255639097744361 0.001594896331738437
41 0.7639097744360902 0.14965443912812335 0.0007518796992481203 0.014354066985645933
55 0.7667293233082707 0.1519138755980861 0.004887218045112782 0.009835194045720362
41 0.7693609022556391 0.2759170653907496 0.00037593984962406017 0.013822434875066455
41 0.7546992481203008 0.13742690058479531 0.00037593984962406017 0.011695906432748537
41 0.7546992481203008 0.7550505050505051 0.00037593984962406017 0.011430090377458799
94 0.7639097744360902 0.161217437533227 0.008270676691729323 0.003987240829346092
95 0.7710526315789473 0.16148325358851676 0.006766917293233083 0.006645401382243487
72 0.7695488721804511 0.1255980861244019 0.002255639097744361 0.0013290802764486975
26 0.7665413533834586 0.14167995746943116 0.006015037593984963 0.004253056884635832
26 0.7665413533834586 0.28429027113237637 0.006015037593984963 0.003987240829346092
26 0.7665413533834586 0.7593035619351409 0.006015037593984963 0.003987240829346092
94 0.8206766917293233 0.06711855396065923 0.008270676691729323 0.003987240829346092
95 0.8278195488721805 0.06711855396065923 0.006766917293233083 0.006645401382243487
24 0.8234962406015037 0.28654970760233917 0.005639097744360902 0.004253056884635832
73 0.8234962406015037 0.25199362041467305 0.002631578947368421 0.001594896331738437
94 0.8206766917293233 0.25717703349282295 0.008270676691729323 0.003987240829346092
95 0.8278195488721805 0.2573099415204678 0.006766917293233083 0.006379585326953748
24 0.8231203007518797 0.2434875066454014 0.004887218045112782 0.004253056884635832
24 0.8234962406015037 0.24787347155768208 0.005639097744360902 0.003987240829346092
72 0.8263157894736842 0.1278575225943647 0.002255639097744361 0.001594896331738437
24 0.8234962406015037 0.14380648591174908 0.005639097744360902 0.004253056884635832
72 0.8234962406015037 0.0786815523657629 0.002631578947368421 0.001594896331738437
94 0.8206766917293233 0.10685805422647528 0.008270676691729323 0.004253056884635832
95 0.8278195488721805 0.10699096225412015 0.006766917293233083 0.006645401382243487
24 0.8234962406015037 0.08266879319510899 0.005639097744360902 0.004253056884635832
24 0.8238721804511279 0.08705475810738969 0.004887218045112782 0.003987240829346092
72 0.8234962406015037 0.04199893673577884 0.002631578947368421 0.001594896331738437
24 0.8234962406015037 0.04851143009037746 0.005639097744360902 0.003987240829346092
41 0.5904135338345865 0.9021796916533759 0.00037593984962406017 0.013822434875066455
41 0.8078947368421052 0.7620946305156832 0.0007518796992481203 0.01594896331738437
41 0.8131578947368421 0.12892078681552366 0.0007518796992481203 0.009569377990430622
41 0.8263157894736842 0.23657628920786816 0.0007518796992481203 0.02126528442317916
55 0.8236842105263158 0.15364167995746944 0.004511278195488722 0.009569377990430622
41 0.8208646616541353 0.15138224348750665 0.00037593984962406017 0.014088250930356193
121 0.11503759398496241 0.15497076023391812 0.022556390977443608 0.006911217437533227
41 0.8263157894736842 0.13702817650186072 0.0007518796992481203 0.012493354598617756
72 0.8105263157894737 0.7488038277511961 0.002255639097744361 0.001594896331738437
41 0.8208646616541353 0.09104199893673579 0.00037593984962406017 0.015151515151515152
41 0.8208646616541353 0.054625199362041466 0.00037593984962406017 0.010898458266879319
24 0.8234962406015037 0.9565390749601276 0.005639097744360902 0.003987240829346092
26 0.8234962406015037 0.893806485911749 0.005639097744360902 0.003987240829346092
24 0.8234962406015037 0.8656299840510366 0.005639097744360902 0.003987240829346092
26 0.8234962406015037 0.8199096225412015 0.005639097744360902 0.003987240829346092
72 0.8234962406015037 0.7549175970228602 0.002631578947368421 0.001594896331738437
24 0.8234962406015037 0.7614300903774588 0.005639097744360902 0.003987240829346092
87 0.7956766917293233 0.8046251993620415 0.005639097744360902 0.007442849548112706
24 0.6165413533834586 0.14380648591174908 0.006015037593984963 0.004253056884635832
72 0.619172932330827 0.1286549707602339 0.002255639097744361 0.001594896331738437
24 0.6165413533834586 0.7614300903774588 0.006015037593984963 0.003987240829346092
41 0.7986842105263158 0.13118022328548645 0.00037593984962406017 0.009303561935140883
87 0.7956766917293233 0.9522860180754917 0.005639097744360902 0.007177033492822967
87 0.7956766917293233 0.8568580542264753 0.005639097744360902 0.007177033492822967
73 0.6165413533834586 0.7680754917597022 0.002255639097744361 0.0013290802764486975
72 0.7958646616541354 0.7503987240829346 0.002255639097744361 0.001594896331738437
26 0.7958646616541354 0.7549175970228602 0.006015037593984963 0.004253056884635832
87 0.7956766917293233 0.27352472089314195 0.005639097744360902 0.007442849548112706
87 0.7953007518796993 0.13981924508240298 0.004887218045112782 0.006911217437533227
72 0.7984962406015037 0.12280701754385964 0.002255639097744361 0.001594896331738437
26 0.7958646616541354 0.1371610845295056 0.006015037593984963 0.004253056884635832
41 0.7785714285714286 0.7647527910685805 0.0007518796992481203 0.013822434875066455
24 0.8105263157894737 0.7526581605528974 0.006015037593984963 0.003987240829346092
72 0.8131578947368421 0.12121212121212122 0.002255639097744361 0.001594896331738437
24 0.8105263157894737 0.13503455608718767 0.006015037593984963 0.004253056884635832
41 0.5904135338345865 0.9549441786283892 0.00037593984962406017 0.011430090377458799
41 0.793233082706767 0.7630249867091973 0.0007518796992481203 0.015151515151515152
26 0.6451127819548872 0.8199096225412015 0.006015037593984963 0.003987240829346092
71 0.6453007518796993 0.8244284954811271 0.011654135338345865 0.0029239766081871343
26 0.6451127819548872 0.8633705475810739 0.006015037593984963 0.004253056884635832
71 0.6453007518796993 0.868421052631579 0.011654135338345865 0.003189792663476874
24 0.6451127819548872 0.895933014354067 0.006015037593984963 0.003987240829346092
70 0.6453007518796993 0.8863636363636364 0.011654135338345865 0.0029239766081871343
26 0.6451127819548872 0.9498936735778841 0.006015037593984963 0.003987240829346092
70 0.6453007518796993 0.9404572036150983 0.011654135338345865 0.003189792663476874
41 0.6479323308270677 0.13955342902711323 0.00037593984962406017 0.014354066985645933
41 0.6424812030075188 0.2880116959064328 0.0007518796992481203 0.014088250930356193
41 0.7041353383458646 0.1423444976076555 0.0007518796992481203 0.014619883040935672
24 0.6336466165413533 0.7614300903774588 0.004135338345864661 0.0029239766081871343
41 0.6355263157894737 0.7554492291334397 0.00037593984962406017 0.011164274322169059
47 0.63703007518797 0.7523923444976076 0.004135338345864661 0.005050505050505051
53 0.7016917293233083 0.2942583732057416 0.004887218045112782 0.004784688995215311
41 0.6986842105263158 0.2902711323763955 0.00037593984962406017 0.013290802764486975
41 0.6479323308270677 0.7590377458798512 0.00037593984962406017 0.010898458266879319
24 0.6451127819548872 0.14819245082402976 0.006015037593984963 0.003987240829346092
70 0.6453007518796993 0.12413609782030835 0.011654135338345865 0.003189792663476874
26 0.6451127819548872 0.2799043062200957 0.006015037593984963 0.004253056884635832
70 0.6453007518796993 0.2702020202020202 0.011654135338345865 0.0029239766081871343
24 0.6451127819548872 0.7658160552897395 0.006015037593984963 0.004253056884635832
71 0.6453007518796993 0.7767145135566188 0.011654135338345865 0.003189792663476874
24 0.6663533834586466 0.7703349282296651 0.005639097744360902 0.004253056884635832
86 0.7007518796992481 0.1507177033492823 0.005263157894736842 0.011164274322169059
72 0.7041353383458646 0.13211057947900054 0.002255639097744361 0.001594896331738437
26 0.7015037593984963 0.15045188729399256 0.006015037593984963 0.004253056884635832
85 0.7024436090225564 0.09024455077086656 0.007894736842105263 0.0023923444976076554
85 0.7024436090225564 0.04731525784157363 0.007894736842105263 0.002126528442317916
41 0.6691729323308271 0.7628920786815524 0.0007518796992481203 0.013290802764486975
41 0.6691729323308271 0.14181286549707603 0.0007518796992481203 0.02046783625730994
85 0.7026315789473684 0.23790536948431684 0.008270676691729323 0.002126528442317916
24 0.6663533834586466 0.15257841573631048 0.005639097744360902 0.004253056884635832
41 0.6424812030075188 0.9578681552365763 0.0007518796992481203 0.014619883040935672
41 0.6424812030075188 0.9039074960127592 0.0007518796992481203 0.014619883040935672
41 0.6479323308270677 0.8555289739500266 0.00037593984962406017 0.014619883040935672
41 0.6479323308270677 0.8119351408825093 0.00037593984962406017 0.014619883040935672
24 0.7015037593984963 0.9521531100478469 0.006015037593984963 0.004253056884635832
26 0.7015037593984963 0.893806485911749 0.006015037593984963 0.003987240829346092
24 0.7015037593984963 0.8656299840510366 0.006015037593984963 0.003987240829346092
26 0.7015037593984963 0.8199096225412015 0.006015037593984963 0.003987240829346092
73 0.7015037593984963 0.772461456671983 0.002255639097744361 0.001594896331738437
26 0.7015037593984963 0.7680754917597022 0.006015037593984963 0.003987240829346092
24 0.7015037593984963 0.2821637426900585 0.006015037593984963 0.003987240829346092
53 0.7016917293233083 0.96424774056353 0.004887218045112782 0.005050505050505051
41 0.6986842105263158 0.9597288676236044 0.00037593984962406017 0.014088250930356193
41 0.6986842105263158 0.9017809675704412 0.00037593984962406017 0.014619883040935672
24 0.6165413533834586 0.8656299840510366 0.006015037593984963 0.003987240829346092
73 0.6165413533834586 0.8697501329080276 0.002255639097744361 0.001594896331738437
47 0.7069548872180451 0.8530037214247741 0.004135338345864661 0.004784688995215311
41 0.7041353383458646 0.8576555023923444 0.0007518796992481203 0.014619883040935672
24 0.6165413533834586 0.9477671451355661 0.006015037593984963 0.003987240829346092
72 0.6165413533834586 0.9412546517809676 0.002255639097744361 0.001594896331738437
87 0.737218045112782 0.9521531100478469 0.005263157894736842 0.007442849548112706
87 0.737218045112782 0.8569909622541202 0.005263157894736842 0.007442849548112706
87 0.737218045112782 0.8046251993620415 0.005263157894736842 0.007442849548112706
73 0.737593984962406 0.7680754917597022 0.002255639097744361 0.0013290802764486975
26 0.737406015037594 0.7636895268474215 0.005639097744360902 0.004253056884635832
87 0.737218045112782 0.27352472089314195 0.005263157894736842 0.007442849548112706
72 0.7402255639097745 0.12971823498139287 0.002255639097744361 0.001594896331738437
26 0.737406015037594 0.14606592238171184 0.005639097744360902 0.003987240829346092
41 0.718609022556391 0.14088250930356194 0.00037593984962406017 0.011695906432748537
73 0.7157894736842105 0.772461456671983 0.002255639097744361 0.001594896331738437
24 0.7157894736842105 0.7658160552897395 0.006015037593984963 0.004253056884635832
72 0.718796992481203 0.13118022328548645 0.002255639097744361 0.0013290802764486975
24 0.7157894736842105 0.14819245082402976 0.006015037593984963 0.003987240829346092
26 0.6165413533834586 0.8199096225412015 0.006015037593984963 0.003987240829346092
73 0.6165413533834586 0.8238968633705476 0.002255639097744361 0.0013290802764486975
41 0.619172932330827 0.8119351408825093 0.0007518796992481203 0.014619883040935672
41 0.619172932330827 0.8587187666135034 0.0007518796992481203 0.012493354598617756
41 0.6137218045112782 0.9545454545454546 0.00037593984962406017 0.012227538543328018
41 0.7041353383458646 0.76010101010101 0.0007518796992481203 0.014619883040935672
41 0.619172932330827 0.13782562466772993 0.0007518796992481203 0.010898458266879319
47 0.7069548872180451 0.8072833599149388 0.004135338345864661 0.004784688995215311
41 0.7041353383458646 0.8119351408825093 0.0007518796992481203 0.014619883040935672
41 0.7402255639097745 0.13942052099946836 0.0007518796992481203 0.011961722488038277
41 0.619172932330827 0.7546517809675705 0.0007518796992481203 0.012227538543328018
41 0.937218045112782 0.23830409356725146 0.0007518796992481203 0.018872939925571503
6 0.9398496240601504 0.5708399787347156 0.012781954887218045 0.013556618819776715
61 0.9176691729323309 0.03508771929824561 0.004511278195488722 0.011695906432748537
41 0.9227443609022556 0.08054226475279107 0.00037593984962406017 0.019138755980861243
41 0.9281954887218045 0.12426900584795321 0.0007518796992481203 0.011430090377458799
24 0.9255639097744361 0.13051568314726208 0.006015037593984963 0.003721424774056353
24 0.9255639097744361 0.03535353535353535 0.006015037593984963 0.004253056884635832
72 0.9255639097744361 0.031366294524189264 0.002255639097744361 0.001594896331738437
24 0.9255639097744361 0.07389686337054759 0.006015037593984963 0.004253056884635832
24 0.9255639097744361 0.06951089845826688 0.006015037593984963 0.003987240829346092
72 0.9255639097744361 0.06552365762892079 0.002255639097744361 0.0013290802764486975
72 0.9281954887218045 0.11469962785752259 0.002255639097744361 0.0013290802764486975
87 0.9253759398496241 0.13516746411483255 0.005639097744360902 0.007177033492822967
24 0.9259398496240602 0.23471557682084 0.005263157894736842 0.004253056884635832
24 0.9255639097744361 0.23032961190855927 0.006015037593984963 0.003987240829346092
72 0.9255639097744361 0.22634237107921318 0.002255639097744361 0.0013290802764486975
41 0.9227443609022556 0.04226475279106858 0.00037593984962406017 0.012759170653907496
72 0.9428571428571428 0.11390217969165338 0.002255639097744361 0.0013290802764486975
26 0.9398496240601504 0.23258904837852207 0.006015037593984963 0.004253056884635832
26 0.9398496240601504 0.22820308346624135 0.006015037593984963 0.003987240829346092
72 0.9400375939849624 0.2240829346092504 0.002631578947368421 0.001594896331738437
41 0.937218045112782 0.04120148856990962 0.0007518796992481203 0.014354066985645933
26 0.9398496240601504 0.1283891547049442 0.006015037593984963 0.004253056884635832
41 0.937218045112782 0.07934609250398723 0.0007518796992481203 0.022594364699627858
41 0.9426691729323309 0.12267410951621478 0.00037593984962406017 0.01036682615629984
61 0.9176691729323309 0.13051568314726208 0.004511278195488722 0.011695906432748537
41 0.9227443609022556 0.2395002658160553 0.00037593984962406017 0.01701222753854333
26 0.9398496240601504 0.033094098883572565 0.006015037593984963 0.003987240829346092
72 0.9400375939849624 0.029239766081871343 0.002631578947368421 0.001594896331738437
26 0.9398496240601504 0.07177033492822966 0.006015037593984963 0.004253056884635832
26 0.9398496240601504 0.06738437001594896 0.006015037593984963 0.003987240829346092
72 0.9400375939849624 0.063264221158958 0.002631578947368421 0.001594896331738437
124 0.3838345864661654 0.7814992025518341 0.1774436090225564 0.006379585326953748
124 0.38402255639097743 0.9711589580010632 0.17706766917293232 0.006113769271664009
121 0.3357142857142857 0.9389952153110048 0.06842105263157895 0.0029239766081871343
120 0.3218045112781955 0.8908825093035619 0.04586466165413534 0.005582137161084529
124 0.3838345864661654 0.9241095162147793 0.1774436090225564 0.006113769271664009
124 0.3838345864661654 0.8742690058479532 0.1774436090225564 0.006379585326953748
121 0.3357142857142857 0.8523391812865497 0.06842105263157895 0.0029239766081871343
124 0.38402255639097743 0.8321371610845295 0.17706766917293232 0.006113769271664009
121 0.3357142857142857 0.8044922913343966 0.06842105263157895 0.0013290802764486975
121 0.3075187969924812 0.7740563530037214 0.02330827067669173 0.006911217437533227
84 0.3815789473684211 0.7103934077618288 0.008270676691729323 0.0023923444976076554
84 0.3815789473684211 0.6630781499202552 0.008270676691729323 0.0023923444976076554
84 0.3815789473684211 0.6063264221158958 0.008270676691729323 0.002126528442317916
121 0.42142857142857143 0.9645135566188198 0.06766917293233082 0.0013290802764486975
84 0.5830827067669173 0.23604465709728867 0.008270676691729323 0.002126528442317916
84 0.5830827067669173 0.18367889420521 0.008270676691729323 0.002126528442317916
121 0.5067669172932331 0.13237639553429026 0.02330827067669173 0.004784688995215311
84 0.5830827067669173 0.08838383838383838 0.008270676691729323 0.0023923444976076554
84 0.5830827067669173 0.04532163742690058 0.008270676691729323 0.0023923444976076554
120 0.412781954887218 0.8894205209994683 0.045112781954887216 0.004253056884635832
121 0.4266917293233083 0.8044922913343966 0.06766917293233082 0.0013290802764486975
121 0.16578947368421051 0.8044922913343966 0.022556390977443608 0.0013290802764486975
121 0.3075187969924812 0.15629984051036683 0.02330827067669173 0.006911217437533227
84 0.3815789473684211 0.08838383838383838 0.008270676691729323 0.0023923444976076554
84 0.3815789473684211 0.04532163742690058 0.008270676691729323 0.0023923444976076554
121 0.22838345864661655 0.965311004784689 0.06804511278195488 0.0013290802764486975
121 0.23383458646616542 0.8523391812865497 0.06766917293233082 0.0013290802764486975
121 0.23383458646616542 0.8044922913343966 0.06766917293233082 0.0013290802764486975
124 0.38402255639097743 0.1638755980861244 0.17706766917293232 0.006113769271664009
121 0.13778195488721803 0.9645135566188198 0.06804511278195488 0.0013290802764486975
121 0.13778195488721803 0.8748006379585327 0.06804511278195488 0.009037745879851143
121 0.12030075187969924 0.7912014885699096 0.022556390977443608 0.009835194045720362
121 0.11503759398496241 0.7725943646996278 0.022556390977443608 0.007177033492822967
84 0.3815789473684211 0.3770600744284955 0.008270676691729323 0.0023923444976076554
84 0.3815789473684211 0.563264221158958 0.008270676691729323 0.002126528442317916
84 0.3815789473684211 0.5154173312068049 0.008270676691729323 0.002126528442317916
84 0.3815789473684211 0.4723551302498671 0.008270676691729323 0.002126528442317916
84 0.3815789473684211 0.4199893673577884 0.008270676691729323 0.002126528442317916
84 0.3815789473684211 0.33133971291866027 0.008270676691729323 0.0023923444976076554
120 0.3695488721804511 0.2741892610313663 0.13157894736842105 0.007177033492822967
84 0.3815789473684211 0.23604465709728867 0.008270676691729323 0.002126528442317916
84 0.3815789473684211 0.18367889420521 0.008270676691729323 0.002126528442317916
121 0.7859022556390978 0.7684742158426369 0.04398496240601504 0.004784688995215311
121 0.7859022556390978 0.7720627325890483 0.04398496240601504 0.005050505050505051
121 0.7913533834586466 0.12626262626262627 0.04360902255639098 0.005847953216374269
121 0.7913533834586466 0.12985114300903774 0.04360902255639098 0.005582137161084529
120 0.762406015037594 0.8864965443912812 0.12180451127819548 0.005847953216374269
121 0.7293233082706767 0.7509303561935141 0.05037593984962406 0.004784688995215311
121 0.7293233082706767 0.7545188729399256 0.05037593984962406 0.005050505050505051
121 0.7293233082706767 0.13330675172780435 0.05037593984962406 0.005050505050505051
121 0.7293233082706767 0.13689526847421585 0.05037593984962406 0.004784688995215311
121 0.6586466165413534 0.7549175970228602 0.021052631578947368 0.004253056884635832
120 0.6586466165413534 0.12679425837320574 0.021052631578947368 0.002658160552897395
121 0.8456766917293234 0.05555555555555555 0.05 0.004784688995215311
121 0.8460526315789474 0.05914407230196704 0.05075187969924812 0.005050505050505051
120 0.637406015037594 0.7690058479532164 0.009398496240601503 0.005847953216374269
120 0.6492481203007519 0.7703349282296651 0.032330827067669175 0.010101010101010102
121 0.6020676691729323 0.9609250398724083 0.02293233082706767 0.001594896331738437
120 0.619172932330827 0.8886230728335992 0.0518796992481203 0.005847953216374269
121 0.6075187969924812 0.8523391812865497 0.02330827067669173 0.0013290802764486975
121 0.6075187969924812 0.8044922913343966 0.02330827067669173 0.0013290802764486975
121 0.6075187969924812 0.7501329080276449 0.02330827067669173 0.004784688995215311
121 0.91203007518797 0.0874534821903243 0.05037593984962406 0.002126528442317916
121 0.9118421052631579 0.09117490696438064 0.05075187969924812 0.002126528442317916
121 0.91203007518797 0.24614566719829878 0.05037593984962406 0.004784688995215311
121 0.9118421052631579 0.24973418394471025 0.05075187969924812 0.005050505050505051
121 0.9172932330827067 0.11802232854864433 0.05112781954887218 0.004253056884635832
121 0.9176691729323309 0.1217437533227007 0.05037593984962406 0.004253056884635832
120 0.6193609022556391 0.27232854864433814 0.05225563909774436 0.006113769271664009
121 0.91203007518797 0.04665071770334928 0.05037593984962406 0.005050505050505051
121 0.9118421052631579 0.05037214247740564 0.05075187969924812 0.005050505050505051
121 0.8515037593984962 0.22421584263689526 0.05037593984962406 0.005050505050505051
121 0.8513157894736842 0.22780435938330676 0.05 0.004784688995215311
121 0.8515037593984962 0.12878787878787878 0.05037593984962406 0.005050505050505051
121 0.8513157894736842 0.13250930356193513 0.05 0.005050505050505051
121 0.8456766917293234 0.09409888357256778 0.05 0.004784688995215311
121 0.8460526315789474 0.09768740031897927 0.05075187969924812 0.005050505050505051
84 0.5830827067669173 0.4723551302498671 0.008270676691729323 0.002126528442317916
84 0.5830827067669173 0.6630781499202552 0.008270676691729323 0.0023923444976076554
84 0.5830827067669173 0.6063264221158958 0.008270676691729323 0.002126528442317916
84 0.5830827067669173 0.563264221158958 0.008270676691729323 0.002126528442317916
84 0.5830827067669173 0.5154173312068049 0.008270676691729323 0.002126528442317916
84 0.5830827067669173 0.4199893673577884 0.008270676691729323 0.002126528442317916
84 0.5830827067669173 0.3770600744284955 0.008270676691729323 0.0023923444976076554
84 0.5830827067669173 0.33133971291866027 0.008270676691729323 0.0023923444976076554
120 0.518609022556391 0.27232854864433814 0.05225563909774436 0.006113769271664009
84 0.5830827067669173 0.7103934077618288 0.008270676691729323 0.0023923444976076554
121 0.5067669172932331 0.7501329080276449 0.02330827067669173 0.004784688995215311
121 0.5067669172932331 0.8044922913343966 0.02330827067669173 0.0013290802764486975
121 0.5067669172932331 0.8523391812865497 0.02330827067669173 0.0013290802764486975
120 0.5184210526315789 0.8886230728335992 0.0518796992481203 0.005847953216374269
121 0.5011278195488722 0.9609250398724083 0.02330827067669173 0.001594896331738437
120 0.5509398496240602 0.77046783625731 0.037218045112781956 0.01036682615629984
120 0.5375939849624061 0.7690058479532164 0.011278195488721804 0.005847953216374269
121 0.5601503759398496 0.13729399255715044 0.02556390977443609 0.003987240829346092
120 0.5603383458646617 0.13237639553429026 0.02593984962406015 0.004253056884635832
121 0.5601503759398496 0.7547846889952153 0.02556390977443609 0.003987240829346092
121 0.6325187969924813 0.13144603934077617 0.07330827067669173 0.0013290802764486975
87 0.8592105263157894 0.9522860180754917 0.005639097744360902 0.007177033492822967
41 0.8567669172932331 0.051568314726209465 0.0007518796992481203 0.013290802764486975
41 0.8567669172932331 0.0878522062732589 0.0007518796992481203 0.017809675704412546
87 0.8592105263157894 0.9092238171185539 0.005639097744360902 0.007177033492822967
61 0.8516917293233083 0.07814992025518341 0.004135338345864661 0.011695906432748537
41 0.862218045112782 0.13304093567251463 0.00037593984962406017 0.009835194045720362
87 0.8592105263157894 0.15271132376395535 0.005639097744360902 0.007177033492822967
24 0.8593984962406015 0.044125465178096755 0.006015037593984963 0.004253056884635832
72 0.8595864661654136 0.037480063795853266 0.002631578947368421 0.001594896331738437
24 0.8593984962406015 0.08266879319510899 0.006015037593984963 0.004253056884635832
24 0.8595864661654136 0.07828282828282829 0.005639097744360902 0.003987240829346092
72 0.8595864661654136 0.07442849548112707 0.002631578947368421 0.001594896331738437
24 0.8595864661654136 0.13942052099946836 0.005639097744360902 0.003987240829346092
72 0.862406015037594 0.1251993620414673 0.002255639097744361 0.001594896331738437
24 0.8593984962406015 0.2434875066454014 0.006015037593984963 0.004253056884635832
24 0.8592105263157894 0.23910154173312068 0.004887218045112782 0.003987240829346092
73 0.8595864661654136 0.2501329080276449 0.002631578947368421 0.001594896331738437
87 0.8592105263157894 0.27352472089314195 0.005639097744360902 0.007442849548112706
87 0.8592105263157894 0.7615629984051037 0.005639097744360902 0.007442849548112706
87 0.8592105263157894 0.8046251993620415 0.005639097744360902 0.007442849548112706
87 0.8592105263157894 0.8569909622541202 0.005639097744360902 0.007442849548112706
41 0.862218045112782 0.2332535885167464 0.00037593984962406017 0.019404572036150983
61 0.8516917293233083 0.2389686337054758 0.004135338345864661 0.011695906432748537
53 0.8238721804511279 0.9064327485380117 0.004887218045112782 0.004784688995215311
41 0.8263157894736842 0.8576555023923444 0.0007518796992481203 0.014619883040935672
47 0.8289473684210527 0.8528708133971292 0.004511278195488722 0.005050505050505051
41 0.8208646616541353 0.9017809675704412 0.00037593984962406017 0.014619883040935672
41 0.8263157894736842 0.9485645933014354 0.0007518796992481203 0.014619883040935672
47 0.8289473684210527 0.9439128123338649 0.004511278195488722 0.004784688995215311
41 0.8208646616541353 0.7691387559808612 0.00037593984962406017 0.014088250930356193
41 0.8263157894736842 0.278575225943647 0.0007518796992481203 0.014354066985645933
47 0.8289473684210527 0.2737905369484317 0.004511278195488722 0.004784688995215311
26 0.83796992481203 0.046251993620414676 0.006015037593984963 0.004253056884635832
53 0.8236842105263158 0.7736576289207868 0.005263157894736842 0.005050505050505051
41 0.8263157894736842 0.8119351408825093 0.0007518796992481203 0.014619883040935672
47 0.8289473684210527 0.8070175438596491 0.004511278195488722 0.004784688995215311
41 0.8407894736842105 0.1349016480595428 0.00037593984962406017 0.01036682615629984
41 0.8407894736842105 0.23471557682084 0.00037593984962406017 0.019138755980861243
26 0.83796992481203 0.24136097820308347 0.006015037593984963 0.004253056884635832
72 0.83796992481203 0.04199893673577884 0.002255639097744361 0.001594896331738437
26 0.8385338345864661 0.08492822966507177 0.004887218045112782 0.003987240829346092
26 0.83796992481203 0.08054226475279107 0.006015037593984963 0.004253056884635832
72 0.83796992481203 0.07655502392344497 0.002255639097744361 0.001594896331738437
26 0.83796992481203 0.14167995746943116 0.006015037593984963 0.004253056884635832
72 0.8406015037593985 0.12679425837320574 0.002255639097744361 0.001594896331738437
88 0.8381578947368421 0.15443912812333865 0.006390977443609023 0.011164274322169059
26 0.83796992481203 0.24574694311536416 0.006015037593984963 0.003987240829346092
73 0.83796992481203 0.2501329080276449 0.002255639097744361 0.001594896331738437
41 0.8353383458646616 0.05342902711323764 0.0007518796992481203 0.012759170653907496
41 0.8353383458646616 0.08971291866028708 0.0007518796992481203 0.017278043593833066
41 0.8862781954887218 0.14340776182881446 0.00037593984962406017 0.013556618819776715
55 0.8890977443609023 0.1454013822434875 0.005263157894736842 0.009569377990430622
41 0.8862781954887218 0.24388623072833598 0.00037593984962406017 0.015151515151515152
41 0.9007518796992481 0.08187134502923976 0.0007518796992481203 0.018607123870281767
41 0.906203007518797 0.12506645401382244 0.00037593984962406017 0.012493354598617756
41 0.9007518796992481 0.24189261031366294 0.0007518796992481203 0.01701222753854333
88 0.9035714285714286 0.13729399255715044 0.006390977443609023 0.01036682615629984
26 0.9033834586466165 0.037480063795853266 0.006015037593984963 0.004253056884635832
72 0.9033834586466165 0.03349282296650718 0.002255639097744361 0.001594896331738437
26 0.9033834586466165 0.07615629984051037 0.006015037593984963 0.003987240829346092
26 0.9033834586466165 0.07177033492822966 0.006015037593984963 0.004253056884635832
72 0.9033834586466165 0.06778309409888357 0.002255639097744361 0.001594896331738437
26 0.9033834586466165 0.13277511961722488 0.006015037593984963 0.003987240829346092
72 0.906390977443609 0.11589580010632643 0.002255639097744361 0.001594896331738437
26 0.9033834586466165 0.23697501329080276 0.006015037593984963 0.003987240829346092
26 0.9033834586466165 0.23258904837852207 0.006015037593984963 0.004253056884635832
72 0.9033834586466165 0.22807017543859648 0.002255639097744361 0.001594896331738437
41 0.9007518796992481 0.044657097288676235 0.0007518796992481203 0.012759170653907496
41 0.8768796992481203 0.13144603934077617 0.00037593984962406017 0.008771929824561403
41 0.8714285714285714 0.08652312599681021 0.0007518796992481203 0.018341307814992026
41 0.8768796992481203 0.23125996810207336 0.00037593984962406017 0.017543859649122806
26 0.8740601503759399 0.07615629984051037 0.006015037593984963 0.003987240829346092
26 0.8740601503759399 0.041866028708133975 0.006015037593984963 0.003987240829346092
72 0.8740601503759399 0.037480063795853266 0.002255639097744361 0.001594896331738437
26 0.8740601503759399 0.08054226475279107 0.006015037593984963 0.004253056884635832
72 0.8740601503759399 0.0720361509835194 0.002255639097744361 0.001594896331738437
26 0.8740601503759399 0.1371610845295056 0.006015037593984963 0.004253056884635832
72 0.8766917293233083 0.12413609782030835 0.002255639097744361 0.001594896331738437
26 0.8740601503759399 0.24136097820308347 0.006015037593984963 0.004253056884635832
26 0.8740601503759399 0.23697501329080276 0.006015037593984963 0.003987240829346092
73 0.8740601503759399 0.24574694311536416 0.002255639097744361 0.0013290802764486975
41 0.8714285714285714 0.04984051036682616 0.0007518796992481203 0.014619883040935672
86 0.8883458646616541 0.9072301967038809 0.005263157894736842 0.011164274322169059
86 0.8883458646616541 0.9501594896331739 0.005263157894736842 0.010898458266879319
41 0.8862781954887218 0.04651780967570441 0.00037593984962406017 0.01063264221158958
41 0.8862781954887218 0.0834662413609782 0.00037593984962406017 0.01594896331738437
86 0.8883458646616541 0.8548644338118022 0.005263157894736842 0.011164274322169059
41 0.8917293233082707 0.12706007442849548 0.0007518796992481203 0.014354066985645933
86 0.8883458646616541 0.8024986709197236 0.005263157894736842 0.011164274322169059
86 0.8883458646616541 0.7594364699627858 0.005263157894736842 0.011164274322169059
86 0.8883458646616541 0.271398192450824 0.005263157894736842 0.011164274322169059
72 0.8890977443609023 0.22820308346624135 0.002255639097744361 0.0013290802764486975
24 0.8889097744360902 0.23471557682084 0.005639097744360902 0.004253056884635832
24 0.8889097744360902 0.23910154173312068 0.005639097744360902 0.003987240829346092
72 0.8917293233082707 0.11682615629984051 0.002255639097744361 0.0013290802764486975
24 0.8890977443609023 0.13503455608718767 0.006015037593984963 0.004253056884635832
72 0.8890977443609023 0.06990962254120149 0.002255639097744361 0.001594896331738437
24 0.8889097744360902 0.07389686337054759 0.005639097744360902 0.004253056884635832
24 0.8889097744360902 0.07828282828282829 0.005639097744360902 0.003987240829346092
72 0.8890977443609023 0.035752259436469966 0.002255639097744361 0.0013290802764486975
24 0.8889097744360902 0.039739500265816054 0.005639097744360902 0.003987240829346092
41 0.1943609022556391 0.9062998405103668 0.0007518796992481203 0.014088250930356193
61 0.18928571428571428 0.89792663476874 0.004135338345864661 0.011695906432748537
41 0.1943609022556391 0.9591972355130249 0.0007518796992481203 0.011961722488038277
87 0.21973684210526315 0.13516746411483255 0.005639097744360902 0.007177033492822967
87 0.21973684210526315 0.7615629984051037 0.005639097744360902 0.007442849548112706
26 0.2199248120300752 0.8242955874534822 0.006015037593984963 0.004253056884635832
24 0.2199248120300752 0.8656299840510366 0.006015037593984963 0.003987240829346092
24 0.2199248120300752 0.9521531100478469 0.006015037593984963 0.004253056884635832
41 0.1943609022556391 0.7630249867091973 0.0007518796992481203 0.014088250930356193
53 0.19718045112781954 0.7675438596491229 0.004887218045112782 0.005050505050505051
41 0.19981203007518797 0.8136629452418926 0.00037593984962406017 0.018075491759702286
41 0.19981203007518797 0.8583200425305688 0.00037593984962406017 0.011695906432748537
72 0.2424812030075188 0.7505316321105795 0.002255639097744361 0.0013290802764486975
41 0.21710526315789475 0.9589314194577353 0.00037593984962406017 0.012493354598617756
24 0.2424812030075188 0.13942052099946836 0.006015037593984963 0.003987240829346092
72 0.2424812030075188 0.13290802764486975 0.002255639097744361 0.001594896331738437
24 0.2424812030075188 0.7570441254651781 0.006015037593984963 0.004253056884635832
26 0.2424812030075188 0.8242955874534822 0.006015037593984963 0.004253056884635832
24 0.2424812030075188 0.8656299840510366 0.006015037593984963 0.003987240829346092
24 0.2424812030075188 0.9521531100478469 0.006015037593984963 0.004253056884635832
41 0.23966165413533835 0.14739500265816055 0.00037593984962406017 0.014619883040935672
53 0.2424812030075188 0.15217969165337586 0.005263157894736842 0.005050505050505051
41 0.22255639097744362 0.8140616693248273 0.0007518796992481203 0.018872939925571503
41 0.22255639097744362 0.8587187666135034 0.0007518796992481203 0.012493354598617756
41 0.14906015037593984 0.870414673046252 0.00037593984962406017 0.010898458266879319
41 0.14906015037593984 0.9578681552365763 0.00037593984962406017 0.013024986709197236
87 0.17424812030075187 0.13516746411483255 0.005639097744360902 0.007177033492822967
26 0.17443609022556392 0.8242955874534822 0.006015037593984963 0.004253056884635832
24 0.17443609022556392 0.8656299840510366 0.006015037593984963 0.003987240829346092
26 0.17443609022556392 0.9498936735778841 0.006015037593984963 0.003987240829346092
41 0.14906015037593984 0.7610313662945242 0.00037593984962406017 0.013822434875066455
26 0.1518796992481203 0.8242955874534822 0.006015037593984963 0.004253056884635832
26 0.1518796992481203 0.8633705475810739 0.006015037593984963 0.004253056884635832
26 0.1518796992481203 0.9498936735778841 0.006015037593984963 0.003987240829346092
41 0.14906015037593984 0.14327485380116958 0.00037593984962406017 0.013822434875066455
53 0.1518796992481203 0.1476608187134503 0.005263157894736842 0.005050505050505051
41 0.1545112781954887 0.8140616693248273 0.0007518796992481203 0.018872939925571503
30 0.19849624060150375 0.8981924508240298 0.009022556390977444 0.004253056884635832
26 0.19699248120300752 0.1371610845295056 0.006015037593984963 0.004253056884635832
72 0.19699248120300752 0.13290802764486975 0.002255639097744361 0.001594896331738437
28 0.19849624060150375 0.2821637426900585 0.009022556390977444 0.004518872939925572
26 0.19699248120300752 0.7549175970228602 0.006015037593984963 0.004253056884635832
72 0.19699248120300752 0.7505316321105795 0.002255639097744361 0.0013290802764486975
26 0.19699248120300752 0.8242955874534822 0.006015037593984963 0.004253056884635832
24 0.19699248120300752 0.8656299840510366 0.006015037593984963 0.003987240829346092
24 0.19699248120300752 0.9521531100478469 0.006015037593984963 0.004253056884635832
41 0.1943609022556391 0.14526847421584263 0.0007518796992481203 0.014619883040935672
53 0.19718045112781954 0.14992025518341306 0.004887218045112782 0.004784688995215311
41 0.1943609022556391 0.28987240829346095 0.0007518796992481203 0.013556618819776715
41 0.1718045112781955 0.8724082934609251 0.0007518796992481203 0.012227538543328018
41 0.17725563909774436 0.8140616693248273 0.00037593984962406017 0.018872939925571503
41 0.1718045112781955 0.9574694311536417 0.0007518796992481203 0.013822434875066455
41 0.3013157894736842 0.2759170653907496 0.00037593984962406017 0.013822434875066455
41 0.3013157894736842 0.8597820308346624 0.00037593984962406017 0.013024986709197236
41 0.3013157894736842 0.8136629452418926 0.00037593984962406017 0.018075491759702286
41 0.5958646616541353 0.8587187666135034 0.0007518796992481203 0.012493354598617756
41 0.29586466165413533 0.7716640085061137 0.0007518796992481203 0.010101010101010102
87 0.2648496240601504 0.13516746411483255 0.005639097744360902 0.007177033492822967
87 0.2648496240601504 0.7615629984051037 0.005639097744360902 0.007442849548112706
26 0.2650375939849624 0.8242955874534822 0.006015037593984963 0.004253056884635832
24 0.2650375939849624 0.8656299840510366 0.006015037593984963 0.003987240829346092
24 0.2650375939849624 0.9521531100478469 0.006015037593984963 0.004253056884635832
41 0.23966165413533835 0.7651515151515151 0.00037593984962406017 0.014619883040935672
53 0.2424812030075188 0.7698032961190856 0.005263157894736842 0.004784688995215311
41 0.24511278195488723 0.8140616693248273 0.0007518796992481203 0.018872939925571503
41 0.26785714285714285 0.8140616693248273 0.00037593984962406017 0.018872939925571503
41 0.24511278195488723 0.8587187666135034 0.0007518796992481203 0.012493354598617756
41 0.23966165413533835 0.9589314194577353 0.00037593984962406017 0.012493354598617756
24 0.29849624060150376 0.7658160552897395 0.006015037593984963 0.004253056884635832
72 0.2986842105263158 0.7593035619351409 0.002631578947368421 0.0013290802764486975
26 0.29849624060150376 0.8242955874534822 0.006015037593984963 0.004253056884635832
26 0.29849624060150376 0.8677565124933546 0.006015037593984963 0.003987240829346092
24 0.29849624060150376 0.895933014354067 0.006015037593984963 0.003987240829346092
26 0.29849624060150376 0.9542796384901648 0.006015037593984963 0.004253056884635832
26 0.29849624060150376 0.28429027113237637 0.006015037593984963 0.003987240829346092
41 0.29586466165413533 0.15390749601275916 0.0007518796992481203 0.010101010101010102
41 0.26785714285714285 0.8587187666135034 0.00037593984962406017 0.012493354598617756
41 0.262406015037594 0.9589314194577353 0.0007518796992481203 0.012493354598617756
24 0.29849624060150376 0.14819245082402976 0.006015037593984963 0.003987240829346092
72 0.2986842105263158 0.14167995746943116 0.002631578947368421 0.001594896331738437
84 0.8109022556390978 0.4723551302498671 0.008270676691729323 0.002126528442317916
84 0.8109022556390978 0.5154173312068049 0.008270676691729323 0.002126528442317916
84 0.8109022556390978 0.563264221158958 0.008270676691729323 0.002126528442317916
84 0.8109022556390978 0.6063264221158958 0.008270676691729323 0.002126528442317916
84 0.8109022556390978 0.6630781499202552 0.008270676691729323 0.0023923444976076554
84 0.8109022556390978 0.7103934077618288 0.008270676691729323 0.0023923444976076554
84 0.8109022556390978 0.4199893673577884 0.008270676691729323 0.002126528442317916
5 0.060338345864661656 0.04891015417331207 0.015413533834586466 0.026049973418394472
10 0.061466165413533835 0.033359914938862305 0.004135338345864661 0.003987240829346092
67 0.07706766917293233 0.04704944178628389 0.005263157894736842 0.009569377990430622
67 0.08289473684210526 0.04040404040404041 0.005639097744360902 0.009569377990430622
67 0.08890977443609023 0.04917597022860181 0.005639097744360902 0.009569377990430622
5 0.060338345864661656 0.09197235513024987 0.015413533834586466 0.026049973418394472
67 0.07706766917293233 0.08997873471557682 0.005263157894736842 0.009835194045720362
67 0.08289473684210526 0.0834662413609782 0.005639097744360902 0.009569377990430622
67 0.08890977443609023 0.0922381711855396 0.005639097744360902 0.009569377990430622
84 0.18834586466165412 0.5154173312068049 0.008270676691729323 0.002126528442317916
84 0.18834586466165412 0.04532163742690058 0.008270676691729323 0.0023923444976076554
84 0.18834586466165412 0.08838383838383838 0.008270676691729323 0.0023923444976076554
84 0.18834586466165412 0.18367889420521 0.008270676691729323 0.002126528442317916
84 0.18834586466165412 0.23604465709728867 0.008270676691729323 0.002126528442317916
84 0.18834586466165412 0.33133971291866027 0.008270676691729323 0.0023923444976076554
84 0.18834586466165412 0.3770600744284955 0.008270676691729323 0.0023923444976076554
84 0.18834586466165412 0.4199893673577884 0.008270676691729323 0.002126528442317916
84 0.18834586466165412 0.4723551302498671 0.008270676691729323 0.002126528442317916
84 0.18834586466165412 0.563264221158958 0.008270676691729323 0.002126528442317916
84 0.18834586466165412 0.6063264221158958 0.008270676691729323 0.002126528442317916
84 0.18834586466165412 0.6630781499202552 0.008270676691729323 0.0023923444976076554
84 0.18834586466165412 0.7103934077618288 0.008270676691729323 0.0023923444976076554
84 0.8109022556390978 0.18367889420521 0.008270676691729323 0.002126528442317916
84 0.8109022556390978 0.33133971291866027 0.008270676691729323 0.0023923444976076554
84 0.8109022556390978 0.3770600744284955 0.008270676691729323 0.0023923444976076554
67 0.07706766917293233 0.3787878787878788 0.005263157894736842 0.009569377990430622
67 0.08289473684210526 0.3721424774056353 0.005639097744360902 0.009569377990430622
8 0.060526315789473685 0.33200425305688464 0.015789473684210527 0.011164274322169059
67 0.07706766917293233 0.3373205741626794 0.005263157894736842 0.009569377990430622
67 0.08289473684210526 0.33067517278043596 0.005639097744360902 0.009569377990430622
67 0.08890977443609023 0.3395800106326422 0.005639097744360902 0.009835194045720362
5 0.060338345864661656 0.38064859117490696 0.015413533834586466 0.026049973418394472
67 0.07706766917293233 0.28495481127060074 0.005263157894736842 0.009569377990430622
67 0.08289473684210526 0.2784423179160021 0.005639097744360902 0.009835194045720362
67 0.08890977443609023 0.28721424774056353 0.005639097744360902 0.009835194045720362
5 0.060338345864661656 0.42371079213184476 0.015413533834586466 0.026049973418394472
67 0.07706766917293233 0.42158426368952684 0.005263157894736842 0.009569377990430622
67 0.08289473684210526 0.4150717703349282 0.005639097744360902 0.009835194045720362
5 0.060338345864661656 0.14433811802232854 0.015413533834586466 0.026049973418394472
67 0.07706766917293233 0.14221158958001062 0.005263157894736842 0.009569377990430622
67 0.08289473684210526 0.135699096225412 0.005639097744360902 0.009835194045720362
67 0.08890977443609023 0.1446039340776183 0.005639097744360902 0.009569377990430622
5 0.060338345864661656 0.18740031897926634 0.015413533834586466 0.026049973418394472
67 0.07706766917293233 0.18527379053694842 0.005263157894736842 0.009569377990430622
67 0.08289473684210526 0.17862838915470494 0.005639097744360902 0.009569377990430622
120 0.09906015037593985 0.8426368952684742 0.014661654135338346 0.002126528442317916
5 0.060338345864661656 0.23963317384370017 0.015413533834586466 0.02631578947368421
67 0.07706766917293233 0.23763955342902712 0.005263157894736842 0.009569377990430622
8 0.060526315789473685 0.27977139819245084 0.015789473684210527 0.011430090377458799
120 0.09868421052631579 0.7525252525252525 0.013909774436090226 0.003189792663476874
120 0.09924812030075188 0.7923976608187134 0.014285714285714285 0.002126528442317916
5 0.060338345864661656 0.47607655502392343 0.015413533834586466 0.026049973418394472
41 0.1037593984962406 0.8600478468899522 0.0007518796992481203 0.0215311004784689
41 0.1037593984962406 0.9065656565656566 0.0007518796992481203 0.013556618819776715
41 0.1037593984962406 0.9578681552365763 0.0007518796992481203 0.013024986709197236
26 0.12894736842105264 0.13277511961722488 0.006015037593984963 0.003987240829346092
72 0.12894736842105264 0.12892078681552366 0.002255639097744361 0.001594896331738437
41 0.1037593984962406 0.28827751196172247 0.0007518796992481203 0.013556618819776715
41 0.1037593984962406 0.7690058479532164 0.0007518796992481203 0.012227538543328018
26 0.12894736842105264 0.7505316321105795 0.006015037593984963 0.003987240829346092
41 0.10902255639097744 0.7918660287081339 0.0007518796992481203 0.009569377990430622
41 0.12631578947368421 0.8688197767145136 0.0007518796992481203 0.008771929824561403
41 0.12631578947368421 0.9576023391812866 0.0007518796992481203 0.013556618819776715
24 0.1518796992481203 0.13503455608718767 0.006015037593984963 0.004253056884635832
72 0.1518796992481203 0.13104731525784158 0.002255639097744361 0.001594896331738437
24 0.1518796992481203 0.7526581605528974 0.006015037593984963 0.003987240829346092
103 0.15169172932330827 0.7417597022860181 0.009398496240601503 0.007708665603402445
72 0.12894736842105264 0.7464114832535885 0.002255639097744361 0.001594896331738437
26 0.12894736842105264 0.8242955874534822 0.006015037593984963 0.004253056884635832
26 0.12894736842105264 0.8633705475810739 0.006015037593984963 0.004253056884635832
26 0.12894736842105264 0.9498936735778841 0.006015037593984963 0.003987240829346092
41 0.12631578947368421 0.14261031366294524 0.0007518796992481203 0.018341307814992026
41 0.12631578947368421 0.7603668261562998 0.0007518796992481203 0.018341307814992026
41 0.1317669172932331 0.8095427963849017 0.00037593984962406017 0.027910685805422646
5 0.060338345864661656 0.7619617224880383 0.015413533834586466 0.02631578947368421
8 0.060526315789473685 0.6637426900584795 0.015789473684210527 0.011164274322169059
67 0.07706766917293233 0.6690590111642744 0.005263157894736842 0.009569377990430622
67 0.08289473684210526 0.6624136097820308 0.005639097744360902 0.009569377990430622
67 0.08890977443609023 0.6711855396065922 0.005639097744360902 0.009569377990430622
67 0.07706766917293233 0.7599681020733652 0.005263157894736842 0.009569377990430622
67 0.08289473684210526 0.7533227006911217 0.005639097744360902 0.009569377990430622
67 0.08890977443609023 0.7620946305156832 0.005639097744360902 0.009569377990430622
5 0.060338345864661656 0.8048910154173312 0.015413533834586466 0.026049973418394472
67 0.07706766917293233 0.803030303030303 0.005263157894736842 0.009569377990430622
67 0.08289473684210526 0.7963849016480595 0.005639097744360902 0.009569377990430622
67 0.08890977443609023 0.805156831472621 0.005639097744360902 0.009569377990430622
8 0.060526315789473685 0.5684476342371079 0.015789473684210527 0.011430090377458799
67 0.07706766917293233 0.4739500265816055 0.005263157894736842 0.009569377990430622
5 0.060338345864661656 0.5190058479532164 0.015413533834586466 0.02631578947368421
67 0.07706766917293233 0.5170122275385434 0.005263157894736842 0.009569377990430622
67 0.07706766917293233 0.5736310473152578 0.005263157894736842 0.009569377990430622
67 0.08289473684210526 0.5671185539606592 0.005639097744360902 0.009835194045720362
67 0.08890977443609023 0.5760233918128655 0.005639097744360902 0.009569377990430622
8 0.060526315789473685 0.6113769271664008 0.015789473684210527 0.011164274322169059
67 0.07706766917293233 0.6166932482721956 0.005263157894736842 0.009569377990430622
67 0.08289473684210526 0.6100478468899522 0.005639097744360902 0.009569377990430622
67 0.08890977443609023 0.6188197767145136 0.005639097744360902 0.009569377990430622
72 0.10639097744360902 0.7549175970228602 0.002255639097744361 0.001594896331738437
24 0.10639097744360902 0.14380648591174908 0.006015037593984963 0.004253056884635832
94 0.1031954887218045 0.16360978203083465 0.007894736842105263 0.003987240829346092
93 0.11033834586466165 0.1644072301967039 0.006390977443609023 0.005582137161084529
72 0.10639097744360902 0.1371610845295056 0.002255639097744361 0.001594896331738437
30 0.10789473684210527 0.2799043062200957 0.009022556390977444 0.004253056884635832
24 0.10639097744360902 0.7614300903774588 0.006015037593984963 0.003987240829346092
26 0.10639097744360902 0.7978468899521531 0.006015037593984963 0.003987240829346092
24 0.10639097744360902 0.847953216374269 0.006015037593984963 0.004253056884635832
30 0.10789473684210527 0.8981924508240298 0.009022556390977444 0.004253056884635832
94 0.10469924812030075 0.9230462519936204 0.007894736842105263 0.003987240829346092
93 0.1118421052631579 0.9238437001594896 0.006390977443609023 0.005582137161084529
26 0.10639097744360902 0.9498936735778841 0.006015037593984963 0.003987240829346092
94 0.1031954887218045 0.970494417862839 0.007894736842105263 0.004253056884635832
93 0.11033834586466165 0.9712918660287081 0.006390977443609023 0.00531632110579479
41 0.1037593984962406 0.15098351940457203 0.0007518796992481203 0.013290802764486975
8 0.060526315789473685 0.9497607655502392 0.015789473684210527 0.011164274322169059
6 0.060526315789473685 0.8567251461988304 0.015789473684210527 0.01701222753854333
67 0.07706766917293233 0.8575225943646996 0.005263157894736842 0.009569377990430622
67 0.08289473684210526 0.8508771929824561 0.005639097744360902 0.009569377990430622
67 0.08890977443609023 0.8596491228070176 0.005639097744360902 0.009569377990430622
8 0.060526315789473685 0.9066985645933014 0.015789473684210527 0.011164274322169059
67 0.07706766917293233 0.9120148856990963 0.005263157894736842 0.009569377990430622
67 0.08289473684210526 0.9053694843168527 0.005639097744360902 0.009569377990430622
67 0.08890977443609023 0.9141414141414141 0.005639097744360902 0.009569377990430622
10 0.058458646616541356 0.96424774056353 0.004135338345864661 0.003987240829346092
67 0.07706766917293233 0.9550770866560341 0.005263157894736842 0.009569377990430622
67 0.08289473684210526 0.9484316852737905 0.005639097744360902 0.009569377990430622
67 0.08890977443609023 0.957203615098352 0.005639097744360902 0.009569377990430622
41 0.4951127819548872 0.7597022860180755 0.0007518796992481203 0.01541733120680489
41 0.4951127819548872 0.8119351408825093 0.0007518796992481203 0.014619883040935672
41 0.48966165413533835 0.9549441786283892 0.00037593984962406017 0.011430090377458799
24 0.5156015037593985 0.14380648591174908 0.005639097744360902 0.004253056884635832
72 0.5184210526315789 0.1278575225943647 0.002255639097744361 0.001594896331738437
41 0.4951127819548872 0.8587187666135034 0.0007518796992481203 0.012493354598617756
41 0.48966165413533835 0.9021796916533759 0.00037593984962406017 0.013822434875066455
24 0.4922932330827068 0.8656299840510366 0.005639097744360902 0.003987240829346092
24 0.4922932330827068 0.2777777777777778 0.005639097744360902 0.004253056884635832
94 0.48947368421052634 0.29811270600744283 0.008270676691729323 0.003987240829346092
95 0.49661654135338346 0.29811270600744283 0.006766917293233083 0.006645401382243487
26 0.4922932330827068 0.7680754917597022 0.005639097744360902 0.003987240829346092
94 0.48947368421052634 0.7821637426900585 0.008270676691729323 0.003987240829346092
95 0.49661654135338346 0.7821637426900585 0.006766917293233083 0.006645401382243487
73 0.4922932330827068 0.772461456671983 0.002631578947368421 0.001594896331738437
26 0.4922932330827068 0.8199096225412015 0.005639097744360902 0.003987240829346092
94 0.48966165413533835 0.832668793195109 0.007894736842105263 0.003987240829346092
95 0.49661654135338346 0.8329346092503987 0.006766917293233083 0.006645401382243487
73 0.4924812030075188 0.8238968633705476 0.002255639097744361 0.0013290802764486975
72 0.4951127819548872 0.13131313131313133 0.002255639097744361 0.001594896331738437
94 0.48947368421052634 0.8749335459861776 0.008270676691729323 0.003987240829346092
95 0.49661654135338346 0.8749335459861776 0.006766917293233083 0.006645401382243487
73 0.4924812030075188 0.8697501329080276 0.002255639097744361 0.001594896331738437
26 0.4922932330827068 0.893806485911749 0.005639097744360902 0.003987240829346092
94 0.48947368421052634 0.9246411483253588 0.008270676691729323 0.003987240829346092
95 0.49661654135338346 0.9246411483253588 0.006766917293233083 0.006645401382243487
24 0.4922932330827068 0.9477671451355661 0.005639097744360902 0.003987240829346092
94 0.48966165413533835 0.9716905901116427 0.007894736842105263 0.003987240829346092
95 0.49661654135338346 0.9718234981392876 0.006766917293233083 0.006379585326953748
72 0.4924812030075188 0.9412546517809676 0.002255639097744361 0.001594896331738437
41 0.29586466165413533 0.9039074960127592 0.0007518796992481203 0.014619883040935672
41 0.4607142857142857 0.8136629452418926 0.00037593984962406017 0.018075491759702286
41 0.45526315789473687 0.9576023391812866 0.0007518796992481203 0.013556618819776715
26 0.4922932330827068 0.15045188729399256 0.005639097744360902 0.004253056884635832
94 0.48966165413533835 0.1644072301967039 0.007894736842105263 0.003987240829346092
95 0.49661654135338346 0.16454013822434876 0.006766917293233083 0.006379585326953748
41 0.48966165413533835 0.2856193514088251 0.00037593984962406017 0.014619883040935672
41 0.4951127819548872 0.1419457735247209 0.0007518796992481203 0.01541733120680489
24 0.5156015037593985 0.7614300903774588 0.005639097744360902 0.003987240829346092
24 0.5703007518796992 0.15257841573631048 0.006015037593984963 0.004253056884635832
24 0.5703007518796992 0.7702020202020202 0.006015037593984963 0.003987240829346092
41 0.5731203007518797 0.1454013822434875 0.00037593984962406017 0.013290802764486975
41 0.5417293233082707 0.9581339712918661 0.0007518796992481203 0.014088250930356193
61 0.562593984962406 0.15231259968102073 0.004135338345864661 0.011695906432748537
41 0.5731203007518797 0.7628920786815524 0.00037593984962406017 0.013290802764486975
41 0.5471804511278195 0.8115364167995747 0.00037593984962406017 0.013822434875066455
41 0.5471804511278195 0.855130249867092 0.00037593984962406017 0.013822434875066455
41 0.5417293233082707 0.904173312068049 0.0007518796992481203 0.014088250930356193
63 0.5360902255639097 0.895933014354067 0.005263157894736842 0.010898458266879319
41 0.5904135338345865 0.28615098351940454 0.00037593984962406017 0.013556618819776715
41 0.5958646616541353 0.7597022860180755 0.0007518796992481203 0.01541733120680489
41 0.5958646616541353 0.8119351408825093 0.0007518796992481203 0.014619883040935672
73 0.5932330827067669 0.8238968633705476 0.002255639097744361 0.0013290802764486975
61 0.562593984962406 0.7700691121743753 0.004135338345864661 0.011695906432748537
26 0.5930451127819549 0.15045188729399256 0.005639097744360902 0.004253056884635832
72 0.5958646616541353 0.1286549707602339 0.002255639097744361 0.001594896331738437
24 0.5930451127819549 0.2777777777777778 0.005639097744360902 0.004253056884635832
26 0.5930451127819549 0.7680754917597022 0.005639097744360902 0.003987240829346092
73 0.5932330827067669 0.772461456671983 0.002255639097744361 0.001594896331738437
26 0.5930451127819549 0.8199096225412015 0.005639097744360902 0.003987240829346092
24 0.5930451127819549 0.8656299840510366 0.005639097744360902 0.003987240829346092
73 0.5932330827067669 0.8697501329080276 0.002255639097744361 0.001594896331738437
26 0.5930451127819549 0.893806485911749 0.005639097744360902 0.003987240829346092
24 0.5930451127819549 0.9477671451355661 0.005639097744360902 0.003987240829346092
72 0.5932330827067669 0.9412546517809676 0.002255639097744361 0.001594896331738437
41 0.5958646616541353 0.1406166932482722 0.0007518796992481203 0.018075491759702286
41 0.5184210526315789 0.8119351408825093 0.0007518796992481203 0.014619883040935672
41 0.5184210526315789 0.8587187666135034 0.0007518796992481203 0.012493354598617756
41 0.5129699248120301 0.9549441786283892 0.00037593984962406017 0.011430090377458799
24 0.5328947368421053 0.7614300903774588 0.004135338345864661 0.0029239766081871343
73 0.5157894736842106 0.7680754917597022 0.002255639097744361 0.0013290802764486975
26 0.5156015037593985 0.8199096225412015 0.005639097744360902 0.003987240829346092
73 0.5157894736842106 0.8238968633705476 0.002255639097744361 0.0013290802764486975
24 0.5156015037593985 0.8656299840510366 0.005639097744360902 0.003987240829346092
73 0.5157894736842106 0.8697501329080276 0.002255639097744361 0.001594896331738437
24 0.5156015037593985 0.9477671451355661 0.005639097744360902 0.003987240829346092
72 0.5157894736842106 0.9412546517809676 0.002255639097744361 0.001594896331738437
41 0.5184210526315789 0.13702817650186072 0.0007518796992481203 0.012493354598617756
41 0.5345864661654135 0.7554492291334397 0.0007518796992481203 0.011164274322169059
41 0.5184210526315789 0.7546517809675705 0.0007518796992481203 0.012227538543328018
70 0.5445488721804511 0.9404572036150983 0.011654135338345865 0.003189792663476874
41 0.5471804511278195 0.1414141414141414 0.00037593984962406017 0.01063264221158958
41 0.5417293233082707 0.2880116959064328 0.0007518796992481203 0.014088250930356193
26 0.544360902255639 0.9498936735778841 0.006015037593984963 0.003987240829346092
61 0.5366541353383458 0.27963849016480596 0.004135338345864661 0.011695906432748537
41 0.5471804511278195 0.7590377458798512 0.00037593984962406017 0.010898458266879319
24 0.544360902255639 0.7658160552897395 0.006015037593984963 0.004253056884635832
47 0.5362781954887218 0.7523923444976076 0.004135338345864661 0.005050505050505051
24 0.544360902255639 0.14819245082402976 0.006015037593984963 0.003987240829346092
70 0.5445488721804511 0.12892078681552366 0.011654135338345865 0.003189792663476874
26 0.544360902255639 0.2799043062200957 0.006015037593984963 0.004253056884635832
70 0.5445488721804511 0.2702020202020202 0.011654135338345865 0.0029239766081871343
71 0.5445488721804511 0.776448697501329 0.011654135338345865 0.003189792663476874
26 0.544360902255639 0.8199096225412015 0.006015037593984963 0.003987240829346092
71 0.5445488721804511 0.8244284954811271 0.011654135338345865 0.0029239766081871343
26 0.544360902255639 0.8633705475810739 0.006015037593984963 0.004253056884635832
71 0.5445488721804511 0.868421052631579 0.011654135338345865 0.003189792663476874
24 0.544360902255639 0.895933014354067 0.006015037593984963 0.003987240829346092
70 0.5445488721804511 0.8863636363636364 0.011654135338345865 0.0029239766081871343
41 0.3473684210526316 0.8583200425305688 0.0007518796992481203 0.012227538543328018
41 0.34210526315789475 0.9064327485380117 0.0007518796992481203 0.013822434875066455
61 0.3368421052631579 0.89792663476874 0.004511278195488722 0.011695906432748537
41 0.3473684210526316 0.944843168527379 0.0007518796992481203 0.011961722488038277
41 0.34210526315789475 0.29013822434875064 0.0007518796992481203 0.013024986709197236
41 0.34210526315789475 0.7654173312068049 0.0007518796992481203 0.014088250930356193
87 0.3671052631578947 0.13516746411483255 0.005639097744360902 0.007177033492822967
41 0.3473684210526316 0.8137958532695375 0.0007518796992481203 0.018341307814992026
26 0.3902255639097744 0.2799043062200957 0.006015037593984963 0.004253056884635832
41 0.3701127819548872 0.9444444444444444 0.00037593984962406017 0.012227538543328018
26 0.3902255639097744 0.14167995746943116 0.006015037593984963 0.004253056884635832
72 0.3902255639097744 0.1371610845295056 0.002255639097744361 0.001594896331738437
26 0.3902255639097744 0.7593035619351409 0.006015037593984963 0.003987240829346092
72 0.3902255639097744 0.7549175970228602 0.002255639097744361 0.001594896331738437
26 0.3902255639097744 0.8242955874534822 0.006015037593984963 0.004253056884635832
26 0.3900375939849624 0.8633705475810739 0.005639097744360902 0.004253056884635832
24 0.3902255639097744 0.895933014354067 0.006015037593984963 0.003987240829346092
26 0.3902255639097744 0.9498936735778841 0.006015037593984963 0.003987240829346092
41 0.387406015037594 0.14952153110047847 0.00037593984962406017 0.014619883040935672
53 0.3451127819548872 0.15204678362573099 0.004511278195488722 0.004784688995215311
41 0.3701127819548872 0.8579213184476342 0.00037593984962406017 0.012493354598617756
41 0.3701127819548872 0.8136629452418926 0.00037593984962406017 0.018075491759702286
24 0.3672932330827068 0.9521531100478469 0.006015037593984963 0.004253056884635832
24 0.3672932330827068 0.8656299840510366 0.006015037593984963 0.003987240829346092
26 0.3672932330827068 0.8242955874534822 0.006015037593984963 0.004253056884635832
72 0.32218045112781957 0.7505316321105795 0.002255639097744361 0.0013290802764486975
26 0.3219924812030075 0.13729399255715044 0.005639097744360902 0.003987240829346092
72 0.3219924812030075 0.13290802764486975 0.002631578947368421 0.001594896331738437
26 0.3219924812030075 0.7549175970228602 0.005639097744360902 0.004253056884635832
26 0.3219924812030075 0.8242955874534822 0.005639097744360902 0.004253056884635832
26 0.3219924812030075 0.8677565124933546 0.005639097744360902 0.003987240829346092
26 0.3219924812030075 0.9542796384901648 0.005639097744360902 0.004253056884635832
41 0.3193609022556391 0.14566719829877725 0.00037593984962406017 0.01541733120680489
41 0.3013157894736842 0.9468367889420521 0.00037593984962406017 0.013822434875066455
103 0.3445488721804511 0.7436204146730463 0.009398496240601503 0.007708665603402445
24 0.3447368421052632 0.13942052099946836 0.006015037593984963 0.003987240829346092
72 0.3447368421052632 0.13290802764486975 0.002255639097744361 0.001594896331738437
24 0.3447368421052632 0.2821637426900585 0.006015037593984963 0.003987240829346092
24 0.3447368421052632 0.7570441254651781 0.006015037593984963 0.004253056884635832
41 0.324812030075188 0.9465709728867624 0.0007518796992481203 0.014354066985645933
26 0.3447368421052632 0.8242955874534822 0.006015037593984963 0.004253056884635832
24 0.3447368421052632 0.8656299840510366 0.006015037593984963 0.003987240829346092
26 0.3447368421052632 0.8981924508240298 0.006015037593984963 0.004253056884635832
24 0.3447368421052632 0.9521531100478469 0.006015037593984963 0.004253056884635832
41 0.34210526315789475 0.14739500265816055 0.0007518796992481203 0.014619883040935672
41 0.324812030075188 0.8599149388623073 0.0007518796992481203 0.014354066985645933
41 0.324812030075188 0.8140616693248273 0.0007518796992481203 0.018872939925571503
41 0.3193609022556391 0.763290802764487 0.00037593984962406017 0.015683147262094632
72 0.43533834586466164 0.7549175970228602 0.002255639097744361 0.001594896331738437
26 0.43533834586466164 0.8242955874534822 0.006015037593984963 0.004253056884635832
86 0.4345864661654135 0.8548644338118022 0.005263157894736842 0.011164274322169059
24 0.43533834586466164 0.895933014354067 0.006015037593984963 0.003987240829346092
26 0.43533834586466164 0.9498936735778841 0.006015037593984963 0.003987240829346092
41 0.4327067669172932 0.15178096757044127 0.0007518796992481203 0.013290802764486975
53 0.43533834586466164 0.1559011164274322 0.005263157894736842 0.005050505050505051
24 0.43533834586466164 0.7614300903774588 0.006015037593984963 0.003987240829346092
41 0.4327067669172932 0.2881446039340776 0.0007518796992481203 0.013822434875066455
61 0.4274436090225564 0.27963849016480596 0.004511278195488722 0.011695906432748537
41 0.4327067669172932 0.7691387559808612 0.0007518796992481203 0.014088250930356193
26 0.43533834586466164 0.2799043062200957 0.006015037593984963 0.004253056884635832
72 0.43533834586466164 0.1371610845295056 0.002255639097744361 0.001594896331738437
24 0.43533834586466164 0.14380648591174908 0.006015037593984963 0.004253056884635832
41 0.4101503759398496 0.9577352472089314 0.0007518796992481203 0.013290802764486975
26 0.45789473684210524 0.9498936735778841 0.006015037593984963 0.003987240829346092
26 0.45789473684210524 0.8242955874534822 0.006015037593984963 0.004253056884635832
87 0.45770676691729323 0.7615629984051037 0.005639097744360902 0.007442849548112706
87 0.45770676691729323 0.13516746411483255 0.005639097744360902 0.007177033492822967
41 0.4327067669172932 0.9574694311536417 0.0007518796992481203 0.013822434875066455
63 0.4270676691729323 0.895933014354067 0.005263157894736842 0.010898458266879319
41 0.4327067669172932 0.9039074960127592 0.0007518796992481203 0.014619883040935672
41 0.43796992481203006 0.8140616693248273 0.0007518796992481203 0.018872939925571503
53 0.43533834586466164 0.7736576289207868 0.005263157894736842 0.005050505050505051
41 0.39285714285714285 0.8555289739500266 0.0007518796992481203 0.014619883040935672
47 0.3954887218045113 0.8506113769271664 0.004511278195488722 0.004784688995215311
41 0.387406015037594 0.9039074960127592 0.00037593984962406017 0.014619883040935672
41 0.41541353383458646 0.8137958532695375 0.0007518796992481203 0.018341307814992026
41 0.387406015037594 0.9574694311536417 0.00037593984962406017 0.013822434875066455
41 0.39285714285714285 0.8140616693248273 0.0007518796992481203 0.018872939925571503
53 0.3904135338345865 0.7719298245614035 0.004887218045112782 0.004784688995215311
41 0.387406015037594 0.7672780435938331 0.00037593984962406017 0.014619883040935672
41 0.387406015037594 0.2878787878787879 0.00037593984962406017 0.014354066985645933
53 0.3902255639097744 0.15430622009569378 0.005263157894736842 0.005050505050505051
26 0.412781954887218 0.8242955874534822 0.006015037593984963 0.004253056884635832
87 0.412593984962406 0.8569909622541202 0.005639097744360902 0.007442849548112706
87 0.412593984962406 0.7615629984051037 0.005639097744360902 0.007442849548112706
26 0.412781954887218 0.9498936735778841 0.006015037593984963 0.003987240829346092
87 0.412593984962406 0.13516746411483255 0.005639097744360902 0.007177033492822967