134 0.535700649102711 0.1709851551956815 0.8331424207712868 0.01808367071524966
1 0.40492554410080184 0.245748987854251 0.011836578846888126 0.0008097165991902834
1 0.38067964872088583 0.245748987854251 0.011454753722794959 0.0008097165991902834
134 0.535700649102711 0.23225371120107963 0.8331424207712868 0.01808367071524966
134 0.535700649102711 0.29379217273954117 0.8331424207712868 0.01808367071524966
134 0.535700649102711 0.35506072874493927 0.8331424207712868 0.01808367071524966
16 0.7686139747995419 0.16639676113360324 0.008400152730049638 0.0072874493927125505
16 0.7686139747995419 0.17530364372469637 0.008400152730049638 0.0072874493927125505
16 0.7686139747995419 0.2892037786774629 0.008400152730049638 0.0072874493927125505
16 0.7686139747995419 0.298110661268556 0.008400152730049638 0.0072874493927125505
28 0.7894234440626193 0.29379217273954117 0.007254677357770141 0.004588394062078272
28 0.7892325315005727 0.17530364372469637 0.007636502481863307 0.004588394062078272
16 0.7686139747995419 0.35074224021592443 0.008400152730049638 0.0072874493927125505
16 0.7686139747995419 0.35964912280701755 0.008400152730049638 0.0072874493927125505
30 0.7892325315005727 0.3484480431848853 0.007636502481863307 0.004318488529014845
16 0.7686139747995419 0.22793522267206479 0.008400152730049638 0.0072874493927125505
16 0.7686139747995419 0.23684210526315788 0.008400152730049638 0.0072874493927125505
30 0.7892325315005727 0.24345479082321186 0.007636502481863307 0.004318488529014845
41 0.7405498281786942 0.16909581646423752 0.00038182512409316535 0.013765182186234818
41 0.7050400916380298 0.3531713900134953 0.00038182512409316535 0.013765182186234818
26 0.7369224894998091 0.17759784075573548 0.007636502481863307 0.004318488529014845
26 0.7369224894998091 0.24345479082321186 0.007636502481863307 0.004318488529014845
26 0.7369224894998091 0.2959514170040486 0.007636502481863307 0.004588394062078272
24 0.7369224894998091 0.35506072874493927 0.007636502481863307 0.004588394062078272
41 0.7405498281786942 0.23535762483130904 0.00038182512409316535 0.014574898785425101
41 0.7405498281786942 0.28785425101214573 0.00038182512409316535 0.014844804318488529
41 0.7334860633829706 0.3628879892037787 0.0007636502481863307 0.013765182186234818
86 0.8239786177930508 0.1709851551956815 0.005345551737304314 0.012685560053981106
86 0.8239786177930508 0.23225371120107963 0.005345551737304314 0.012685560053981106
86 0.8237877052310042 0.29379217273954117 0.004963726613211149 0.012685560053981106
86 0.8239786177930508 0.35506072874493927 0.005345551737304314 0.012685560053981106
41 0.5740740740740741 0.29784075573549257 0.00038182512409316535 0.013765182186234818
41 0.7928598701794578 0.1672064777327935 0.00038182512409316535 0.014844804318488529
41 0.7928598701794578 0.23535762483130904 0.00038182512409316535 0.014574898785425101
41 0.7857961053837342 0.30148448043184883 0.0007636502481863307 0.014035087719298246
41 0.7857961053837342 0.3565452091767881 0.0007636502481863307 0.014574898785425101
41 0.6219931271477663 0.17894736842105263 0.0007636502481863307 0.01349527665317139
41 0.6051928216876671 0.34898785425101214 0.0007636502481863307 0.014035087719298246
28 0.6254295532646048 0.1709851551956815 0.007636502481863307 0.004588394062078272
24 0.6254295532646048 0.23684210526315788 0.007636502481863307 0.004588394062078272
28 0.6254295532646048 0.2892037786774629 0.007636502481863307 0.004588394062078272
28 0.6254295532646048 0.3639676113360324 0.007636502481863307 0.004588394062078272
41 0.6290568919434899 0.22860998650472333 0.00038182512409316535 0.014574898785425101
41 0.6219931271477663 0.29743589743589743 0.0007636502481863307 0.014574898785425101
41 0.6290568919434899 0.35587044534412954 0.00038182512409316535 0.014844804318488529
41 0.5740740740740741 0.3632928475033738 0.00038182512409316535 0.012955465587044534
26 0.6017563955708286 0.16869095816464239 0.007636502481863307 0.004318488529014845
24 0.6017563955708286 0.23684210526315788 0.007636502481863307 0.004588394062078272
26 0.6017563955708286 0.28704453441295547 0.007636502481863307 0.004588394062078272
26 0.6017563955708286 0.3573549257759784 0.007636502481863307 0.004318488529014845
41 0.5981290568919435 0.1767881241565452 0.00038182512409316535 0.014574898785425101
41 0.6051928216876671 0.22860998650472333 0.0007636502481863307 0.014574898785425101
41 0.5981290568919435 0.2951417004048583 0.00038182512409316535 0.014844804318488529
30 0.7016036655211912 0.36180836707152497 0.007254677357770141 0.004588394062078272
41 0.6704849179075983 0.36140350877192984 0.0007636502481863307 0.014035087719298246
30 0.7016036655211912 0.17314439946018895 0.007254677357770141 0.004588394062078272
71 0.7016036655211912 0.18326585695006747 0.011072928598701794 0.004318488529014845
28 0.7016036655211912 0.24116059379217275 0.007254677357770141 0.004588394062078272
71 0.7017945780832379 0.24669365721997302 0.010691103474608629 0.004318488529014845
30 0.7016036655211912 0.291497975708502 0.007254677357770141 0.004318488529014845
70 0.7016036655211912 0.2813765182186235 0.010309278350515464 0.004048582995951417
71 0.7016036655211912 0.36747638326585697 0.010309278350515464 0.004048582995951417
41 0.7050400916380298 0.1650472334682861 0.00038182512409316535 0.014844804318488529
41 0.7050400916380298 0.2330634278002699 0.00038182512409316535 0.014844804318488529
41 0.6981672394043528 0.29959514170040485 0.00038182512409316535 0.014574898785425101
26 0.6739213440244368 0.35290148448043185 0.007636502481863307 0.004588394062078272
26 0.6496754486445208 0.23900134952766533 0.007254677357770141 0.004588394062078272
41 0.6533027873234059 0.23090418353576248 0.0007636502481863307 0.014844804318488529
24 0.6739213440244368 0.17530364372469637 0.007636502481863307 0.004588394062078272
24 0.6739213440244368 0.24116059379217275 0.007636502481863307 0.004588394062078272
24 0.6739213440244368 0.29379217273954117 0.007636502481863307 0.004588394062078272
41 0.6773577701412753 0.1672064777327935 0.0007636502481863307 0.014844804318488529
41 0.6773577701412753 0.2330634278002699 0.0007636502481863307 0.014844804318488529
41 0.6704849179075983 0.30148448043184883 0.0007636502481863307 0.014035087719298246
120 0.6374570446735395 0.24399460188933872 0.024054982817869417 0.003778677462887989
41 0.8434516991218022 0.35910931174089067 0.0007636502481863307 0.014304993252361673
28 0.883352424589538 0.17530364372469637 0.007254677357770141 0.004588394062078272
28 0.883352424589538 0.24116059379217275 0.007254677357770141 0.004588394062078272
28 0.883352424589538 0.29379217273954117 0.007254677357770141 0.004588394062078272
30 0.883352424589538 0.35290148448043185 0.007254677357770141 0.004588394062078272
41 0.8867888507063765 0.1672064777327935 0.00038182512409316535 0.014844804318488529
41 0.8867888507063765 0.2330634278002699 0.00038182512409316535 0.014844804318488529
26 0.8468881252386407 0.2959514170040486 0.007636502481863307 0.004588394062078272
26 0.8468881252386407 0.18205128205128204 0.007636502481863307 0.004588394062078272
26 0.8468881252386407 0.24345479082321186 0.007636502481863307 0.004318488529014845
24 0.8468881252386407 0.35074224021592443 0.007636502481863307 0.004588394062078272
41 0.8503245513554792 0.17395411605937922 0.0007636502481863307 0.014844804318488529
41 0.8503245513554792 0.23535762483130904 0.0007636502481863307 0.014574898785425101
41 0.8503245513554792 0.28785425101214573 0.0007636502481863307 0.014844804318488529
41 0.9224894998090875 0.23049932523616734 0.0007636502481863307 0.014035087719298246
28 0.919053073692249 0.17530364372469637 0.007636502481863307 0.004588394062078272
30 0.919053073692249 0.23900134952766533 0.007636502481863307 0.004588394062078272
28 0.919053073692249 0.29379217273954117 0.007636502481863307 0.004588394062078272
28 0.919053073692249 0.35506072874493927 0.007636502481863307 0.004588394062078272
41 0.9224894998090875 0.1672064777327935 0.0007636502481863307 0.014844804318488529
41 0.9156166475754105 0.30148448043184883 0.0007636502481863307 0.014035087719298246
41 0.9156166475754105 0.3628879892037787 0.0007636502481863307 0.013765182186234818
41 0.8799159984726995 0.30148448043184883 0.00038182512409316535 0.014035087719298246
41 0.8799159984726995 0.3609986504723347 0.00038182512409316535 0.014844804318488529
41 0.26498663612065676 0.3017543859649123 0.0007636502481863307 0.01349527665317139
41 0.2720504009163803 0.3554655870445344 0.00038182512409316535 0.014035087719298246
26 0.33237877052310044 0.17314439946018895 0.007254677357770141 0.004588394062078272
19 0.31137838869797635 0.16639676113360324 0.008018327605956471 0.0072874493927125505
16 0.3115693012600229 0.17530364372469637 0.008400152730049638 0.0072874493927125505
41 0.2720504009163803 0.2349527665317139 0.00038182512409316535 0.013765182186234818
24 0.33237877052310044 0.24116059379217275 0.007254677357770141 0.004588394062078272
19 0.31137838869797635 0.22780026990553306 0.008018327605956471 0.007557354925775978
16 0.3115693012600229 0.23684210526315788 0.008400152730049638 0.0072874493927125505
26 0.33237877052310044 0.291497975708502 0.007254677357770141 0.004318488529014845
19 0.31137838869797635 0.2892037786774629 0.008018327605956471 0.0072874493927125505
16 0.3115693012600229 0.298110661268556 0.008400152730049638 0.0072874493927125505
24 0.33237877052310044 0.3639676113360324 0.007254677357770141 0.004588394062078272
19 0.31137838869797635 0.35060728744939273 0.008018327605956471 0.007557354925775978
16 0.3115693012600229 0.35964912280701755 0.008400152730049638 0.0072874493927125505
41 0.3360061092019855 0.1650472334682861 0.0007636502481863307 0.014844804318488529
41 0.2478045055364643 0.23522267206477732 0.0007636502481863307 0.014304993252361673
41 0.2478045055364643 0.28758434547908235 0.0007636502481863307 0.014304993252361673
41 0.2478045055364643 0.35573549257759784 0.0007636502481863307 0.014574898785425101
28 0.26842306223749524 0.17530364372469637 0.007636502481863307 0.004588394062078272
30 0.26842306223749524 0.24345479082321186 0.007636502481863307 0.004318488529014845
28 0.26842306223749524 0.29379217273954117 0.007636502481863307 0.004588394062078272
28 0.26842306223749524 0.3639676113360324 0.007636502481863307 0.004588394062078272
41 0.2720504009163803 0.1672064777327935 0.00038182512409316535 0.014844804318488529
24 0.3566246659030164 0.17530364372469637 0.007636502481863307 0.004588394062078272
26 0.3566246659030164 0.24345479082321186 0.007636502481863307 0.004318488529014845
24 0.3566246659030164 0.29379217273954117 0.007636502481863307 0.004588394062078272
24 0.3566246659030164 0.3639676113360324 0.007636502481863307 0.004588394062078272
41 0.3600610920198549 0.1672064777327935 0.0007636502481863307 0.014844804318488529
41 0.3600610920198549 0.23535762483130904 0.0007636502481863307 0.014574898785425101
41 0.3360061092019855 0.2330634278002699 0.0007636502481863307 0.014844804318488529
41 0.3289423444062619 0.29959514170040485 0.00038182512409316535 0.014574898785425101
41 0.3360061092019855 0.35587044534412954 0.0007636502481863307 0.014844804318488529
26 0.18480336006109202 0.24345479082321186 0.007636502481863307 0.004318488529014845
5 0.13172966781214204 0.23279352226720648 0.015273004963726614 0.03049932523616734
18 0.16380297823596793 0.22780026990553306 0.008400152730049638 0.007557354925775978
16 0.16380297823596793 0.23684210526315788 0.008400152730049638 0.0072874493927125505
24 0.18480336006109202 0.2892037786774629 0.007636502481863307 0.004588394062078272
5 0.13172966781214204 0.2941970310391363 0.015273004963726614 0.030229419703103912
10 0.13039327987781596 0.3116059379217274 0.004200076365024819 0.004048582995951417
18 0.16380297823596793 0.2893387314439946 0.008400152730049638 0.007557354925775978
16 0.16380297823596793 0.298110661268556 0.008400152730049638 0.0072874493927125505
24 0.18480336006109202 0.35506072874493927 0.007636502481863307 0.004588394062078272
8 0.1323024054982818 0.353306342780027 0.016418480336006108 0.014035087719298246
18 0.16380297823596793 0.35060728744939273 0.008400152730049638 0.007557354925775978
16 0.16380297823596793 0.35964912280701755 0.008400152730049638 0.0072874493927125505
41 0.1882397861779305 0.17354925775978408 0.0007636502481863307 0.014035087719298246
41 0.1882397861779305 0.23535762483130904 0.0007636502481863307 0.014574898785425101
26 0.18480336006109202 0.18205128205128204 0.007636502481863307 0.004588394062078272
5 0.13172966781214204 0.17139001349527666 0.015273004963726614 0.030229419703103912
18 0.16380297823596793 0.16653171390013496 0.008400152730049638 0.007557354925775978
16 0.16380297823596793 0.17530364372469637 0.008400152730049638 0.0072874493927125505
41 0.21210385643375335 0.3554655870445344 0.00038182512409316535 0.014035087719298246
41 0.21210385643375335 0.16680161943319838 0.00038182512409316535 0.014035087719298246
41 0.21210385643375335 0.2349527665317139 0.00038182512409316535 0.013765182186234818
41 0.20504009163802978 0.3016194331983806 0.0007636502481863307 0.013765182186234818
28 0.20847651775486828 0.3639676113360324 0.007636502481863307 0.004588394062078272
26 0.24436807941962582 0.17759784075573548 0.007636502481863307 0.004318488529014845
26 0.24436807941962582 0.24345479082321186 0.007636502481863307 0.004318488529014845
26 0.24436807941962582 0.2959514170040486 0.007636502481863307 0.004588394062078272
24 0.24436807941962582 0.3639676113360324 0.007636502481863307 0.004588394062078272
41 0.2478045055364643 0.16950067476383265 0.0007636502481863307 0.014574898785425101
41 0.18136693394425354 0.29743589743589743 0.0007636502481863307 0.014574898785425101
41 0.18136693394425354 0.3628879892037787 0.0007636502481863307 0.013765182186234818
28 0.20847651775486828 0.17530364372469637 0.007636502481863307 0.004588394062078272
30 0.20847651775486828 0.24345479082321186 0.007636502481863307 0.004318488529014845
28 0.20847651775486828 0.29379217273954117 0.007636502481863307 0.004588394062078272
41 0.5252004581901489 0.30188933873144397 0.00038182512409316535 0.013225371120107961
41 0.5322642229858725 0.23535762483130904 0.0007636502481863307 0.014574898785425101
41 0.5322642229858725 0.1672064777327935 0.0007636502481863307 0.014844804318488529
41 0.5252004581901489 0.3592442645074224 0.00038182512409316535 0.014035087719298246
24 0.5286368843069874 0.17530364372469637 0.007254677357770141 0.004588394062078272
41 0.45895379915998474 0.23522267206477732 0.0007636502481863307 0.014304993252361673
41 0.4518900343642612 0.30188933873144397 0.00038182512409316535 0.013225371120107961
41 0.45895379915998474 0.35573549257759784 0.0007636502481863307 0.014574898785425101
13 0.49732722413134783 0.16639676113360324 0.0057273768613974796 0.0072874493927125505
12 0.5051546391752577 0.16653171390013496 0.009163802978235968 0.007557354925775978
16 0.5021000381825124 0.17530364372469637 0.008400152730049638 0.0072874493927125505
26 0.5286368843069874 0.24345479082321186 0.007254677357770141 0.004318488529014845
13 0.49732722413134783 0.22793522267206479 0.0057273768613974796 0.0072874493927125505
12 0.5051546391752577 0.22780026990553306 0.009163802978235968 0.007557354925775978
16 0.5021000381825124 0.23684210526315788 0.008400152730049638 0.0072874493927125505
24 0.528827796869034 0.29379217273954117 0.007636502481863307 0.004588394062078272
13 0.49732722413134783 0.2892037786774629 0.0057273768613974796 0.0072874493927125505
12 0.5051546391752577 0.2893387314439946 0.009163802978235968 0.007557354925775978
16 0.5021000381825124 0.298110661268556 0.008400152730049638 0.0072874493927125505
24 0.528827796869034 0.35074224021592443 0.007636502481863307 0.004588394062078272
13 0.49732722413134783 0.35074224021592443 0.0057273768613974796 0.0072874493927125505
12 0.5051546391752577 0.35060728744939273 0.009163802978235968 0.007557354925775978
16 0.5021000381825124 0.35964912280701755 0.008400152730049638 0.0072874493927125505
24 0.5775105001909125 0.23684210526315788 0.007254677357770141 0.004588394062078272
41 0.5494463535700649 0.2998650472334683 0.0007636502481863307 0.014035087719298246
41 0.5494463535700649 0.36140350877192984 0.0007636502481863307 0.014035087719298246
24 0.5775105001909125 0.1709851551956815 0.007254677357770141 0.004588394062078272
41 0.5563192058037418 0.23279352226720648 0.0007636502481863307 0.014304993252361673
24 0.5775105001909125 0.2892037786774629 0.007254677357770141 0.004588394062078272
24 0.5775105001909125 0.35506072874493927 0.007254677357770141 0.004588394062078272
41 0.5740740740740741 0.1786774628879892 0.00038182512409316535 0.014035087719298246
41 0.580946926307751 0.22860998650472333 0.00038182512409316535 0.014574898785425101
61 0.5202367315769377 0.35074224021592443 0.004200076365024819 0.011605937921727396
26 0.5528827796869034 0.17314439946018895 0.007636502481863307 0.004588394062078272
24 0.5528827796869034 0.24116059379217275 0.007636502481863307 0.004588394062078272
26 0.5528827796869034 0.291497975708502 0.007636502481863307 0.004318488529014845
26 0.5528827796869034 0.35290148448043185 0.007636502481863307 0.004588394062078272
41 0.5563192058037418 0.1650472334682861 0.0007636502481863307 0.014844804318488529
41 0.4085528827796869 0.17165991902834007 0.0007636502481863307 0.014574898785425101
41 0.3843069873997709 0.3554655870445344 0.00038182512409316535 0.014035087719298246
24 0.4051164566628484 0.17989203778677462 0.007636502481863307 0.004588394062078272
24 0.4051164566628484 0.245748987854251 0.007636502481863307 0.004588394062078272
24 0.4051164566628484 0.298110661268556 0.007636502481863307 0.004588394062078272
24 0.4051164566628484 0.3639676113360324 0.007636502481863307 0.004588394062078272
41 0.4085528827796869 0.23751686909581646 0.0007636502481863307 0.014574898785425101
41 0.4085528827796869 0.29001349527665315 0.0007636502481863307 0.014844804318488529
41 0.4085528827796869 0.35587044534412954 0.0007636502481863307 0.014844804318488529
41 0.3531882397861779 0.30148448043184883 0.0007636502481863307 0.014035087719298246
41 0.3600610920198549 0.35587044534412954 0.0007636502481863307 0.014844804318488529
26 0.38067964872088583 0.17759784075573548 0.007636502481863307 0.004318488529014845
24 0.38067964872088583 0.245748987854251 0.007636502481863307 0.004588394062078272
26 0.38067964872088583 0.2959514170040486 0.007636502481863307 0.004588394062078272
24 0.38067964872088583 0.3639676113360324 0.007636502481863307 0.004588394062078272
41 0.3843069873997709 0.16950067476383265 0.00038182512409316535 0.014574898785425101
41 0.3843069873997709 0.23751686909581646 0.00038182512409316535 0.014574898785425101
41 0.3843069873997709 0.28785425101214573 0.00038182512409316535 0.014844804318488529
41 0.4326078655975563 0.23508771929824562 0.0007636502481863307 0.014035087719298246
41 0.4326078655975563 0.35560053981106615 0.0007636502481863307 0.014304993252361673
41 0.4326078655975563 0.2874493927125506 0.0007636502481863307 0.014035087719298246
28 0.4555173730431462 0.17530364372469637 0.007636502481863307 0.004588394062078272
30 0.4555173730431462 0.24345479082321186 0.007636502481863307 0.004318488529014845
28 0.4555173730431462 0.29379217273954117 0.007636502481863307 0.004588394062078272
28 0.4555173730431462 0.3639676113360324 0.007636502481863307 0.004588394062078272
41 0.45895379915998474 0.1672064777327935 0.0007636502481863307 0.014844804318488529
26 0.42917143948071784 0.24345479082321186 0.007636502481863307 0.004318488529014845
24 0.42917143948071784 0.3639676113360324 0.007636502481863307 0.004588394062078272
26 0.42917143948071784 0.2959514170040486 0.007636502481863307 0.004588394062078272
41 0.4326078655975563 0.16923076923076924 0.0007636502481863307 0.014035087719298246
26 0.42917143948071784 0.17759784075573548 0.007636502481863307 0.004318488529014845
134 0.5 0.6635627530364372 0.9045437189767087 0.01808367071524966
1 0.680221458571974 0.8611336032388665 0.011836578846888126 0.0008097165991902834
1 0.41924398625429554 0.8611336032388665 0.016800305460099276 0.0008097165991902834
1 0.9327987781596029 0.7383265856950068 0.011454753722794959 0.0008097165991902834
1 0.843069873997709 0.7383265856950068 0.011454753722794959 0.0008097165991902834
1 0.7426498663612066 0.7383265856950068 0.011454753722794959 0.0008097165991902834
1 0.6529209621993127 0.7383265856950068 0.016800305460099276 0.0008097165991902834
1 0.6055746468117602 0.7383265856950068 0.011454753722794959 0.0008097165991902834
134 0.5 0.7863697705802969 0.9045437189767087 0.01808367071524966
134 0.5 0.7249662618083671 0.9045437189767087 0.01835357624831309
134 0.5 0.8477732793522267 0.9045437189767087 0.01835357624831309
30 0.680221458571974 0.8632928475033739 0.007254677357770141 0.004588394062078272
28 0.6798396334478809 0.8477732793522267 0.006491027109583811 0.004318488529014845
41 0.6838487972508591 0.6620782726045884 0.0007636502481863307 0.014574898785425101
41 0.6838487972508591 0.7804318488529015 0.0007636502481863307 0.014844804318488529
41 0.6838487972508591 0.8477732793522267 0.0007636502481863307 0.029689608636977057
41 0.7046582665139366 0.7844804318488529 0.00038182512409316535 0.013765182186234818
26 0.7010309278350515 0.6657219973009447 0.007636502481863307 0.004588394062078272
26 0.7010309278350515 0.7931174089068825 0.007636502481863307 0.004588394062078272
120 0.26613211149293625 0.6439946018893388 0.14585719740358916 0.007017543859649123
41 0.7046582665139366 0.6576248313090418 0.00038182512409316535 0.014844804318488529
41 0.6475754104620084 0.8557354925775978 0.0007636502481863307 0.013765182186234818
26 0.680221458571974 0.7885290148448043 0.007254677357770141 0.004588394062078272
26 0.6804123711340206 0.670310391363023 0.007636502481863307 0.004588394062078272
40 0.7504772814051165 0.7975708502024291 0.0019091256204658267 0.0016194331983805667
41 0.746086292478045 0.7890688259109312 0.0007636502481863307 0.014304993252361673
120 0.24532264222985872 0.8373819163292847 0.11034746086292478 0.005668016194331984
40 0.7504772814051165 0.8545209176788124 0.0019091256204658267 0.0016194331983805667
41 0.746086292478045 0.8483130904183536 0.0007636502481863307 0.014035087719298246
121 0.33199694539900726 0.6500674763832659 0.014127529591447117 0.002968960863697706
28 0.7426498663612066 0.6680161943319838 0.007636502481863307 0.004318488529014845
30 0.7426498663612066 0.7404858299595142 0.007636502481863307 0.004588394062078272
30 0.7426498663612066 0.7974358974358975 0.007636502481863307 0.004588394062078272
28 0.7426498663612066 0.8566801619433199 0.007636502481863307 0.004318488529014845
120 0.22527682321496756 0.7388663967611336 0.07025582283314243 0.005128205128205128
40 0.7504772814051165 0.6657219973009447 0.0019091256204658267 0.001349527665317139
41 0.746086292478045 0.659919028340081 0.0007636502481863307 0.014574898785425101
120 0.24627720504009165 0.7769230769230769 0.10843833524245895 0.008367071524966262
40 0.7504772814051165 0.7406207827260459 0.0019091256204658267 0.0016194331983805667
41 0.746086292478045 0.7323886639676114 0.0007636502481863307 0.014844804318488529
41 0.5790378006872853 0.7276653171390014 0.00038182512409316535 0.014035087719298246
41 0.5719740358915617 0.794331983805668 0.0007636502481863307 0.01349527665317139
41 0.5336006109201985 0.8415654520917679 0.00038182512409316535 0.014035087719298246
30 0.5299732722413135 0.6657219973009447 0.007636502481863307 0.004588394062078272
30 0.5299732722413135 0.7885290148448043 0.007636502481863307 0.004588394062078272
30 0.5299732722413135 0.8500674763832659 0.007636502481863307 0.004588394062078272
41 0.5336006109201985 0.6576248313090418 0.00038182512409316535 0.014844804318488529
41 0.5336006109201985 0.7804318488529015 0.00038182512409316535 0.014844804318488529
28 0.5754104620084002 0.6680161943319838 0.007636502481863307 0.004318488529014845
30 0.5754104620084002 0.7361673414304993 0.007636502481863307 0.004588394062078272
28 0.5754104620084002 0.7863697705802969 0.007636502481863307 0.004588394062078272
32 0.5771286750668194 0.8477732793522267 0.011072928598701794 0.004318488529014845
40 0.58323787705231 0.6657219973009447 0.0019091256204658267 0.001349527665317139
41 0.5790378006872853 0.659919028340081 0.00038182512409316535 0.014574898785425101
28 0.6510118365788469 0.6724696356275304 0.007636502481863307 0.004588394062078272
32 0.6527300496372661 0.7383265856950068 0.011072928598701794 0.004588394062078272
28 0.6510118365788469 0.7908232118758435 0.007636502481863307 0.004318488529014845
28 0.6510118365788469 0.8477732793522267 0.007636502481863307 0.004318488529014845
41 0.654639175257732 0.6643724696356276 0.00038182512409316535 0.014844804318488529
41 0.6239022527682322 0.6620782726045884 0.0007636502481863307 0.014574898785425101
121 0.14261168384879724 0.8387314439946019 0.01718213058419244 0.002968960863697706
121 0.1475754104620084 0.8430499325236167 0.0057273768613974796 0.0018893387314439945
120 0.14452080946926307 0.8603238866396761 0.0286368843069874 0.005668016194331984
41 0.654639175257732 0.7827260458839406 0.00038182512409316535 0.014574898785425101
121 0.14261168384879724 0.650472334682861 0.01718213058419244 0.0021592442645074223
121 0.1475754104620084 0.6539811066126856 0.0057273768613974796 0.0016194331983805667
120 0.14700267277586865 0.6488529014844804 0.025200458190148912 0.005398110661268556
28 0.6055746468117602 0.7383265856950068 0.007636502481863307 0.004588394062078272
30 0.6055746468117602 0.7885290148448043 0.007636502481863307 0.004588394062078272
41 0.6090110729285987 0.730229419703104 0.0007636502481863307 0.014844804318488529
41 0.6090110729285987 0.7804318488529015 0.0007636502481863307 0.014844804318488529
26 0.6204658266513937 0.670310391363023 0.007636502481863307 0.004588394062078272
41 0.9129438717067583 0.7256410256410256 0.0007636502481863307 0.014304993252361673
41 0.9129438717067583 0.7869095816464238 0.0007636502481863307 0.014304993252361673
24 0.9327987781596029 0.6724696356275304 0.007636502481863307 0.004588394062078272
24 0.9327987781596029 0.7383265856950068 0.007636502481863307 0.004588394062078272
26 0.9327987781596029 0.7885290148448043 0.007636502481863307 0.004588394062078272
26 0.9327987781596029 0.8543859649122807 0.007636502481863307 0.004588394062078272
41 0.9362352042764414 0.6643724696356276 0.0007636502481863307 0.014844804318488529
41 0.9362352042764414 0.730229419703104 0.0007636502481863307 0.014844804318488529
24 0.8888888888888888 0.7863697705802969 0.007636502481863307 0.004588394062078272
41 0.8925162275677739 0.6616734143049933 0.00038182512409316535 0.013765182186234818
41 0.8925162275677739 0.7276653171390014 0.00038182512409316535 0.014035087719298246
41 0.9362352042764414 0.7804318488529015 0.0007636502481863307 0.014844804318488529
41 0.8854524627720504 0.7940620782726046 0.0007636502481863307 0.014035087719298246
24 0.9095074455899198 0.6680161943319838 0.007636502481863307 0.004318488529014845
24 0.9095074455899198 0.7338731443994602 0.007636502481863307 0.004318488529014845
24 0.9095074455899198 0.7952766531713901 0.007636502481863307 0.004588394062078272
86 0.9081710576555937 0.847638326585695 0.004963726613211149 0.012685560053981106
41 0.9129438717067583 0.659919028340081 0.0007636502481863307 0.014574898785425101
122 0.6657121038564338 0.8500674763832659 0.018709431080565102 0.0024291497975708503
122 0.6290568919434899 0.7433198380566801 0.044673539518900345 0.0032388663967611335
41 0.9362352042764414 0.8462887989203779 0.0007636502481863307 0.014844804318488529
120 0.6139747995418099 0.7441295546558705 0.07712867506681939 0.006477732793522267
26 0.8888888888888888 0.7361673414304993 0.007636502481863307 0.004588394062078272
120 0.6401298205421917 0.7719298245614035 0.12867506681939672 0.006477732793522267
120 0.6292478045055364 0.8395411605937921 0.10385643375334097 0.005668016194331984
41 0.8281786941580757 0.6597840755735492 0.0007636502481863307 0.014304993252361673
28 0.8247422680412371 0.6680161943319838 0.007636502481863307 0.004318488529014845
15 0.8035509736540665 0.6591093117408907 0.007254677357770141 0.007557354925775978
14 0.8035509736540665 0.6680161943319838 0.008018327605956471 0.007557354925775978
86 0.8234058801069111 0.7248313090418353 0.004963726613211149 0.012685560053981106
15 0.8035509736540665 0.7205128205128205 0.007254677357770141 0.0072874493927125505
14 0.8035509736540665 0.7292847503373819 0.008018327605956471 0.007557354925775978
85 0.8247422680412371 0.7852901484480432 0.007636502481863307 0.0018893387314439945
15 0.8035509736540665 0.7819163292847503 0.007254677357770141 0.007557354925775978
14 0.8035509736540665 0.7908232118758435 0.008018327605956471 0.007557354925775978
84 0.8247422680412371 0.8443994601889339 0.007636502481863307 0.0018893387314439945
15 0.8035509736540665 0.8433198380566802 0.007254677357770141 0.0072874493927125505
14 0.8035509736540665 0.8522267206477733 0.008018327605956471 0.0072874493927125505
40 0.8323787705231004 0.6657219973009447 0.002290950744558992 0.001349527665317139
120 0.47728140511645667 0.6584345479082321 0.10767468499427263 0.005668016194331984
26 0.7777777777777778 0.6746288798920378 0.007636502481863307 0.004588394062078272
86 0.7766323024054983 0.7248313090418353 0.005345551737304314 0.012685560053981106
86 0.7764413898434517 0.7863697705802969 0.004963726613211149 0.012685560053981106
86 0.7766323024054983 0.8477732793522267 0.005345551737304314 0.012955465587044534
41 0.7812142038946163 0.666531713900135 0.0007636502481863307 0.014844804318488529
26 0.843069873997709 0.7404858299595142 0.007636502481863307 0.004588394062078272
120 0.4753722794959908 0.833468286099865 0.11149293623520427 0.005937921727395412
41 0.8466972126765941 0.7323886639676114 0.00038182512409316535 0.014844804318488529
24 0.8655975563192058 0.7338731443994602 0.007636502481863307 0.004318488529014845
86 0.8644520809469263 0.7863697705802969 0.005345551737304314 0.012685560053981106
41 0.8690339824360442 0.7257759784075574 0.0007636502481863307 0.014574898785425101
26 0.8888888888888888 0.670310391363023 0.007636502481863307 0.004588394062078272
120 0.6384116074837725 0.6742240215924427 0.12523864070255822 0.007557354925775978
120 0.4526536846124475 0.7395411605937922 0.06987399770904926 0.006477732793522267
120 0.47441771668575794 0.7742240215924426 0.1134020618556701 0.006207827260458839
41 0.1863306605574647 0.8558704453441296 0.0007636502481863307 0.01349527665317139
28 0.2203130966017564 0.6635627530364372 0.007636502481863307 0.004588394062078272
24 0.15922107674684993 0.6635627530364372 0.007636502481863307 0.004588394062078272
24 0.15922107674684993 0.8566801619433199 0.007636502481863307 0.004318488529014845
41 0.15578465063001146 0.671255060728745 0.0007636502481863307 0.014035087719298246
41 0.16265750286368844 0.848582995951417 0.0007636502481863307 0.014574898785425101
30 0.18976708667430317 0.6657219973009447 0.007636502481863307 0.004588394062078272
30 0.18976708667430317 0.7315789473684211 0.007636502481863307 0.004588394062078272
28 0.2203130966017564 0.7294197031039136 0.007636502481863307 0.004588394062078272
32 0.1914852997327224 0.7819163292847503 0.011072928598701794 0.004318488529014845
28 0.18976708667430317 0.8477732793522267 0.007636502481863307 0.004318488529014845
41 0.19320351279114165 0.6576248313090418 0.0007636502481863307 0.014844804318488529
41 0.19320351279114165 0.7234817813765182 0.0007636502481863307 0.014844804318488529
41 0.255250095456281 0.7927125506072874 0.00038182512409316535 0.014035087719298246
41 0.255250095456281 0.8560053981106612 0.00038182512409316535 0.013225371120107961
47 0.5194730813287515 0.843859649122807 0.0057273768613974796 0.012145748987854251
24 0.2798778159602902 0.6635627530364372 0.007636502481863307 0.004588394062078272
41 0.2764413898434517 0.671255060728745 0.0007636502481863307 0.014035087719298246
34 0.26059564719358536 0.7315789473684211 0.011072928598701794 0.004588394062078272
30 0.2203130966017564 0.8411605937921728 0.007636502481863307 0.004588394062078272
41 0.2168766704849179 0.671255060728745 0.0007636502481863307 0.014035087719298246
41 0.22394043528064148 0.7213225371120108 0.00038182512409316535 0.014844804318488529
41 0.2168766704849179 0.8492577597840756 0.0007636502481863307 0.014844804318488529
26 0.2588774341351661 0.6657219973009447 0.007636502481863307 0.004588394062078272
30 0.2588774341351661 0.7842105263157895 0.007636502481863307 0.004588394062078272
28 0.2588774341351661 0.8477732793522267 0.007636502481863307 0.004318488529014845
41 0.2623138602520046 0.6576248313090418 0.0007636502481863307 0.014844804318488529
5 0.060328369606720125 0.725506072874494 0.015273004963726614 0.030229419703103912
5 0.060328369606720125 0.786774628879892 0.015273004963726614 0.030229419703103912
10 0.05899198167239404 0.8041835357624831 0.004200076365024819 0.004048582995951417
8 0.06090110729285987 0.8458839406207828 0.016418480336006108 0.014035087719298246
5 0.060328369606720125 0.6639676113360324 0.015273004963726614 0.030229419703103912
28 0.10042000763650248 0.6680161943319838 0.007636502481863307 0.004318488529014845
28 0.10042000763650248 0.7338731443994602 0.007636502481863307 0.004318488529014845
30 0.10042000763650248 0.7842105263157895 0.007636502481863307 0.004588394062078272
41 0.13402061855670103 0.727800269905533 0.0007636502481863307 0.014304993252361673
41 0.12695685376097748 0.7904183535762483 0.00038182512409316535 0.013765182186234818
40 0.13822069492172584 0.8500674763832659 0.002290950744558992 0.001349527665317139
41 0.13402061855670103 0.8446693657219974 0.0007636502481863307 0.012685560053981106
26 0.1475754104620084 0.6657219973009447 0.007254677357770141 0.004588394062078272
26 0.1475754104620084 0.8543859649122807 0.007254677357770141 0.004588394062078272
41 0.1510118365788469 0.6576248313090418 0.00038182512409316535 0.014844804318488529
41 0.1510118365788469 0.846693657219973 0.00038182512409316535 0.014035087719298246
41 0.10385643375334097 0.8415654520917679 0.0007636502481863307 0.014035087719298246
30 0.10042000763650248 0.8500674763832659 0.007636502481863307 0.004588394062078272
41 0.10385643375334097 0.659919028340081 0.0007636502481863307 0.014574898785425101
41 0.10385643375334097 0.7257759784075574 0.0007636502481863307 0.014574898785425101
41 0.09698358151966399 0.7923076923076923 0.0007636502481863307 0.014844804318488529
24 0.13058419243986255 0.6680161943319838 0.007636502481863307 0.004318488529014845
30 0.13058419243986255 0.7361673414304993 0.007636502481863307 0.004588394062078272
28 0.13058419243986255 0.7819163292847503 0.007636502481863307 0.004318488529014845
24 0.13058419243986255 0.8522267206477733 0.007636502481863307 0.004588394062078272
40 0.13822069492172584 0.6657219973009447 0.002290950744558992 0.001349527665317139
41 0.13402061855670103 0.6591093117408907 0.0007636502481863307 0.016194331983805668
41 0.44425353188239786 0.7946018893387314 0.00038182512409316535 0.012955465587044534
28 0.44768995799923633 0.6635627530364372 0.007254677357770141 0.004588394062078272
28 0.44768995799923633 0.7294197031039136 0.007254677357770141 0.004588394062078272
28 0.44768995799923633 0.7863697705802969 0.007254677357770141 0.004588394062078272
41 0.44425353188239786 0.671255060728745 0.00038182512409316535 0.014035087719298246
41 0.45112638411607486 0.7213225371120108 0.00038182512409316535 0.014844804318488529
26 0.4860633829705995 0.6614035087719298 0.007636502481863307 0.004588394062078272
70 0.4860633829705995 0.6512820512820513 0.010691103474608629 0.004318488529014845
32 0.4877815960290187 0.7338731443994602 0.011072928598701794 0.004318488529014845
71 0.4879725085910653 0.7434547908232119 0.010691103474608629 0.004048582995951417
26 0.4860633829705995 0.7885290148448043 0.007636502481863307 0.004588394062078272
71 0.4860633829705995 0.7986504723346829 0.010691103474608629 0.004318488529014845
26 0.4860633829705995 0.8543859649122807 0.007636502481863307 0.004588394062078272
71 0.4860633829705995 0.8601889338731444 0.010691103474608629 0.004318488529014845
40 0.49389079801450936 0.6612685560053981 0.0019091256204658267 0.0016194331983805667
41 0.482626956853761 0.6695006747638327 0.0007636502481863307 0.014844804318488529
41 0.42115311187476134 0.7234817813765182 0.0007636502481863307 0.014844804318488529
41 0.41408934707903783 0.7927125506072874 0.00038182512409316535 0.014035087719298246
24 0.5124093165330279 0.8522267206477733 0.007636502481863307 0.004588394062078272
24 0.5124093165330279 0.6635627530364372 0.007636502481863307 0.004588394062078272
24 0.5124093165330279 0.7908232118758435 0.007636502481863307 0.004318488529014845
41 0.5089728904161894 0.6713900134952766 0.0007636502481863307 0.014304993252361673
53 0.512791141657121 0.6716599190283401 0.006872852233676976 0.012685560053981106
41 0.5158457426498664 0.7827260458839406 0.0007636502481863307 0.014574898785425101
47 0.5192821687667049 0.7821862348178138 0.0061092019854906456 0.012955465587044534
41 0.5158457426498664 0.8441295546558705 0.0007636502481863307 0.014844804318488529
41 0.4896907216494845 0.7804318488529015 0.00038182512409316535 0.014844804318488529
40 0.49389079801450936 0.7885290148448043 0.0019091256204658267 0.001349527665317139
40 0.49389079801450936 0.8545209176788124 0.0019091256204658267 0.0016194331983805667
41 0.4896907216494845 0.8462887989203779 0.00038182512409316535 0.014844804318488529
32 0.36636120656739213 0.6680161943319838 0.011072928598701794 0.004318488529014845
32 0.36636120656739213 0.7338731443994602 0.011072928598701794 0.004318488529014845
32 0.36636120656739213 0.7863697705802969 0.011072928598701794 0.004588394062078272
34 0.36636120656739213 0.8454790823211876 0.011072928598701794 0.004588394062078272
26 0.3004963726613211 0.6657219973009447 0.007636502481863307 0.004588394062078272
28 0.3004963726613211 0.7863697705802969 0.007636502481863307 0.004588394062078272
28 0.3004963726613211 0.8477732793522267 0.007636502481863307 0.004318488529014845
41 0.30412371134020616 0.6576248313090418 0.00038182512409316535 0.014844804318488529
41 0.29705994654448264 0.7940620782726046 0.0007636502481863307 0.014035087719298246
41 0.29705994654448264 0.8556005398110661 0.0007636502481863307 0.014035087719298246
24 0.3214967544864452 0.6635627530364372 0.007636502481863307 0.004588394062078272
41 0.3249331806032837 0.6562753036437247 0.0007636502481863307 0.013225371120107961
26 0.3356242840778923 0.6657219973009447 0.007636502481863307 0.004588394062078272
41 0.33906071019473083 0.658029689608637 0.0007636502481863307 0.014035087719298246
34 0.4194348988163421 0.8454790823211876 0.011072928598701794 0.004588394062078272
32 0.4194348988163421 0.8611336032388665 0.011072928598701794 0.004588394062078272
30 0.4175257731958763 0.7842105263157895 0.007254677357770141 0.004588394062078272
30 0.4175257731958763 0.6657219973009447 0.007254677357770141 0.004588394062078272
93 0.4129438717067583 0.7089068825910931 0.010309278350515464 0.007827260458839407
93 0.4219167621229477 0.7089068825910931 0.009927453226422299 0.007827260458839407
30 0.4175257731958763 0.7315789473684211 0.007254677357770141 0.004588394062078272
41 0.42115311187476134 0.6576248313090418 0.0007636502481863307 0.014844804318488529