134 0.49906073888541014 0.06994245241257194 0.9029430181590482 0.029216467463479414
1 0.5770194113963681 0.09207613988490483 0.014402003757044458 0.0008853474988933156
87 0.6033187226048842 0.07016378928729526 0.00939261114589856 0.01195219123505976
86 0.628052598622417 0.06684373616644533 0.008766437069505322 0.01859229747675963
24 0.5153412648716343 0.07724656927844178 0.010018785222291797 0.006640106241699867
121 0.2301189730745147 0.08455068614431165 0.029430181590482152 0.0026560424966799467
121 0.2298058860363181 0.0903054448871182 0.031308703819661866 0.0026560424966799467
87 0.48935504070131497 0.07016378928729526 0.00939261114589856 0.01195219123505976
47 0.5860989355040701 0.07060646303674192 0.007514088916718848 0.008410801239486499
41 0.5200375704445835 0.06396635679504205 0.0006261740763932373 0.02434705621956618
47 0.5241077019411396 0.055776892430278883 0.007514088916718848 0.00796812749003984
87 0.5413274890419537 0.07016378928729526 0.00939261114589856 0.01195219123505976
24 0.5773324984345648 0.0918548030101815 0.010018785222291797 0.006640106241699867
41 0.5814026299311209 0.07857459052678176 0.0006261740763932373 0.02434705621956618
24 0.9035691922354414 0.05533421868083223 0.010018785222291797 0.007082779991146525
41 0.9079524107701941 0.0467020805666224 0.0 0.015493581230633024
26 0.9273638071383845 0.08078795927401505 0.010018785222291797 0.006640106241699867
41 0.9314339386349405 0.06374501992031872 0.0006261740763932373 0.03187250996015936
121 0.9198497182216656 0.04183266932270916 0.023794614902943018 0.01195219123505976
121 0.8619286161552911 0.05245683930942895 0.049467752035065746 0.011066843736166445
121 0.8766437069505323 0.055776892430278883 0.01878522229179712 0.00619743249225321
84 0.7385723231058234 0.07016378928729526 0.07952410770194114 0.015493581230633024
112 0.36505948653725734 0.09982293050022134 0.008766437069505322 0.009296148738379814
121 0.3641202254226675 0.08455068614431165 0.029430181590482152 0.0026560424966799467
121 0.3641202254226675 0.0903054448871182 0.030682529743268627 0.0026560424966799467
112 0.23105823418910457 0.09982293050022134 0.008766437069505322 0.009296148738379814
26 0.8328115216030056 0.08078795927401505 0.010018785222291797 0.006640106241699867
41 0.8371947401377583 0.0681717574147853 0.0 0.023019034971226208
26 0.8616155291170946 0.07348384240814519 0.010018785222291797 0.007082779991146525
41 0.8663118346900438 0.06219566179725542 0.0006261740763932373 0.02080566622399292
26 0.8829054477144647 0.06617972554227534 0.010018785222291797 0.006640106241699867
41 0.8869755792110207 0.0566622399291722 0.0006261740763932373 0.016821602478972998
26 0.21916092673763307 0.06617972554227534 0.010018785222291797 0.006640106241699867
41 0.2144646211646838 0.0787959274015051 0.0006261740763932373 0.023019034971226208
26 0.234815278647464 0.06617972554227534 0.010018785222291797 0.006640106241699867
41 0.2301189730745147 0.0787959274015051 0.0006261740763932373 0.023019034971226208
26 0.25015654351909833 0.06617972554227534 0.00939261114589856 0.006640106241699867
41 0.24546023794614902 0.0787959274015051 0.0 0.023019034971226208
26 0.2658108954289292 0.06617972554227534 0.00939261114589856 0.006640106241699867
41 0.26111458985597996 0.07636122177954847 0.0 0.01814962372731297
53 0.2654978083907326 0.08742806551571491 0.008766437069505322 0.008410801239486499
87 0.3271759549154665 0.07016378928729526 0.00939261114589856 0.01195219123505976
84 0.13994990607388855 0.06463036741921203 0.013149655604257984 0.0035413899955732625
5 0.06887914840325611 0.07082779991146525 0.026299311208515967 0.043382027445772464
67 0.09674389480275516 0.06728640991589199 0.00939261114589856 0.01593625498007968
87 0.2917971195992486 0.07016378928729526 0.008766437069505322 0.01195219123505976
87 0.1928616155291171 0.07016378928729526 0.008766437069505322 0.01195219123505976
41 0.39542892924232936 0.08012394864984507 0.0006261740763932373 0.023019034971226208
26 0.3688165309956168 0.06617972554227534 0.010018785222291797 0.006640106241699867
41 0.3641202254226675 0.0787959274015051 0.0006261740763932373 0.023019034971226208
26 0.38447088290544773 0.06617972554227534 0.010018785222291797 0.006640106241699867
41 0.3797745773324984 0.0787959274015051 0.0006261740763932373 0.023019034971226208
26 0.4001252348152787 0.06617972554227534 0.010018785222291797 0.006640106241699867
53 0.399812147777082 0.08764940239043825 0.008140262993112084 0.00796812749003984
87 0.426111458985598 0.07016378928729526 0.00939261114589856 0.01195219123505976
24 0.4633688165309956 0.06263833554670208 0.010018785222291797 0.006640106241699867
41 0.45867251095804634 0.07591854803010181 0.0006261740763932373 0.02434705621956618
53 0.463055729492799 0.08388667552014166 0.008140262993112084 0.008410801239486499
41 0.3484658735128366 0.07923860115095174 0.0006261740763932373 0.02213368747233289
26 0.35316217908578584 0.06617972554227534 0.010018785222291797 0.006640106241699867
134 0.5 0.1945551128818061 0.9048215403882279 0.029659141212926073
1 0.6005009392611146 0.21646746347941567 0.015028177833437696 0.0008853474988933156
1 0.5551033187226049 0.21646746347941567 0.014402003757044458 0.0008853474988933156
1 0.5225422667501566 0.21646746347941567 0.014402003757044458 0.0008853474988933156
1 0.48966812773951157 0.21646746347941567 0.015028177833437696 0.0008853474988933156
1 0.4567939887288666 0.21646746347941567 0.014402003757044458 0.0008853474988933156
1 0.4226675015654352 0.21646746347941567 0.015028177833437696 0.0008853474988933156
1 0.40137758296806514 0.21646746347941567 0.015028177833437696 0.0008853474988933156
1 0.13212273011897308 0.21646746347941567 0.015028177833437696 0.0008853474988933156
84 0.2736380713838447 0.1892430278884462 0.013775829680651221 0.00398406374501992
26 0.6762680025046963 0.20540061974324922 0.010018785222291797 0.007082779991146525
41 0.6809643080776456 0.19300575475874282 0.0006261740763932373 0.023019034971226208
24 0.6981840951784596 0.20185922974767595 0.010018785222291797 0.007082779991146525
41 0.7022542266750157 0.19012837538733954 0.0006261740763932373 0.02080566622399292
26 0.7194740137758296 0.19809650287737937 0.010018785222291797 0.006640106241699867
41 0.724170319348779 0.18725099601593626 0.0006261740763932373 0.019477644975652943
73 0.5554164057608015 0.22310756972111553 0.003757044458359424 0.0026560424966799467
24 0.7410770194113964 0.1945551128818061 0.00939261114589856 0.006640106241699867
41 0.745460237946149 0.18393094289508632 0.0006261740763932373 0.019034971226206288
24 0.6005009392611146 0.21646746347941567 0.010018785222291797 0.007082779991146525
41 0.6051972448340639 0.2051792828685259 0.0006261740763932373 0.02080566622399292
26 0.6336881653099562 0.21270473660911907 0.010018785222291797 0.006640106241699867
41 0.6377582968065122 0.20185922974767595 0.0006261740763932373 0.019477644975652943
41 0.5597996242955542 0.20473660911907923 0.0 0.017264276228419653
24 0.6549780839073263 0.20916334661354583 0.010018785222291797 0.006640106241699867
41 0.6593613024420789 0.199203187250996 0.0 0.017706949977866312
121 0.793988728866625 0.1761841522797698 0.03005635566687539 0.009738822487826471
121 0.7128991859737007 0.1768481629039398 0.06449592986850344 0.008410801239486499
121 0.7128991859737007 0.18260292164674635 0.06449592986850344 0.008410801239486499
124 0.6728240450845335 0.2250996015936255 0.15466499686912963 0.01018149623727313
121 0.632122730118973 0.19079238601150952 0.054477144646211645 0.007082779991146525
121 0.6487163431433939 0.1952191235059761 0.021289918597370068 0.004426737494466578
121 0.54351909830933 0.1943337760070828 0.03256105197244834 0.0026560424966799467
121 0.4777708202880401 0.1943337760070828 0.03256105197244834 0.0026560424966799467
121 0.4164057608015028 0.1943337760070828 0.021289918597370068 0.0026560424966799467
121 0.4167188478396994 0.20053120849933598 0.019411396368190358 0.0026560424966799467
26 0.7745773324984345 0.19079238601150952 0.010018785222291797 0.007082779991146525
73 0.7745773324984345 0.1983178397521027 0.003757044458359424 0.0026560424966799467
41 0.7792736380713838 0.1814962372731297 0.0006261740763932373 0.016821602478972998
26 0.80463368816531 0.20540061974324922 0.010018785222291797 0.007082779991146525
73 0.80463368816531 0.2129260734838424 0.003757044458359424 0.0026560424966799467
41 0.8093299937382592 0.1921204072598495 0.0006261740763932373 0.02478972996901284
86 0.8365685660613651 0.19123505976095617 0.008766437069505322 0.01859229747675963
86 0.3256105197244834 0.19123505976095617 0.008766437069505322 0.01859229747675963
24 0.5554164057608015 0.21646746347941567 0.010018785222291797 0.007082779991146525
87 0.3691296180338134 0.19477644975652944 0.00939261114589856 0.01239486498450642
24 0.40137758296806514 0.21646746347941567 0.010018785222291797 0.007082779991146525
41 0.4060738885410144 0.2051792828685259 0.0006261740763932373 0.02080566622399292
87 0.16499686912961803 0.19477644975652944 0.00939261114589856 0.01239486498450642
47 0.141202254226675 0.1952191235059761 0.0068879148403256105 0.00796812749003984
86 0.1963055729492799 0.19123505976095617 0.00939261114589856 0.01859229747675963
93 0.399812147777082 0.22952633908809209 0.010644959298685034 0.009296148738379814
41 0.13681903569192236 0.20252324037184594 0.0006261740763932373 0.02257636122177955
24 0.1324358171571697 0.21646746347941567 0.00939261114589856 0.007082779991146525
84 0.9142141515341264 0.1892430278884462 0.013775829680651221 0.00398406374501992
24 0.48966812773951157 0.21646746347941567 0.010018785222291797 0.007082779991146525
73 0.48966812773951157 0.22310756972111553 0.003757044458359424 0.0026560424966799467
41 0.4943644333124609 0.2051792828685259 0.0006261740763932373 0.02080566622399292
24 0.5228553537883531 0.21646746347941567 0.010018785222291797 0.007082779991146525
73 0.5222291797119599 0.22310756972111553 0.003757044458359424 0.0026560424966799467
41 0.5269254852849092 0.2051792828685259 0.0006261740763932373 0.02080566622399292
67 0.09674389480275516 0.1921204072598495 0.00939261114589856 0.01593625498007968
24 0.4229805886036318 0.21646746347941567 0.00939261114589856 0.007082779991146525
5 0.06887914840325611 0.1952191235059761 0.026299311208515967 0.043382027445772464
41 0.42736380713838445 0.2051792828685259 0.0006261740763932373 0.02080566622399292
24 0.4571070757670632 0.21646746347941567 0.010018785222291797 0.007082779991146525
73 0.4567939887288666 0.22310756972111553 0.004383218534752661 0.0026560424966799467
41 0.46117720726361927 0.2051792828685259 0.0006261740763932373 0.02080566622399292
134 0.5 0.31894643647631693 0.9048215403882279 0.029659141212926073
1 0.6358797745773325 0.2970340858787074 0.014402003757044458 0.0008853474988933156
1 0.3024420788979336 0.2970340858787074 0.015028177833437696 0.0008853474988933156
26 0.6775203506574827 0.3154050464807437 0.010018785222291797 0.006640106241699867
41 0.6728240450845335 0.3277999114652501 0.0006261740763932373 0.02257636122177955
104 0.6775203506574827 0.299468791500664 0.020037570444583593 0.005754758742806552
26 0.6556042579837195 0.3154050464807437 0.010018785222291797 0.006640106241699867
41 0.6509079524107702 0.32558654271801685 0.0006261740763932373 0.01814962372731297
41 0.7510958046336882 0.3282425852146968 0.0006261740763932373 0.021691013722886232
104 0.7554790231684408 0.299468791500664 0.019411396368190358 0.005754758742806552
26 0.7557921102066374 0.3154050464807437 0.010018785222291797 0.006640106241699867
24 0.7141515341264871 0.30433820274457724 0.00939261114589856 0.006640106241699867
41 0.7291797119599248 0.32625055334218683 0.0006261740763932373 0.016821602478972998
26 0.7338760175328741 0.3154050464807437 0.010018785222291797 0.006640106241699867
41 0.7097683155917345 0.3187250996015936 0.0006261740763932373 0.02656042496679947
26 0.5907952410770194 0.3154050464807437 0.00939261114589856 0.006640106241699867
41 0.5638697557921102 0.32580787959274016 0.0006261740763932373 0.017706949977866312
26 0.5685660613650595 0.3154050464807437 0.010018785222291797 0.006640106241699867
104 0.5907952410770194 0.299468791500664 0.019411396368190358 0.005754758742806552
41 0.5444583594239198 0.3198317839752103 0.0006261740763932373 0.027003098716246128
24 0.5491546649968692 0.30433820274457724 0.010018785222291797 0.006640106241699867
121 0.13994990607388855 0.33731739707835323 0.023168440826549782 0.005312084993359893
121 0.1512210394489668 0.34196547144754313 0.046963055729492796 0.007525453740593183
41 0.6314965560425798 0.315626383355467 0.0006261740763932373 0.03275785745905268
24 0.6361928616155291 0.2970340858787074 0.010018785222291797 0.007082779991146525
41 0.5860989355040701 0.32713590084108013 0.0 0.021248339973439574
41 0.919536631183469 0.3300132802124834 0.0006261740763932373 0.02434705621956618
104 0.9239198497182217 0.299468791500664 0.019411396368190358 0.005754758742806552
26 0.9242329367564183 0.3154050464807437 0.010018785222291797 0.006640106241699867
41 0.897307451471509 0.3284639220894201 0.0 0.021248339973439574
26 0.9020037570444583 0.3154050464807437 0.00939261114589856 0.006640106241699867
121 0.7191609267376331 0.3293492695883134 0.019411396368190358 0.005312084993359893
121 0.7301189730745147 0.33665338645418325 0.041327489041953665 0.008410801239486499
121 0.22072636192861617 0.3293492695883134 0.018159048215403883 0.005312084993359893
121 0.2316844082654978 0.33665338645418325 0.041327489041953665 0.008410801239486499
121 0.30745147150907953 0.3284639220894201 0.017532874139010644 0.00619743249225321
121 0.3187226048841578 0.33665338645418325 0.041327489041953665 0.011066843736166445
121 0.3857232310582342 0.3291279327135901 0.017532874139010644 0.004869411243913236
121 0.3966812773951158 0.33665338645418325 0.041953663118346904 0.008410801239486499
121 0.473700688791484 0.33731739707835323 0.023168440826549782 0.005312084993359893
121 0.48465873512836566 0.34196547144754313 0.046336881653099564 0.007525453740593183
121 0.5544771446462117 0.3293492695883134 0.019411396368190358 0.005312084993359893
121 0.5654351909830932 0.33665338645418325 0.041327489041953665 0.008410801239486499
121 0.641202254226675 0.3284639220894201 0.01878522229179712 0.00619743249225321
121 0.6524733876017533 0.33665338645418325 0.041327489041953665 0.011066843736166445
121 0.8068252974326863 0.3390880920761399 0.023168440826549782 0.00619743249225321
121 0.817783343769568 0.3432934926958831 0.046336881653099564 0.009296148738379814
121 0.8879148403256105 0.33444001770695 0.01878522229179712 0.00398406374501992
121 0.8985597996242956 0.34085878707392653 0.041327489041953665 0.005312084993359893
26 0.8240450845335003 0.3154050464807437 0.010018785222291797 0.006640106241699867
41 0.7943018159048215 0.3370960602036299 0.0006261740763932373 0.019034971226206288
95 0.798058860363181 0.3570163789287295 0.010644959298685034 0.011066843736166445
24 0.7989981214777708 0.32625055334218683 0.010018785222291797 0.007082779991146525
41 0.8775829680651221 0.3244798583444002 0.0006261740763932373 0.03010181496237273
26 0.8822792736380713 0.30810092961487384 0.010018785222291797 0.007082779991146525
41 0.8412648716343143 0.3284639220894201 0.0006261740763932373 0.02213368747233289
104 0.845648090169067 0.299468791500664 0.019411396368190358 0.005754758742806552
26 0.8459611772072636 0.3154050464807437 0.010018785222291797 0.006640106241699867
41 0.819348778960551 0.32957060646303676 0.0006261740763932373 0.02611775121735281
41 0.25266123982467126 0.3284639220894201 0.0006261740763932373 0.021248339973439574
104 0.2570444583594239 0.299468791500664 0.019411396368190358 0.005754758742806552
26 0.2573575453976205 0.3154050464807437 0.010018785222291797 0.006640106241699867
41 0.23074514715090796 0.3269145639663568 0.0006261740763932373 0.01814962372731297
26 0.23512836568566062 0.3154050464807437 0.00939261114589856 0.006640106241699867
41 0.21102066374452097 0.3200531208499336 0.0 0.02656042496679947
24 0.21571696931747025 0.30433820274457724 0.00939261114589856 0.006640106241699867
26 0.32185347526612396 0.3154050464807437 0.010018785222291797 0.006640106241699867
41 0.5081402629931121 0.3286852589641434 0.0006261740763932373 0.021691013722886232
41 0.29774577332498436 0.3154050464807437 0.0006261740763932373 0.033200531208499334
24 0.3024420788979336 0.2970340858787074 0.010018785222291797 0.007082779991146525
5 0.06887914840325611 0.3198317839752103 0.026299311208515967 0.043824701195219126
26 0.1324358171571697 0.32270916334661354 0.00939261114589856 0.007082779991146525
67 0.09674389480275516 0.31651173085436035 0.00939261114589856 0.01593625498007968
95 0.1311834690043832 0.35502434705621955 0.010644959298685034 0.010624169986719787
41 0.1743894802755166 0.3284639220894201 0.0006261740763932373 0.02213368747233289
104 0.17908578584846588 0.299468791500664 0.020037570444583593 0.005754758742806552
26 0.17908578584846588 0.3154050464807437 0.010018785222291797 0.006640106241699867
41 0.15247338760175327 0.3297919433377601 0.0006261740763932373 0.02390438247011952
26 0.15716969317470256 0.3154050464807437 0.010018785222291797 0.006640106241699867
41 0.12773951158422042 0.3339973439575033 0.0 0.02080566622399292
41 0.46117720726361927 0.33444001770695 0.0006261740763932373 0.0199203187250996
26 0.4658735128365686 0.32270916334661354 0.010018785222291797 0.007082779991146525
41 0.3171571696931747 0.32625055334218683 0.0006261740763932373 0.019477644975652943
104 0.42204132748904194 0.299468791500664 0.020037570444583593 0.005754758742806552
26 0.42204132748904194 0.3154050464807437 0.010018785222291797 0.006640106241699867
104 0.5125234815278648 0.299468791500664 0.019411396368190358 0.005754758742806552
26 0.5128365685660614 0.3154050464807437 0.010018785222291797 0.006640106241699867
41 0.4862241703193488 0.3297919433377601 0.0006261740763932373 0.02390438247011952
26 0.49060738885410143 0.3154050464807437 0.00939261114589856 0.006640106241699867
41 0.4173450219160927 0.3277999114652501 0.0006261740763932373 0.02257636122177955
41 0.3396994364433312 0.3293492695883134 0.0006261740763932373 0.023019034971226208
24 0.3807138384470883 0.30433820274457724 0.010018785222291797 0.006640106241699867
41 0.376017532874139 0.3193891102257636 0.0006261740763932373 0.027888446215139442
104 0.34408265497808393 0.299468791500664 0.019411396368190358 0.005754758742806552
26 0.34439574201628054 0.3154050464807437 0.010018785222291797 0.006640106241699867
41 0.39542892924232936 0.32669322709163345 0.0006261740763932373 0.01859229747675963
93 0.39855979962429555 0.3477202301903497 0.010644959298685034 0.009296148738379814
26 0.4001252348152787 0.3154050464807437 0.010018785222291797 0.006640106241699867
134 0.49906073888541014 0.4435590969455511 0.9029430181590482 0.029216467463479414
26 0.573888541014402 0.4400177069499779 0.00939261114589856 0.007082779991146525
104 0.573888541014402 0.42386011509517485 0.019411396368190358 0.005754758742806552
41 0.5691922354414527 0.45152722443559096 0.0 0.021248339973439574
26 0.617407639323732 0.43249225320938467 0.010018785222291797 0.007082779991146525
41 0.6127113337507827 0.448871181938911 0.0006261740763932373 0.03010181496237273
104 0.6659361302442078 0.42386011509517485 0.019411396368190358 0.005754758742806552
104 0.4711959924859111 0.42386011509517485 0.019411396368190358 0.005754758742806552
26 0.6405760801502818 0.4400177069499779 0.010018785222291797 0.007082779991146525
41 0.6358797745773325 0.4524125719344843 0.0006261740763932373 0.023019034971226208
41 0.6615529117094552 0.45440460380699427 0.0006261740763932373 0.02434705621956618
26 0.6662492172824045 0.4400177069499779 0.010018785222291797 0.007082779991146525
121 0.13901064495929868 0.4526339088092076 0.021289918597370068 0.005754758742806552
121 0.15216030056355667 0.46038069942452414 0.048841577958672514 0.009738822487826471
41 0.46681277395115844 0.45440460380699427 0.0006261740763932373 0.02434705621956618
26 0.5253600500939261 0.4251881363435148 0.010018785222291797 0.006640106241699867
41 0.5206637445209769 0.44068171757414787 0.0006261740763932373 0.02877379371403276
26 0.5482154038822793 0.4400177069499779 0.00939261114589856 0.007082779991146525
41 0.5438321853475266 0.44975652943780436 0.0006261740763932373 0.017706949977866312
121 0.6242955541640576 0.4588313413014608 0.022542266750156543 0.00398406374501992
121 0.637132122730119 0.46569278441788403 0.048215403882279274 0.005312084993359893
121 0.5319348778960551 0.4526339088092076 0.023168440826549782 0.005754758742806552
121 0.5447714464621165 0.46038069942452414 0.048841577958672514 0.009738822487826471
121 0.4295554164057608 0.4588313413014608 0.021289918597370068 0.00398406374501992
121 0.4423919849718222 0.46569278441788403 0.048215403882279274 0.005312084993359893
121 0.33469004383218537 0.4634794156706507 0.026925485284909206 0.00619743249225321
121 0.3475266123982467 0.4679061531651173 0.05385097056981841 0.009738822487826471
121 0.2316844082654978 0.4588313413014608 0.021289918597370068 0.00398406374501992
121 0.24420788979336255 0.46569278441788403 0.048841577958672514 0.005312084993359893
26 0.7175954915466499 0.4546259406817176 0.010018785222291797 0.007082779991146525
41 0.721665623043206 0.4411243913235945 0.0006261740763932373 0.02434705621956618
47 0.7260488415779587 0.433377600708278 0.008140262993112084 0.00796812749003984
87 0.7582968065122104 0.44378043382027443 0.008766437069505322 0.01195219123505976
86 0.7977457733249843 0.4404603806994245 0.008766437069505322 0.01859229747675963
26 0.18096430807764557 0.4400177069499779 0.010018785222291797 0.007082779991146525
104 0.18096430807764557 0.42386011509517485 0.020037570444583593 0.005754758742806552
41 0.1762680025046963 0.4524125719344843 0.0006261740763932373 0.023019034971226208
26 0.2247964934251722 0.43271359008410804 0.010018785222291797 0.006640106241699867
41 0.2201001878522229 0.448871181938911 0.0006261740763932373 0.03010181496237273
26 0.24796493425172197 0.4400177069499779 0.010018785222291797 0.007082779991146525
41 0.2432686286787727 0.4530765825586543 0.0006261740763932373 0.02434705621956618
26 0.2736380713838447 0.4400177069499779 0.010018785222291797 0.007082779991146525
26 0.4715090795241077 0.4400177069499779 0.010018785222291797 0.007082779991146525
41 0.2689417658108954 0.4537405931828243 0.0006261740763932373 0.025675077467906152
84 0.9007514088916719 0.43824701195219123 0.013149655604257984 0.0035413899955732625
5 0.06887914840325611 0.4444444444444444 0.026299311208515967 0.043382027445772464
67 0.09674389480275516 0.4411243913235945 0.00939261114589856 0.01637892872952634
104 0.2733249843456481 0.42386011509517485 0.019411396368190358 0.005754758742806552
26 0.1324358171571697 0.4251881363435148 0.00939261114589856 0.006640106241699867
41 0.12773951158422042 0.44156706507304117 0.0 0.03054448871181939
26 0.15529117094552286 0.4400177069499779 0.010018785222291797 0.007082779991146525
41 0.15059486537257358 0.45042054006197435 0.0006261740763932373 0.019034971226206288
26 0.445835942391985 0.4400177069499779 0.010018785222291797 0.007082779991146525
26 0.3537883531621791 0.4400177069499779 0.010018785222291797 0.007082779991146525
41 0.3490920475892298 0.4541832669322709 0.0006261740763932373 0.02656042496679947
41 0.4179711959924859 0.4493138556883577 0.0006261740763932373 0.029216467463479414
26 0.4226675015654352 0.43249225320938467 0.010018785222291797 0.007082779991146525
26 0.3791484032561052 0.4400177069499779 0.00939261114589856 0.007082779991146525
41 0.3744520976831559 0.4524125719344843 0.0 0.023019034971226208
104 0.3791484032561052 0.42386011509517485 0.019411396368190358 0.005754758742806552
24 0.3252974326862868 0.45086321381142097 0.00939261114589856 0.006640106241699867
93 0.3237319974953037 0.4822930500221337 0.011271133375078271 0.009296148738379814
41 0.3206011271133375 0.46148738379814075 0.0 0.019034971226206288
41 0.4411396368190357 0.4530765825586543 0.0006261740763932373 0.02434705621956618
134 0.5 0.5681717574147853 0.9048215403882279 0.029659141212926073
87 0.7680025046963056 0.5683930942895087 0.00939261114589856 0.01239486498450642
41 0.5062617407639324 0.5765825586542718 0.0006261740763932373 0.02080566622399292
26 0.8052598622417032 0.5644090305444888 0.010018785222291797 0.007082779991146525
94 0.8008766437069506 0.6093404161133245 0.013775829680651221 0.006640106241699867
95 0.8121477770820288 0.6093404161133245 0.011271133375078271 0.011066843736166445
41 0.8005635566687539 0.5770252324037185 0.0006261740763932373 0.02257636122177955
41 0.5375704445835943 0.5675077467906153 0.0006261740763932373 0.023019034971226208
53 0.5419536631183469 0.5748118636564852 0.008140262993112084 0.008410801239486499
24 0.5422667501565435 0.5535635236830456 0.010018785222291797 0.006640106241699867
121 0.18378209142141516 0.582779991146525 0.036944270507201005 0.002213368747233289
121 0.18378209142141516 0.5887560867640549 0.038196618659987476 0.0026560424966799467
87 0.5795241077019412 0.5683930942895087 0.00939261114589856 0.01239486498450642
86 0.6155291170945523 0.5648517042939354 0.008766437069505322 0.01859229747675963
121 0.9151534126487163 0.5799026117751217 0.036944270507201005 0.00796812749003984
121 0.915466499686913 0.5858787073926516 0.038822792736380715 0.008410801239486499
112 0.9160926737633062 0.5951748561310314 0.008766437069505322 0.009296148738379814
112 0.8209142141515341 0.5951748561310314 0.008766437069505322 0.009296148738379814
112 0.39010644959298685 0.5978308986277113 0.008766437069505322 0.009296148738379814
112 0.184721352536005 0.5978308986277113 0.008766437069505322 0.009296148738379814
121 0.2820914214151534 0.582779991146525 0.036944270507201005 0.002213368747233289
121 0.2820914214151534 0.5887560867640549 0.038196618659987476 0.0026560424966799467
112 0.2830306825297433 0.5978308986277113 0.008766437069505322 0.009296148738379814
121 0.389167188478397 0.582779991146525 0.036944270507201005 0.002213368747233289
121 0.389167188478397 0.5887560867640549 0.038196618659987476 0.0026560424966799467
121 0.48747651847213525 0.582779991146525 0.038196618659987476 0.002213368747233289
121 0.48716343143393864 0.5887560867640549 0.038822792736380715 0.0026560424966799467
112 0.48778960551033185 0.5978308986277113 0.008766437069505322 0.009296148738379814
84 0.7072636192861615 0.5628596724214254 0.013149655604257984 0.00398406374501992
121 0.8196618659987477 0.5799026117751217 0.03757044458359424 0.00796812749003984
121 0.8199749530369442 0.5858787073926516 0.038196618659987476 0.008410801239486499
53 0.8634940513462742 0.5748118636564852 0.007514088916718848 0.008410801239486499
41 0.858797745773325 0.5675077467906153 0.0006261740763932373 0.023019034971226208
24 0.8634940513462742 0.5535635236830456 0.010018785222291797 0.006640106241699867
41 0.8393863494051347 0.5710491367861886 0.0006261740763932373 0.023019034971226208
26 0.8440826549780839 0.5571049136786188 0.010018785222291797 0.006640106241699867
41 0.8199749530369442 0.5743691899070386 0.0006261740763932373 0.02257636122177955
24 0.8246712586098935 0.5608676405489155 0.010018785222291797 0.007082779991146525
26 0.9007514088916719 0.5644090305444888 0.00939261114589856 0.007082779991146525
41 0.8960551033187226 0.5770252324037185 0.0 0.02257636122177955
24 0.9201628052598623 0.5608676405489155 0.00939261114589856 0.007082779991146525
41 0.9151534126487163 0.5737051792828686 0.0006261740763932373 0.02390438247011952
26 0.939261114589856 0.5571049136786188 0.010018785222291797 0.006640106241699867
41 0.9345648090169068 0.5703851261620186 0.0006261740763932373 0.02434705621956618
24 0.2298058860363181 0.5535635236830456 0.010018785222291797 0.006640106241699867
41 0.26268002504696303 0.5774679061531651 0.0006261740763932373 0.021691013722886232
26 0.26737633061991234 0.5644090305444888 0.010018785222291797 0.007082779991146525
53 0.2298058860363181 0.5748118636564852 0.007514088916718848 0.008410801239486499
41 0.22510958046336882 0.5668437361664453 0.0006261740763932373 0.02434705621956618
41 0.2031934877896055 0.5774679061531651 0.0006261740763932373 0.021691013722886232
26 0.20788979336255478 0.5644090305444888 0.010018785222291797 0.007082779991146525
24 0.2867877269881027 0.5608676405489155 0.010018785222291797 0.007082779991146525
41 0.2820914214151534 0.5750332005312085 0.0006261740763932373 0.02656042496679947
26 0.30619912335629307 0.5644090305444888 0.010018785222291797 0.007082779991146525
26 0.5109580463368817 0.5644090305444888 0.010018785222291797 0.007082779991146525
24 0.3368816530995617 0.5535635236830456 0.010018785222291797 0.006640106241699867
67 0.09674389480275516 0.5657370517928287 0.00939261114589856 0.01593625498007968
5 0.06887914840325611 0.5688357680389553 0.026299311208515967 0.043382027445772464
87 0.13212273011897308 0.5683930942895087 0.008766437069505322 0.01239486498450642
41 0.30150281778334376 0.5770252324037185 0.0006261740763932373 0.02257636122177955
26 0.16906700062617408 0.5644090305444888 0.010018785222291797 0.007082779991146525
93 0.16781465247338762 0.599601593625498 0.011271133375078271 0.009296148738379814
41 0.1643706950532248 0.5770252324037185 0.0006261740763932373 0.02257636122177955
24 0.18847839699436444 0.5608676405489155 0.010018785222291797 0.007082779991146525
41 0.18378209142141516 0.5750332005312085 0.0006261740763932373 0.02656042496679947
24 0.3938634940513463 0.5608676405489155 0.010018785222291797 0.007082779991146525
41 0.389167188478397 0.5750332005312085 0.0006261740763932373 0.02656042496679947
26 0.41327489041953663 0.5644090305444888 0.010018785222291797 0.007082779991146525
41 0.4085785848465874 0.5770252324037185 0.0006261740763932373 0.02257636122177955
24 0.43519098309329995 0.5535635236830456 0.010018785222291797 0.006640106241699867
41 0.43049467752035064 0.5668437361664453 0.0006261740763932373 0.02434705621956618
53 0.4348778960551033 0.5748118636564852 0.008140262993112084 0.008410801239486499
26 0.47244834063869756 0.5644090305444888 0.00939261114589856 0.007082779991146525
41 0.46775203506574825 0.5770252324037185 0.0 0.02257636122177955
24 0.4918597370068879 0.5608676405489155 0.00939261114589856 0.007082779991146525
41 0.48685034439574204 0.5750332005312085 0.0006261740763932373 0.02656042496679947
41 0.3321853475266124 0.5668437361664453 0.0006261740763932373 0.02434705621956618
53 0.33656856606136504 0.5748118636564852 0.008140262993112084 0.008410801239486499
41 0.36975579211020665 0.5774679061531651 0.0006261740763932373 0.021691013722886232
26 0.3744520976831559 0.5644090305444888 0.010018785222291797 0.007082779991146525
134 0.5 0.6925630810092962 0.9048215403882279 0.029659141212926073
41 0.6646837820914214 0.7029659141212926 0.0006261740763932373 0.023019034971226208
30 0.6718847839699437 0.6890216910137229 0.015028177833437696 0.007525453740593183
30 0.7326236693800877 0.6890216910137229 0.015028177833437696 0.007525453740593183
41 0.7254226675015655 0.702523240371846 0.0006261740763932373 0.02390438247011952
41 0.5381966186599875 0.7027445772465692 0.0006261740763932373 0.023461708720672863
30 0.5453976205385097 0.6890216910137229 0.015028177833437696 0.007525453740593183
121 0.16844082654978085 0.7042939353696326 0.028804007514088917 0.00796812749003984
121 0.16875391358797745 0.7102700309871625 0.030682529743268627 0.008410801239486499
61 0.5951784596117721 0.6923417441345728 0.0068879148403256105 0.019477644975652943
41 0.6033187226048842 0.7056219566179726 0.0006261740763932373 0.02213368747233289
28 0.6105197244834064 0.6927844178840195 0.015028177833437696 0.007082779991146525
41 0.9076393237319975 0.7029659141212926 0.0006261740763932373 0.023019034971226208
30 0.9148403256105198 0.6890216910137229 0.015028177833437696 0.007525453740593183
120 0.8841577958672511 0.6786188579017264 0.06011271133375078 0.00619743249225321
112 0.1696931747025673 0.7195661797255423 0.008766437069505322 0.009296148738379814
121 0.2398246712586099 0.7042939353696326 0.028804007514088917 0.00796812749003984
121 0.2401377582968065 0.7102700309871625 0.030682529743268627 0.008410801239486499
112 0.24107701941139636 0.7195661797255423 0.008766437069505322 0.009296148738379814
120 0.701941139636819 0.6786188579017264 0.06011271133375078 0.00619743249225321
120 0.7626800250469631 0.6786188579017264 0.06011271133375078 0.00619743249225321
120 0.823418910457107 0.6786188579017264 0.06011271133375078 0.00619743249225321
41 0.7861615529117094 0.7029659141212926 0.0006261740763932373 0.023019034971226208
103 0.7930494677520351 0.6695440460380699 0.015654351909830933 0.012837538733953076
30 0.7933625547902317 0.6890216910137229 0.015028177833437696 0.007525453740593183
41 0.8469004383218535 0.7029659141212926 0.0006261740763932373 0.023019034971226208
30 0.8541014402003757 0.6890216910137229 0.015028177833437696 0.007525453740593183
41 0.2244834063869756 0.7016378928729526 0.0006261740763932373 0.02213368747233289
26 0.22917971195992487 0.6890216910137229 0.010018785222291797 0.006640106241699867
53 0.20413274890419536 0.6994245241257193 0.007514088916718848 0.00796812749003984
41 0.19943644333124608 0.6918990703851262 0.0006261740763932373 0.023019034971226208
24 0.20381966186599876 0.6779548472775564 0.00939261114589856 0.006640106241699867
41 0.18378209142141516 0.6956617972554228 0.0006261740763932373 0.023461708720672863
26 0.18847839699436444 0.6817175741478531 0.010018785222291797 0.007082779991146525
41 0.2551659361302442 0.6954404603806994 0.0006261740763932373 0.02390438247011952
41 0.28616155291170947 0.6921204072598495 0.0 0.02257636122177955
28 0.2933625547902317 0.6781761841522798 0.014402003757044458 0.007082779991146525
26 0.2598622417031935 0.6817175741478531 0.010018785222291797 0.007082779991146525
41 0.2401377582968065 0.6989818503762727 0.0006261740763932373 0.02213368747233289
24 0.24483406386975579 0.6854803010181496 0.010018785222291797 0.006640106241699867
67 0.09674389480275516 0.6901283753873395 0.00939261114589856 0.01593625498007968
5 0.06887914840325611 0.6936697653829128 0.026299311208515967 0.043382027445772464
24 0.1324358171571697 0.6779548472775564 0.00939261114589856 0.006640106241699867
120 0.932686286787727 0.6795042054006197 0.035691922354414526 0.004426737494466578
41 0.16875391358797745 0.6989818503762727 0.0006261740763932373 0.02213368747233289
24 0.17345021916092673 0.6854803010181496 0.010018785222291797 0.006640106241699867
41 0.15309956167814653 0.701859229747676 0.0006261740763932373 0.021691013722886232
26 0.15779586725109582 0.6890216910137229 0.010018785222291797 0.006640106241699867
53 0.1324358171571697 0.6992031872509961 0.008140262993112084 0.008410801239486499
41 0.12773951158422042 0.6912350597609562 0.0 0.02434705621956618
41 0.41233562930494677 0.6996458610004427 0.0006261740763932373 0.02257636122177955
28 0.419536631183469 0.6852589641434262 0.015028177833437696 0.007082779991146525
41 0.4780839073262367 0.6994245241257193 0.0006261740763932373 0.023019034971226208
59 0.4686912961803381 0.6828242585214697 0.00939261114589856 0.01637892872952634
28 0.4852849092047589 0.6852589641434262 0.015028177833437696 0.007082779991146525
30 0.3591108328115216 0.6817175741478531 0.014402003757044458 0.007082779991146525
41 0.3515967438948028 0.6949977866312528 0.0006261740763932373 0.02390438247011952
59 0.3425172197871008 0.6790615316511731 0.008766437069505322 0.01593625498007968
134 0.5 0.8171757414785303 0.9048215403882279 0.029216467463479414
41 0.6878522229179712 0.8125276671093404 0.0006261740763932373 0.023461708720672863
125 0.15466499686912963 0.8488269145639663 0.055103318722604884 0.01018149623727313
30 0.6950532247964935 0.7990261177512173 0.015028177833437696 0.007082779991146525
30 0.7570444583594239 0.7990261177512173 0.015028177833437696 0.007082779991146525
95 0.756105197244834 0.8426294820717132 0.010644959298685034 0.011066843736166445
103 0.7570444583594239 0.7802124833997344 0.015028177833437696 0.012837538733953076
41 0.7498434564809017 0.8123063302346171 0.0006261740763932373 0.02390438247011952
30 0.5710707576706324 0.7990261177512173 0.015028177833437696 0.007082779991146525
41 0.5638697557921102 0.8123063302346171 0.0006261740763932373 0.02390438247011952
30 0.6330619912335629 0.7990261177512173 0.015028177833437696 0.007082779991146525
41 0.6258609893550408 0.8123063302346171 0.0006261740763932373 0.02390438247011952
86 0.9226675015654352 0.8140770252324038 0.00939261114589856 0.01859229747675963
87 0.8982467125860989 0.8173970783532537 0.00939261114589856 0.01195219123505976
124 0.23105823418910457 0.8488269145639663 0.057608015028177834 0.01018149623727313
120 0.5397620538509705 0.7884019477644976 0.061365059486537255 0.00619743249225321
120 0.6017532874139011 0.7884019477644976 0.061365059486537255 0.00619743249225321
120 0.6640576080150282 0.7884019477644976 0.061991233562930494 0.00619743249225321
120 0.7880400751408891 0.7884019477644976 0.061991233562930494 0.00619743249225321
41 0.8118346900438321 0.8125276671093404 0.0006261740763932373 0.023461708720672863
30 0.8190356919223544 0.7990261177512173 0.015028177833437696 0.007082779991146525
24 0.8722604884157796 0.8025675077467906 0.010018785222291797 0.007082779991146525
53 0.8725735754539762 0.8238158477202302 0.008140262993112084 0.00796812749003984
41 0.8675641828428303 0.815626383355467 0.0006261740763932373 0.02434705621956618
41 0.23700688791484031 0.8273572377158035 0.0006261740763932373 0.023019034971226208
26 0.2417031934877896 0.813634351482957 0.010018785222291797 0.007082779991146525
63 0.22792736380713838 0.8134130146082338 0.008766437069505322 0.01814962372731297
41 0.2802128991859737 0.8238158477202302 0.0006261740763932373 0.023019034971226208
24 0.284909204758923 0.8098716246126605 0.010018785222291797 0.006640106241699867
67 0.09674389480275516 0.8147410358565738 0.00939261114589856 0.01637892872952634
5 0.06887914840325611 0.8180610889774237 0.026299311208515967 0.043382027445772464
120 0.11678146524733876 0.8041168658698539 0.030682529743268627 0.00398406374501992
87 0.17063243581715717 0.8173970783532537 0.00939261114589856 0.01195219123505976
41 0.2031934877896055 0.8273572377158035 0.0006261740763932373 0.023019034971226208
103 0.20757670632435818 0.7939353696325808 0.015654351909830933 0.012837538733953076
26 0.20788979336255478 0.813634351482957 0.010018785222291797 0.007082779991146525
41 0.12773951158422042 0.8275785745905267 0.0 0.02257636122177955
40 0.14402003757044457 0.813634351482957 0.003757044458359424 0.0026560424966799467
26 0.1324358171571697 0.813634351482957 0.00939261114589856 0.007082779991146525
24 0.4577332498434565 0.8025675077467906 0.010018785222291797 0.007082779991146525
24 0.3187226048841578 0.8098716246126605 0.010018785222291797 0.006640106241699867
41 0.4192235441452724 0.8165117308543604 0.0006261740763932373 0.02257636122177955
24 0.42391984971822166 0.8025675077467906 0.010018785222291797 0.007082779991146525
41 0.4530369442705072 0.815626383355467 0.0006261740763932373 0.02434705621956618
63 0.44395742016280526 0.8023461708720673 0.008766437069505322 0.01814962372731297
30 0.509079524107702 0.7990261177512173 0.015028177833437696 0.007082779991146525
103 0.5087664370695053 0.7802124833997344 0.015654351909830933 0.012837538733953076
41 0.5018785222291797 0.8123063302346171 0.0006261740763932373 0.02390438247011952
63 0.30494677520350655 0.8098716246126605 0.008766437069505322 0.01814962372731297
30 0.3706950532247965 0.8063302346170872 0.015028177833437696 0.007525453740593183
41 0.36349405134627427 0.8198317839752103 0.0006261740763932373 0.02390438247011952
41 0.3140262993112085 0.8231518370960602 0.0006261740763932373 0.02434705621956618
134 0.5 0.9417884019477645 0.9048215403882279 0.029659141212926073
26 0.7063243581715717 0.9453297919433378 0.010018785222291797 0.006640106241699867
121 0.302128991859737 0.9130146082337317 0.051972448340638695 0.015493581230633024
121 0.302128991859737 0.919212040725985 0.050720100187852224 0.015493581230633024
41 0.756105197244834 0.916555998229305 0.0006261740763932373 0.01637892872952634
24 0.7514088916718847 0.9271801682160248 0.010018785222291797 0.006640106241699867
41 0.7332498434564809 0.9285081894643648 0.0 0.013722886232846392
26 0.7288666249217283 0.9380256750774679 0.010018785222291797 0.007082779991146525
41 0.7103944896681278 0.934705621956618 0.0006261740763932373 0.019034971226206288
86 0.5547902316844082 0.9384683488269145 0.008766437069505322 0.01859229747675963
87 0.5262993112085159 0.9420097388224878 0.00939261114589856 0.01239486498450642
121 0.22573575453976205 0.9240814519698982 0.054477144646211645 0.011066843736166445
121 0.24201628052598623 0.9276228419654714 0.020663744520976832 0.005754758742806552
41 0.678146524733876 0.9402390438247012 0.0 0.019477644975652943
26 0.6737633061991234 0.952855245683931 0.010018785222291797 0.006640106241699867
87 0.8969943644333125 0.9420097388224878 0.00939261114589856 0.01239486498450642
41 0.9214151534126487 0.951527224435591 0.0006261740763932373 0.02434705621956618
26 0.926111458985598 0.9380256750774679 0.010018785222291797 0.007082779991146525
121 0.43894802755165935 0.962372731297034 0.03005635566687539 0.0026560424966799467
53 0.926111458985598 0.9594953519256308 0.008766437069505322 0.008410801239486499
87 0.8675641828428303 0.9420097388224878 0.00939261114589856 0.01239486498450642
84 0.6246086412022542 0.9364763169544046 0.013149655604257984 0.00398406374501992
121 0.7820914214151534 0.9130146082337317 0.052598622417031934 0.015493581230633024
121 0.7814652473387602 0.9189907038512616 0.05134627426424546 0.015050907481186366
121 0.7056981840951785 0.9243027888446215 0.055103318722604884 0.011509517485613104
121 0.7219787100814026 0.9274015050907481 0.022542266750156543 0.00619743249225321
41 0.7905447714464621 0.9289508632138114 0.0006261740763932373 0.027003098716246128
41 0.8080776455854728 0.9349269588313412 0.0006261740763932373 0.03010181496237273
26 0.8040075140889167 0.952855245683931 0.010018785222291797 0.006640106241699867
26 0.7864746399499061 0.9453297919433378 0.010018785222291797 0.006640106241699867
41 0.7733249843456481 0.9234174413457282 0.0 0.02390438247011952
26 0.7689417658108955 0.9380256750774679 0.010018785222291797 0.007082779991146525
26 0.8378209142141515 0.9380256750774679 0.010018785222291797 0.007082779991146525
41 0.8331246086412023 0.951527224435591 0.0006261740763932373 0.02434705621956618
53 0.8378209142141515 0.9594953519256308 0.008766437069505322 0.008410801239486499
121 0.4032561051972448 0.9504205400619743 0.010018785222291797 0.0026560424966799467
121 0.3960551033187226 0.9566179725542275 0.024420788979336257 0.0026560424966799467
121 0.3810269254852849 0.962372731297034 0.05572949279899812 0.0026560424966799467
41 0.2532874139010645 0.9278441788401948 0.0006261740763932373 0.015050907481186366
41 0.27582968065122104 0.9156706507304117 0.0006261740763932373 0.017264276228419653
24 0.271759549154665 0.9271801682160248 0.010018785222291797 0.006640106241699867
26 0.24890419536631184 0.9380256750774679 0.00939261114589856 0.007082779991146525
41 0.23074514715090796 0.933377600708278 0.0006261740763932373 0.019034971226206288
26 0.22604884157795868 0.9455511288180611 0.010018785222291797 0.007082779991146525
26 0.30619912335629307 0.9455511288180611 0.010018785222291797 0.007082779991146525
41 0.328428303068253 0.9351482957060646 0.0006261740763932373 0.03054448871181939
26 0.3237319974953037 0.952855245683931 0.010018785222291797 0.006640106241699867
41 0.3108954289292423 0.9298362107127047 0.0006261740763932373 0.02877379371403276
41 0.2933625547902317 0.9234174413457282 0.0006261740763932373 0.02390438247011952
26 0.288979336255479 0.9382470119521913 0.00939261114589856 0.006640106241699867
67 0.09674389480275516 0.9393536963258079 0.00939261114589856 0.01593625498007968
5 0.06887914840325611 0.9424524125719345 0.026299311208515967 0.043382027445772464
84 0.13994990607388855 0.9364763169544046 0.013149655604257984 0.00398406374501992
41 0.1981840951784596 0.9393536963258079 0.0006261740763932373 0.021248339973439574
94 0.18910457107075768 0.9667994687915007 0.013775829680651221 0.007082779991146525
95 0.20068879148403257 0.967020805666224 0.010644959298685034 0.011066843736166445
26 0.19380087664370696 0.952855245683931 0.00939261114589856 0.006640106241699867
41 0.42423293675641827 0.9513058875608676 0.0006261740763932373 0.021248339973439574
26 0.4289292423293676 0.9382470119521913 0.010018785222291797 0.006640106241699867
41 0.408891671884784 0.9513058875608676 0.0 0.021248339973439574
26 0.41358797745773324 0.9382470119521913 0.00939261114589856 0.006640106241699867
41 0.3829054477144646 0.950863213811421 0.0006261740763932373 0.02213368747233289
40 0.3994990607388854 0.9380256750774679 0.003757044458359424 0.0026560424966799467
26 0.3876017532874139 0.9380256750774679 0.010018785222291797 0.007082779991146525
26 0.45835942391984974 0.9380256750774679 0.010018785222291797 0.007082779991146525
41 0.45366311834690043 0.9506418769366977 0.0006261740763932373 0.02257636122177955
26 0.4968691296180338 0.952855245683931 0.00939261114589856 0.006640106241699867
41 0.5012523481527865 0.9395750332005313 0.0006261740763932373 0.02434705621956618
47 0.5053224796493425 0.9313855688357681 0.007514088916718848 0.00796812749003984
26 0.35817157169693176 0.9382470119521913 0.010018785222291797 0.006640106241699867
41 0.35347526612398245 0.9506418769366977 0.0006261740763932373 0.02257636122177955