134 0.4997448979591837 0.5496031746031746 0.9045918367346939 0.024170274170274172
1 0.25076530612244896 0.6302308802308803 0.012755102040816327 0.0007215007215007215
134 0.4997448979591837 0.648088023088023 0.9045918367346939 0.024170274170274172
134 0.4997448979591837 0.7465728715728716 0.9045918367346939 0.024170274170274172
134 0.4997448979591837 0.8248556998556998 0.9045918367346939 0.024170274170274172
134 0.4997448979591837 0.057900432900432904 0.9045918367346939 0.024170274170274172
134 0.4997448979591837 0.4514790764790765 0.9045918367346939 0.024170274170274172
1 0.7107142857142857 0.27254689754689754 0.012244897959183673 0.0010822510822510823
1 0.7107142857142857 0.2784992784992785 0.012244897959183673 0.0007215007215007215
1 0.7107142857142857 0.2846320346320346 0.012244897959183673 0.0007215007215007215
1 0.7107142857142857 0.2904040404040404 0.012244897959183673 0.0007215007215007215
1 0.5295918367346939 0.27254689754689754 0.012244897959183673 0.0010822510822510823
1 0.5295918367346939 0.2784992784992785 0.012244897959183673 0.0007215007215007215
1 0.5295918367346939 0.2846320346320346 0.012244897959183673 0.0007215007215007215
1 0.5295918367346939 0.2904040404040404 0.012244897959183673 0.0007215007215007215
1 0.5295918367346939 0.29653679653679654 0.012244897959183673 0.0007215007215007215
1 0.5295918367346939 0.3023088023088023 0.012244897959183673 0.0007215007215007215
1 0.5295918367346939 0.30844155844155846 0.012244897959183673 0.0007215007215007215
1 0.4954081632653061 0.27254689754689754 0.012244897959183673 0.0010822510822510823
1 0.4954081632653061 0.2784992784992785 0.012244897959183673 0.0007215007215007215
1 0.4954081632653061 0.2846320346320346 0.012244897959183673 0.0007215007215007215
1 0.4954081632653061 0.2904040404040404 0.012244897959183673 0.0007215007215007215
1 0.4954081632653061 0.29653679653679654 0.012244897959183673 0.0007215007215007215
1 0.4954081632653061 0.3023088023088023 0.012244897959183673 0.0007215007215007215
1 0.45918367346938777 0.27254689754689754 0.012244897959183673 0.0010822510822510823
1 0.45918367346938777 0.2784992784992785 0.012244897959183673 0.0007215007215007215
1 0.45918367346938777 0.2846320346320346 0.012244897959183673 0.0007215007215007215
1 0.45918367346938777 0.2904040404040404 0.012244897959183673 0.0007215007215007215
1 0.45918367346938777 0.29653679653679654 0.012244897959183673 0.0007215007215007215
1 0.44566326530612244 0.27254689754689754 0.01173469387755102 0.0010822510822510823
1 0.44566326530612244 0.2784992784992785 0.01173469387755102 0.0007215007215007215
1 0.44566326530612244 0.2846320346320346 0.01173469387755102 0.0007215007215007215
1 0.44566326530612244 0.2904040404040404 0.01173469387755102 0.0007215007215007215
1 0.43112244897959184 0.27254689754689754 0.012244897959183673 0.0010822510822510823
1 0.4142857142857143 0.27254689754689754 0.012244897959183673 0.0010822510822510823
1 0.4142857142857143 0.2784992784992785 0.012244897959183673 0.0007215007215007215
1 0.4142857142857143 0.2846320346320346 0.012244897959183673 0.0007215007215007215
1 0.4142857142857143 0.2904040404040404 0.012244897959183673 0.0007215007215007215
1 0.38010204081632654 0.27254689754689754 0.012244897959183673 0.0010822510822510823
1 0.38010204081632654 0.2784992784992785 0.012244897959183673 0.0007215007215007215
1 0.38010204081632654 0.2846320346320346 0.012244897959183673 0.0007215007215007215
1 0.38010204081632654 0.2904040404040404 0.012244897959183673 0.0007215007215007215
1 0.38010204081632654 0.29653679653679654 0.012244897959183673 0.0007215007215007215
1 0.2982142857142857 0.27254689754689754 0.01173469387755102 0.0010822510822510823
1 0.2982142857142857 0.2784992784992785 0.01173469387755102 0.0007215007215007215
1 0.2982142857142857 0.2846320346320346 0.01173469387755102 0.0007215007215007215
1 0.2982142857142857 0.2904040404040404 0.01173469387755102 0.0007215007215007215
1 0.2982142857142857 0.29653679653679654 0.01173469387755102 0.0007215007215007215
1 0.2982142857142857 0.3023088023088023 0.01173469387755102 0.0007215007215007215
1 0.28469387755102044 0.27254689754689754 0.012244897959183673 0.0010822510822510823
1 0.28469387755102044 0.2784992784992785 0.012244897959183673 0.0007215007215007215
1 0.28469387755102044 0.2846320346320346 0.012244897959183673 0.0007215007215007215
1 0.28469387755102044 0.2904040404040404 0.012244897959183673 0.0007215007215007215
1 0.28469387755102044 0.29653679653679654 0.012244897959183673 0.0007215007215007215
1 0.25076530612244896 0.27254689754689754 0.012755102040816327 0.0010822510822510823
1 0.25076530612244896 0.2784992784992785 0.012755102040816327 0.0007215007215007215
1 0.25076530612244896 0.2846320346320346 0.012755102040816327 0.0007215007215007215
1 0.25076530612244896 0.2904040404040404 0.012755102040816327 0.0007215007215007215
1 0.25076530612244896 0.29653679653679654 0.012755102040816327 0.0007215007215007215
1 0.25076530612244896 0.3023088023088023 0.012755102040816327 0.0007215007215007215
1 0.2193877551020408 0.27254689754689754 0.012244897959183673 0.0010822510822510823
1 0.2193877551020408 0.2784992784992785 0.012244897959183673 0.0007215007215007215
1 0.2193877551020408 0.2846320346320346 0.012244897959183673 0.0007215007215007215
1 0.2045918367346939 0.27254689754689754 0.012244897959183673 0.0010822510822510823
1 0.2045918367346939 0.2784992784992785 0.012244897959183673 0.0007215007215007215
1 0.18775510204081633 0.27254689754689754 0.012244897959183673 0.0010822510822510823
1 0.18775510204081633 0.2784992784992785 0.012244897959183673 0.0007215007215007215
1 0.18775510204081633 0.2846320346320346 0.012244897959183673 0.0007215007215007215
1 0.18775510204081633 0.2904040404040404 0.012244897959183673 0.0007215007215007215
1 0.18775510204081633 0.29653679653679654 0.012244897959183673 0.0007215007215007215
1 0.18775510204081633 0.3023088023088023 0.012244897959183673 0.0007215007215007215
1 0.15331632653061225 0.27254689754689754 0.012755102040816327 0.0010822510822510823
1 0.15331632653061225 0.2784992784992785 0.012755102040816327 0.0007215007215007215
1 0.15331632653061225 0.2846320346320346 0.012755102040816327 0.0007215007215007215
1 0.15331632653061225 0.2904040404040404 0.012755102040816327 0.0007215007215007215
1 0.15331632653061225 0.29653679653679654 0.012755102040816327 0.0007215007215007215
1 0.11913265306122449 0.27254689754689754 0.012755102040816327 0.0010822510822510823
1 0.11913265306122449 0.2784992784992785 0.012755102040816327 0.0007215007215007215
1 0.11913265306122449 0.2846320346320346 0.012755102040816327 0.0007215007215007215
1 0.11913265306122449 0.2904040404040404 0.012755102040816327 0.0007215007215007215
134 0.4997448979591837 0.35299422799422797 0.9045918367346939 0.00036075036075036075
134 0.4997448979591837 0.2546897546897547 0.9045918367346939 0.023809523809523808
134 0.4997448979591837 0.15638528138528138 0.9045918367346939 0.024170274170274172
91 0.5137755102040816 0.2541486291486291 0.01020408163265306 0.031385281385281384
52 0.5033163265306122 0.27074314574314573 0.0066326530612244895 0.031385281385281384
88 0.4956632653061224 0.060425685425685424 0.008673469387755102 0.01479076479076479
26 0.4954081632653061 0.30537518037518036 0.00816326530612245 0.005411255411255411
88 0.4956632653061224 0.6506132756132756 0.008673469387755102 0.01479076479076479
41 0.4701530612244898 0.6515151515151515 0.0005102040816326531 0.026695526695526696
41 0.49923469387755104 0.2795815295815296 0.0005102040816326531 0.049783549783549784
87 0.5915816326530612 0.25487012987012986 0.007653061224489796 0.00974025974025974
26 0.5918367346938775 0.6390692640692641 0.00816326530612245 0.005411255411255411
41 0.5956632653061225 0.04816017316017316 0.0005102040816326531 0.027777777777777776
51 0.5994897959183674 0.04707792207792208 0.007142857142857143 0.025613275613275612
24 0.5918367346938775 0.06403318903318904 0.00816326530612245 0.005411255411255411
41 0.5880102040816326 0.6553030303030303 0.0005102040816326531 0.030663780663780664
26 0.5295918367346939 0.31132756132756134 0.00816326530612245 0.005772005772005772
89 0.5642857142857143 0.2541486291486291 0.009183673469387756 0.01984126984126984
91 0.5482142857142858 0.25432900432900435 0.009693877551020408 0.031746031746031744
52 0.5375 0.27074314574314573 0.0066326530612244895 0.031385281385281384
41 0.5334183673469388 0.28264790764790765 0.0005102040816326531 0.05591630591630592
41 0.43494897959183676 0.255050505050505 0.0005102040816326531 0.031746031746031744
24 0.43112244897959184 0.27254689754689754 0.00816326530612245 0.005411255411255411
41 0.4181122448979592 0.26551226551226553 0.0005102040816326531 0.05266955266955267
26 0.4459183673469388 0.06691919191919192 0.00816326530612245 0.005411255411255411
90 0.4145408163265306 0.6506132756132756 0.009693877551020408 0.025613275613275612
26 0.4142857142857143 0.2934704184704185 0.00816326530612245 0.005411255411255411
90 0.4145408163265306 0.060425685425685424 0.009693877551020408 0.025613275613275612
91 0.39846938775510204 0.25432900432900435 0.01020408163265306 0.031746031746031744
51 0.38801020408163267 0.6343795093795094 0.0066326530612244895 0.025613275613275612
121 0.19974489795918368 0.07016594516594517 0.03010204081632653 0.011183261183261184
121 0.19974489795918368 0.07539682539682539 0.03010204081632653 0.011544011544011544
121 0.19974489795918368 0.08044733044733045 0.03010204081632653 0.011544011544011544
121 0.19948979591836735 0.08585858585858586 0.03163265306122449 0.011544011544011544
24 0.47372448979591836 0.6361832611832612 0.007653061224489796 0.005411255411255411
90 0.4739795918367347 0.25703463203463206 0.009183673469387756 0.025613275613275612
90 0.4739795918367347 0.060425685425685424 0.009183673469387756 0.025613275613275612
41 0.4625 0.2667748917748918 0.0005102040816326531 0.05519480519480519
24 0.4589285714285714 0.29653679653679654 0.007653061224489796 0.005772005772005772
41 0.4420918367346939 0.6562049062049062 0.0005102040816326531 0.025252525252525252
41 0.44974489795918365 0.2638888888888889 0.0005102040816326531 0.049422799422799424
51 0.45382653061224487 0.050144300144300144 0.0066326530612244895 0.025252525252525252
41 0.44974489795918365 0.051587301587301584 0.0005102040816326531 0.02886002886002886
24 0.4459183673469388 0.6421356421356421 0.00816326530612245 0.005772005772005772
24 0.4459183673469388 0.27254689754689754 0.00816326530612245 0.005411255411255411
24 0.4459183673469388 0.2904040404040404 0.00816326530612245 0.005772005772005772
85 0.9012755102040816 0.25306637806637805 0.010714285714285714 0.003246753246753247
86 0.8540816326530613 0.25216450216450215 0.007142857142857143 0.015151515151515152
87 0.815561224489796 0.25487012987012986 0.007653061224489796 0.00974025974025974
121 0.20714285714285716 0.2379148629148629 0.03163265306122449 0.0018037518037518038
121 0.20739795918367346 0.24314574314574314 0.03010204081632653 0.0021645021645021645
121 0.20739795918367346 0.2483766233766234 0.03010204081632653 0.0018037518037518038
121 0.20739795918367346 0.2536075036075036 0.03010204081632653 0.0021645021645021645
121 0.20739795918367346 0.25865800865800864 0.03010204081632653 0.0021645021645021645
121 0.2153061224489796 0.6652236652236653 0.061224489795918366 0.0021645021645021645
121 0.2153061224489796 0.6704545454545454 0.061224489795918366 0.0018037518037518038
121 0.2153061224489796 0.6756854256854257 0.061224489795918366 0.0021645021645021645
121 0.2153061224489796 0.6809163059163059 0.06326530612244897 0.0018037518037518038
121 0.2951530612244898 0.2379148629148629 0.012755102040816327 0.0018037518037518038
121 0.2951530612244898 0.24314574314574314 0.01173469387755102 0.0021645021645021645
121 0.2951530612244898 0.2483766233766234 0.01173469387755102 0.0018037518037518038
121 0.2951530612244898 0.2536075036075036 0.01173469387755102 0.0021645021645021645
121 0.2951530612244898 0.25865800865800864 0.01173469387755102 0.0021645021645021645
121 0.4403061224489796 0.2379148629148629 0.044897959183673466 0.0018037518037518038
121 0.4403061224489796 0.24314574314574314 0.044897959183673466 0.0021645021645021645
121 0.4403061224489796 0.2483766233766234 0.044897959183673466 0.0018037518037518038
121 0.4403061224489796 0.2536075036075036 0.044897959183673466 0.0021645021645021645
121 0.4403061224489796 0.25865800865800864 0.044897959183673466 0.0021645021645021645
121 0.4561224489795918 0.6513347763347763 0.027551020408163266 0.006132756132756133
121 0.4561224489795918 0.6563852813852814 0.027551020408163266 0.006132756132756133
121 0.4561224489795918 0.6617965367965368 0.027551020408163266 0.006132756132756133
121 0.4561224489795918 0.6668470418470418 0.027551020408163266 0.006132756132756133
121 0.5979591836734693 0.6572871572871573 0.019387755102040816 0.005772005772005772
121 0.5979591836734693 0.6623376623376623 0.019387755102040816 0.005772005772005772
121 0.5979591836734693 0.6675685425685426 0.019387755102040816 0.006132756132756133
121 0.5982142857142857 0.672979797979798 0.01989795918367347 0.006132756132756133
88 0.7818877551020408 0.25721500721500723 0.008673469387755102 0.015151515151515152
88 0.6767857142857143 0.6506132756132756 0.008673469387755102 0.01479076479076479
88 0.6767857142857143 0.060425685425685424 0.008673469387755102 0.01479076479076479
90 0.6548469387755103 0.060425685425685424 0.009693877551020408 0.025613275613275612
51 0.6413265306122449 0.056096681096681096 0.006122448979591836 0.025613275613275612
41 0.6372448979591837 0.05735930735930736 0.0010204081632653062 0.02813852813852814
89 0.6336734693877552 0.6475468975468975 0.009183673469387756 0.01948051948051948
26 0.6336734693877552 0.07287157287157287 0.00816326530612245 0.005772005772005772
41 0.6084183673469388 0.6623376623376623 0.0005102040816326531 0.024531024531024532
24 0.6119897959183673 0.648088023088023 0.007653061224489796 0.005411255411255411
89 0.7540816326530613 0.2541486291486291 0.009183673469387756 0.01984126984126984
90 0.7318877551020408 0.25721500721500723 0.009693877551020408 0.025974025974025976
90 0.6122448979591837 0.060425685425685424 0.009183673469387756 0.025613275613275612
51 0.7186224489795918 0.2676767676767677 0.0066326530612244895 0.025252525252525252
41 0.7145408163265307 0.27326839826839827 0.0005102040816326531 0.03715728715728716
84 0.7122448979591837 0.6437590187590188 0.011224489795918367 0.003246753246753247
26 0.7107142857142857 0.2934704184704185 0.00816326530612245 0.005411255411255411
84 0.7122448979591837 0.05375180375180375 0.011224489795918367 0.002886002886002886
63 0.10790816326530613 0.057900432900432904 0.007653061224489796 0.01479076479076479
41 0.12270408163265306 0.27146464646464646 0.0005102040816326531 0.03354978354978355
52 0.12653061224489795 0.27074314574314573 0.007142857142857143 0.031385281385281384
41 0.11556122448979592 0.648989898989899 0.0005102040816326531 0.027417027417027416
57 0.11913265306122449 0.6502525252525253 0.0066326530612244895 0.024891774891774892
91 0.1375 0.25432900432900435 0.009693877551020408 0.031746031746031744
8 0.06505102040816327 0.8217893217893217 0.020918367346938777 0.015151515151515152
69 0.0875 0.8189033189033189 0.007653061224489796 0.015151515151515152
24 0.11913265306122449 0.05808080808080808 0.007653061224489796 0.005772005772005772
24 0.11913265306122449 0.2904040404040404 0.007653061224489796 0.005772005772005772
26 0.11913265306122449 0.6331168831168831 0.007653061224489796 0.005772005772005772
41 0.11556122448979592 0.07287157287157287 0.0005102040816326531 0.02813852813852814
57 0.11913265306122449 0.07431457431457432 0.0066326530612244895 0.025252525252525252
41 0.38392857142857145 0.6356421356421357 0.0005102040816326531 0.02813852813852814
26 0.18775510204081633 0.04310966810966811 0.00816326530612245 0.005411255411255411
24 0.18775510204081633 0.3024891774891775 0.00816326530612245 0.005411255411255411
26 0.18775510204081633 0.6390692640692641 0.00816326530612245 0.005411255411255411
41 0.18392857142857144 0.06240981240981241 0.0005102040816326531 0.0367965367965368
91 0.17168367346938776 0.25432900432900435 0.009693877551020408 0.031746031746031744
41 0.1913265306122449 0.2698412698412698 0.0010204081632653062 0.06349206349206349
90 0.15357142857142858 0.060425685425685424 0.009183673469387756 0.025613275613275612
26 0.15331632653061225 0.2994227994227994 0.007653061224489796 0.005772005772005772
90 0.15357142857142858 0.6506132756132756 0.009183673469387756 0.025613275613275612
41 0.15714285714285714 0.2766955266955267 0.0010204081632653062 0.04401154401154401
52 0.16071428571428573 0.27074314574314573 0.007142857142857143 0.031385281385281384
84 0.5209183673469387 0.44715007215007213 0.011224489795918367 0.003246753246753247
0 0.04005102040816327 0.7855339105339105 0.008673469387755102 0.1020923520923521
84 0.5209183673469387 0.15205627705627706 0.011224489795918367 0.003246753246753247
84 0.5209183673469387 0.3547979797979798 0.011224489795918367 0.003246753246753247
84 0.5209183673469387 0.5454545454545454 0.011224489795918367 0.002886002886002886
84 0.5209183673469387 0.7422438672438673 0.011224489795918367 0.003246753246753247
84 0.5209183673469387 0.8207070707070707 0.011224489795918367 0.002886002886002886
69 0.0875 0.060786435786435784 0.007653061224489796 0.01479076479076479
69 0.0875 0.4453463203463203 0.007653061224489796 0.01479076479076479
8 0.06505102040816327 0.5465367965367965 0.020918367346938777 0.015151515151515152
11 0.06301020408163266 0.566017316017316 0.012755102040816327 0.005772005772005772
69 0.0875 0.5436507936507936 0.007653061224489796 0.015151515151515152
10 0.06301020408163266 0.4348845598845599 0.005612244897959183 0.005411255411255411
69 0.0875 0.650974025974026 0.007653061224489796 0.01479076479076479
8 0.06505102040816327 0.7431457431457431 0.020918367346938777 0.015151515151515152
11 0.06301020408163266 0.7626262626262627 0.012755102040816327 0.005772005772005772
69 0.0875 0.7404401154401155 0.007653061224489796 0.01479076479076479
8 0.06505102040816327 0.44805194805194803 0.020918367346938777 0.015151515151515152
69 0.0875 0.24855699855699856 0.007653061224489796 0.015151515151515152
10 0.06301020408163266 0.23827561327561328 0.005612244897959183 0.005411255411255411
8 0.06505102040816327 0.25144300144300147 0.020918367346938777 0.015151515151515152
69 0.0875 0.15025252525252525 0.007653061224489796 0.01479076479076479
11 0.06403061224489796 0.1396103896103896 0.012755102040816327 0.005772005772005772
8 0.06505102040816327 0.15313852813852813 0.020918367346938777 0.015512265512265512
26 0.2979591836734694 0.30537518037518036 0.00816326530612245 0.005411255411255411
41 0.30178571428571427 0.2712842712842713 0.0005102040816326531 0.06637806637806638
89 0.31301020408163266 0.2541486291486291 0.008673469387755102 0.01984126984126984
89 0.31301020408163266 0.6475468975468975 0.008673469387755102 0.01948051948051948
41 0.24693877551020407 0.6544011544011544 0.0010204081632653062 0.05266955266955267
91 0.26913265306122447 0.25432900432900435 0.009693877551020408 0.031746031746031744
24 0.28494897959183674 0.29653679653679654 0.007653061224489796 0.005772005772005772
90 0.28520408163265304 0.6506132756132756 0.009183673469387756 0.025613275613275612
41 0.2885204081632653 0.2667748917748918 0.0005102040816326531 0.05735930735930736
51 0.38801020408163267 0.056096681096681096 0.0066326530612244895 0.025613275613275612
26 0.38010204081632654 0.07287157287157287 0.00816326530612245 0.005772005772005772
26 0.38010204081632654 0.2994227994227994 0.00816326530612245 0.005772005772005772
26 0.38010204081632654 0.6511544011544012 0.00816326530612245 0.005772005772005772
41 0.38392857142857145 0.05772005772005772 0.0005102040816326531 0.02886002886002886
41 0.38392857142857145 0.2766955266955267 0.0005102040816326531 0.04401154401154401
52 0.3877551020408163 0.27074314574314573 0.007142857142857143 0.031385281385281384
41 0.18392857142857144 0.6603535353535354 0.0005102040816326531 0.04076479076479077
87 0.3405612244897959 0.6482683982683982 0.007653061224489796 0.010101010101010102
87 0.3405612244897959 0.25487012987012986 0.007653061224489796 0.00974025974025974
87 0.3405612244897959 0.05808080808080808 0.007653061224489796 0.010101010101010102
24 0.2193877551020408 0.6540404040404041 0.00816326530612245 0.005772005772005772
41 0.21556122448979592 0.6677489177489178 0.0005102040816326531 0.025974025974025976
41 0.22321428571428573 0.2619047619047619 0.0005102040816326531 0.047619047619047616
41 0.21556122448979592 0.0781024531024531 0.0005102040816326531 0.024891774891774892
24 0.2193877551020408 0.2784992784992785 0.00816326530612245 0.005772005772005772
26 0.2193877551020408 0.2875180375180375 0.00816326530612245 0.005772005772005772
24 0.2193877551020408 0.06403318903318904 0.00816326530612245 0.005411255411255411
41 0.20841836734693878 0.25757575757575757 0.0005102040816326531 0.03896103896103896
24 0.2045918367346939 0.2784992784992785 0.00816326530612245 0.005772005772005772
26 0.25076530612244896 0.6271645021645021 0.007653061224489796 0.005411255411255411
91 0.23494897959183675 0.25432900432900435 0.009693877551020408 0.031746031746031744
24 0.25076530612244896 0.3024891774891775 0.007653061224489796 0.005411255411255411
88 0.25076530612244896 0.060425685425685424 0.008673469387755102 0.01479076479076479
41 0.2543367346938776 0.27813852813852813 0.0005102040816326531 0.046897546897546896
52 0.25816326530612244 0.27074314574314573 0.007142857142857143 0.031385281385281384
