134 0.49948979591836734 0.7826479076479076 0.9040816326530612 0.024170274170274172
1 0.702295918367347 0.12391774891774891 0.01989795918367347 0.0010822510822510823
1 0.702295918367347 0.15981240981240982 0.01989795918367347 0.0007215007215007215
1 0.4163265306122449 0.15981240981240982 0.022448979591836733 0.0007215007215007215
1 0.4163265306122449 0.16558441558441558 0.022448979591836733 0.0007215007215007215
1 0.4163265306122449 0.1717171717171717 0.022448979591836733 0.0007215007215007215
1 0.10408163265306122 0.15981240981240982 0.022448979591836733 0.0007215007215007215
1 0.10408163265306122 0.16558441558441558 0.022448979591836733 0.0007215007215007215
134 0.4997448979591837 0.6971500721500722 0.9045918367346939 0.024170274170274172
134 0.4997448979591837 0.14177489177489178 0.9045918367346939 0.023809523809523808
134 0.4997448979591837 0.2528860028860029 0.9045918367346939 0.023809523809523808
1 0.46938775510204084 0.38185425685425683 0.015306122448979591 0.0010822510822510823
134 0.4997448979591837 0.3638167388167388 0.9045918367346939 0.024170274170274172
134 0.4997448979591837 0.4749278499278499 0.9045918367346939 0.024170274170274172
134 0.4997448979591837 0.586038961038961 0.9045918367346939 0.024170274170274172
41 0.7033163265306123 0.25036075036075034 0.0005102040816326531 0.01875901875901876
24 0.7280612244897959 0.4810606060606061 0.01020408163265306 0.006132756132756133
59 0.6869897959183674 0.1590909090909091 0.0066326530612244895 0.01443001443001443
24 0.5015306122448979 0.6971500721500722 0.01020408163265306 0.006132756132756133
59 0.6869897959183674 0.13816738816738816 0.0066326530612244895 0.01443001443001443
59 0.6869897959183674 0.11742424242424243 0.0066326530612244895 0.01479076479076479
41 0.7033163265306123 0.5820707070707071 0.0005102040816326531 0.015512265512265512
41 0.7033163265306123 0.6920995670995671 0.0005102040816326531 0.023448773448773448
59 0.6869897959183674 0.5883838383838383 0.0066326530612244895 0.01443001443001443
41 0.7033163265306123 0.47095959595959597 0.0005102040816326531 0.015512265512265512
59 0.6869897959183674 0.47745310245310246 0.0066326530612244895 0.01479076479076479
24 0.5892857142857143 0.702922077922078 0.01020408163265306 0.006132756132756133
41 0.5568877551020408 0.5885642135642135 0.0005102040816326531 0.0183982683982684
41 0.5663265306122449 0.6805555555555556 0.0010204081632653062 0.011904761904761904
41 0.5941326530612245 0.6904761904761905 0.0005102040816326531 0.023088023088023088
86 0.6158163265306122 0.586038961038961 0.007142857142857143 0.016955266955266956
24 0.6173469387755102 0.709054834054834 0.01020408163265306 0.006132756132756133
121 0.15051020408163265 0.6803751803751804 0.08775510204081632 0.0021645021645021645
41 0.5063775510204082 0.687950937950938 0.0005102040816326531 0.015873015873015872
24 0.5295918367346939 0.702922077922078 0.01020408163265306 0.006132756132756133
41 0.5341836734693878 0.6911976911976911 0.0010204081632653062 0.021645021645021644
30 0.561734693877551 0.4659090909090909 0.01020408163265306 0.006132756132756133
26 0.561734693877551 0.577020202020202 0.01020408163265306 0.006132756132756133
26 0.561734693877551 0.6881313131313131 0.01020408163265306 0.006132756132756133
41 0.5568877551020408 0.4769119769119769 0.0005102040816326531 0.01948051948051948
32 0.7012755102040816 0.13582251082251082 0.01479591836734694 0.005411255411255411
41 0.6543367346938775 0.6924603174603174 0.0005102040816326531 0.016955266955266956
34 0.7012755102040816 0.1626984126984127 0.01479591836734694 0.005772005772005772
34 0.7012755102040816 0.15061327561327562 0.01479591836734694 0.006132756132756133
32 0.7012755102040816 0.14177489177489178 0.01479591836734694 0.005772005772005772
32 0.7012755102040816 0.12987012987012986 0.01479591836734694 0.005772005772005772
34 0.7012755102040816 0.12103174603174603 0.01479591836734694 0.006132756132756133
26 0.6987244897959184 0.26172438672438675 0.009693877551020408 0.006132756132756133
34 0.7012755102040816 0.37896825396825395 0.01479591836734694 0.006132756132756133
24 0.6987244897959184 0.4810606060606061 0.009693877551020408 0.006132756132756133
24 0.6987244897959184 0.591991341991342 0.009693877551020408 0.005772005772005772
87 0.648469387755102 0.36363636363636365 0.00816326530612245 0.00937950937950938
41 0.6221938775510204 0.6948051948051948 0.0005102040816326531 0.025974025974025976
87 0.648469387755102 0.25252525252525254 0.00816326530612245 0.00937950937950938
26 0.6987244897959184 0.7059884559884559 0.009693877551020408 0.005772005772005772
24 0.6494897959183673 0.702922077922078 0.01020408163265306 0.006132756132756133
41 0.9288265306122448 0.6971500721500722 0.0005102040816326531 0.026334776334776336
26 0.8637755102040816 0.711940836940837 0.01020408163265306 0.006132756132756133
40 0.874234693877551 0.26785714285714285 0.002551020408163265 0.0018037518037518038
41 0.8686224489795918 0.2564935064935065 0.0005102040816326531 0.01875901875901876
41 0.8686224489795918 0.6957070707070707 0.0005102040816326531 0.030663780663780664
24 0.8959183673469387 0.6971500721500722 0.01020408163265306 0.006132756132756133
41 0.900765306122449 0.6893939393939394 0.0005102040816326531 0.012987012987012988
26 0.9239795918367347 0.711940836940837 0.01020408163265306 0.006132756132756133
121 0.47653061224489796 0.6767676767676768 0.11530612244897959 0.00937950937950938
121 0.7551020408163265 0.6803751803751804 0.10306122448979592 0.0021645021645021645
121 0.7181122448979592 0.5741341991341992 0.029081632653061223 0.0018037518037518038
121 0.7181122448979592 0.463023088023088 0.029081632653061223 0.0018037518037518038
121 0.610204081632653 0.6792929292929293 0.08775510204081632 0.011544011544011544
84 0.5334183673469388 0.7781385281385281 0.010714285714285714 0.002886002886002886
121 0.7869897959183674 0.24206349206349206 0.039285714285714285 0.0021645021645021645
121 0.28469387755102044 0.7178932178932179 0.1357142857142857 0.0021645021645021645
121 0.2943877551020408 0.34884559884559885 0.1357142857142857 0.005772005772005772
121 0.28469387755102044 0.2718253968253968 0.1357142857142857 0.006132756132756133
121 0.8831632653061224 0.6801948051948052 0.09081632653061225 0.00974025974025974
24 0.7627551020408163 0.6971500721500722 0.01020408163265306 0.006132756132756133
41 0.7676020408163265 0.2510822510822511 0.0005102040816326531 0.018037518037518036
41 0.7579081632653061 0.48575036075036077 0.0005102040816326531 0.017676767676767676
24 0.7627551020408163 0.586038961038961 0.01020408163265306 0.006132756132756133
41 0.7579081632653061 0.5963203463203464 0.0005102040816326531 0.01875901875901876
41 0.7676020408163265 0.6881313131313131 0.0005102040816326531 0.015512265512265512
26 0.7280612244897959 0.711940836940837 0.01020408163265306 0.006132756132756133
41 0.7329081632653062 0.4715007215007215 0.0005102040816326531 0.016594516594516596
41 0.7329081632653062 0.5822510822510822 0.0005102040816326531 0.015873015873015872
59 0.7510204081632653 0.6937229437229437 0.006122448979591836 0.01443001443001443
41 0.7329081632653062 0.6957070707070707 0.0005102040816326531 0.030663780663780664
26 0.7627551020408163 0.26172438672438675 0.01020408163265306 0.006132756132756133
24 0.7627551020408163 0.4749278499278499 0.01020408163265306 0.006132756132756133
41 0.8283163265306123 0.5914502164502164 0.0005102040816326531 0.0183982683982684
41 0.8375 0.25342712842712845 0.0005102040816326531 0.0183982683982684
47 0.8418367346938775 0.25306637806637805 0.00816326530612245 0.016955266955266956
41 0.8283163265306123 0.48033910533910534 0.0005102040816326531 0.0183982683982684
24 0.8329081632653061 0.691017316017316 0.009693877551020408 0.006132756132756133
41 0.8375 0.6832611832611832 0.0005102040816326531 0.013708513708513708
26 0.8637755102040816 0.26785714285714285 0.01020408163265306 0.006132756132756133
41 0.8066326530612244 0.6957070707070707 0.0010204081632653062 0.030663780663780664
26 0.8017857142857143 0.26172438672438675 0.009693877551020408 0.006132756132756133
26 0.8017857142857143 0.711940836940837 0.009693877551020408 0.006132756132756133
41 0.8066326530612244 0.25144300144300147 0.0010204081632653062 0.01875901875901876
24 0.7280612244897959 0.591991341991342 0.01020408163265306 0.005772005772005772
24 0.8329081632653061 0.2647907647907648 0.009693877551020408 0.005772005772005772
28 0.8329081632653061 0.468975468975469 0.009693877551020408 0.005772005772005772
28 0.8329081632653061 0.5800865800865801 0.009693877551020408 0.005772005772005772
24 0.16173469387755102 0.6971500721500722 0.01020408163265306 0.006132756132756133
26 0.12959183673469388 0.711940836940837 0.01020408163265306 0.006132756132756133
41 0.13443877551020408 0.6957070707070707 0.0005102040816326531 0.030663780663780664
41 0.16658163265306122 0.6881313131313131 0.0005102040816326531 0.015512265512265512
24 0.18979591836734694 0.702922077922078 0.01020408163265306 0.006132756132756133
41 0.19464285714285715 0.6911976911976911 0.0005102040816326531 0.021645021645021644
41 0.09668367346938775 0.25811688311688313 0.0005102040816326531 0.01911976911976912
41 0.09668367346938775 0.37445887445887444 0.0005102040816326531 0.018037518037518036
41 0.10637755102040816 0.4754689754689755 0.0005102040816326531 0.01875901875901876
41 0.10637755102040816 0.5865800865800865 0.0005102040816326531 0.01875901875901876
41 0.10637755102040816 0.6906565656565656 0.0005102040816326531 0.020562770562770564
41 0.22653061224489796 0.5809884559884559 0.0010204081632653062 0.01911976911976912
41 0.21709183673469387 0.7056277056277056 0.0005102040816326531 0.024531024531024532
24 0.2693877551020408 0.24693362193362192 0.01020408163265306 0.006132756132756133
24 0.2693877551020408 0.702922077922078 0.01020408163265306 0.006132756132756133
41 0.2645408163265306 0.2593795093795094 0.0005102040816326531 0.023088023088023088
24 0.22193877551020408 0.2528860028860029 0.01020408163265306 0.005772005772005772
24 0.22193877551020408 0.369949494949495 0.01020408163265306 0.006132756132756133
28 0.22193877551020408 0.4810606060606061 0.01020408163265306 0.006132756132756133
24 0.22193877551020408 0.591991341991342 0.01020408163265306 0.005772005772005772
24 0.22193877551020408 0.691017316017316 0.01020408163265306 0.006132756132756133
41 0.21709183673469387 0.26172438672438675 0.0005102040816326531 0.015512265512265512
41 0.22653061224489796 0.35804473304473305 0.0010204081632653062 0.021284271284271284
41 0.22653061224489796 0.47005772005772006 0.0010204081632653062 0.01948051948051948
10 0.06301020408163266 0.16576479076479075 0.005612244897959183 0.005411255411255411
84 0.23392857142857143 0.7781385281385281 0.010714285714285714 0.002886002886002886
84 0.8130102040816326 0.7781385281385281 0.010714285714285714 0.002886002886002886
5 0.06479591836734694 0.1424963924963925 0.02040816326530612 0.04040404040404041
5 0.06479591836734694 0.25342712842712845 0.02040816326530612 0.04076479076479077
5 0.06479591836734694 0.36453823953823955 0.02040816326530612 0.04076479076479077
0 0.03801020408163265 0.73989898989899 0.01173469387755102 0.10966810966810966
34 0.1038265306122449 0.1268037518037518 0.01479591836734694 0.006132756132756133
34 0.1038265306122449 0.16865079365079366 0.01479591836734694 0.006132756132756133
34 0.1038265306122449 0.15674603174603174 0.01479591836734694 0.006132756132756133
32 0.1038265306122449 0.1479076479076479 0.01479591836734694 0.005772005772005772
32 0.1038265306122449 0.14177489177489178 0.01479591836734694 0.005772005772005772
32 0.1038265306122449 0.13582251082251082 0.01479591836734694 0.006132756132756133
28 0.10153061224489796 0.24693362193362192 0.01020408163265306 0.006132756132756133
105 0.10153061224489796 0.23466810966810966 0.02040816326530612 0.009018759018759018
28 0.10153061224489796 0.3638167388167388 0.01020408163265306 0.006132756132756133
28 0.10153061224489796 0.48683261183261184 0.01020408163265306 0.006132756132756133
28 0.10153061224489796 0.5979437229437229 0.01020408163265306 0.006132756132756133
24 0.10153061224489796 0.702922077922078 0.01020408163265306 0.006132756132756133
8 0.0653061224489796 0.4725829725829726 0.02142857142857143 0.01875901875901876
8 0.0653061224489796 0.5835137085137085 0.02142857142857143 0.0183982683982684
10 0.06198979591836735 0.6022727272727273 0.005612244897959183 0.005411255411255411
24 0.2693877551020408 0.3638167388167388 0.01020408163265306 0.006132756132756133
5 0.06479591836734694 0.6976911976911977 0.02040816326530612 0.04040404040404041
8 0.0653061224489796 0.7801226551226551 0.02142857142857143 0.0183982683982684
41 0.474234693877551 0.2536075036075036 0.0005102040816326531 0.01875901875901876
47 0.4229591836734694 0.25054112554112556 0.007142857142857143 0.016233766233766232
41 0.41862244897959183 0.3676046176046176 0.0005102040816326531 0.01875901875901876
47 0.42270408163265305 0.36724386724386726 0.007653061224489796 0.017316017316017316
40 0.47959183673469385 0.26172438672438675 0.003061224489795918 0.0018037518037518038
24 0.46938775510204084 0.709054834054834 0.01020408163265306 0.006132756132756133
26 0.41377551020408165 0.3787878787878788 0.01020408163265306 0.005772005772005772
30 0.41377551020408165 0.47204184704184704 0.01020408163265306 0.006132756132756133
30 0.41377551020408165 0.5831529581529582 0.01020408163265306 0.006132756132756133
26 0.41377551020408165 0.6881313131313131 0.01020408163265306 0.006132756132756133
41 0.41862244897959183 0.25036075036075034 0.0005102040816326531 0.01875901875901876
28 0.46938775510204084 0.2647907647907648 0.01020408163265306 0.005772005772005772
30 0.46938775510204084 0.3847402597402597 0.01020408163265306 0.006132756132756133
41 0.4089285714285714 0.4828643578643579 0.0005102040816326531 0.01984126984126984
41 0.4089285714285714 0.5939754689754689 0.0005102040816326531 0.01984126984126984
26 0.41377551020408165 0.26172438672438675 0.01020408163265306 0.006132756132756133
41 0.41862244897959183 0.6803751803751804 0.0005102040816326531 0.013708513708513708
41 0.3181122448979592 0.3587662337662338 0.0005102040816326531 0.017676767676767676
41 0.30892857142857144 0.2637085137085137 0.0005102040816326531 0.017316017316017316
41 0.30892857142857144 0.7011183261183261 0.0005102040816326531 0.03354978354978355
41 0.274234693877551 0.3556998556998557 0.0005102040816326531 0.01443001443001443
41 0.2645408163265306 0.711038961038961 0.0005102040816326531 0.013708513708513708
24 0.3135204081632653 0.2528860028860029 0.009693877551020408 0.005772005772005772
24 0.3135204081632653 0.369949494949495 0.009693877551020408 0.006132756132756133
86 0.31198979591836734 0.586038961038961 0.0066326530612244895 0.016955266955266956
26 0.3135204081632653 0.6821789321789322 0.009693877551020408 0.005772005772005772
40 0.47959183673469385 0.3847402597402597 0.003061224489795918 0.0018037518037518038
41 0.3528061224489796 0.7115800865800865 0.0005102040816326531 0.012626262626262626
41 0.474234693877551 0.3739177489177489 0.0005102040816326531 0.01984126984126984
24 0.3576530612244898 0.2588383838383838 0.01020408163265306 0.006132756132756133
34 0.4160714285714286 0.1746031746031746 0.01479591836734694 0.005772005772005772
34 0.4160714285714286 0.1626984126984127 0.01479591836734694 0.005772005772005772
32 0.4160714285714286 0.15386002886002886 0.01479591836734694 0.006132756132756133
32 0.4160714285714286 0.1479076479076479 0.01479591836734694 0.005772005772005772
32 0.4160714285714286 0.14177489177489178 0.01479591836734694 0.005772005772005772
34 0.4160714285714286 0.13293650793650794 0.01479591836734694 0.006132756132756133
41 0.474234693877551 0.6922799422799423 0.0005102040816326531 0.031024531024531024
26 0.3576530612244898 0.3787878787878788 0.01020408163265306 0.005772005772005772
24 0.3576530612244898 0.702922077922078 0.01020408163265306 0.006132756132756133
41 0.3528061224489796 0.2665945165945166 0.0005102040816326531 0.013708513708513708
41 0.3622448979591837 0.3643578643578644 0.0010204081632653062 0.026695526695526696
