134 0.4997447677386422 0.05794223826714801 0.9045431342521695 0.024187725631768953
134 0.4997447677386422 0.705956678700361 0.9045431342521695 0.024187725631768953
134 0.4997447677386422 0.47942238267148013 0.9045431342521695 0.023826714801444042
1 0.4880040837161817 0.49747292418772565 0.018376722817764167 0.0007220216606498195
1 0.4262378764675855 0.49747292418772565 0.01225114854517611 0.0007220216606498195
1 0.31368044920877997 0.49747292418772565 0.018887187340479835 0.0007220216606498195
134 0.4997447677386422 0.3951263537906137 0.9045431342521695 0.024187725631768953
134 0.4997447677386422 0.5972924187725632 0.9045431342521695 0.024187725631768953
1 0.9185809086268504 0.41299638989169674 0.012761613067891782 0.0007220216606498195
1 0.8823379275140377 0.41299638989169674 0.012761613067891782 0.0007220216606498195
1 0.846350178662583 0.41299638989169674 0.01225114854517611 0.0007220216606498195
1 0.810617662072486 0.41299638989169674 0.01225114854517611 0.0007220216606498195
1 0.7743746809596733 0.41299638989169674 0.01225114854517611 0.0007220216606498195
1 0.7381316998468607 0.41299638989169674 0.01225114854517611 0.0007220216606498195
1 0.7023991832567636 0.41299638989169674 0.01225114854517611 0.0007220216606498195
1 0.666156202143951 0.41299638989169674 0.01225114854517611 0.0007220216606498195
1 0.4880040837161817 0.41299638989169674 0.018376722817764167 0.0007220216606498195
1 0.4262378764675855 0.41299638989169674 0.01225114854517611 0.0007220216606498195
1 0.31368044920877997 0.41299638989169674 0.018887187340479835 0.0007220216606498195
134 0.4997447677386422 0.31083032490974727 0.9045431342521695 0.023826714801444042
1 0.9185809086268504 0.723826714801444 0.012761613067891782 0.0007220216606498195
1 0.9185809086268504 0.7299638989169676 0.012761613067891782 0.0007220216606498195
1 0.9185809086268504 0.7359205776173285 0.012761613067891782 0.0010830324909747292
1 0.9185809086268504 0.7418772563176895 0.012761613067891782 0.0007220216606498195
1 0.8823379275140377 0.723826714801444 0.012761613067891782 0.0007220216606498195
1 0.8823379275140377 0.7299638989169676 0.012761613067891782 0.0007220216606498195
1 0.8823379275140377 0.7359205776173285 0.012761613067891782 0.0010830324909747292
1 0.8823379275140377 0.7418772563176895 0.012761613067891782 0.0007220216606498195
1 0.846350178662583 0.723826714801444 0.01225114854517611 0.0007220216606498195
1 0.846350178662583 0.7299638989169676 0.01225114854517611 0.0007220216606498195
1 0.846350178662583 0.7359205776173285 0.01225114854517611 0.0010830324909747292
1 0.846350178662583 0.7418772563176895 0.01225114854517611 0.0007220216606498195
1 0.810617662072486 0.723826714801444 0.01225114854517611 0.0007220216606498195
1 0.810617662072486 0.7299638989169676 0.01225114854517611 0.0007220216606498195
1 0.810617662072486 0.7359205776173285 0.01225114854517611 0.0010830324909747292
1 0.810617662072486 0.7418772563176895 0.01225114854517611 0.0007220216606498195
1 0.7743746809596733 0.723826714801444 0.01225114854517611 0.0007220216606498195
1 0.7743746809596733 0.7299638989169676 0.01225114854517611 0.0007220216606498195
1 0.7743746809596733 0.7359205776173285 0.01225114854517611 0.0010830324909747292
1 0.7743746809596733 0.7418772563176895 0.01225114854517611 0.0007220216606498195
1 0.7381316998468607 0.723826714801444 0.01225114854517611 0.0007220216606498195
1 0.7381316998468607 0.7299638989169676 0.01225114854517611 0.0007220216606498195
1 0.7381316998468607 0.7359205776173285 0.01225114854517611 0.0010830324909747292
1 0.7381316998468607 0.7418772563176895 0.01225114854517611 0.0007220216606498195
1 0.7023991832567636 0.723826714801444 0.01225114854517611 0.0007220216606498195
1 0.7023991832567636 0.7299638989169676 0.01225114854517611 0.0007220216606498195
1 0.7023991832567636 0.7359205776173285 0.01225114854517611 0.0010830324909747292
1 0.7023991832567636 0.7418772563176895 0.01225114854517611 0.0007220216606498195
1 0.666156202143951 0.723826714801444 0.01225114854517611 0.0007220216606498195
1 0.666156202143951 0.7299638989169676 0.01225114854517611 0.0007220216606498195
1 0.666156202143951 0.7359205776173285 0.01225114854517611 0.0010830324909747292
1 0.666156202143951 0.7418772563176895 0.01225114854517611 0.0007220216606498195
1 0.2006125574272588 0.723826714801444 0.01225114854517611 0.0007220216606498195
1 0.16666666666666666 0.723826714801444 0.012761613067891782 0.0007220216606498195
1 0.2006125574272588 0.32870036101083033 0.01225114854517611 0.0010830324909747292
1 0.16666666666666666 0.32870036101083033 0.012761613067891782 0.0010830324909747292
1 0.9392547217968351 0.808303249097473 0.01225114854517611 0.0007220216606498195
1 0.9185809086268504 0.808303249097473 0.012761613067891782 0.0007220216606498195
1 0.8823379275140377 0.808303249097473 0.012761613067891782 0.0007220216606498195
1 0.8670239918325676 0.808303249097473 0.012761613067891782 0.0007220216606498195
1 0.846350178662583 0.808303249097473 0.01225114854517611 0.0007220216606498195
1 0.8310362429811128 0.808303249097473 0.01225114854517611 0.0007220216606498195
1 0.810617662072486 0.808303249097473 0.01225114854517611 0.0007220216606498195
1 0.7953037263910159 0.808303249097473 0.01225114854517611 0.0007220216606498195
1 0.7743746809596733 0.808303249097473 0.01225114854517611 0.0007220216606498195
1 0.7381316998468607 0.808303249097473 0.01225114854517611 0.0007220216606498195
1 0.7228177641653905 0.808303249097473 0.01225114854517611 0.0007220216606498195
1 0.7023991832567636 0.808303249097473 0.01225114854517611 0.0007220216606498195
1 0.666156202143951 0.808303249097473 0.01225114854517611 0.0007220216606498195
1 0.5735068912710567 0.808303249097473 0.012761613067891782 0.0007220216606498195
1 0.5584481878509444 0.808303249097473 0.01225114854517611 0.0007220216606498195
1 0.537263910158244 0.808303249097473 0.012761613067891782 0.0007220216606498195
1 0.5222052067381318 0.808303249097473 0.01225114854517611 0.0007220216606498195
1 0.5074017355793773 0.808303249097473 0.01225114854517611 0.0007220216606498195
1 0.48596222562531904 0.808303249097473 0.01225114854517611 0.0007220216606498195
1 0.4711587544665646 0.808303249097473 0.01225114854517611 0.0007220216606498195
1 0.4561000510464523 0.808303249097473 0.012761613067891782 0.0007220216606498195
1 0.44104134762633995 0.808303249097473 0.01225114854517611 0.0007220216606498195
1 0.4262378764675855 0.808303249097473 0.01225114854517611 0.0007220216606498195
1 0.3991832567636549 0.808303249097473 0.01225114854517611 0.0007220216606498195
1 0.3841245533435426 0.808303249097473 0.012761613067891782 0.0007220216606498195
1 0.36294027565084225 0.808303249097473 0.01225114854517611 0.0007220216606498195
1 0.34788157223072996 0.808303249097473 0.012761613067891782 0.0007220216606498195
1 0.3328228688106177 0.808303249097473 0.01225114854517611 0.0007220216606498195
1 0.3116385911179173 0.808303249097473 0.012761613067891782 0.0007220216606498195
1 0.2006125574272588 0.07581227436823104 0.01225114854517611 0.0007220216606498195
1 0.16666666666666666 0.07581227436823104 0.012761613067891782 0.0007220216606498195
1 0.2006125574272588 0.15992779783393501 0.01225114854517611 0.0007220216606498195
1 0.16666666666666666 0.15992779783393501 0.012761613067891782 0.0007220216606498195
134 0.4997447677386422 0.14205776173285198 0.9045431342521695 0.024187725631768953
1 0.2006125574272588 0.2444043321299639 0.01225114854517611 0.0007220216606498195
1 0.16666666666666666 0.2444043321299639 0.012761613067891782 0.0007220216606498195
134 0.4997447677386422 0.22653429602888087 0.9045431342521695 0.024187725631768953
134 0.4997447677386422 0.7904332129963899 0.9045431342521695 0.024187725631768953
49 0.7460438999489536 0.7129963898916968 0.006636038795303726 0.013718411552346571
26 0.7228177641653905 0.8111913357400722 0.00816743236345074 0.005776173285198556
41 0.7419601837672282 0.7998194945848376 0.0005104645227156713 0.0184115523465704
49 0.8182746299132211 0.7131768953068592 0.006125574272588055 0.013357400722021661
88 0.7230729964267484 0.48194945848375453 0.008677896886166412 0.01516245487364621
88 0.7590607452782032 0.7084837545126353 0.009188361408882083 0.0148014440433213
88 0.7230729964267484 0.7084837545126353 0.008677896886166412 0.0148014440433213
41 0.7266462480857581 0.8010830324909747 0.0005104645227156713 0.018772563176895306
26 0.7381316998468607 0.41606498194945846 0.00816743236345074 0.005415162454873646
87 0.7378764675855028 0.4796028880866426 0.007656967840735069 0.009747292418772563
24 0.7381316998468607 0.5972924187725632 0.00816743236345074 0.005415162454873646
24 0.7381316998468607 0.7418772563176895 0.00816743236345074 0.005776173285198556
26 0.7381316998468607 0.8111913357400722 0.00816743236345074 0.005776173285198556
41 0.7419601837672282 0.4041516245487365 0.0005104645227156713 0.022021660649819495
41 0.7419601837672282 0.584115523465704 0.0005104645227156713 0.02454873646209386
41 0.7419601837672282 0.7234657039711191 0.0005104645227156713 0.034657039711191336
41 0.8141909137314957 0.4046931407942238 0.0010209290454313426 0.020216606498194945
26 0.810617662072486 0.8111913357400722 0.00816743236345074 0.005776173285198556
24 0.810617662072486 0.7418772563176895 0.00816743236345074 0.005776173285198556
24 0.810617662072486 0.5972924187725632 0.00816743236345074 0.005415162454873646
24 0.810617662072486 0.47942238267148013 0.00816743236345074 0.005776173285198556
26 0.810617662072486 0.41606498194945846 0.00816743236345074 0.005415162454873646
41 0.7988769780500256 0.800361010830325 0.0010209290454313426 0.019494584837545126
41 0.8141909137314957 0.7234657039711191 0.0010209290454313426 0.034657039711191336
41 0.8141909137314957 0.5850180505415162 0.0010209290454313426 0.022743682310469315
55 0.810617662072486 0.4927797833935018 0.006125574272588055 0.012996389891696752
41 0.8067891781521185 0.4897111913357401 0.0005104645227156713 0.019133574007220218
41 0.7782031648800408 0.584115523465704 0.0005104645227156713 0.022382671480144403
55 0.7746299132210311 0.4927797833935018 0.006636038795303726 0.012996389891696752
41 0.7705461970393057 0.490072202166065 0.0005104645227156713 0.0184115523465704
41 0.7782031648800408 0.40397111913357403 0.0005104645227156713 0.020216606498194945
26 0.7743746809596733 0.8111913357400722 0.00816743236345074 0.005776173285198556
24 0.7743746809596733 0.7418772563176895 0.00816743236345074 0.005776173285198556
24 0.7743746809596733 0.5972924187725632 0.00816743236345074 0.005415162454873646
24 0.7743746809596733 0.47942238267148013 0.00816743236345074 0.005776173285198556
26 0.7743746809596733 0.41606498194945846 0.00816743236345074 0.005415162454873646
41 0.7782031648800408 0.8010830324909747 0.0005104645227156713 0.018772563176895306
26 0.7953037263910159 0.8111913357400722 0.00816743236345074 0.005776173285198556
88 0.7953037263910159 0.7084837545126353 0.009188361408882083 0.0148014440433213
88 0.7953037263910159 0.48194945848375453 0.009188361408882083 0.01516245487364621
49 0.7822868810617662 0.7129963898916968 0.006636038795303726 0.013718411552346571
41 0.7782031648800408 0.7234657039711191 0.0005104645227156713 0.034657039711191336
41 0.6699846860643185 0.4028880866425993 0.0005104645227156713 0.022382671480144403
93 0.6651352730985196 0.8218411552346571 0.009188361408882083 0.007581227436823105
55 0.6664114344053088 0.5010830324909747 0.006636038795303726 0.012996389891696752
41 0.6699846860643185 0.5826714801444043 0.0005104645227156713 0.02527075812274368
26 0.666156202143951 0.8111913357400722 0.00816743236345074 0.005776173285198556
41 0.6623277182235835 0.4944043321299639 0.0005104645227156713 0.02635379061371841
41 0.5622766717713119 0.8005415162454874 0.0005104645227156713 0.01768953068592058
26 0.5584481878509444 0.8111913357400722 0.00816743236345074 0.005776173285198556
26 0.5735068912710567 0.8111913357400722 0.007656967840735069 0.005776173285198556
41 0.5408371618172537 0.7998194945848376 0.0005104645227156713 0.0184115523465704
26 0.537263910158244 0.8111913357400722 0.007656967840735069 0.005776173285198556
122 0.18376722817764166 0.0832129963898917 0.021439509954058193 0.003249097472924188
41 0.5770801429300664 0.8010830324909747 0.0005104645227156713 0.018772563176895306
26 0.666156202143951 0.41606498194945846 0.00816743236345074 0.005415162454873646
26 0.666156202143951 0.4041516245487365 0.00816743236345074 0.005415162454873646
93 0.6651352730985196 0.4265342960288809 0.009188361408882083 0.007581227436823105
26 0.666156202143951 0.4884476534296029 0.00816743236345074 0.005776173285198556
24 0.666156202143951 0.47942238267148013 0.00816743236345074 0.005776173285198556
93 0.6651352730985196 0.5151624548736462 0.009188361408882083 0.007220216606498195
24 0.666156202143951 0.5972924187725632 0.00816743236345074 0.005415162454873646
24 0.666156202143951 0.5851985559566787 0.00816743236345074 0.005776173285198556
24 0.666156202143951 0.7418772563176895 0.00816743236345074 0.005776173285198556
93 0.6651352730985196 0.686101083032491 0.009188361408882083 0.007581227436823105
24 0.7023991832567636 0.7418772563176895 0.00816743236345074 0.005776173285198556
41 0.6985706993363962 0.4902527075812274 0.0005104645227156713 0.018050541516245487
41 0.7062276671771311 0.40342960288808666 0.0005104645227156713 0.022021660649819495
26 0.7023991832567636 0.8111913357400722 0.00816743236345074 0.005776173285198556
55 0.7021439509954058 0.4927797833935018 0.006636038795303726 0.012996389891696752
24 0.7023991832567636 0.5972924187725632 0.00816743236345074 0.005415162454873646
24 0.7023991832567636 0.47942238267148013 0.00816743236345074 0.005776173285198556
26 0.7023991832567636 0.41606498194945846 0.00816743236345074 0.005415162454873646
41 0.7062276671771311 0.5835740072202166 0.0005104645227156713 0.025631768953068592
41 0.7062276671771311 0.7234657039711191 0.0005104645227156713 0.034657039711191336
49 0.7100561510974988 0.7129963898916968 0.0071465033180193975 0.013718411552346571
41 0.7062276671771311 0.8010830324909747 0.0005104645227156713 0.018772563176895306
49 0.6740684022460439 0.7129963898916968 0.006636038795303726 0.013718411552346571
41 0.6699846860643185 0.8010830324909747 0.0005104645227156713 0.018772563176895306
41 0.6699846860643185 0.7234657039711191 0.0005104645227156713 0.034657039711191336
88 0.6868300153139357 0.48194945848375453 0.008677896886166412 0.01516245487364621
88 0.6868300153139357 0.7084837545126353 0.008677896886166412 0.0148014440433213
121 0.7705461970393057 0.7902527075812275 0.05666156202143951 0.0021660649819494585
121 0.7886676875957122 0.7951263537906137 0.02041858090862685 0.0018050541516245488
121 0.8425216947422154 0.7902527075812275 0.05666156202143951 0.0021660649819494585
121 0.8425216947422154 0.7951263537906137 0.05461970393057682 0.0018050541516245488
121 0.9042879019908117 0.39097472924187726 0.03624298111281266 0.007942238267148015
121 0.9042879019908117 0.5732851985559567 0.03624298111281266 0.007942238267148015
121 0.9144971924451251 0.7902527075812275 0.05666156202143951 0.0021660649819494585
121 0.9326186830015314 0.7951263537906137 0.019397651863195507 0.0018050541516245488
88 0.9395099540581929 0.4817689530685921 0.008677896886166412 0.0148014440433213
26 0.9392547217968351 0.8111913357400722 0.00816743236345074 0.005776173285198556
88 0.9395099540581929 0.7084837545126353 0.008677896886166412 0.0148014440433213
41 0.9221541602858602 0.7998194945848376 0.0005104645227156713 0.0184115523465704
41 0.9430832057172026 0.8005415162454874 0.0005104645227156713 0.019855595667870037
122 0.3708524757529352 0.0779783393501805 0.09851965288412455 0.004332129963898917
122 0.3708524757529352 0.16209386281588448 0.09851965288412455 0.004332129963898917
122 0.371107708014293 0.24657039711191336 0.09800918836140889 0.004332129963898917
122 0.3708524757529352 0.3310469314079422 0.09851965288412455 0.004332129963898917
121 0.3335885655946912 0.7902527075812275 0.03624298111281266 0.0021660649819494585
121 0.3440530883103624 0.7951263537906137 0.013272077590607452 0.0018050541516245488
122 0.3708524757529352 0.42129963898916967 0.09851965288412455 0.004332129963898917
122 0.371107708014293 0.5054151624548736 0.09800918836140889 0.004332129963898917
122 0.36983154670750384 0.5906137184115523 0.10872894333843798 0.004332129963898917
122 0.371107708014293 0.7259927797833935 0.09800918836140889 0.004332129963898917
122 0.18376722817764166 0.7314079422382671 0.021439509954058193 0.002888086642599278
122 0.18427769270035732 0.06101083032490975 0.02041858090862685 0.002888086642599278
122 0.18376722817764166 0.16750902527075812 0.021439509954058193 0.002888086642599278
122 0.18427769270035732 0.14512635379061373 0.02041858090862685 0.002888086642599278
122 0.1835119959162838 0.251985559566787 0.021949974476773864 0.002888086642599278
122 0.18427769270035732 0.2296028880866426 0.02041858090862685 0.002888086642599278
122 0.18376722817764166 0.336101083032491 0.021439509954058193 0.002888086642599278
122 0.18427769270035732 0.3137184115523466 0.02041858090862685 0.002888086642599278
122 0.18376722817764166 0.38610108303249097 0.030627871362940276 0.003249097472924188
121 0.3846350178662583 0.7902527075812275 0.03624298111281266 0.0021660649819494585
121 0.3953547728432874 0.7951263537906137 0.013782542113323124 0.0018050541516245488
122 0.18427769270035732 0.7090252707581227 0.02041858090862685 0.002888086642599278
121 0.5079122001020929 0.7902527075812275 0.03573251659009699 0.0021660649819494585
121 0.518631955079122 0.7951263537906137 0.013272077590607452 0.0018050541516245488
122 0.4561000510464523 0.725812274368231 0.04747320061255743 0.003971119133574007
121 0.5592138846350179 0.7902527075812275 0.03624298111281266 0.0021660649819494585
121 0.569933639612047 0.7951263537906137 0.014803471158754467 0.0018050541516245488
121 0.7598264420622767 0.392057761732852 0.18019397651863195 0.005776173285198556
121 0.7598264420622767 0.5709386281588448 0.18019397651863195 0.0068592057761732855
121 0.6983154670750383 0.7902527075812275 0.05717202654415518 0.0021660649819494585
121 0.7164369576314447 0.7951263537906137 0.02092904543134252 0.0018050541516245488
122 0.4561000510464523 0.3306859205776173 0.04747320061255743 0.0036101083032490976
121 0.45227156712608474 0.7902527075812275 0.04492087799897907 0.0021660649819494585
121 0.45252679938744256 0.7951263537906137 0.043389484430832057 0.0018050541516245488
122 0.4561000510464523 0.0776173285198556 0.04747320061255743 0.0036101083032490976
122 0.4561000510464523 0.16191335740072202 0.04747320061255743 0.003971119133574007
122 0.4561000510464523 0.2463898916967509 0.04747320061255743 0.003971119133574007
49 0.9262378764675855 0.7129963898916968 0.006636038795303726 0.013718411552346571
122 0.4561000510464523 0.42093862815884475 0.04747320061255743 0.0036101083032490976
122 0.4561000510464523 0.5052346570397112 0.04747320061255743 0.003971119133574007
122 0.4571209800918836 0.5907942238267148 0.05768249106687085 0.003971119133574007
41 0.8501786625829505 0.7231046931407942 0.0005104645227156713 0.03393501805054152
41 0.8501786625829505 0.8 0.0005104645227156713 0.018772563176895306
49 0.854007146503318 0.7129963898916968 0.0071465033180193975 0.013718411552346571
41 0.8501786625829505 0.5844765342960289 0.0005104645227156713 0.021660649819494584
55 0.8466054109239408 0.4927797833935018 0.006636038795303726 0.012996389891696752
41 0.8708524757529351 0.800361010830325 0.0010209290454313426 0.019494584837545126
26 0.8672792240939254 0.8111913357400722 0.00816743236345074 0.005776173285198556
88 0.8672792240939254 0.7084837545126353 0.009188361408882083 0.0148014440433213
88 0.8672792240939254 0.48194945848375453 0.009188361408882083 0.01516245487364621
88 0.8312914752424706 0.7084837545126353 0.008677896886166412 0.0148014440433213
26 0.8310362429811128 0.8111913357400722 0.00816743236345074 0.005776173285198556
88 0.8312914752424706 0.4817689530685921 0.008677896886166412 0.0148014440433213
41 0.8141909137314957 0.8005415162454874 0.0010209290454313426 0.019855595667870037
24 0.846350178662583 0.5972924187725632 0.00816743236345074 0.005415162454873646
41 0.8425216947422154 0.4902527075812274 0.0005104645227156713 0.018050541516245487
41 0.8501786625829505 0.4041516245487365 0.0005104645227156713 0.019855595667870037
26 0.846350178662583 0.8111913357400722 0.00816743236345074 0.005776173285198556
24 0.846350178662583 0.7418772563176895 0.00816743236345074 0.005776173285198556
26 0.8825931597753957 0.41606498194945846 0.00816743236345074 0.005415162454873646
24 0.846350178662583 0.47942238267148013 0.00816743236345074 0.005776173285198556
26 0.846350178662583 0.41606498194945846 0.00816743236345074 0.005415162454873646
41 0.8348647269014804 0.8005415162454874 0.0005104645227156713 0.019855595667870037
26 0.9185809086268504 0.8111913357400722 0.007656967840735069 0.005776173285198556
24 0.9185809086268504 0.7418772563176895 0.007656967840735069 0.005776173285198556
24 0.9185809086268504 0.5972924187725632 0.007656967840735069 0.005415162454873646
24 0.9185809086268504 0.47942238267148013 0.007656967840735069 0.005776173285198556
26 0.9185809086268504 0.41606498194945846 0.007656967840735069 0.005415162454873646
41 0.9221541602858602 0.4046931407942238 0.0005104645227156713 0.020938628158844765
88 0.9032669729453803 0.7084837545126353 0.008677896886166412 0.0148014440433213
88 0.9032669729453803 0.4817689530685921 0.008677896886166412 0.0148014440433213
41 0.9221541602858602 0.7234657039711191 0.0005104645227156713 0.034657039711191336
41 0.9221541602858602 0.5864620938628159 0.0005104645227156713 0.019855595667870037
55 0.9188361408882083 0.4927797833935018 0.006125574272588055 0.012996389891696752
41 0.9150076569678407 0.4897111913357401 0.0005104645227156713 0.019133574007220218
24 0.8825931597753957 0.7418772563176895 0.00816743236345074 0.005776173285198556
41 0.878764675855028 0.49043321299638987 0.0005104645227156713 0.01768953068592058
41 0.8861664114344053 0.40180505415162454 0.0010209290454313426 0.026714801444043323
26 0.8825931597753957 0.8111913357400722 0.00816743236345074 0.005776173285198556
93 0.8813169984686064 0.7525270758122744 0.008677896886166412 0.007581227436823105
93 0.8813169984686064 0.6171480144404332 0.008677896886166412 0.007581227436823105
24 0.8818274629913221 0.5851985559566787 0.006636038795303726 0.005776173285198556
24 0.8825931597753957 0.5972924187725632 0.00816743236345074 0.005415162454873646
93 0.8813169984686064 0.5070397111913357 0.008677896886166412 0.007581227436823105
24 0.8825931597753957 0.47942238267148013 0.00816743236345074 0.005776173285198556
93 0.8813169984686064 0.4265342960288809 0.008677896886166412 0.007581227436823105
26 0.8825931597753957 0.4041516245487365 0.00816743236345074 0.005415162454873646
41 0.8861664114344053 0.8005415162454874 0.0010209290454313426 0.019855595667870037
49 0.8902501276161306 0.7131768953068592 0.006125574272588055 0.013357400722021661
41 0.8861664114344053 0.7234657039711191 0.0010209290454313426 0.034657039711191336
41 0.8861664114344053 0.5835740072202166 0.0010209290454313426 0.025631768953068592
55 0.8823379275140377 0.4927797833935018 0.006636038795303726 0.012996389891696752
41 0.20444104134762633 0.22851985559566787 0.0005104645227156713 0.03393501805054152
41 0.19678407350689128 0.40342960288808666 0.0005104645227156713 0.019133574007220218
41 0.20444104134762633 0.31299638989169676 0.0005104645227156713 0.03393501805054152
41 0.20444104134762633 0.14422382671480144 0.0005104645227156713 0.033574007220216605
41 0.20444104134762633 0.059927797833935016 0.0005104645227156713 0.03393501805054152
85 0.24757529351710056 0.1404332129963899 0.011230219499744768 0.002888086642599278
85 0.24757529351710056 0.056137184115523465 0.011230219499744768 0.003249097472924188
41 0.20444104134762633 0.7081227436823104 0.0005104645227156713 0.033574007220216605
24 0.2006125574272588 0.711913357400722 0.00816743236345074 0.005776173285198556
41 0.20444104134762633 0.5788808664259928 0.0005104645227156713 0.0148014440433213
41 0.20444104134762633 0.48014440433212996 0.0005104645227156713 0.018772563176895306
41 0.1704951505870342 0.5794223826714802 0.0010209290454313426 0.01588447653429603
41 0.1704951505870342 0.48068592057761733 0.0010209290454313426 0.019855595667870037
41 0.16309341500765698 0.4036101083032491 0.0005104645227156713 0.018772563176895306
41 0.1704951505870342 0.3133574007220217 0.0010209290454313426 0.034657039711191336
24 0.2006125574272588 0.14819494584837545 0.00816743236345074 0.005415162454873646
26 0.2006125574272588 0.7268953068592058 0.00816743236345074 0.005415162454873646
26 0.2006125574272588 0.5882671480144405 0.00816743236345074 0.005415162454873646
24 0.2006125574272588 0.49133574007220215 0.00816743236345074 0.005776173285198556
26 0.2006125574272588 0.392057761732852 0.00816743236345074 0.005776173285198556
24 0.2006125574272588 0.3167870036101083 0.00816743236345074 0.005415162454873646
26 0.2006125574272588 0.33176895306859205 0.00816743236345074 0.005776173285198556
24 0.2006125574272588 0.23249097472924188 0.00816743236345074 0.005776173285198556
26 0.2006125574272588 0.24729241877256317 0.00816743236345074 0.005776173285198556
85 0.24757529351710056 0.22472924187725632 0.011230219499744768 0.003249097472924188
26 0.2006125574272588 0.16299638989169676 0.00816743236345074 0.005415162454873646
24 0.2006125574272588 0.06371841155234657 0.00816743236345074 0.005415162454873646
26 0.2006125574272588 0.07870036101083032 0.00816743236345074 0.005776173285198556
41 0.1704951505870342 0.7086642599277978 0.0010209290454313426 0.034657039711191336
41 0.5260336906584993 0.8 0.0005104645227156713 0.018772563176895306
86 0.24527820316488005 0.787725631768953 0.007656967840735069 0.01516245487364621
85 0.24757529351710056 0.7043321299638989 0.011230219499744768 0.002888086642599278
85 0.24757529351710056 0.5954873646209387 0.011230219499744768 0.003249097472924188
85 0.24757529351710056 0.47779783393501807 0.011230219499744768 0.003249097472924188
85 0.24757529351710056 0.3935018050541516 0.011230219499744768 0.002888086642599278
85 0.24757529351710056 0.30902527075812275 0.011230219499744768 0.002888086642599278
67 0.08754466564573762 0.3989169675090253 0.007656967840735069 0.012996389891696752
8 0.06508422664624809 0.392057761732852 0.02092904543134252 0.01516245487364621
67 0.08754466564573762 0.30866425992779783 0.007656967840735069 0.012996389891696752
5 0.06508422664624809 0.3115523465703971 0.02092904543134252 0.03537906137184116
67 0.08754466564573762 0.2243682310469314 0.007656967840735069 0.013357400722021661
5 0.06508422664624809 0.22707581227436824 0.02092904543134252 0.03537906137184116
67 0.08754466564573762 0.14007220216606497 0.007656967840735069 0.012996389891696752
5 0.06508422664624809 0.14296028880866427 0.02092904543134252 0.03537906137184116
67 0.08754466564573762 0.6010830324909747 0.007656967840735069 0.012996389891696752
67 0.08754466564573762 0.7942238267148014 0.007656967840735069 0.012996389891696752
8 0.06508422664624809 0.7870036101083032 0.02092904543134252 0.01516245487364621
67 0.08754466564573762 0.703971119133574 0.007656967840735069 0.012996389891696752
5 0.06508422664624809 0.7066787003610109 0.02092904543134252 0.035740072202166066
67 0.08754466564573762 0.05577617328519856 0.007656967840735069 0.013357400722021661
10 0.062021439509954056 0.6135379061371841 0.005615109749872384 0.005415162454873646
8 0.06508422664624809 0.5938628158844765 0.02092904543134252 0.01516245487364621
67 0.08754466564573762 0.48339350180505414 0.007656967840735069 0.012996389891696752
8 0.06508422664624809 0.47617328519855595 0.02092904543134252 0.01516245487364621
84 0.1618172537008678 0.7861010830324909 0.011230219499744768 0.003249097472924188
5 0.06508422664624809 0.05848375451263538 0.02092904543134252 0.03537906137184116
84 0.8016845329249617 0.3064981949458484 0.010719754977029096 0.002888086642599278
84 0.8016845329249617 0.22220216606498194 0.010719754977029096 0.003249097472924188
84 0.8016845329249617 0.1379061371841155 0.010719754977029096 0.002888086642599278
84 0.8016845329249617 0.053610108303249096 0.010719754977029096 0.003249097472924188
0 0.040071465033180195 0.7481949458483754 0.008677896886166412 0.10794223826714801
26 0.16666666666666666 0.24729241877256317 0.007656967840735069 0.005776173285198556
24 0.166156202143951 0.14819494584837545 0.006636038795303726 0.005415162454873646
26 0.16666666666666666 0.16299638989169676 0.007656967840735069 0.005415162454873646
24 0.166156202143951 0.06371841155234657 0.006636038795303726 0.005415162454873646
26 0.16666666666666666 0.07870036101083032 0.007656967840735069 0.005776173285198556
24 0.166156202143951 0.23249097472924188 0.006636038795303726 0.005776173285198556
41 0.1704951505870342 0.06046931407942238 0.0010209290454313426 0.035018050541516244
41 0.1704951505870342 0.22906137184115524 0.0010209290454313426 0.035018050541516244
41 0.1704951505870342 0.1447653429602888 0.0010209290454313426 0.034657039711191336
24 0.16666666666666666 0.711913357400722 0.007656967840735069 0.005776173285198556
26 0.16666666666666666 0.7268953068592058 0.007656967840735069 0.005415162454873646
26 0.16666666666666666 0.5882671480144405 0.007656967840735069 0.005415162454873646
24 0.16666666666666666 0.49133574007220215 0.007656967840735069 0.005776173285198556
26 0.16666666666666666 0.392057761732852 0.007656967840735069 0.005776173285198556
24 0.16666666666666666 0.3167870036101083 0.007656967840735069 0.005415162454873646
26 0.1669218989280245 0.33176895306859205 0.00816743236345074 0.005776173285198556
85 0.11842776927003573 0.1404332129963899 0.011230219499744768 0.002888086642599278
85 0.11842776927003573 0.7043321299638989 0.011230219499744768 0.002888086642599278
85 0.11842776927003573 0.5954873646209387 0.011230219499744768 0.003249097472924188
85 0.11842776927003573 0.47779783393501807 0.011230219499744768 0.003249097472924188
85 0.11842776927003573 0.3935018050541516 0.011230219499744768 0.002888086642599278
85 0.11842776927003573 0.30902527075812275 0.011230219499744768 0.002888086642599278
85 0.11842776927003573 0.22472924187725632 0.011230219499744768 0.003249097472924188
85 0.11842776927003573 0.056137184115523465 0.011230219499744768 0.003249097472924188
41 0.43006636038795304 0.7097472924187725 0.0005104645227156713 0.018772563176895306
41 0.43006636038795304 0.8 0.0005104645227156713 0.018772563176895306
41 0.422409392547218 0.607942238267148 0.0005104645227156713 0.018050541516245487
41 0.4448698315467075 0.7998194945848376 0.0005104645227156713 0.0184115523465704
26 0.44104134762633995 0.8111913357400722 0.00816743236345074 0.005776173285198556
41 0.43006636038795304 0.3144404332129964 0.0005104645227156713 0.018772563176895306
41 0.43006636038795304 0.14584837545126353 0.0005104645227156713 0.018772563176895306
41 0.43006636038795304 0.4891696750902527 0.0005104645227156713 0.018772563176895306
41 0.43006636038795304 0.4046931407942238 0.0005104645227156713 0.018772563176895306
41 0.4821337417049515 0.607942238267148 0.0005104645227156713 0.018050541516245487
41 0.49387442572741197 0.48898916967509026 0.0005104645227156713 0.0184115523465704
41 0.49387442572741197 0.4046931407942238 0.0005104645227156713 0.018772563176895306
41 0.49387442572741197 0.3144404332129964 0.0005104645227156713 0.018772563176895306
26 0.5222052067381318 0.8111913357400722 0.00816743236345074 0.005776173285198556
41 0.5112302194997448 0.8001805054151625 0.0005104645227156713 0.019133574007220218
26 0.5074017355793773 0.8111913357400722 0.00816743236345074 0.005776173285198556
41 0.4897907095456866 0.8 0.0005104645227156713 0.018772563176895306
41 0.49387442572741197 0.7095667870036101 0.0005104645227156713 0.0184115523465704
30 0.4880040837161817 0.15703971119133575 0.01225114854517611 0.005776173285198556
30 0.4880040837161817 0.07274368231046932 0.01225114854517611 0.006137184115523465
41 0.47498723838693213 0.8001805054151625 0.0005104645227156713 0.019133574007220218
26 0.4711587544665646 0.8111913357400722 0.00816743236345074 0.005776173285198556
30 0.4880040837161817 0.2415162454873646 0.01225114854517611 0.005776173285198556
41 0.4599285349668198 0.800361010830325 0.0010209290454313426 0.019494584837545126
26 0.4563552833078101 0.8111913357400722 0.00816743236345074 0.005776173285198556
41 0.49387442572741197 0.06173285198555957 0.0005104645227156713 0.019494584837545126
41 0.49387442572741197 0.23032490974729242 0.0005104645227156713 0.019494584837545126
41 0.49387442572741197 0.14620938628158844 0.0005104645227156713 0.019494584837545126
41 0.43006636038795304 0.23014440433212996 0.0005104645227156713 0.019133574007220218
93 0.4775395610005105 0.8218411552346571 0.008677896886166412 0.007581227436823105
93 0.4849412965798877 0.8218411552346571 0.009188361408882083 0.007581227436823105
93 0.49234303215926495 0.8218411552346571 0.008677896886166412 0.007581227436823105
26 0.48596222562531904 0.8111913357400722 0.00816743236345074 0.005776173285198556
30 0.4880040837161817 0.7209386281588448 0.01225114854517611 0.005776173285198556
28 0.4880040837161817 0.5971119133574008 0.01225114854517611 0.005776173285198556
30 0.4880040837161817 0.5003610108303249 0.01225114854517611 0.005776173285198556
30 0.4880040837161817 0.41606498194945846 0.01225114854517611 0.006137184115523465
30 0.4880040837161817 0.3256317689530686 0.01225114854517611 0.005776173285198556
41 0.31929555895865236 0.40451263537906135 0.0005104645227156713 0.0184115523465704
41 0.31929555895865236 0.48898916967509026 0.0005104645227156713 0.0184115523465704
41 0.3080653394589076 0.6083032490974729 0.0005104645227156713 0.017328519855595668
41 0.31929555895865236 0.7095667870036101 0.0005104645227156713 0.0184115523465704
93 0.31265952016334864 0.16768953068592057 0.008677896886166412 0.007581227436823105
30 0.31368044920877997 0.2415162454873646 0.01174068402246044 0.005776173285198556
30 0.31368044920877997 0.15703971119133575 0.01174068402246044 0.005776173285198556
41 0.315211842776927 0.7998194945848376 0.0005104645227156713 0.0184115523465704
93 0.31265952016334864 0.0835740072202166 0.008677896886166412 0.007581227436823105
30 0.31368044920877997 0.07274368231046932 0.01174068402246044 0.006137184115523465
26 0.3328228688106177 0.8111913357400722 0.00816743236345074 0.005776173285198556
41 0.3366513527309852 0.8005415162454874 0.0005104645227156713 0.019855595667870037
30 0.31368044920877997 0.3256317689530686 0.01174068402246044 0.005776173285198556
93 0.31265952016334864 0.33628158844765343 0.008677896886166412 0.007581227436823105
30 0.31368044920877997 0.41606498194945846 0.01174068402246044 0.006137184115523465
93 0.31265952016334864 0.4268953068592058 0.008677896886166412 0.007581227436823105
30 0.31368044920877997 0.5003610108303249 0.01174068402246044 0.005776173285198556
93 0.31265952016334864 0.5110108303249098 0.008677896886166412 0.007581227436823105
28 0.31368044920877997 0.5971119133574008 0.01174068402246044 0.005776173285198556
93 0.31265952016334864 0.6189530685920578 0.008677896886166412 0.007581227436823105
30 0.31368044920877997 0.7209386281588448 0.01174068402246044 0.005776173285198556
93 0.31265952016334864 0.7315884476534296 0.008677896886166412 0.007581227436823105
26 0.3116385911179173 0.8111913357400722 0.007656967840735069 0.005776173285198556
93 0.2993874425727412 0.8218411552346571 0.008677896886166412 0.007581227436823105
93 0.3067891781521184 0.8218411552346571 0.009188361408882083 0.007581227436823105
93 0.31419091373149566 0.8218411552346571 0.008677896886166412 0.007581227436823105
93 0.3215926493108729 0.8218411552346571 0.009188361408882083 0.007581227436823105
41 0.31929555895865236 0.06173285198555957 0.0005104645227156713 0.019494584837545126
41 0.31929555895865236 0.14620938628158844 0.0005104645227156713 0.019494584837545126
41 0.31929555895865236 0.23032490974729242 0.0005104645227156713 0.019494584837545126
93 0.31265952016334864 0.25216606498194943 0.008677896886166412 0.007581227436823105
41 0.31929555895865236 0.3148014440433213 0.0005104645227156713 0.019494584837545126
41 0.43006636038795304 0.06155234657039711 0.0005104645227156713 0.019133574007220218
26 0.3991832567636549 0.8111913357400722 0.00816743236345074 0.005776173285198556
41 0.40301174068402246 0.8005415162454874 0.0005104645227156713 0.019855595667870037
26 0.4262378764675855 0.8111913357400722 0.00816743236345074 0.005776173285198556
26 0.4262378764675855 0.07274368231046932 0.00816743236345074 0.005415162454873646
26 0.4262378764675855 0.15703971119133575 0.00816743236345074 0.005776173285198556
26 0.4262378764675855 0.24133574007220215 0.00816743236345074 0.005415162454873646
26 0.4262378764675855 0.3256317689530686 0.00816743236345074 0.005776173285198556
26 0.4262378764675855 0.41606498194945846 0.00816743236345074 0.005415162454873646
26 0.4262378764675855 0.5003610108303249 0.00816743236345074 0.005776173285198556
26 0.4262378764675855 0.7209386281588448 0.00816743236345074 0.005776173285198556
24 0.4262378764675855 0.5972924187725632 0.00816743236345074 0.005415162454873646
26 0.34788157223072996 0.8111913357400722 0.007656967840735069 0.005776173285198556
41 0.35145482388973964 0.8005415162454874 0.0005104645227156713 0.019855595667870037
26 0.36294027565084225 0.8111913357400722 0.00816743236345074 0.005776173285198556
41 0.3667687595712098 0.8005415162454874 0.0005104645227156713 0.019855595667870037
86 0.277947932618683 0.787725631768953 0.007656967840735069 0.01516245487364621
26 0.3838693210821848 0.8111913357400722 0.00816743236345074 0.005776173285198556
41 0.3876978050025523 0.8005415162454874 0.0005104645227156713 0.019855595667870037
