134 0.5354591836734693 0.058621933621933624 0.8331632653061225 0.024170274170274172
134 0.5354591836734693 0.29978354978354976 0.8331632653061225 0.023809523809523808
1 0.835204081632653 0.09451659451659451 0.012244897959183673 0.0007215007215007215
1 0.701530612244898 0.09451659451659451 0.012244897959183673 0.0007215007215007215
1 0.536734693877551 0.09451659451659451 0.012244897959183673 0.0007215007215007215
1 0.513265306122449 0.09451659451659451 0.018367346938775512 0.0007215007215007215
1 0.4061224489795918 0.09451659451659451 0.012244897959183673 0.0007215007215007215
1 0.2413265306122449 0.09451659451659451 0.012244897959183673 0.0007215007215007215
1 0.21836734693877552 0.09451659451659451 0.018367346938775512 0.0007215007215007215
1 0.835204081632653 0.3354978354978355 0.012244897959183673 0.0007215007215007215
1 0.701530612244898 0.3354978354978355 0.012244897959183673 0.0007215007215007215
1 0.536734693877551 0.3354978354978355 0.012244897959183673 0.0007215007215007215
1 0.513265306122449 0.3354978354978355 0.018367346938775512 0.0007215007215007215
1 0.4061224489795918 0.3354978354978355 0.012244897959183673 0.0007215007215007215
1 0.2413265306122449 0.3354978354978355 0.012244897959183673 0.0007215007215007215
1 0.21836734693877552 0.3354978354978355 0.018367346938775512 0.0007215007215007215
134 0.5354591836734693 0.11237373737373738 0.8331632653061225 0.024170274170274172
134 0.5354591836734693 0.35335497835497837 0.8331632653061225 0.024170274170274172
26 0.5665816326530613 0.33856421356421357 0.007653061224489796 0.005411255411255411
26 0.7176020408163265 0.09740259740259741 0.007653061224489796 0.005772005772005772
26 0.7176020408163265 0.33856421356421357 0.007653061224489796 0.005411255411255411
41 0.7711734693877551 0.3528138528138528 0.0005102040816326531 0.01875901875901876
41 0.7140306122448979 0.10840548340548341 0.0005102040816326531 0.01984126984126984
24 0.6834183673469387 0.34145021645021645 0.007653061224489796 0.005411255411255411
41 0.6795918367346939 0.11129148629148629 0.0010204081632653062 0.01984126984126984
41 0.6795918367346939 0.3522727272727273 0.0010204081632653062 0.01984126984126984
41 0.6977040816326531 0.34686147186147187 0.0005102040816326531 0.01911976911976912
24 0.701530612244898 0.09451659451659451 0.00816326530612245 0.005772005772005772
24 0.701530612244898 0.3354978354978355 0.00816326530612245 0.005772005772005772
41 0.6977040816326531 0.10515873015873016 0.0005102040816326531 0.01984126984126984
28 0.7770408163265307 0.10046897546897547 0.012244897959183673 0.006132756132756133
41 0.7553571428571428 0.3556998556998557 0.0005102040816326531 0.01875901875901876
28 0.7770408163265307 0.3416305916305916 0.012244897959183673 0.005772005772005772
41 0.7711734693877551 0.11147186147186147 0.0005102040816326531 0.01948051948051948
41 0.7553571428571428 0.11471861471861472 0.0005102040816326531 0.01875901875901876
26 0.7591836734693878 0.3445165945165945 0.00816326530612245 0.005772005772005772
26 0.7591836734693878 0.10335497835497835 0.00816326530612245 0.005411255411255411
41 0.7298469387755102 0.35299422799422797 0.0005102040816326531 0.0183982683982684
41 0.7298469387755102 0.11183261183261184 0.0005102040816326531 0.01875901875901876
28 0.7357142857142858 0.3416305916305916 0.012244897959183673 0.005772005772005772
28 0.7357142857142858 0.10046897546897547 0.012244897959183673 0.006132756132756133
41 0.7140306122448979 0.3493867243867244 0.0005102040816326531 0.01984126984126984
41 0.5948979591836735 0.3555194805194805 0.0010204081632653062 0.01911976911976912
30 0.6007653061224489 0.10353535353535354 0.01173469387755102 0.005772005772005772
30 0.6005102040816327 0.3445165945165945 0.012244897959183673 0.005772005772005772
41 0.5948979591836735 0.11435786435786435 0.0010204081632653062 0.01948051948051948
28 0.6260204081632653 0.10642135642135642 0.012244897959183673 0.005772005772005772
28 0.6260204081632653 0.3474025974025974 0.012244897959183673 0.005772005772005772
41 0.6201530612244898 0.11742424242424243 0.0005102040816326531 0.01911976911976912
84 0.42423469387755103 0.05591630591630592 0.004591836734693878 0.005050505050505051
41 0.5630102040816326 0.10894660894660894 0.0005102040816326531 0.01875901875901876
41 0.5630102040816326 0.3493867243867244 0.0005102040816326531 0.01984126984126984
24 0.5826530612244898 0.10046897546897547 0.00816326530612245 0.005411255411255411
24 0.5826530612244898 0.34145021645021645 0.00816326530612245 0.005411255411255411
41 0.5788265306122449 0.11129148629148629 0.0005102040816326531 0.01984126984126984
41 0.5788265306122449 0.3522727272727273 0.0005102040816326531 0.01984126984126984
41 0.6522959183673469 0.35912698412698413 0.0005102040816326531 0.0183982683982684
41 0.6201530612244898 0.35858585858585856 0.0005102040816326531 0.01948051948051948
28 0.6579081632653061 0.10642135642135642 0.01173469387755102 0.005772005772005772
28 0.6579081632653061 0.3474025974025974 0.01173469387755102 0.005772005772005772
24 0.6834183673469387 0.10046897546897547 0.007653061224489796 0.005411255411255411
41 0.6522959183673469 0.11742424242424243 0.0005102040816326531 0.01911976911976912
41 0.9119897959183674 0.3558802308802309 0.0005102040816326531 0.0183982683982684
30 0.9178571428571428 0.10353535353535354 0.012244897959183673 0.005772005772005772
30 0.9178571428571428 0.3445165945165945 0.012244897959183673 0.005772005772005772
41 0.9119897959183674 0.11435786435786435 0.0005102040816326531 0.01948051948051948
26 0.9410714285714286 0.10353535353535354 0.007653061224489796 0.005772005772005772
26 0.9410714285714286 0.3445165945165945 0.007653061224489796 0.005772005772005772
41 0.9372448979591836 0.11417748917748918 0.0010204081632653062 0.01984126984126984
24 0.8836734693877552 0.10046897546897547 0.00816326530612245 0.005411255411255411
24 0.8836734693877552 0.34145021645021645 0.00816326530612245 0.005411255411255411
41 0.8798469387755102 0.11129148629148629 0.0005102040816326531 0.01984126984126984
41 0.8798469387755102 0.3522727272727273 0.0005102040816326531 0.01984126984126984
26 0.8994897959183673 0.10335497835497835 0.00816326530612245 0.005411255411255411
26 0.8994897959183673 0.3445165945165945 0.00816326530612245 0.005772005772005772
41 0.8956632653061225 0.11417748917748918 0.0005102040816326531 0.01984126984126984
41 0.8956632653061225 0.3551587301587302 0.0005102040816326531 0.01984126984126984
84 0.7196428571428571 0.29707792207792205 0.004591836734693878 0.00468975468975469
84 0.7196428571428571 0.05591630591630592 0.004591836734693878 0.005050505050505051
84 0.5719387755102041 0.29707792207792205 0.004081632653061225 0.00468975468975469
84 0.5719387755102041 0.05591630591630592 0.004081632653061225 0.005050505050505051
84 0.42423469387755103 0.29707792207792205 0.004591836734693878 0.00468975468975469
41 0.9372448979591836 0.3551587301587302 0.0010204081632653062 0.01984126984126984
86 0.8196428571428571 0.10966810966810966 0.007653061224489796 0.015151515151515152
86 0.8196428571428571 0.3508297258297258 0.007653061224489796 0.01479076479076479
86 0.8048469387755102 0.27074314574314573 0.007653061224489796 0.01479076479076479
86 0.8048469387755102 0.5119047619047619 0.007653061224489796 0.015151515151515152
24 0.8673469387755102 0.10046897546897547 0.00816326530612245 0.005411255411255411
41 0.8477040816326531 0.10876623376623376 0.0005102040816326531 0.01911976911976912
41 0.8477040816326531 0.3499278499278499 0.0005102040816326531 0.01875901875901876
26 0.851530612244898 0.33856421356421357 0.00816326530612245 0.005411255411255411
24 0.8673469387755102 0.34145021645021645 0.00816326530612245 0.005411255411255411
41 0.8635204081632653 0.11129148629148629 0.0005102040816326531 0.01984126984126984
41 0.8635204081632653 0.3522727272727273 0.0005102040816326531 0.01984126984126984
24 0.8354591836734694 0.09451659451659451 0.007653061224489796 0.005772005772005772
24 0.835204081632653 0.3354978354978355 0.00816326530612245 0.005772005772005772
41 0.8316326530612245 0.10515873015873016 0.0010204081632653062 0.01984126984126984
41 0.8316326530612245 0.3465007215007215 0.0010204081632653062 0.01984126984126984
26 0.851530612244898 0.09740259740259741 0.00816326530612245 0.005772005772005772
24 0.2872448979591837 0.34145021645021645 0.00816326530612245 0.005411255411255411
41 0.26760204081632655 0.3499278499278499 0.0005102040816326531 0.01875901875901876
24 0.2872448979591837 0.10046897546897547 0.00816326530612245 0.005411255411255411
41 0.26760204081632655 0.10894660894660894 0.0005102040816326531 0.01875901875901876
41 0.28341836734693876 0.11129148629148629 0.0005102040816326531 0.01984126984126984
41 0.28341836734693876 0.3522727272727273 0.0005102040816326531 0.01984126984126984
41 0.2375 0.34686147186147187 0.0005102040816326531 0.01911976911976912
24 0.25510204081632654 0.10046897546897547 0.00816326530612245 0.005411255411255411
24 0.25510204081632654 0.34145021645021645 0.00816326530612245 0.005411255411255411
41 0.2512755102040816 0.11129148629148629 0.0005102040816326531 0.01984126984126984
30 0.3053571428571429 0.10353535353535354 0.01173469387755102 0.005772005772005772
41 0.2512755102040816 0.3522727272727273 0.0005102040816326531 0.01984126984126984
26 0.2714285714285714 0.09740259740259741 0.00816326530612245 0.005772005772005772
26 0.2714285714285714 0.33856421356421357 0.00816326530612245 0.005411255411255411
28 0.36275510204081635 0.10642135642135642 0.012244897959183673 0.005772005772005772
28 0.36275510204081635 0.3474025974025974 0.012244897959183673 0.005772005772005772
41 0.3568877551020408 0.11742424242424243 0.0005102040816326531 0.01911976911976912
26 0.5665816326530613 0.09740259740259741 0.007653061224489796 0.005772005772005772
30 0.3053571428571429 0.3445165945165945 0.01173469387755102 0.005772005772005772
41 0.2997448979591837 0.11435786435786435 0.0005102040816326531 0.01948051948051948
41 0.2997448979591837 0.3555194805194805 0.0005102040816326531 0.01911976911976912
28 0.3306122448979592 0.10642135642135642 0.012244897959183673 0.005772005772005772
28 0.3306122448979592 0.3474025974025974 0.012244897959183673 0.005772005772005772
41 0.325 0.11742424242424243 0.0010204081632653062 0.01911976911976912
41 0.325 0.35858585858585856 0.0010204081632653062 0.01948051948051948
8 0.1364795918367347 0.10930735930735931 0.020918367346938777 0.015151515151515152
84 0.8732142857142857 0.05591630591630592 0.004591836734693878 0.005050505050505051
84 0.8732142857142857 0.29707792207792205 0.004591836734693878 0.00468975468975469
85 0.21785714285714286 0.056998556998557 0.011224489795918367 0.002886002886002886
5 0.1364795918367347 0.05952380952380952 0.020918367346938777 0.03535353535353535
67 0.15918367346938775 0.05663780663780664 0.007142857142857143 0.012987012987012988
13 0.1778061224489796 0.05266955266955267 0.009693877551020408 0.011544011544011544
12 0.18903061224489795 0.05266955266955267 0.01173469387755102 0.011544011544011544
16 0.1836734693877551 0.06493506493506493 0.013265306122448979 0.011544011544011544
28 0.21836734693877552 0.09451659451659451 0.012244897959183673 0.005772005772005772
67 0.15918367346938775 0.11634199134199134 0.007142857142857143 0.013347763347763348
13 0.1778061224489796 0.10642135642135642 0.009693877551020408 0.011544011544011544
12 0.18903061224489795 0.10642135642135642 0.01173469387755102 0.011544011544011544
16 0.1836734693877551 0.11868686868686869 0.013265306122448979 0.011544011544011544
5 0.1364795918367347 0.3005050505050505 0.020918367346938777 0.03535353535353535
67 0.15918367346938775 0.2976190476190476 0.007142857142857143 0.012987012987012988
13 0.17755102040816326 0.29383116883116883 0.009183673469387756 0.011904761904761904
12 0.18903061224489795 0.29365079365079366 0.01173469387755102 0.011544011544011544
16 0.1836734693877551 0.3059163059163059 0.013265306122448979 0.011544011544011544
28 0.21836734693877552 0.3354978354978355 0.012244897959183673 0.005772005772005772
0 0.11173469387755101 0.0854978354978355 0.00816326530612245 0.07792207792207792
84 0.27168367346938777 0.29707792207792205 0.004591836734693878 0.00468975468975469
8 0.1364795918367347 0.3502886002886003 0.020918367346938777 0.015151515151515152
0 0.11173469387755101 0.32665945165945165 0.00816326530612245 0.07756132756132757
83 0.23954081632653063 0.05591630591630592 0.004591836734693878 0.005050505050505051
24 0.2413265306122449 0.09451659451659451 0.00816326530612245 0.005772005772005772
24 0.2413265306122449 0.3354978354978355 0.00816326530612245 0.005772005772005772
41 0.2375 0.10515873015873016 0.0005102040816326531 0.01984126984126984
67 0.15918367346938775 0.3573232323232323 0.007142857142857143 0.013347763347763348
13 0.1778061224489796 0.3474025974025974 0.009693877551020408 0.011544011544011544
12 0.18903061224489795 0.3474025974025974 0.01173469387755102 0.011544011544011544
16 0.1836734693877551 0.3596681096681097 0.013265306122448979 0.011544011544011544
41 0.2125 0.10533910533910534 0.0005102040816326531 0.01948051948051948
41 0.2125 0.3466810966810967 0.0005102040816326531 0.01948051948051948
28 0.513265306122449 0.09451659451659451 0.012244897959183673 0.005772005772005772
28 0.513265306122449 0.3354978354978355 0.012244897959183673 0.005772005772005772
41 0.475765306122449 0.35263347763347763 0.0005102040816326531 0.01911976911976912
41 0.5073979591836735 0.10533910533910534 0.0005102040816326531 0.01948051948051948
26 0.46377551020408164 0.10335497835497835 0.00816326530612245 0.005411255411255411
26 0.46377551020408164 0.3445165945165945 0.00816326530612245 0.005772005772005772
41 0.4599489795918367 0.11417748917748918 0.0005102040816326531 0.01984126984126984
41 0.4599489795918367 0.3551587301587302 0.0005102040816326531 0.01984126984126984
28 0.4816326530612245 0.10046897546897547 0.012244897959183673 0.006132756132756133
28 0.4816326530612245 0.3416305916305916 0.012244897959183673 0.005772005772005772
41 0.475765306122449 0.11147186147186147 0.0005102040816326531 0.01948051948051948
24 0.5505102040816326 0.34145021645021645 0.00816326530612245 0.005411255411255411
41 0.5329081632653061 0.34704184704184704 0.0005102040816326531 0.01875901875901876
24 0.5505102040816326 0.10046897546897547 0.00816326530612245 0.005411255411255411
41 0.5329081632653061 0.1056998556998557 0.0005102040816326531 0.01875901875901876
41 0.5466836734693877 0.11129148629148629 0.0005102040816326531 0.01984126984126984
41 0.5466836734693877 0.3522727272727273 0.0005102040816326531 0.01984126984126984
41 0.5073979591836735 0.3466810966810967 0.0005102040816326531 0.01948051948051948
24 0.536734693877551 0.09451659451659451 0.00816326530612245 0.005772005772005772
24 0.536734693877551 0.3354978354978355 0.00816326530612245 0.005772005772005772
41 0.41862244897959183 0.10894660894660894 0.0005102040816326531 0.01875901875901876
26 0.42244897959183675 0.33856421356421357 0.00816326530612245 0.005411255411255411
26 0.42244897959183675 0.09740259740259741 0.00816326530612245 0.005772005772005772
24 0.38801020408163267 0.10046897546897547 0.007653061224489796 0.005411255411255411
41 0.40229591836734696 0.34686147186147187 0.0005102040816326531 0.01911976911976912
24 0.38801020408163267 0.34145021645021645 0.007653061224489796 0.005411255411255411
41 0.40229591836734696 0.10551948051948051 0.0005102040816326531 0.01911976911976912
24 0.4061224489795918 0.3354978354978355 0.00816326530612245 0.005772005772005772
24 0.4061224489795918 0.09451659451659451 0.00816326530612245 0.005772005772005772
41 0.38443877551020406 0.11129148629148629 0.0005102040816326531 0.01984126984126984
41 0.38443877551020406 0.3522727272727273 0.0005102040816326531 0.01984126984126984
41 0.4344387755102041 0.11183261183261184 0.0005102040816326531 0.01875901875901876
28 0.4403061224489796 0.3416305916305916 0.012244897959183673 0.005772005772005772
28 0.4403061224489796 0.10046897546897547 0.012244897959183673 0.006132756132756133
41 0.4344387755102041 0.35245310245310246 0.0005102040816326531 0.01948051948051948
41 0.41862244897959183 0.3493867243867244 0.0005102040816326531 0.01984126984126984
41 0.3568877551020408 0.35858585858585856 0.0005102040816326531 0.01948051948051948
134 0.4971938775510204 0.5378787878787878 0.8994897959183673 0.023809523809523808
134 0.4997448979591837 0.5914502164502164 0.9045918367346939 0.024170274170274172
1 0.5295918367346939 0.5735930735930735 0.012244897959183673 0.0007215007215007215
134 0.4997448979591837 0.6542207792207793 0.9045918367346939 0.024170274170274172
134 0.4997448979591837 0.7079725829725829 0.9045918367346939 0.024170274170274172
1 0.5295918367346939 0.689935064935065 0.012244897959183673 0.0010822510822510823
41 0.5987244897959184 0.5910894660894661 0.0005102040816326531 0.0183982683982684
41 0.5987244897959184 0.7072510822510822 0.0005102040816326531 0.0183982683982684
28 0.6045918367346939 0.6958874458874459 0.012244897959183673 0.005772005772005772
28 0.6045918367346939 0.5797258297258298 0.012244897959183673 0.005772005772005772
41 0.5622448979591836 0.7038239538239538 0.0010204081632653062 0.01948051948051948
41 0.7193877551020408 0.7068903318903319 0.0010204081632653062 0.01911976911976912
41 0.7193877551020408 0.5905483405483406 0.0010204081632653062 0.01948051948051948
28 0.7252551020408163 0.6958874458874459 0.01173469387755102 0.005772005772005772
28 0.7252551020408163 0.5797258297258298 0.01173469387755102 0.005772005772005772
30 0.664795918367347 0.5826118326118326 0.012244897959183673 0.005772005772005772
41 0.6589285714285714 0.7101370851370852 0.0005102040816326531 0.01911976911976912
41 0.6589285714285714 0.5934343434343434 0.0005102040816326531 0.01948051948051948
30 0.664795918367347 0.698953823953824 0.012244897959183673 0.006132756132756133
41 0.463265306122449 0.70995670995671 0.0010204081632653062 0.01948051948051948
0 0.04030612244897959 0.6810966810966811 0.00816326530612245 0.07792207792207792
26 0.5658163265306122 0.693001443001443 0.00816326530612245 0.005772005772005772
26 0.5658163265306122 0.5766594516594516 0.00816326530612245 0.005411255411255411
28 0.7971938775510204 0.5797258297258298 0.01173469387755102 0.005772005772005772
41 0.525765306122449 0.7012987012987013 0.0005102040816326531 0.01875901875901876
41 0.5622448979591836 0.5874819624819625 0.0010204081632653062 0.01984126984126984
41 0.525765306122449 0.5847763347763347 0.0005102040816326531 0.01875901875901876
24 0.5295918367346939 0.689935064935065 0.00816326530612245 0.005411255411255411
24 0.5295918367346939 0.5735930735930735 0.00816326530612245 0.005772005772005772
84 0.614030612244898 0.5351731601731602 0.004591836734693878 0.00468975468975469
84 0.614030612244898 0.6515151515151515 0.004591836734693878 0.005050505050505051
122 0.7612244897959184 0.573051948051948 0.06836734693877551 0.003968253968253968
83 0.8535714285714285 0.7052669552669553 0.004081632653061225 0.005050505050505051
41 0.7913265306122449 0.5905483405483406 0.0010204081632653062 0.01948051948051948
28 0.7969387755102041 0.6958874458874459 0.012244897959183673 0.005772005772005772
83 0.8535714285714285 0.5887445887445888 0.004081632653061225 0.005050505050505051
0 0.04030612244897959 0.5647546897546898 0.00816326530612245 0.07756132756132757
41 0.7913265306122449 0.7068903318903319 0.0010204081632653062 0.01911976911976912
41 0.14846938775510204 0.5934343434343434 0.0010204081632653062 0.01948051948051948
26 0.1520408163265306 0.698953823953824 0.00816326530612245 0.005411255411255411
26 0.1520408163265306 0.5826118326118326 0.00816326530612245 0.005772005772005772
86 0.15127551020408164 0.5351731601731602 0.007653061224489796 0.01479076479076479
41 0.18443877551020407 0.7101370851370852 0.0005102040816326531 0.01911976911976912
41 0.18443877551020407 0.5936147186147186 0.0005102040816326531 0.01911976911976912
26 0.188265306122449 0.698953823953824 0.00816326530612245 0.005411255411255411
26 0.188265306122449 0.5826118326118326 0.00816326530612245 0.005772005772005772
83 0.18647959183673468 0.5351731601731602 0.004591836734693878 0.00468975468975469
41 0.14846938775510204 0.7097763347763347 0.0010204081632653062 0.01984126984126984
67 0.0875 0.5954184704184704 0.007653061224489796 0.013347763347763348
8 0.06505102040816327 0.5883838383838383 0.020918367346938777 0.015151515151515152
67 0.0875 0.5357142857142857 0.007653061224489796 0.012987012987012988
5 0.06505102040816327 0.5386002886002886 0.020918367346938777 0.03535353535353535
84 0.860969387755102 0.6515151515151515 0.004591836734693878 0.005050505050505051
84 0.860969387755102 0.5351731601731602 0.004591836734693878 0.00468975468975469
84 0.2701530612244898 0.6515151515151515 0.004591836734693878 0.005050505050505051
86 0.11607142857142858 0.7052669552669553 0.007653061224489796 0.015151515151515152
86 0.11607142857142858 0.5887445887445888 0.007653061224489796 0.015151515151515152
86 0.11607142857142858 0.5351731601731602 0.007653061224489796 0.01479076479076479
67 0.0875 0.7117604617604618 0.007653061224489796 0.012987012987012988
8 0.06505102040816327 0.7045454545454546 0.020918367346938777 0.015151515151515152
67 0.0875 0.6520562770562771 0.007653061224489796 0.013347763347763348
5 0.06505102040816327 0.6547619047619048 0.020918367346938777 0.03535353535353535
41 0.39107142857142857 0.597041847041847 0.0005102040816326531 0.01875901875901876
28 0.39693877551020407 0.702020202020202 0.012244897959183673 0.005772005772005772
28 0.39693877551020407 0.5854978354978355 0.012244897959183673 0.005772005772005772
41 0.3308673469387755 0.7104978354978355 0.0005102040816326531 0.0183982683982684
41 0.3308673469387755 0.5939754689754689 0.0005102040816326531 0.0183982683982684
30 0.3364795918367347 0.698953823953824 0.01173469387755102 0.006132756132756133
30 0.3364795918367347 0.5826118326118326 0.01173469387755102 0.005772005772005772
41 0.2941326530612245 0.7070707070707071 0.0005102040816326531 0.01875901875901876
41 0.463265306122449 0.5936147186147186 0.0010204081632653062 0.01911976911976912
30 0.4688775510204082 0.698953823953824 0.012244897959183673 0.006132756132756133
30 0.4688775510204082 0.5826118326118326 0.012244897959183673 0.005772005772005772
63 0.3836734693877551 0.7018398268398268 0.007142857142857143 0.01479076479076479
41 0.39107142857142857 0.7128427128427128 0.0005102040816326531 0.01948051948051948
63 0.3836734693877551 0.5854978354978355 0.007142857142857143 0.015151515151515152
26 0.2614795918367347 0.693001443001443 0.007653061224489796 0.005772005772005772
26 0.2612244897959184 0.5766594516594516 0.00816326530612245 0.005411255411255411
41 0.2576530612244898 0.5874819624819625 0.0010204081632653062 0.01984126984126984
41 0.2211734693877551 0.7070707070707071 0.0005102040816326531 0.01875901875901876
41 0.2211734693877551 0.5909090909090909 0.0005102040816326531 0.01875901875901876
24 0.225 0.6958874458874459 0.00816326530612245 0.005772005772005772
24 0.225 0.5795454545454546 0.00816326530612245 0.005411255411255411
41 0.2941326530612245 0.5907287157287158 0.0005102040816326531 0.01911976911976912
24 0.2979591836734694 0.6958874458874459 0.00816326530612245 0.005772005772005772
24 0.2979591836734694 0.5795454545454546 0.00816326530612245 0.005411255411255411
41 0.2576530612244898 0.7036435786435786 0.0010204081632653062 0.01984126984126984
