134 0.5 0.11115967365967366 0.9043693322341303 0.019522144522144524
1 0.7644270403957131 0.1255827505827506 0.013602638087386645 0.0005827505827505828
1 0.6795136026380874 0.1255827505827506 0.012778235779060182 0.0005827505827505828
1 0.5121599340478153 0.1255827505827506 0.013602638087386645 0.0005827505827505828
1 0.5121599340478153 0.13039044289044288 0.013602638087386645 0.0008741258741258741
1 0.2982275350370981 0.1255827505827506 0.013602638087386645 0.0005827505827505828
1 0.23351195383347073 0.1255827505827506 0.012778235779060182 0.0005827505827505828
1 0.09212695795548227 0.1255827505827506 0.013602638087386645 0.0005827505827505828
1 0.09212695795548227 0.13039044289044288 0.013602638087386645 0.0008741258741258741
134 0.5 0.0625 0.9043693322341303 0.019522144522144524
41 0.7124896949711459 0.11363636363636363 0.00041220115416323167 0.01048951048951049
24 0.7089859851607585 0.12077505827505827 0.008244023083264633 0.004953379953379953
41 0.6832234130255564 0.11713286713286714 0.00041220115416323167 0.013403263403263404
24 0.6795136026380874 0.1255827505827506 0.007831821929101401 0.005244755244755245
86 0.6782769991755977 0.051573426573426576 0.006183017312448475 0.013986013986013986
41 0.7685490519373455 0.11873543123543123 0.00041220115416323167 0.01486013986013986
40 0.7739076669414674 0.12805944055944055 0.0028854080791426216 0.0020396270396270395
41 0.767724649629019 0.057983682983682984 0.00041220115416323167 0.019813519813519812
30 0.7644270403957131 0.12805944055944055 0.008656224237427864 0.004953379953379953
26 0.7640148392415499 0.06483100233100234 0.007831821929101401 0.004953379953379953
26 0.7640148392415499 0.06963869463869464 0.007831821929101401 0.005244755244755245
41 0.5690436933223413 0.058857808857808856 0.00041220115416323167 0.022727272727272728
24 0.5655399835119538 0.06716200466200466 0.008244023083264633 0.004953379953379953
24 0.5655399835119538 0.07211538461538461 0.008244023083264633 0.004953379953379953
24 0.5929513602638088 0.07211538461538461 0.007831821929101401 0.004953379953379953
41 0.5416323165704864 0.05812937062937063 0.0008244023083264633 0.025349650349650348
24 0.5379225061830173 0.06716200466200466 0.008244023083264633 0.004953379953379953
24 0.5379225061830173 0.07211538461538461 0.008244023083264633 0.004953379953379953
121 0.13664468260511128 0.05754662004662005 0.027617477328936522 0.003205128205128205
41 0.6246908491343776 0.06220862470862471 0.00041220115416323167 0.016608391608391608
41 0.65560593569662 0.06322843822843822 0.00041220115416323167 0.018648018648018648
24 0.6521022258862325 0.06716200466200466 0.008244023083264633 0.004953379953379953
26 0.6521022258862325 0.07444638694638694 0.008244023083264633 0.004953379953379953
24 0.6207749381698269 0.06716200466200466 0.008244023083264633 0.004953379953379953
24 0.6207749381698269 0.07211538461538461 0.008244023083264633 0.004953379953379953
41 0.5966611706512778 0.06046037296037296 0.00041220115416323167 0.021270396270396272
24 0.5929513602638088 0.06716200466200466 0.007831821929101401 0.004953379953379953
121 0.9095218466611706 0.07677738927738928 0.031739488870568835 0.003205128205128205
41 0.9255976916735367 0.06643356643356643 0.00041220115416323167 0.018648018648018648
121 0.4451772464962902 0.07677738927738928 0.03544929925803792 0.003205128205128205
121 0.5562654575432812 0.045454545454545456 0.08120362737015664 0.008158508158508158
122 0.6071723000824403 0.06963869463869464 0.015663643858202802 0.002331002331002331
122 0.6071723000824403 0.06497668997668998 0.015663643858202802 0.002331002331002331
121 0.6401483924154988 0.052738927738927736 0.031327287716405604 0.0017482517482517483
121 0.6980626545754328 0.10868298368298368 0.02926628194558945 0.004662004662004662
24 0.8101813685078318 0.0625 0.007007419620774938 0.004953379953379953
40 0.8489282769991756 0.06483100233100234 0.0028854080791426216 0.0020396270396270395
26 0.8396537510305029 0.059877622377622376 0.008244023083264633 0.004953379953379953
26 0.8400659521846661 0.06483100233100234 0.00741962077493817 0.004953379953379953
47 0.8182192910140148 0.053904428904428904 0.006595218466611707 0.012237762237762238
41 0.8143033800494641 0.055944055944055944 0.00041220115416323167 0.019230769230769232
41 0.8357378400659522 0.07036713286713286 0.00041220115416323167 0.01893939393939394
24 0.8103874690849134 0.06716200466200466 0.008244023083264633 0.004953379953379953
41 0.8934460016488046 0.06847319347319347 0.00041220115416323167 0.018065268065268064
26 0.9295136026380874 0.05521561771561771 0.008244023083264633 0.004953379953379953
26 0.9295136026380874 0.059877622377622376 0.008244023083264633 0.004953379953379953
41 0.9010717230008244 0.11174242424242424 0.0008244023083264633 0.015442890442890442
24 0.8973619126133553 0.12077505827505827 0.008244023083264633 0.004953379953379953
24 0.8973619126133553 0.05754662004662005 0.008244023083264633 0.004953379953379953
24 0.8973619126133553 0.0625 0.008244023083264633 0.004953379953379953
40 0.8489282769991756 0.059877622377622376 0.0028854080791426216 0.0020396270396270395
24 0.17415498763396536 0.07211538461538461 0.007831821929101401 0.004953379953379953
41 0.23722176422093982 0.057983682983682984 0.00041220115416323167 0.015151515151515152
24 0.23351195383347073 0.1255827505827506 0.007831821929101401 0.005244755244755245
24 0.23371805441055235 0.06716200466200466 0.008244023083264633 0.004953379953379953
41 0.17786479802143446 0.06322843822843822 0.00041220115416323167 0.015734265734265736
40 0.18322341302555648 0.06949300699300699 0.0028854080791426216 0.0020396270396270395
41 0.15024732069249794 0.06555944055944056 0.00041220115416323167 0.013986013986013986
26 0.14674361088211046 0.07444638694638694 0.008244023083264633 0.004953379953379953
41 0.30152514427040394 0.06046037296037296 0.00041220115416323167 0.01486013986013986
41 0.3023495465787304 0.11873543123543123 0.00041220115416323167 0.01486013986013986
40 0.3077081615828524 0.12805944055944055 0.0028854080791426216 0.0020396270396270395
41 0.12283594394064304 0.06381118881118882 0.0008244023083264633 0.013986013986013986
30 0.2982275350370981 0.12805944055944055 0.008656224237427864 0.004953379953379953
26 0.29781533388293485 0.06963869463869464 0.007831821929101401 0.005244755244755245
41 0.23722176422093982 0.11684149184149184 0.00041220115416323167 0.015734265734265736
8 0.06265457543281121 0.10955710955710955 0.018961253091508656 0.016317016317016316
5 0.06306677658697445 0.06118881118881119 0.018136850783182192 0.03613053613053613
0 0.04204451772464963 0.08682983682983683 0.005770816158285243 0.06818181818181818
24 0.11912613355317395 0.07211538461538461 0.008244023083264633 0.004953379953379953
41 0.09624896949711459 0.1199009324009324 0.00041220115416323167 0.017191142191142192
40 0.10160758450123661 0.12805944055944055 0.0028854080791426216 0.0020396270396270395
28 0.09212695795548227 0.13039044289044288 0.008656224237427864 0.004953379953379953
87 0.09171475680131905 0.05332167832167832 0.007831821929101401 0.008741258741258742
26 0.4674361088211047 0.059877622377622376 0.00741962077493817 0.004953379953379953
26 0.5113355317394889 0.05521561771561771 0.007007419620774938 0.004953379953379953
26 0.5119538334707338 0.059877622377622376 0.008244023083264633 0.004953379953379953
41 0.4631079967023908 0.06643356643356643 0.00041220115416323167 0.018648018648018648
26 0.46702390766694146 0.05521561771561771 0.008244023083264633 0.004953379953379953
41 0.4348722176422094 0.11174242424242424 0.0008244023083264633 0.015442890442890442
41 0.4272464962901896 0.06847319347319347 0.00041220115416323167 0.018065268065268064
24 0.4311624072547403 0.12077505827505827 0.008244023083264633 0.004953379953379953
41 0.5164880461665292 0.12004662004662005 0.0008244023083264633 0.017482517482517484
40 0.5220527617477329 0.12805944055944055 0.0028854080791426216 0.0020396270396270395
41 0.5156636438582028 0.050844988344988344 0.0008244023083264633 0.016608391608391608
28 0.5123660346248969 0.13039044289044288 0.009068425391591096 0.004953379953379953
26 0.3734542456718879 0.059877622377622376 0.008244023083264633 0.004953379953379953
47 0.3520197856553998 0.05812937062937063 0.006595218466611707 0.01252913752913753
41 0.34810387469084914 0.057983682983682984 0.00041220115416323167 0.015151515151515152
24 0.34439406430338004 0.06716200466200466 0.007831821929101401 0.004953379953379953
24 0.4311624072547403 0.05754662004662005 0.008244023083264633 0.004953379953379953
24 0.4311624072547403 0.0625 0.008244023083264633 0.004953379953379953
40 0.38272877164056057 0.059877622377622376 0.0028854080791426216 0.0020396270396270395
41 0.36953833470733716 0.06876456876456877 0.00041220115416323167 0.015734265734265736
134 0.5 0.20206876456876458 0.9043693322341303 0.019522144522144524
1 0.7197032151690025 0.2736013986013986 0.01236603462489695 0.0005827505827505828
1 0.7197032151690025 0.2784090909090909 0.01236603462489695 0.0008741258741258741
1 0.5744023083264633 0.2736013986013986 0.013602638087386645 0.0005827505827505828
1 0.5744023083264633 0.2784090909090909 0.013602638087386645 0.0008741258741258741
1 0.33120362737015663 0.2736013986013986 0.013602638087386645 0.0005827505827505828
1 0.25968672712283597 0.2736013986013986 0.01236603462489695 0.0005827505827505828
1 0.09212695795548227 0.2736013986013986 0.013602638087386645 0.0005827505827505828
1 0.09212695795548227 0.2784090909090909 0.013602638087386645 0.0008741258741258741
134 0.5 0.25917832167832167 0.9043693322341303 0.019522144522144524
26 0.6026380873866447 0.19973776223776224 0.00741962077493817 0.004953379953379953
30 0.6865210222588624 0.19478438228438227 0.008656224237427864 0.004953379953379953
41 0.68239901071723 0.206002331002331 0.00041220115416323167 0.020396270396270396
24 0.476916735366859 0.1971153846153846 0.008244023083264633 0.004953379953379953
87 0.6300494641384996 0.19289044289044288 0.007831821929101401 0.008741258741258742
41 0.6541632316570486 0.206002331002331 0.0008244023083264633 0.020396270396270396
26 0.6578730420445177 0.19478438228438227 0.008244023083264633 0.004953379953379953
26 0.6578730420445177 0.1995920745920746 0.008244023083264633 0.005244755244755245
53 0.6576669414674361 0.20935314685314685 0.006183017312448475 0.013694638694638694
30 0.6865210222588624 0.19973776223776224 0.008656224237427864 0.004953379953379953
41 0.5983099752679307 0.20541958041958042 0.00041220115416323167 0.018065268065268064
26 0.6022258862324814 0.19478438228438227 0.008244023083264633 0.004953379953379953
41 0.5290601813685079 0.20862470862470864 0.00041220115416323167 0.019230769230769232
24 0.5329760923330585 0.1971153846153846 0.008244023083264633 0.004953379953379953
24 0.5329760923330585 0.20206876456876458 0.008244023083264633 0.004953379953379953
41 0.5088623248145094 0.25946969696969696 0.00041220115416323167 0.01486013986013986
24 0.505358615004122 0.2687937062937063 0.008244023083264633 0.004953379953379953
87 0.5049464138499588 0.19289044289044288 0.00741962077493817 0.008741258741258742
41 0.47320692497938993 0.20775058275058275 0.0008244023083264633 0.019230769230769232
121 0.1368507831821929 0.18516899766899766 0.08244023083264633 0.007867132867132868
41 0.5785243198680956 0.2679195804195804 0.00041220115416323167 0.017191142191142192
40 0.5838829348722177 0.2760780885780886 0.0028854080791426216 0.0020396270396270395
41 0.5702802967848309 0.20804195804195805 0.00041220115416323167 0.018065268065268064
28 0.5744023083264633 0.2784090909090909 0.008656224237427864 0.004953379953379953
24 0.5741962077493817 0.1971153846153846 0.008244023083264633 0.004953379953379953
24 0.5741962077493817 0.20206876456876458 0.008244023083264633 0.004953379953379953
53 0.5323577906018137 0.2111013986013986 0.006183017312448475 0.013694638694638694
122 0.5535861500412201 0.19478438228438227 0.02967848309975268 0.003205128205128205
121 0.5845012366034625 0.2164918414918415 0.028029678483099753 0.0034965034965034965
122 0.6714756801319044 0.19493006993006992 0.015663643858202802 0.002331002331002331
122 0.6720939818631492 0.19114219114219114 0.016900247320692497 0.002331002331002331
122 0.5531739488870568 0.1995920745920746 0.028854080791426217 0.002913752913752914
122 0.3143033800494641 0.19944638694638694 0.030090684253915912 0.003205128205128205
122 0.18878812860676009 0.2092074592074592 0.015663643858202802 0.002331002331002331
122 0.18878812860676009 0.20454545454545456 0.015663643858202802 0.002331002331002331
121 0.22093981863149217 0.18953962703962704 0.028854080791426217 0.005536130536130536
122 0.30956306677658696 0.20425407925407926 0.031327287716405604 0.002913752913752914
121 0.3516075845012366 0.1875 0.033800494641384994 0.003205128205128205
122 0.43446001648804616 0.1998834498834499 0.015663643858202802 0.002331002331002331
122 0.4348722176422094 0.19463869463869463 0.0247320692497939 0.002913752913752914
121 0.45919208573784004 0.2180944055944056 0.028029678483099753 0.003205128205128205
41 0.7934872217642209 0.19653263403263405 0.0008244023083264633 0.027097902097902096
28 0.7893652102225887 0.1971153846153846 0.009068425391591096 0.004953379953379953
30 0.7893652102225887 0.2043997668997669 0.009068425391591096 0.004953379953379953
28 0.7893652102225887 0.21168414918414918 0.009068425391591096 0.004953379953379953
41 0.7234130255564716 0.2682109557109557 0.0008244023083264633 0.017773892773892772
24 0.7197032151690025 0.2784090909090909 0.008244023083264633 0.004953379953379953
30 0.856760098928277 0.19973776223776224 0.007831821929101401 0.004953379953379953
69 0.9379637262984336 0.2543706293706294 0.007007419620774938 0.013986013986013986
69 0.9453833470733718 0.26165501165501165 0.007007419620774938 0.013986013986013986
69 0.9379637262984336 0.19230769230769232 0.007007419620774938 0.013986013986013986
69 0.9453833470733718 0.1995920745920746 0.007007419620774938 0.013986013986013986
63 0.8464550700741962 0.1995920745920746 0.007007419620774938 0.013986013986013986
41 0.8612943116240726 0.1971153846153846 0.00041220115416323167 0.025349650349650348
30 0.8571723000824403 0.2043997668997669 0.008656224237427864 0.004953379953379953
28 0.8571723000824403 0.21168414918414918 0.008656224237427864 0.004953379953379953
24 0.14633140972794723 0.21168414918414918 0.008244023083264633 0.004953379953379953
41 0.1782769991755977 0.1993006993006993 0.00041220115416323167 0.02156177156177156
24 0.17436108821104698 0.20673076923076922 0.008244023083264633 0.004953379953379953
24 0.17436108821104698 0.21168414918414918 0.008244023083264633 0.004953379953379953
41 0.15004122011541632 0.19857226107226109 0.0008244023083264633 0.024184149184149184
24 0.14633140972794723 0.20673076923076922 0.008244023083264633 0.004953379953379953
41 0.12201154163231658 0.19726107226107226 0.0008244023083264633 0.026223776223776224
24 0.11830173124484748 0.20673076923076922 0.008244023083264633 0.004953379953379953
24 0.11830173124484748 0.21168414918414918 0.008244023083264633 0.004953379953379953
24 0.23165704863973618 0.20673076923076922 0.008244023083264633 0.004953379953379953
24 0.25968672712283597 0.27374708624708627 0.008244023083264633 0.004953379953379953
87 0.2594806265457543 0.19289044289044288 0.007831821929101401 0.008741258741258742
24 0.476916735366859 0.20206876456876458 0.008244023083264633 0.004953379953379953
41 0.23536685902720528 0.1968240093240093 0.0008244023083264633 0.018356643356643356
26 0.23165704863973618 0.1995920745920746 0.008244023083264633 0.005244755244755245
41 0.20630667765869745 0.20075757575757575 0.00041220115416323167 0.018065268065268064
24 0.20259686727122836 0.20673076923076922 0.007831821929101401 0.004953379953379953
24 0.20259686727122836 0.21168414918414918 0.007831821929101401 0.004953379953379953
5 0.06306677658697445 0.20104895104895104 0.018136850783182192 0.03613053613053613
84 0.8437757625721352 0.2508741258741259 0.008244023083264633 0.002331002331002331
8 0.06265457543281121 0.25757575757575757 0.018961253091508656 0.016317016317016316
0 0.041838417147568016 0.23062354312354313 0.006183017312448475 0.07663170163170163
26 0.09192085737840065 0.19973776223776224 0.008244023083264633 0.004953379953379953
41 0.09624896949711459 0.2679195804195804 0.00041220115416323167 0.017191142191142192
40 0.10160758450123661 0.2760780885780886 0.0028854080791426216 0.0020396270396270395
41 0.09563066776586975 0.19041375291375293 0.0008244023083264633 0.016608391608391608
28 0.09212695795548227 0.2784090909090909 0.008656224237427864 0.004953379953379953
26 0.09192085737840065 0.19478438228438227 0.008244023083264633 0.004953379953379953
41 0.4169414674361088 0.21066433566433568 0.00041220115416323167 0.018648018648018648
41 0.33532563891178896 0.26675407925407923 0.00041220115416323167 0.01486013986013986
40 0.34068425391591095 0.2760780885780886 0.0028854080791426216 0.0020396270396270395
87 0.3928276999175598 0.19289044289044288 0.00741962077493817 0.008741258741258742
26 0.4208573784006595 0.2043997668997669 0.008244023083264633 0.004953379953379953
41 0.36871393239901074 0.19594988344988346 0.00041220115416323167 0.018356643356643356
24 0.36479802143446 0.20206876456876458 0.008244023083264633 0.004953379953379953
24 0.36479802143446 0.20673076923076922 0.008244023083264633 0.004953379953379953
26 0.4208573784006595 0.1995920745920746 0.008244023083264633 0.005244755244755245
41 0.4451772464962902 0.20993589743589744 0.0008244023083264633 0.017773892773892772
47 0.2951360263808739 0.19536713286713286 0.006595218466611707 0.011946386946386946
41 0.29122011541632314 0.1976981351981352 0.00041220115416323167 0.020104895104895104
26 0.28730420445177246 0.2043997668997669 0.008244023083264633 0.004953379953379953
26 0.28730420445177246 0.20935314685314685 0.008244023083264633 0.004953379953379953
41 0.263396537510305 0.26486013986013984 0.0008244023083264633 0.015734265734265736
30 0.33120362737015663 0.2760780885780886 0.008656224237427864 0.004953379953379953
53 0.4202390766694147 0.21284965034965034 0.006183017312448475 0.013694638694638694
41 0.33470733718054413 0.1982808857808858 0.0008244023083264633 0.019522144522144524
26 0.33099752679307504 0.2043997668997669 0.008244023083264633 0.004953379953379953
26 0.33099752679307504 0.20935314685314685 0.008244023083264633 0.004953379953379953
26 0.4488870568837593 0.2043997668997669 0.008244023083264633 0.004953379953379953
26 0.4488870568837593 0.1995920745920746 0.008244023083264633 0.005244755244755245
1 0.8936521022258862 0.36451048951048953 0.01236603462489695 0.0005827505827505828
1 0.7980214344600165 0.36451048951048953 0.01236603462489695 0.0005827505827505828
1 0.6871393239901071 0.36451048951048953 0.01236603462489695 0.0005827505827505828
1 0.6117065127782357 0.36451048951048953 0.01236603462489695 0.0005827505827505828
1 0.5828524319868096 0.36451048951048953 0.01236603462489695 0.0005827505827505828
2 0.9400247320692497 0.34775641025641024 0.0028854080791426216 0.0020396270396270395
2 0.9400247320692497 0.3524184149184149 0.0028854080791426216 0.0020396270396270395
2 0.9400247320692497 0.3946678321678322 0.0028854080791426216 0.0020396270396270395
2 0.9400247320692497 0.3996212121212121 0.0028854080791426216 0.0020396270396270395
134 0.5 0.3500874125874126 0.9043693322341303 0.019522144522144524
134 0.5 0.3972902097902098 0.9043693322341303 0.019522144522144524
1 0.8472794723825227 0.4117132867132867 0.013602638087386645 0.0005827505827505828
1 0.8472794723825227 0.416520979020979 0.013602638087386645 0.0008741258741258741
1 0.8472794723825227 0.42132867132867136 0.013602638087386645 0.0005827505827505828
1 0.7980214344600165 0.4117132867132867 0.01236603462489695 0.0005827505827505828
1 0.7980214344600165 0.416520979020979 0.01236603462489695 0.0008741258741258741
1 0.7980214344600165 0.42132867132867136 0.01236603462489695 0.0005827505827505828
1 0.75 0.4117132867132867 0.012778235779060182 0.0005827505827505828
1 0.75 0.416520979020979 0.012778235779060182 0.0008741258741258741
1 0.75 0.42132867132867136 0.012778235779060182 0.0005827505827505828
1 0.6407666941467436 0.4117132867132867 0.013602638087386645 0.0005827505827505828
1 0.6407666941467436 0.416520979020979 0.013602638087386645 0.0008741258741258741
1 0.536479802143446 0.4117132867132867 0.013602638087386645 0.0005827505827505828
1 0.4738252267106348 0.4117132867132867 0.012778235779060182 0.0005827505827505828
1 0.4738252267106348 0.416520979020979 0.012778235779060182 0.0008741258741258741
1 0.4260098928276999 0.4117132867132867 0.012778235779060182 0.0005827505827505828
1 0.4260098928276999 0.416520979020979 0.012778235779060182 0.0008741258741258741
1 0.4260098928276999 0.42132867132867136 0.012778235779060182 0.0005827505827505828
1 0.3305853256389118 0.4117132867132867 0.013190436933223413 0.0005827505827505828
1 0.2679307502061006 0.4117132867132867 0.01236603462489695 0.0005827505827505828
1 0.2679307502061006 0.416520979020979 0.01236603462489695 0.0008741258741258741
1 0.2679307502061006 0.42132867132867136 0.01236603462489695 0.0005827505827505828
1 0.2201154163231657 0.4117132867132867 0.01236603462489695 0.0005827505827505828
1 0.2201154163231657 0.416520979020979 0.01236603462489695 0.0008741258741258741
1 0.11417971970321517 0.4117132867132867 0.013190436933223413 0.0005827505827505828
26 0.611088211046991 0.3524184149184149 0.007007419620774938 0.004953379953379953
30 0.6409727947238252 0.4188519813519814 0.009068425391591096 0.004953379953379953
86 0.6393239901071723 0.3393065268065268 0.006595218466611707 0.014277389277389278
41 0.6154163231657048 0.35096153846153844 0.0008244023083264633 0.028846153846153848
41 0.6910552349546579 0.3503787878787879 0.00041220115416323167 0.029428904428904428
24 0.7502061005770816 0.4211829836829837 0.008244023083264633 0.004953379953379953
86 0.7487633965375103 0.3393065268065268 0.006183017312448475 0.014277389277389278
41 0.644888705688376 0.40763403263403264 0.00041220115416323167 0.020396270396270396
26 0.6871393239901071 0.3524184149184149 0.008244023083264633 0.004953379953379953
24 0.6871393239901071 0.3597027972027972 0.008244023083264633 0.004953379953379953
26 0.6871393239901071 0.36698717948717946 0.008244023083264633 0.004953379953379953
41 0.5406018136850783 0.40224358974358976 0.00041220115416323167 0.01486013986013986
28 0.5366859027205276 0.41156759906759904 0.009068425391591096 0.004953379953379953
86 0.5350370981038747 0.3393065268065268 0.006595218466611707 0.014277389277389278
121 0.179719703215169 0.33085664335664333 0.030502885408079144 0.001456876456876457
24 0.5824402308326463 0.3597027972027972 0.00741962077493817 0.004953379953379953
26 0.6117065127782357 0.36698717948717946 0.008244023083264633 0.004953379953379953
41 0.5867683429513603 0.35096153846153844 0.00041220115416323167 0.028846153846153848
26 0.5828524319868096 0.3524184149184149 0.008244023083264633 0.004953379953379953
24 0.6117065127782357 0.3597027972027972 0.008244023083264633 0.004953379953379953
26 0.5828524319868096 0.36698717948717946 0.008244023083264633 0.004953379953379953
41 0.8973619126133553 0.34935897435897434 0.0008244023083264633 0.027389277389277388
26 0.8936521022258862 0.3524184149184149 0.008244023083264633 0.004953379953379953
24 0.8936521022258862 0.3597027972027972 0.008244023083264633 0.004953379953379953
24 0.8936521022258862 0.36451048951048953 0.008244023083264633 0.005244755244755245
41 0.8511953833470733 0.4085081585081585 0.0008244023083264633 0.022144522144522144
121 0.6011953833470733 0.33653846153846156 0.028441879637262985 0.0017482517482517483
41 0.7537098103874691 0.40894522144522144 0.00041220115416323167 0.02301864801864802
28 0.8470733718054411 0.4211829836829837 0.009068425391591096 0.004953379953379953
86 0.8456306677658697 0.3393065268065268 0.006183017312448475 0.014277389277389278
41 0.8017312448474856 0.40865384615384615 0.0008244023083264633 0.022435897435897436
41 0.8017312448474856 0.349504662004662 0.0008244023083264633 0.02768065268065268
24 0.7980214344600165 0.4211829836829837 0.008244023083264633 0.004953379953379953
26 0.7980214344600165 0.3524184149184149 0.008244023083264633 0.004953379953379953
24 0.7980214344600165 0.3597027972027972 0.008244023083264633 0.004953379953379953
24 0.7980214344600165 0.36451048951048953 0.008244023083264633 0.005244755244755245
41 0.16446826051112942 0.34353146853146854 0.0008244023083264633 0.02505827505827506
41 0.1951772464962902 0.34338578088578087 0.00041220115416323167 0.024766899766899768
24 0.1912613355317395 0.34527972027972026 0.008244023083264633 0.005244755244755245
26 0.1912613355317395 0.3524184149184149 0.008244023083264633 0.004953379953379953
26 0.1912613355317395 0.3573717948717949 0.008244023083264633 0.004953379953379953
24 0.16075845012366036 0.34527972027972026 0.008244023083264633 0.005244755244755245
26 0.16075845012366036 0.3524184149184149 0.008244023083264633 0.004953379953379953
26 0.16075845012366036 0.3573717948717949 0.008244023083264633 0.004953379953379953
24 0.2679307502061006 0.42132867132867136 0.008244023083264633 0.005244755244755245
24 0.26731244847485575 0.34527972027972026 0.007007419620774938 0.005244755244755245
26 0.26731244847485575 0.3524184149184149 0.007007419620774938 0.004953379953379953
41 0.2238252267106348 0.40748834498834496 0.0008244023083264633 0.020104895104895104
41 0.11830173124484748 0.40486596736596736 0.0008244023083264633 0.01486013986013986
26 0.2201154163231657 0.4188519813519814 0.008244023083264633 0.004953379953379953
86 0.218878812860676 0.3393065268065268 0.006595218466611707 0.014277389277389278
5 0.06306677658697445 0.34906759906759904 0.018136850783182192 0.03613053613053613
69 0.08140972794723825 0.3923368298368298 0.007007419620774938 0.014277389277389278
69 0.08882934872217642 0.3994755244755245 0.007007419620774938 0.013986013986013986
69 0.08140972794723825 0.34032634032634035 0.007007419620774938 0.013986013986013986
69 0.08882934872217642 0.3476107226107226 0.007007419620774938 0.013986013986013986
0 0.04204451772464963 0.3736888111888112 0.005770816158285243 0.06672494172494173
30 0.11417971970321517 0.4141899766899767 0.009068425391591096 0.004953379953379953
86 0.11253091508656224 0.3393065268065268 0.006595218466611707 0.014277389277389278
26 0.2679307502061006 0.3573717948717949 0.008244023083264633 0.004953379953379953
8 0.06265457543281121 0.3956876456876457 0.018961253091508656 0.016317016317016316
24 0.3765457543281121 0.34527972027972026 0.007007419620774938 0.005244755244755245
26 0.4740313272877164 0.3524184149184149 0.008244023083264633 0.004953379953379953
26 0.4740313272877164 0.3573717948717949 0.008244023083264633 0.004953379953379953
26 0.377164056059357 0.3573717948717949 0.008244023083264633 0.004953379953379953
26 0.3765457543281121 0.3524184149184149 0.007007419620774938 0.004953379953379953
41 0.380873866446826 0.34367715617715616 0.0008244023083264633 0.025349650349650348
41 0.429719703215169 0.4085081585081585 0.00041220115416323167 0.022144522144522144
86 0.42477328936521025 0.3393065268065268 0.006183017312448475 0.014277389277389278
24 0.4260098928276999 0.42132867132867136 0.007831821929101401 0.005244755244755245
41 0.27164056059356967 0.40894522144522144 0.0008244023083264633 0.02301864801864802
30 0.3305853256389118 0.4141899766899767 0.009068425391591096 0.004953379953379953
86 0.32893652102225884 0.3393065268065268 0.006595218466611707 0.014277389277389278
41 0.47753503709810385 0.4071969696969697 0.00041220115416323167 0.019522144522144524
41 0.27164056059356967 0.34367715617715616 0.0008244023083264633 0.025349650349650348
24 0.4740313272877164 0.34527972027972026 0.008244023083264633 0.005244755244755245
41 0.47753503709810385 0.34367715617715616 0.00041220115416323167 0.025349650349650348
41 0.33470733718054413 0.4053030303030303 0.0008244023083264633 0.015734265734265736
26 0.4740313272877164 0.4188519813519814 0.008244023083264633 0.004953379953379953
1 0.9060181368507831 0.5512820512820513 0.01236603462489695 0.0005827505827505828
1 0.9060181368507831 0.5560897435897436 0.01236603462489695 0.0008741258741258741
1 0.9060181368507831 0.5608974358974359 0.01236603462489695 0.0005827505827505828
1 0.7537098103874691 0.5512820512820513 0.013602638087386645 0.0005827505827505828
1 0.7537098103874691 0.5560897435897436 0.013602638087386645 0.0008741258741258741
1 0.7537098103874691 0.5608974358974359 0.013602638087386645 0.0005827505827505828
1 0.6453009068425392 0.5512820512820513 0.013602638087386645 0.0005827505827505828
1 0.6453009068425392 0.5560897435897436 0.013602638087386645 0.0008741258741258741
1 0.5401896125309151 0.5512820512820513 0.013602638087386645 0.0005827505827505828
1 0.4802143446001649 0.5512820512820513 0.01236603462489695 0.0005827505827505828
1 0.4802143446001649 0.5560897435897436 0.01236603462489695 0.0008741258741258741
1 0.4319868095630668 0.5512820512820513 0.01236603462489695 0.0005827505827505828
1 0.4319868095630668 0.5560897435897436 0.01236603462489695 0.0008741258741258741
1 0.4319868095630668 0.5608974358974359 0.01236603462489695 0.0005827505827505828
1 0.3270816158285243 0.5512820512820513 0.013602638087386645 0.0005827505827505828
1 0.2671063478977741 0.5512820512820513 0.01236603462489695 0.0005827505827505828
1 0.2671063478977741 0.5560897435897436 0.01236603462489695 0.0008741258741258741
1 0.2671063478977741 0.5608974358974359 0.01236603462489695 0.0005827505827505828
1 0.218878812860676 0.5512820512820513 0.01236603462489695 0.0005827505827505828
1 0.218878812860676 0.5560897435897436 0.01236603462489695 0.0008741258741258741
1 0.11417971970321517 0.5512820512820513 0.013190436933223413 0.0005827505827505828
134 0.5 0.5368589743589743 0.9043693322341303 0.019522144522144524
134 0.5 0.4881993006993007 0.9043693322341303 0.019522144522144524
26 0.6941467436108821 0.4855769230769231 0.008244023083264633 0.004953379953379953
26 0.6947650453421269 0.49053030303030304 0.007007419620774938 0.004953379953379953
41 0.6492168178070898 0.546911421911422 0.0008244023083264633 0.019813519813519812
41 0.6485985160758451 0.4817890442890443 0.00041220115416323167 0.01893939393939394
30 0.6450948062654576 0.558420745920746 0.009068425391591096 0.004953379953379953
41 0.7570074196207749 0.4817890442890443 0.00041220115416323167 0.01893939393939394
41 0.7578318219291014 0.5480769230769231 0.00041220115416323167 0.022144522144522144
41 0.690436933223413 0.49606643356643354 0.0008244023083264633 0.01893939393939394
28 0.7537098103874691 0.5610431235431236 0.008656224237427864 0.004953379953379953
24 0.7532976092333058 0.4881993006993007 0.007831821929101401 0.004953379953379953
24 0.7532976092333058 0.49286130536130535 0.007831821929101401 0.004953379953379953
41 0.5443116240725474 0.5421037296037297 0.00041220115416323167 0.01486013986013986
41 0.5434872217642209 0.4825174825174825 0.00041220115416323167 0.017482517482517484
24 0.6446826051112943 0.49286130536130535 0.008244023083264633 0.004953379953379953
41 0.5939818631492169 0.49635780885780884 0.0008244023083264633 0.018356643356643356
26 0.597691673536686 0.4855769230769231 0.008244023083264633 0.004953379953379953
26 0.597691673536686 0.49053030303030304 0.008244023083264633 0.004953379953379953
24 0.6446826051112943 0.4881993006993007 0.008244023083264633 0.004953379953379953
41 0.5719291014014839 0.4825174825174825 0.00041220115416323167 0.017482517482517484
24 0.5680131904369332 0.4881993006993007 0.008244023083264633 0.004953379953379953
24 0.5680131904369332 0.49286130536130535 0.008244023083264633 0.004953379953379953
121 0.8130667765869745 0.5042249417249417 0.028441879637262985 0.003205128205128205
122 0.8448062654575432 0.48572261072261075 0.016075845012366034 0.002331002331002331
122 0.8452184666117065 0.4810606060606061 0.016900247320692497 0.002331002331002331
121 0.39303380049464137 0.47042540792540793 0.028441879637262985 0.003205128205128205
121 0.17992580379225062 0.47042540792540793 0.028441879637262985 0.003205128205128205
122 0.20507007419620774 0.49067599067599066 0.016075845012366034 0.002331002331002331
122 0.20507007419620774 0.48572261072261075 0.016075845012366034 0.002331002331002331
122 0.2071310799670239 0.4809149184149184 0.02019785655399835 0.0026223776223776225
122 0.41817807089859854 0.49067599067599066 0.016075845012366034 0.002331002331002331
122 0.41817807089859854 0.48572261072261075 0.016075845012366034 0.002331002331002331
122 0.4202390766694147 0.4809149184149184 0.02019785655399835 0.0026223776223776225
121 0.5577081615828524 0.47363053613053613 0.028029678483099753 0.001456876456876457
26 0.8025556471558121 0.4855769230769231 0.008244023083264633 0.004953379953379953
41 0.8272877164056059 0.4938811188811189 0.0008244023083264633 0.018648018648018648
24 0.830997526793075 0.48324592074592077 0.008244023083264633 0.004953379953379953
24 0.830997526793075 0.4881993006993007 0.008244023083264633 0.004953379953379953
41 0.798845836768343 0.4956293706293706 0.0008244023083264633 0.018065268065268064
26 0.8025556471558121 0.49053030303030304 0.008244023083264633 0.004953379953379953
41 0.9097279472382522 0.5482226107226107 0.0008244023083264633 0.022435897435897436
24 0.9060181368507831 0.5608974358974359 0.008244023083264633 0.005244755244755245
41 0.8633553173948887 0.5372960372960373 0.00041220115416323167 0.015151515151515152
41 0.8557295960428689 0.49446386946386944 0.0008244023083264633 0.019230769230769232
24 0.859439406430338 0.5464743589743589 0.008244023083264633 0.004953379953379953
28 0.8598516075845012 0.48324592074592077 0.009068425391591096 0.004953379953379953
28 0.8598516075845012 0.4881993006993007 0.009068425391591096 0.004953379953379953
41 0.19435284418796372 0.4825174825174825 0.00041220115416323167 0.022144522144522144
26 0.190436933223413 0.4855769230769231 0.008244023083264633 0.004953379953379953
26 0.190436933223413 0.49053030303030304 0.008244023083264633 0.004953379953379953
26 0.190436933223413 0.49533799533799533 0.008244023083264633 0.005244755244755245
26 0.218878812860676 0.49533799533799533 0.008244023083264633 0.005244755244755245
41 0.16591096455070073 0.4817890442890443 0.00041220115416323167 0.0236013986013986
24 0.16199505358615005 0.48324592074592077 0.008244023083264633 0.004953379953379953
26 0.16199505358615005 0.49053030303030304 0.008244023083264633 0.004953379953379953
26 0.16199505358615005 0.49533799533799533 0.008244023083264633 0.005244755244755245
41 0.27102225886232484 0.5482226107226107 0.00041220115416323167 0.022435897435897436
28 0.5401896125309151 0.5512820512820513 0.008656224237427864 0.005244755244755245
24 0.2671063478977741 0.5608974358974359 0.008244023083264633 0.005244755244755245
86 0.26586974443528444 0.4772727272727273 0.006595218466611707 0.013986013986013986
41 0.2225886232481451 0.546911421911422 0.0008244023083264633 0.019813519813519812
41 0.2225886232481451 0.4825174825174825 0.0008244023083264633 0.023892773892773892
26 0.218878812860676 0.558420745920746 0.008244023083264633 0.004953379953379953
26 0.218878812860676 0.4855769230769231 0.008244023083264633 0.004953379953379953
26 0.218878812860676 0.49053030303030304 0.008244023083264633 0.004953379953379953
8 0.06265457543281121 0.5352564102564102 0.018961253091508656 0.016317016317016316
69 0.08140972794723825 0.4784382284382284 0.007007419620774938 0.013986013986013986
69 0.08882934872217642 0.48572261072261075 0.007007419620774938 0.013986013986013986
5 0.06306677658697445 0.4868881118881119 0.018136850783182192 0.03613053613053613
69 0.08140972794723825 0.532051282051282 0.007007419620774938 0.013986013986013986
69 0.08882934872217642 0.5391899766899767 0.007007419620774938 0.014277389277389278
0 0.04204451772464963 0.5125291375291375 0.005770816158285243 0.06818181818181818
26 0.11376751854905194 0.49533799533799533 0.008244023083264633 0.005244755244755245
41 0.11830173124484748 0.5444347319347319 0.0008244023083264633 0.01486013986013986
41 0.11768342951360264 0.4825174825174825 0.00041220115416323167 0.023892773892773892
30 0.11417971970321517 0.5537587412587412 0.009068425391591096 0.004953379953379953
26 0.11376751854905194 0.4855769230769231 0.008244023083264633 0.004953379953379953
26 0.11376751854905194 0.49053030303030304 0.008244023083264633 0.004953379953379953
26 0.40292662819455893 0.49053030303030304 0.007007419620774938 0.004953379953379953
24 0.4319868095630668 0.5610431235431236 0.008244023083264633 0.004953379953379953
26 0.43136850783182196 0.4855769230769231 0.007007419620774938 0.004953379953379953
26 0.43136850783182196 0.49053030303030304 0.007007419620774938 0.004953379953379953
26 0.4319868095630668 0.49533799533799533 0.008244023083264633 0.005244755244755245
41 0.40725474031327286 0.4826631701631702 0.0008244023083264633 0.022435897435897436
26 0.4035449299258038 0.4855769230769231 0.008244023083264633 0.004953379953379953
41 0.4356966199505359 0.4825174825174825 0.0008244023083264633 0.023892773892773892
26 0.4035449299258038 0.49533799533799533 0.008244023083264633 0.005244755244755245
41 0.3788128606760099 0.4819347319347319 0.0008244023083264633 0.023892773892773892
24 0.3751030502885408 0.48324592074592077 0.008244023083264633 0.004953379953379953
26 0.3751030502885408 0.49053030303030304 0.008244023083264633 0.004953379953379953
26 0.3751030502885408 0.49533799533799533 0.008244023083264633 0.005244755244755245
24 0.5397774113767518 0.4881993006993007 0.007831821929101401 0.004953379953379953
24 0.5397774113767518 0.49286130536130535 0.007831821929101401 0.004953379953379953
41 0.48392415498763397 0.5470571095571095 0.0008244023083264633 0.020104895104895104
26 0.4802143446001649 0.558420745920746 0.008244023083264633 0.004953379953379953
86 0.47877164056059357 0.4772727272727273 0.006183017312448475 0.013986013986013986
41 0.4356966199505359 0.548513986013986 0.0008244023083264633 0.02301864801864802
41 0.33120362737015663 0.5442890442890443 0.00041220115416323167 0.014568764568764568
41 0.3305853256389118 0.4822261072261072 0.0008244023083264633 0.023310023310023312
30 0.32728771640560594 0.5537587412587412 0.009068425391591096 0.004953379953379953
26 0.3268755152514427 0.4855769230769231 0.008244023083264633 0.004953379953379953
26 0.3268755152514427 0.49053030303030304 0.008244023083264633 0.004953379953379953
26 0.3268755152514427 0.49533799533799533 0.008244023083264633 0.005244755244755245
134 0.5 0.6277680652680653 0.9043693322341303 0.019522144522144524
1 0.7753503709810388 0.6883741258741258 0.01731244847485573 0.0008741258741258741
1 0.7753503709810388 0.6931818181818182 0.01731244847485573 0.0005827505827505828
1 0.7753503709810388 0.6979895104895105 0.01731244847485573 0.0008741258741258741
1 0.627164056059357 0.6883741258741258 0.013602638087386645 0.0008741258741258741
1 0.627164056059357 0.6931818181818182 0.013602638087386645 0.0005827505827505828
1 0.627164056059357 0.6979895104895105 0.013602638087386645 0.0008741258741258741
1 0.5762572135201979 0.6883741258741258 0.01236603462489695 0.0008741258741258741
1 0.5762572135201979 0.6931818181818182 0.01236603462489695 0.0005827505827505828
1 0.5762572135201979 0.6979895104895105 0.01236603462489695 0.0008741258741258741
1 0.49505358615004125 0.6883741258741258 0.01236603462489695 0.0008741258741258741
1 0.49505358615004125 0.6931818181818182 0.01236603462489695 0.0005827505827505828
1 0.44476504534212696 0.6883741258741258 0.01236603462489695 0.0008741258741258741
1 0.44476504534212696 0.6931818181818182 0.01236603462489695 0.0005827505827505828
1 0.44476504534212696 0.6979895104895105 0.01236603462489695 0.0008741258741258741
1 0.3359439406430338 0.6883741258741258 0.013190436933223413 0.0008741258741258741
1 0.27328936521022257 0.6883741258741258 0.01236603462489695 0.0008741258741258741
1 0.27328936521022257 0.6931818181818182 0.01236603462489695 0.0005827505827505828
1 0.27328936521022257 0.6979895104895105 0.01236603462489695 0.0008741258741258741
1 0.22300082440230834 0.6883741258741258 0.01236603462489695 0.0008741258741258741
1 0.22300082440230834 0.6931818181818182 0.01236603462489695 0.0005827505827505828
1 0.11417971970321517 0.6883741258741258 0.013190436933223413 0.0008741258741258741
134 0.5 0.6738053613053613 0.9043693322341303 0.019522144522144524
40 0.6366446826051113 0.7003205128205128 0.0028854080791426216 0.0020396270396270395
24 0.6622011541632317 0.683420745920746 0.007831821929101401 0.004953379953379953
41 0.6312860676009893 0.6861888111888111 0.00041220115416323167 0.024475524475524476
41 0.6584913437757626 0.6902680652680653 0.00041220115416323167 0.011655011655011656
40 0.6712695795548228 0.6858974358974359 0.0028854080791426216 0.002331002331002331
28 0.7720527617477329 0.6181526806526807 0.009068425391591096 0.004953379953379953
41 0.7679307502061006 0.627039627039627 0.0008244023083264633 0.015734265734265736
28 0.7722588623248146 0.683420745920746 0.008656224237427864 0.004953379953379953
34 0.7753503709810388 0.7003205128205128 0.011541632316570486 0.004953379953379953
24 0.7246496290189612 0.683420745920746 0.008244023083264633 0.004953379953379953
34 0.7765869744435284 0.6251456876456877 0.011541632316570486 0.004953379953379953
34 0.7765869744435284 0.6300990675990676 0.011541632316570486 0.004953379953379953
34 0.7765869744435284 0.6349067599067599 0.011541632316570486 0.005244755244755245
53 0.7246496290189612 0.6902680652680653 0.005770816158285243 0.01282051282051282
41 0.7209398186314921 0.6911421911421911 0.0008244023083264633 0.013403263403263404
61 0.5612118713932399 0.6252913752913752 0.004534212695795548 0.013986013986013986
59 0.5539983511953833 0.6274766899766899 0.005770816158285243 0.011946386946386946
61 0.5673948887056883 0.6349067599067599 0.004534212695795548 0.013986013986013986
61 0.5673948887056883 0.6181526806526807 0.004534212695795548 0.014277389277389278
85 0.5766694146743611 0.708916083916084 0.015663643858202802 0.002913752913752914
26 0.5762572135201979 0.7003205128205128 0.008244023083264633 0.004953379953379953
32 0.5781121187139324 0.6181526806526807 0.011129431162407255 0.004953379953379953
34 0.5781121187139324 0.6251456876456877 0.011129431162407255 0.004953379953379953
34 0.5779060181368508 0.6300990675990676 0.011541632316570486 0.004953379953379953
34 0.5781121187139324 0.6349067599067599 0.011129431162407255 0.005244755244755245
121 0.18281121187139324 0.6101398601398601 0.02926628194558945 0.002913752913752914
30 0.627164056059357 0.7003205128205128 0.008656224237427864 0.004953379953379953
41 0.5801731244847486 0.6867715617715617 0.00041220115416323167 0.02564102564102564
68 0.9396125309150866 0.668997668997669 0.004534212695795548 0.013986013986013986
68 0.9466199505358615 0.6762820512820513 0.004534212695795548 0.013986013986013986
68 0.9396125309150866 0.6181526806526807 0.004534212695795548 0.014277389277389278
68 0.9466199505358615 0.6252913752913752 0.004534212695795548 0.013986013986013986
122 0.4305441055234955 0.6302447552447552 0.016900247320692497 0.002331002331002331
122 0.20877988458367683 0.6302447552447552 0.016900247320692497 0.002331002331002331
122 0.20877988458367683 0.6254370629370629 0.016900247320692497 0.0026223776223776225
122 0.2110469909315746 0.620483682983683 0.021434460016488046 0.0026223776223776225
121 0.40436933223413024 0.6101398601398601 0.02967848309975268 0.002913752913752914
122 0.4305441055234955 0.6254370629370629 0.016900247320692497 0.0026223776223776225
122 0.43281121187139326 0.620483682983683 0.021434460016488046 0.0026223776223776225
122 0.6774525968672712 0.6306818181818182 0.1834295136026381 0.003787878787878788
122 0.6772464962901896 0.6257284382284383 0.1838417147568013 0.003787878787878788
122 0.6772464962901896 0.6210664335664335 0.1838417147568013 0.003787878787878788
122 0.7009480626545754 0.6960955710955711 0.1339653751030503 0.0034965034965034965
61 0.7627782357790602 0.6181526806526807 0.004534212695795548 0.014277389277389278
41 0.7679307502061006 0.6902680652680653 0.0008244023083264633 0.011655011655011656
40 0.7817394888705689 0.6810897435897436 0.0028854080791426216 0.0020396270396270395
41 0.8753091508656224 0.6907051282051282 0.00041220115416323167 0.01078088578088578
24 0.8792250618301731 0.683420745920746 0.008244023083264633 0.004953379953379953
41 0.8398598516075845 0.6296620046620046 0.00041220115416323167 0.015151515151515152
30 0.8441879637262985 0.620483682983683 0.009068425391591096 0.004953379953379953
26 0.22300082440230834 0.6350524475524476 0.008244023083264633 0.004953379953379953
41 0.19744435284418796 0.6223776223776224 0.0008244023083264633 0.022727272727272728
26 0.19373454245671887 0.6254370629370629 0.008244023083264633 0.004953379953379953
26 0.19373454245671887 0.6300990675990676 0.008244023083264633 0.004953379953379953
26 0.19373454245671887 0.6350524475524476 0.008244023083264633 0.004953379953379953
26 0.2225886232481451 0.6300990675990676 0.00741962077493817 0.004953379953379953
41 0.1679719703215169 0.6213578088578089 0.00041220115416323167 0.0236013986013986
24 0.1640560593569662 0.6228146853146853 0.008244023083264633 0.004953379953379953
26 0.1640560593569662 0.6300990675990676 0.008244023083264633 0.004953379953379953
26 0.1640560593569662 0.6350524475524476 0.008244023083264633 0.004953379953379953
41 0.2772052761747733 0.6850233100233101 0.00041220115416323167 0.022144522144522144
24 0.27328936521022257 0.6979895104895105 0.008244023083264633 0.004953379953379953
86 0.2722588623248145 0.6168414918414918 0.006183017312448475 0.013986013986013986
41 0.22691673536685902 0.6838578088578089 0.00041220115416323167 0.019813519813519812
41 0.22691673536685902 0.622086247086247 0.00041220115416323167 0.023892773892773892
26 0.22300082440230834 0.6955128205128205 0.008244023083264633 0.005244755244755245
26 0.22300082440230834 0.6252913752913752 0.008244023083264633 0.005244755244755245
69 0.08140972794723825 0.618006993006993 0.007007419620774938 0.013986013986013986
69 0.08882934872217642 0.6252913752913752 0.007007419620774938 0.013986013986013986
5 0.06306677658697445 0.6267482517482518 0.018136850783182192 0.03613053613053613
8 0.06265457543281121 0.6722027972027972 0.018961253091508656 0.016317016317016316
0 0.04225061830173125 0.6507867132867133 0.0053586150041220115 0.06555944055944056
41 0.11830173124484748 0.6813811188811189 0.0008244023083264633 0.01486013986013986
41 0.11768342951360264 0.6217948717948718 0.00041220115416323167 0.023310023310023312
30 0.11417971970321517 0.6907051282051282 0.009068425391591096 0.004953379953379953
26 0.11376751854905194 0.6252913752913752 0.008244023083264633 0.005244755244755245
26 0.11376751854905194 0.6300990675990676 0.008244023083264633 0.004953379953379953
26 0.11376751854905194 0.6350524475524476 0.008244023083264633 0.004953379953379953
69 0.08140972794723825 0.668997668997669 0.007007419620774938 0.013986013986013986
69 0.08882934872217642 0.6762820512820513 0.007007419620774938 0.013986013986013986
26 0.4154987633965375 0.6350524475524476 0.008244023083264633 0.004953379953379953
41 0.3897361912613355 0.6213578088578089 0.00041220115416323167 0.0236013986013986
26 0.4148804616652927 0.6300990675990676 0.007007419620774938 0.004953379953379953
24 0.38582028029678483 0.6228146853146853 0.008244023083264633 0.004953379953379953
26 0.38582028029678483 0.6300990675990676 0.008244023083264633 0.004953379953379953
26 0.38582028029678483 0.6350524475524476 0.008244023083264633 0.004953379953379953
41 0.44868095630667765 0.6217948717948718 0.00041220115416323167 0.023310023310023312
24 0.44476504534212696 0.6979895104895105 0.008244023083264633 0.004953379953379953
26 0.44476504534212696 0.6252913752913752 0.008244023083264633 0.005244755244755245
26 0.44476504534212696 0.6300990675990676 0.008244023083264633 0.004953379953379953
26 0.44476504534212696 0.6350524475524476 0.008244023083264633 0.004953379953379953
86 0.49381698268755153 0.6168414918414918 0.006595218466611707 0.013986013986013986
41 0.44868095630667765 0.685460372960373 0.00041220115416323167 0.02301864801864802
41 0.4192085737840066 0.6225233100233101 0.0008244023083264633 0.02301864801864802
26 0.4154987633965375 0.6254370629370629 0.008244023083264633 0.004953379953379953
41 0.3394476504534213 0.6217948717948718 0.00041220115416323167 0.023310023310023312
41 0.49896949711459193 0.6838578088578089 0.00041220115416323167 0.019813519813519812
41 0.3400659521846661 0.6815268065268065 0.0008244023083264633 0.015151515151515152
30 0.3359439406430338 0.6907051282051282 0.009068425391591096 0.004953379953379953
26 0.33553173948887055 0.6252913752913752 0.008244023083264633 0.005244755244755245
26 0.33553173948887055 0.6300990675990676 0.008244023083264633 0.004953379953379953
26 0.33553173948887055 0.6350524475524476 0.008244023083264633 0.004953379953379953
26 0.49505358615004125 0.6955128205128205 0.008244023083264633 0.005244755244755245
134 0.5 0.8139568764568764 0.9043693322341303 0.019522144522144524
1 0.5731657048639737 0.8283799533799534 0.012778235779060182 0.0005827505827505828
1 0.5012366034624897 0.8283799533799534 0.01236603462489695 0.0005827505827505828
1 0.35758450123660346 0.8283799533799534 0.013602638087386645 0.0005827505827505828
1 0.17106347897774113 0.8283799533799534 0.01236603462489695 0.0005827505827505828
1 0.17106347897774113 0.8331876456876457 0.01236603462489695 0.0008741258741258741
1 0.17106347897774113 0.837995337995338 0.01236603462489695 0.0005827505827505828
1 0.09192085737840065 0.8283799533799534 0.01236603462489695 0.0005827505827505828
1 0.09192085737840065 0.8331876456876457 0.01236603462489695 0.0008741258741258741
1 0.09192085737840065 0.837995337995338 0.01236603462489695 0.0005827505827505828
134 0.5 0.7647144522144522 0.9043693322341303 0.019522144522144524
41 0.6720939818631492 0.8143939393939394 0.00041220115416323167 0.015151515151515152
87 0.7401071723000825 0.7556818181818182 0.007831821929101401 0.00844988344988345
41 0.5049464138499588 0.8216783216783217 0.0008244023083264633 0.015151515151515152
41 0.7440230832646332 0.814539627039627 0.0008244023083264633 0.015442890442890442
24 0.7403132728771641 0.8235722610722611 0.008244023083264633 0.004953379953379953
41 0.7079554822753503 0.7587412587412588 0.00041220115416323167 0.018065268065268064
24 0.7040395713107996 0.7647144522144522 0.008244023083264633 0.004953379953379953
24 0.7040395713107996 0.7696678321678322 0.008244023083264633 0.004953379953379953
41 0.5768755152514426 0.821532634032634 0.00041220115416323167 0.01486013986013986
26 0.5733718054410553 0.8308566433566433 0.008244023083264633 0.004953379953379953
87 0.5731657048639737 0.7556818181818182 0.007831821929101401 0.00844988344988345
41 0.5410140148392415 0.7587412587412588 0.00041220115416323167 0.018065268065268064
24 0.5370981038746908 0.7647144522144522 0.008244023083264633 0.004953379953379953
24 0.5370981038746908 0.7696678321678322 0.008244023083264633 0.004953379953379953
121 0.2862737015663644 0.7808857808857809 0.03586150041220115 0.002913752913752914
26 0.6681780708985985 0.7719988344988346 0.008244023083264633 0.004953379953379953
41 0.6720939818631492 0.7616550116550117 0.00041220115416323167 0.018648018648018648
24 0.6681780708985985 0.8235722610722611 0.008244023083264633 0.004953379953379953
26 0.6681780708985985 0.7670454545454546 0.008244023083264633 0.004953379953379953
47 0.6164468260511129 0.7584498834498834 0.006183017312448475 0.011655011655011656
41 0.6125309150865622 0.7603438228438228 0.0008244023083264633 0.020104895104895104
26 0.6088211046990931 0.7670454545454546 0.008244023083264633 0.004953379953379953
26 0.6088211046990931 0.7719988344988346 0.008244023083264633 0.004953379953379953
121 0.8258450123660346 0.7808857808857809 0.03586150041220115 0.002913752913752914
53 0.9192085737840066 0.773455710955711 0.005770816158285243 0.01252913752913753
41 0.9154987633965375 0.7711247086247086 0.0008244023083264633 0.019522144522144524
121 0.4150865622423743 0.7488344988344988 0.1079967023907667 0.00641025641025641
122 0.4837180544105523 0.7718531468531469 0.023495465787304205 0.002913752913752914
122 0.4837180544105523 0.7670454545454546 0.023495465787304205 0.0026223776223776225
122 0.4857790601813685 0.7622377622377622 0.027617477328936522 0.002913752913752914
121 0.5228771640560593 0.7502913752913752 0.03586150041220115 0.0034965034965034965
24 0.9192085737840066 0.7599067599067599 0.008244023083264633 0.005244755244755245
122 0.638911788953009 0.7679195804195804 0.04699093157460841 0.003205128205128205
122 0.638911788953009 0.7631118881118881 0.04699093157460841 0.0034965034965034965
121 0.6898186314921682 0.7502913752913752 0.03586150041220115 0.0034965034965034965
122 0.7932811211871393 0.7622377622377622 0.023495465787304205 0.002913752913752914
122 0.7936933223413025 0.7572843822843823 0.03338829348722176 0.002913752913752914
24 0.8116240725474031 0.8235722610722611 0.008244023083264633 0.004953379953379953
41 0.8155399835119538 0.8146853146853147 0.00041220115416323167 0.015734265734265736
41 0.807914262159934 0.772581585081585 0.0008244023083264633 0.017773892773892772
24 0.8483099752679307 0.7647144522144522 0.00741962077493817 0.004953379953379953
26 0.8116240725474031 0.7623834498834499 0.008244023083264633 0.004953379953379953
26 0.8116240725474031 0.7670454545454546 0.008244023083264633 0.004953379953379953
53 0.7757625721352019 0.7753496503496503 0.005770816158285243 0.011655011655011656
41 0.7720527617477329 0.7733100233100233 0.0008244023083264633 0.018648018648018648
26 0.7757625721352019 0.7623834498834499 0.008244023083264633 0.004953379953379953
24 0.9192085737840066 0.7647144522144522 0.008244023083264633 0.004953379953379953
41 0.8874690849134378 0.814539627039627 0.0008244023083264633 0.015442890442890442
26 0.7757625721352019 0.7670454545454546 0.008244023083264633 0.004953379953379953
24 0.8837592745259687 0.8235722610722611 0.008244023083264633 0.004953379953379953
87 0.8835531739488871 0.7556818181818182 0.007831821929101401 0.00844988344988345
41 0.8439818631492169 0.7708333333333334 0.00041220115416323167 0.018356643356643356
24 0.8478977741137675 0.7599067599067599 0.008244023083264633 0.005244755244755245
30 0.20898598516075845 0.8210955710955711 0.009068425391591096 0.005244755244755245
26 0.2085737840065952 0.7623834498834499 0.008244023083264633 0.004953379953379953
26 0.20919208573784007 0.7670454545454546 0.007007419620774938 0.004953379953379953
47 0.17889530090684255 0.8216783216783217 0.006595218466611707 0.012237762237762238
41 0.17497938994229184 0.8251748251748252 0.00041220115416323167 0.022144522144522144
24 0.17106347897774113 0.837995337995338 0.008244023083264633 0.005244755244755245
41 0.20486397361912614 0.7727272727272727 0.0008244023083264633 0.019230769230769232
41 0.09563066776586975 0.8254662004662005 0.0008244023083264633 0.022727272727272728
40 0.10119538334707337 0.8355186480186481 0.0028854080791426216 0.0020396270396270395
41 0.09624896949711459 0.759032634032634 0.00041220115416323167 0.026806526806526808
26 0.27246496290189615 0.7670454545454546 0.00741962077493817 0.004953379953379953
24 0.3085325638911789 0.7647144522144522 0.007007419620774938 0.004953379953379953
61 0.2627782357790602 0.7623834498834499 0.004534212695795548 0.014277389277389278
41 0.26813685078318217 0.7727272727272727 0.00041220115416323167 0.017482517482517484
26 0.2720527617477329 0.7623834498834499 0.008244023083264633 0.004953379953379953
24 0.09192085737840065 0.8378496503496503 0.008244023083264633 0.004953379953379953
41 0.21310799670239078 0.8123543123543123 0.0008244023083264633 0.015734265734265736
63 0.19806265457543282 0.7622377622377622 0.007007419620774938 0.013986013986013986
4 0.07316570486397361 0.7297494172494172 0.021022258862324814 0.017773892773892772
122 0.9371393239901071 0.7574300699300699 0.024319868095630668 0.0026223776223776225
122 0.9371393239901071 0.7622377622377622 0.024319868095630668 0.002913752913752914
0 0.04204451772464963 0.7891899766899767 0.005770816158285243 0.0678904428904429
28 0.09212695795548227 0.7600524475524476 0.008656224237427864 0.004953379953379953
30 0.09212695795548227 0.7670454545454546 0.008656224237427864 0.004953379953379953
28 0.09212695795548227 0.7743298368298368 0.008656224237427864 0.004953379953379953
8 0.06265457543281121 0.8123543123543123 0.018961253091508656 0.016317016317016316
5 0.06306677658697445 0.7636946386946387 0.018136850783182192 0.03613053613053613
41 0.43301731244847486 0.7623834498834499 0.00041220115416323167 0.025349650349650348
26 0.42930750206100576 0.7670454545454546 0.007831821929101401 0.004953379953379953
26 0.4295136026380874 0.7719988344988346 0.008244023083264633 0.004953379953379953
26 0.42930750206100576 0.7768065268065268 0.007831821929101401 0.005244755244755245
41 0.3971558120362737 0.7616550116550117 0.00041220115416323167 0.026806526806526808
26 0.393239901071723 0.7670454545454546 0.008244023083264633 0.004953379953379953
26 0.393239901071723 0.7719988344988346 0.008244023083264633 0.004953379953379953
26 0.393239901071723 0.7768065268065268 0.008244023083264633 0.005244755244755245
24 0.30791426215993406 0.7599067599067599 0.008244023083264633 0.005244755244755245
41 0.5049464138499588 0.7632575757575758 0.0008244023083264633 0.024184149184149184
26 0.5012366034624897 0.8307109557109557 0.008244023083264633 0.005244755244755245
26 0.5012366034624897 0.7670454545454546 0.008244023083264633 0.004953379953379953
26 0.5012366034624897 0.7719988344988346 0.008244023083264633 0.004953379953379953
26 0.5012366034624897 0.7768065268065268 0.008244023083264633 0.005244755244755245
41 0.4690849134377576 0.7632575757575758 0.0008244023083264633 0.024184149184149184
26 0.46537510305028856 0.7670454545454546 0.008244023083264633 0.004953379953379953
26 0.46537510305028856 0.7719988344988346 0.008244023083264633 0.004953379953379953
26 0.46537510305028856 0.7768065268065268 0.008244023083264633 0.005244755244755245
26 0.356760098928277 0.7623834498834499 0.007007419620774938 0.004953379953379953
41 0.36108821104699096 0.7584498834498834 0.0008244023083264633 0.023892773892773892
30 0.3577906018136851 0.8308566433566433 0.009068425391591096 0.004953379953379953
26 0.35737840065952187 0.7574300699300699 0.008244023083264633 0.004953379953379953
26 0.35737840065952187 0.7719988344988346 0.008244023083264633 0.004953379953379953
41 0.30420445177246497 0.7703962703962703 0.0008244023083264633 0.019230769230769232
41 0.3619126133553174 0.821969696969697 0.0008244023083264633 0.015734265734265736
1 0.6947650453421269 0.9192890442890443 0.012778235779060182 0.0005827505827505828
1 0.6430338004946414 0.9192890442890443 0.01236603462489695 0.0005827505827505828
1 0.6162407254740313 0.9192890442890443 0.01236603462489695 0.0005827505827505828
134 0.5 0.9529428904428905 0.9043693322341303 0.019522144522144524
1 0.7528854080791426 0.9673659673659674 0.013602638087386645 0.0005827505827505828
1 0.6947650453421269 0.9673659673659674 0.012778235779060182 0.0005827505827505828
1 0.5360676009892827 0.9673659673659674 0.013602638087386645 0.0005827505827505828
1 0.5360676009892827 0.9721736596736597 0.013602638087386645 0.0008741258741258741
1 0.36108821104699096 0.9673659673659674 0.01236603462489695 0.0005827505827505828
1 0.3120362737015664 0.9673659673659674 0.01236603462489695 0.0005827505827505828
1 0.25041220115416324 0.9673659673659674 0.012778235779060182 0.0005827505827505828
1 0.25041220115416324 0.9721736596736597 0.012778235779060182 0.0008741258741258741
1 0.14550700741962078 0.9673659673659674 0.01236603462489695 0.0005827505827505828
1 0.14550700741962078 0.9721736596736597 0.01236603462489695 0.0008741258741258741
1 0.09192085737840065 0.9673659673659674 0.01236603462489695 0.0005827505827505828
1 0.09192085737840065 0.9721736596736597 0.01236603462489695 0.0008741258741258741
134 0.5 0.9048659673659674 0.9043693322341303 0.019522144522144524
41 0.6733305853256389 0.9549825174825175 0.00041220115416323167 0.011363636363636364
24 0.6698268755152514 0.9625582750582751 0.008244023083264633 0.004953379953379953
26 0.505358615004122 0.9071969696969697 0.008244023083264633 0.004953379953379953
41 0.6467436108821105 0.9546911421911422 0.0008244023083264633 0.013111888111888112
41 0.6467436108821105 0.9079254079254079 0.0008244023083264633 0.020396270396270396
24 0.6430338004946414 0.9625582750582751 0.008244023083264633 0.004953379953379953
24 0.6430338004946414 0.9144813519813519 0.008244023083264633 0.004953379953379953
24 0.6430338004946414 0.9191433566433567 0.008244023083264633 0.004953379953379953
30 0.7530915086562242 0.9698426573426573 0.009068425391591096 0.004953379953379953
26 0.752679307502061 0.912004662004662 0.008244023083264633 0.005244755244755245
41 0.7563891178895301 0.9032634032634033 0.0008244023083264633 0.015734265734265736
41 0.698474855729596 0.9581876456876457 0.00041220115416323167 0.01486013986013986
41 0.698474855729596 0.9051573426573427 0.00041220115416323167 0.024766899766899768
24 0.6947650453421269 0.9673659673659674 0.007831821929101401 0.005244755244755245
24 0.6947650453421269 0.909527972027972 0.007831821929101401 0.004953379953379953
24 0.6947650453421269 0.9191433566433567 0.007831821929101401 0.004953379953379953
41 0.5401896125309151 0.9616841491841492 0.00041220115416323167 0.017191142191142192
41 0.5395713107996702 0.9047202797202797 0.0008244023083264633 0.0168997668997669
28 0.5360676009892827 0.9721736596736597 0.008656224237427864 0.004953379953379953
24 0.5358615004122012 0.909527972027972 0.008244023083264633 0.004953379953379953
24 0.5358615004122012 0.9144813519813519 0.008244023083264633 0.004953379953379953
41 0.5090684253915911 0.898455710955711 0.0008244023083264633 0.016025641025641024
121 0.10140148392415499 0.9191433566433567 0.026380873866446827 0.003205128205128205
24 0.6156224237427865 0.9144813519813519 0.007007419620774938 0.004953379953379953
24 0.6162407254740313 0.9191433566433567 0.008244023083264633 0.004953379953379953
41 0.5931574608408904 0.9073426573426573 0.0008244023083264633 0.016317016317016316
26 0.5894476504534213 0.9168123543123543 0.008244023083264633 0.004953379953379953
41 0.6199505358615004 0.9087995337995338 0.0008244023083264633 0.019230769230769232
41 0.5663643858202803 0.9055944055944056 0.0008244023083264633 0.015151515151515152
24 0.5626545754328112 0.9144813519813519 0.008244023083264633 0.004953379953379953
121 0.8147155812036274 0.8921911421911422 0.02679307502061006 0.005244755244755245
122 0.8382110469909316 0.9073426573426573 0.014427040395713108 0.002331002331002331
122 0.8382110469909316 0.902534965034965 0.014427040395713108 0.0020396270396270395
122 0.8404781533388294 0.897581585081585 0.018961253091508656 0.0026223776223776225
121 0.8683017312448474 0.9481351981351981 0.02679307502061006 0.0017482517482517483
41 0.9084913437757626 0.9533799533799534 0.0008244023083264633 0.015151515151515152
122 0.40272052761747734 0.902534965034965 0.01483924154987634 0.0020396270396270395
122 0.1848722176422094 0.8977272727272727 0.014427040395713108 0.002331002331002331
122 0.18528441879637264 0.8939393939393939 0.015251442704039572 0.002331002331002331
121 0.21578730420445177 0.9481351981351981 0.02679307502061006 0.0017482517482517483
122 0.29183841714756803 0.9020979020979021 0.02720527617477329 0.002913752913752914
122 0.29245671887881286 0.8974358974358975 0.027617477328936522 0.002913752913752914
122 0.3979802143446002 0.9073426573426573 0.016075845012366034 0.002331002331002331
24 0.9047815333882935 0.9625582750582751 0.008244023083264633 0.004953379953379953
121 0.4288953009068425 0.9481351981351981 0.02679307502061006 0.0017482517482517483
121 0.5002061005770816 0.8907342657342657 0.01772464962901896 0.002331002331002331
121 0.5006183017312449 0.8946678321678322 0.016900247320692497 0.0026223776223776225
121 0.5797609233305854 0.897581585081585 0.08037922506183018 0.004370629370629371
122 0.629843363561418 0.9157925407925408 0.01483924154987634 0.002331002331002331
122 0.6300494641384996 0.912004662004662 0.014427040395713108 0.002331002331002331
121 0.6601401483924155 0.9481351981351981 0.02679307502061006 0.0017482517482517483
26 0.8237840065952184 0.9022435897435898 0.007007419620774938 0.004953379953379953
26 0.8237840065952184 0.9071969696969697 0.007007419620774938 0.004953379953379953
26 0.8244023083264633 0.912004662004662 0.008244023083264633 0.005244755244755245
41 0.8013190436933223 0.9012237762237763 0.0008244023083264633 0.013986013986013986
24 0.7976092333058532 0.909527972027972 0.008244023083264633 0.004953379953379953
41 0.8281121187139324 0.9007867132867133 0.0008244023083264633 0.020687645687645688
41 0.7570074196207749 0.960955710955711 0.00041220115416323167 0.015734265734265736
41 0.8816982687551526 0.9545454545454546 0.0008244023083264633 0.01282051282051282
24 0.8779884583676835 0.9625582750582751 0.008244023083264633 0.004953379953379953
41 0.8549051937345424 0.9545454545454546 0.0008244023083264633 0.01282051282051282
41 0.8557295960428689 0.8988927738927739 0.0008244023083264633 0.023310023310023312
24 0.8511953833470733 0.9625582750582751 0.008244023083264633 0.004953379953379953
30 0.8516075845012366 0.9022435897435898 0.009068425391591096 0.004953379953379953
30 0.8516075845012366 0.9071969696969697 0.009068425391591096 0.004953379953379953
30 0.8516075845012366 0.912004662004662 0.009068425391591096 0.005244755244755245
26 0.17230008244023085 0.9023892773892774 0.00741962077493817 0.005244755244755245
41 0.19476504534212696 0.9090909090909091 0.00041220115416323167 0.019813519813519812
40 0.20795548227535038 0.9022435897435898 0.0028854080791426216 0.0020396270396270395
24 0.19868095630667765 0.9625582750582751 0.008244023083264633 0.004953379953379953
26 0.19868095630667765 0.897581585081585 0.008244023083264633 0.004953379953379953
26 0.19868095630667765 0.9023892773892774 0.008244023083264633 0.005244755244755245
53 0.17147568013190437 0.9118589743589743 0.005770816158285243 0.013111888111888112
41 0.1679719703215169 0.9090909090909091 0.00041220115416323167 0.019813519813519812
26 0.1718878812860676 0.897581585081585 0.008244023083264633 0.004953379953379953
41 0.14921681780708987 0.9619755244755245 0.0008244023083264633 0.017773892773892772
24 0.14550700741962078 0.9721736596736597 0.008244023083264633 0.004953379953379953
87 0.14530090684253916 0.8956876456876457 0.007831821929101401 0.008741258741258742
41 0.26896125309150865 0.9122960372960373 0.00041220115416323167 0.02097902097902098
24 0.27287716405605933 0.8999125874125874 0.008244023083264633 0.004953379953379953
26 0.27287716405605933 0.9071969696969697 0.008244023083264633 0.004953379953379953
41 0.25412201154163233 0.9616841491841492 0.00041220115416323167 0.017191142191142192
24 0.25061830173124483 0.9721736596736597 0.008244023083264633 0.004953379953379953
41 0.2291838417147568 0.9546911421911422 0.0008244023083264633 0.013111888111888112
24 0.22547403132728772 0.9625582750582751 0.008244023083264633 0.004953379953379953
41 0.20239076669414674 0.9549825174825175 0.0008244023083264633 0.013694638694638694
40 0.20795548227535038 0.897581585081585 0.0028854080791426216 0.0020396270396270395
122 0.07996702390766694 0.897581585081585 0.01236603462489695 0.0020396270396270395
8 0.06265457543281121 0.9513403263403264 0.018961253091508656 0.016317016317016316
5 0.06306677658697445 0.9035547785547785 0.018136850783182192 0.03613053613053613
122 0.07955482275350372 0.9022435897435898 0.011541632316570486 0.0020396270396270395
0 0.04204451772464963 0.9287587412587412 0.005770816158285243 0.0678904428904429
41 0.11479802143446001 0.9087995337995338 0.00041220115416323167 0.018648018648018648
26 0.11871393239901072 0.897581585081585 0.008244023083264633 0.004953379953379953
26 0.11871393239901072 0.9023892773892774 0.008244023083264633 0.005244755244755245
41 0.09563066776586975 0.9619755244755245 0.0008244023083264633 0.017773892773892772
41 0.08800494641384995 0.9108391608391608 0.00041220115416323167 0.018065268065268064
24 0.09192085737840065 0.9721736596736597 0.008244023083264633 0.004953379953379953
24 0.09192085737840065 0.8999125874125874 0.008244023083264633 0.004953379953379953
24 0.09192085737840065 0.9048659673659674 0.008244023083264633 0.004953379953379953
41 0.38726298433635614 0.9028263403263403 0.00041220115416323167 0.024766899766899768
41 0.4154987633965375 0.900495337995338 0.0008244023083264633 0.020104895104895104
40 0.42106347897774116 0.912004662004662 0.0028854080791426216 0.002331002331002331
24 0.4117889530090684 0.9625582750582751 0.008244023083264633 0.004953379953379953
26 0.4117889530090684 0.9071969696969697 0.008244023083264633 0.004953379953379953
26 0.4117889530090684 0.912004662004662 0.008244023083264633 0.005244755244755245
47 0.39097279472382523 0.8974358974358975 0.007007419620774938 0.013403263403263404
40 0.42106347897774116 0.9071969696969697 0.0028854080791426216 0.0020396270396270395
26 0.38334707337180546 0.9071969696969697 0.008244023083264633 0.004953379953379953
26 0.38334707337180546 0.912004662004662 0.008244023083264633 0.005244755244755245
26 0.38334707337180546 0.9168123543123543 0.008244023083264633 0.004953379953379953
41 0.36500412201154164 0.9606643356643356 0.00041220115416323167 0.015151515151515152
26 0.36108821104699096 0.9698426573426573 0.008244023083264633 0.004953379953379953
41 0.49134377576257215 0.8997668997668997 0.0008244023083264633 0.0168997668997669
24 0.48763396537510306 0.909527972027972 0.008244023083264633 0.004953379953379953
41 0.4690849134377576 0.9535256410256411 0.0008244023083264633 0.015442890442890442
24 0.46537510305028856 0.9625582750582751 0.008244023083264633 0.004953379953379953
41 0.4422918384171476 0.9546911421911422 0.0008244023083264633 0.013111888111888112
24 0.4385820280296785 0.9625582750582751 0.008244023083264633 0.004953379953379953
41 0.4154987633965375 0.9549825174825175 0.0008244023083264633 0.013694638694638694
41 0.31574608408903543 0.9606643356643356 0.0008244023083264633 0.015151515151515152
26 0.3382110469909316 0.9023892773892774 0.007007419620774938 0.005244755244755245
53 0.3120362737015664 0.9153554778554779 0.005770816158285243 0.011946386946386946
41 0.3083264633140973 0.9121503496503497 0.0008244023083264633 0.021270396270396272
26 0.3120362737015664 0.9698426573426573 0.008244023083264633 0.004953379953379953
24 0.3120362737015664 0.8999125874125874 0.008244023083264633 0.004953379953379953
26 0.3120362737015664 0.9071969696969697 0.008244023083264633 0.004953379953379953
53 0.2722588623248145 0.9156468531468531 0.006183017312448475 0.013694638694638694
41 0.3425391591096455 0.897581585081585 0.0008244023083264633 0.020687645687645688
24 0.3388293487221764 0.909527972027972 0.008244023083264633 0.004953379953379953
