134 0.4997448979591837 0.060064935064935064 0.9045918367346939 0.024170274170274172
134 0.4997448979591837 0.26424963924963923 0.9045918367346939 0.024170274170274172
1 0.44362244897959185 0.036255411255411256 0.015816326530612244 0.0010822510822510823
1 0.44362244897959185 0.04220779220779221 0.015816326530612244 0.0007215007215007215
1 0.5155612244897959 0.1461038961038961 0.015816326530612244 0.0007215007215007215
1 0.41709183673469385 0.1461038961038961 0.015816326530612244 0.0007215007215007215
1 0.3931122448979592 0.1461038961038961 0.015816326530612244 0.0007215007215007215
1 0.3625 0.1461038961038961 0.015816326530612244 0.0007215007215007215
1 0.10153061224489796 0.1461038961038961 0.015306122448979591 0.0007215007215007215
134 0.4997448979591837 0.19606782106782106 0.9045918367346939 0.024170274170274172
134 0.4997448979591837 0.12824675324675325 0.9045918367346939 0.024170274170274172
134 0.4997448979591837 0.35245310245310246 0.9045918367346939 0.023809523809523808
26 0.7244897959183674 0.19913419913419914 0.01020408163265306 0.005772005772005772
24 0.7244897959183674 0.054292929292929296 0.01020408163265306 0.006132756132756133
24 0.7244897959183674 0.12824675324675325 0.01020408163265306 0.006132756132756133
41 0.7196428571428571 0.06349206349206349 0.0005102040816326531 0.016594516594516596
41 0.7293367346938775 0.11868686868686869 0.0005102040816326531 0.016594516594516596
24 0.761734693877551 0.134018759018759 0.01020408163265306 0.006132756132756133
26 0.7005102040816327 0.18704906204906205 0.01020408163265306 0.006132756132756133
41 0.6716836734693877 0.2068903318903319 0.0005102040816326531 0.011904761904761904
26 0.7005102040816327 0.057178932178932176 0.01020408163265306 0.006132756132756133
26 0.7005102040816327 0.13113275613275613 0.01020408163265306 0.006132756132756133
41 0.6956632653061224 0.19985569985569984 0.0005102040816326531 0.023088023088023088
41 0.6956632653061224 0.06547619047619048 0.0005102040816326531 0.01479076479076479
41 0.7053571428571429 0.1213924963924964 0.0005102040816326531 0.017676767676767676
41 0.7665816326530612 0.12319624819624819 0.0005102040816326531 0.01984126984126984
53 0.7622448979591837 0.20147907647907648 0.00816326530612245 0.016233766233766232
41 0.7571428571428571 0.06836219336219336 0.0010204081632653062 0.01911976911976912
47 0.7709183673469387 0.12229437229437229 0.00816326530612245 0.017316017316017316
41 0.7571428571428571 0.2011183261183261 0.0010204081632653062 0.01911976911976912
24 0.761734693877551 0.19011544011544013 0.01020408163265306 0.005772005772005772
30 0.761734693877551 0.057178932178932176 0.01020408163265306 0.006132756132756133
94 0.7594387755102041 0.08513708513708514 0.01479591836734694 0.006493506493506494
95 0.7701530612244898 0.0854978354978355 0.01683673469387755 0.013708513708513708
94 0.7594387755102041 0.15079365079365079 0.01479591836734694 0.006493506493506494
95 0.7701530612244898 0.15115440115440115 0.01683673469387755 0.013708513708513708
73 0.7619897959183674 0.14303751803751805 0.002551020408163265 0.0018037518037518038
41 0.7196428571428571 0.20652958152958154 0.0005102040816326531 0.012626262626262626
94 0.7594387755102041 0.21897546897546896 0.01479591836734694 0.006493506493506494
95 0.7701530612244898 0.21915584415584416 0.01683673469387755 0.01406926406926407
72 0.7619897959183674 0.1812770562770563 0.002551020408163265 0.0018037518037518038
26 0.761734693877551 0.25523088023088025 0.01020408163265306 0.006132756132756133
94 0.7594387755102041 0.28679653679653677 0.01479591836734694 0.006493506493506494
95 0.7701530612244898 0.28715728715728717 0.01683673469387755 0.013708513708513708
72 0.7619897959183674 0.24927849927849927 0.002551020408163265 0.0021645021645021645
32 0.764030612244898 0.36453823953823955 0.01479591836734694 0.006132756132756133
94 0.761734693877551 0.37536075036075034 0.015306122448979591 0.006854256854256854
95 0.7724489795918368 0.37554112554112556 0.017346938775510204 0.013708513708513708
41 0.5586734693877551 0.3564213564213564 0.0010204081632653062 0.01948051948051948
24 0.576530612244898 0.20220057720057721 0.01020408163265306 0.006132756132756133
41 0.5716836734693878 0.20995670995670995 0.0005102040816326531 0.013708513708513708
121 0.15357142857142858 0.18542568542568544 0.04897959183673469 0.0021645021645021645
41 0.5586734693877551 0.12914862914862915 0.0010204081632653062 0.01948051948051948
24 0.6033163265306123 0.19011544011544013 0.009693877551020408 0.005772005772005772
41 0.5586734693877551 0.268037518037518 0.0010204081632653062 0.01948051948051948
41 0.6553571428571429 0.35335497835497837 0.0005102040816326531 0.01911976911976912
47 0.6596938775510204 0.13185425685425686 0.007142857142857143 0.016233766233766232
41 0.6553571428571429 0.26497113997113997 0.0005102040816326531 0.01911976911976912
87 0.6755102040816326 0.05988455988455989 0.00816326530612245 0.00937950937950938
87 0.6755102040816326 0.12788600288600288 0.00816326530612245 0.00974025974025974
26 0.676530612244898 0.19913419913419914 0.01020408163265306 0.005772005772005772
24 0.6505102040816326 0.054292929292929296 0.01020408163265306 0.006132756132756133
41 0.5984693877551021 0.20346320346320346 0.0010204081632653062 0.024531024531024532
24 0.625765306122449 0.20220057720057721 0.009693877551020408 0.006132756132756133
41 0.6211734693877551 0.20995670995670995 0.0005102040816326531 0.013708513708513708
26 0.6505102040816326 0.14303751803751805 0.01020408163265306 0.006132756132756133
87 0.6494897959183673 0.18398268398268397 0.00816326530612245 0.00937950937950938
28 0.6505102040816326 0.27615440115440115 0.01020408163265306 0.006132756132756133
28 0.6505102040816326 0.36453823953823955 0.01020408163265306 0.006132756132756133
41 0.6456632653061225 0.06511544011544011 0.0005102040816326531 0.01984126984126984
53 0.6505102040816326 0.06601731601731602 0.009183673469387756 0.017316017316017316
41 0.6553571428571429 0.1322150072150072 0.0005102040816326531 0.01984126984126984
47 0.9392857142857143 0.12283549783549784 0.007142857142857143 0.016233766233766232
24 0.9301020408163265 0.1902958152958153 0.01020408163265306 0.006132756132756133
72 0.9301020408163265 0.1812770562770563 0.003061224489795918 0.0018037518037518038
26 0.9301020408163265 0.25523088023088025 0.01020408163265306 0.006132756132756133
72 0.9301020408163265 0.24927849927849927 0.003061224489795918 0.0021645021645021645
41 0.9252551020408163 0.06764069264069264 0.0005102040816326531 0.022727272727272728
41 0.9349489795918368 0.12283549783549784 0.0005102040816326531 0.01911976911976912
73 0.9301020408163265 0.14303751803751805 0.003061224489795918 0.0018037518037518038
41 0.9252551020408163 0.20093795093795094 0.0005102040816326531 0.01948051948051948
53 0.9301020408163265 0.20183982683982685 0.009183673469387756 0.016955266955266956
41 0.9252551020408163 0.26605339105339104 0.0005102040816326531 0.01984126984126984
53 0.9301020408163265 0.26695526695526695 0.009183673469387756 0.017316017316017316
41 0.8834183673469388 0.12265512265512266 0.0005102040816326531 0.01875901875901876
41 0.8737244897959183 0.2012987012987013 0.0005102040816326531 0.01875901875901876
41 0.8737244897959183 0.26641414141414144 0.0005102040816326531 0.01911976911976912
26 0.9056122448979592 0.057178932178932176 0.01020408163265306 0.006132756132756133
41 0.900765306122449 0.06818181818181818 0.0005102040816326531 0.020202020202020204
24 0.9301020408163265 0.054292929292929296 0.01020408163265306 0.006132756132756133
24 0.9301020408163265 0.134018759018759 0.01020408163265306 0.006132756132756133
121 0.8864795918367347 0.08008658008658008 0.0770408163265306 0.0036075036075036075
122 0.8071428571428572 0.048340548340548344 0.08673469387755102 0.004329004329004329
121 0.7170918367346939 0.11093073593073594 0.023979591836734693 0.003246753246753247
121 0.7076530612244898 0.0726911976911977 0.02346938775510204 0.003246753246753247
121 0.6956632653061224 0.21284271284271283 0.047448979591836735 0.0021645021645021645
121 0.5964285714285714 0.21699134199134198 0.04897959183673469 0.0018037518037518038
125 0.6426020408163265 0.0845959595959596 0.188265306122449 0.008297258297258298
121 0.48622448979591837 0.21392496392496393 0.04897959183673469 0.0021645021645021645
121 0.39464285714285713 0.17929292929292928 0.05459183673469388 0.0021645021645021645
121 0.3826530612244898 0.1275252525252525 0.07857142857142857 0.003246753246753247
121 0.37295918367346936 0.07160894660894661 0.07857142857142857 0.003246753246753247
121 0.2780612244897959 0.0726911976911977 0.05102040816326531 0.003246753246753247
121 0.2780612244897959 0.07738095238095238 0.053061224489795916 0.003246753246753247
121 0.26096938775510203 0.18903318903318903 0.07091836734693878 0.0021645021645021645
120 0.2681122448979592 0.041305916305916304 0.08316326530612245 0.011183261183261184
124 0.26479591836734695 0.08585858585858586 0.09897959183673469 0.007936507936507936
121 0.2344387755102041 0.04274891774891775 0.017857142857142856 0.003246753246753247
121 0.2344387755102041 0.047619047619047616 0.015816326530612244 0.002886002886002886
41 0.7831632653061225 0.2662337662337662 0.0010204081632653062 0.01948051948051948
24 0.7877551020408163 0.134018759018759 0.01020408163265306 0.006132756132756133
24 0.7877551020408163 0.19011544011544013 0.01020408163265306 0.005772005772005772
26 0.7877551020408163 0.25523088023088025 0.01020408163265306 0.006132756132756133
41 0.7926020408163266 0.12319624819624819 0.0005102040816326531 0.01984126984126984
41 0.7831632653061225 0.20093795093795094 0.0010204081632653062 0.01948051948051948
24 0.826530612244898 0.134018759018759 0.01020408163265306 0.006132756132756133
73 0.826530612244898 0.14303751803751805 0.003061224489795918 0.0018037518037518038
24 0.826530612244898 0.1902958152958153 0.01020408163265306 0.006132756132756133
72 0.826530612244898 0.1812770562770563 0.003061224489795918 0.0018037518037518038
26 0.826530612244898 0.25523088023088025 0.01020408163265306 0.006132756132756133
72 0.826530612244898 0.24927849927849927 0.003061224489795918 0.0021645021645021645
41 0.8313775510204081 0.12319624819624819 0.0005102040816326531 0.01984126984126984
41 0.7571428571428571 0.26605339105339104 0.0010204081632653062 0.01984126984126984
53 0.7619897959183674 0.2667748917748918 0.008673469387755102 0.016955266955266956
47 0.8354591836734694 0.12229437229437229 0.007653061224489796 0.017316017316017316
41 0.8477040816326531 0.26641414141414144 0.0005102040816326531 0.01911976911976912
41 0.8573979591836735 0.12265512265512266 0.0005102040816326531 0.01875901875901876
47 0.861734693877551 0.12229437229437229 0.00816326530612245 0.017316017316017316
41 0.8477040816326531 0.2012987012987013 0.0005102040816326531 0.01875901875901876
53 0.8525510204081632 0.20202020202020202 0.009183673469387756 0.017316017316017316
53 0.8525510204081632 0.26695526695526695 0.009183673469387756 0.017316017316017316
24 0.8785714285714286 0.0661976911976912 0.01020408163265306 0.006132756132756133
24 0.8785714285714286 0.134018759018759 0.01020408163265306 0.006132756132756133
24 0.8785714285714286 0.1902958152958153 0.01020408163265306 0.006132756132756133
26 0.8785714285714286 0.25523088023088025 0.01020408163265306 0.006132756132756133
41 0.8737244897959183 0.0735930735930736 0.0005102040816326531 0.012987012987012988
41 0.8216836734693878 0.20093795093795094 0.0005102040816326531 0.01948051948051948
53 0.826530612244898 0.20202020202020202 0.009183673469387756 0.017316017316017316
41 0.8216836734693878 0.26605339105339104 0.0005102040816326531 0.01984126984126984
53 0.826530612244898 0.26695526695526695 0.009183673469387756 0.017316017316017316
26 0.8525510204081632 0.057178932178932176 0.01020408163265306 0.006132756132756133
24 0.8525510204081632 0.134018759018759 0.01020408163265306 0.006132756132756133
73 0.8525510204081632 0.14303751803751805 0.003061224489795918 0.0018037518037518038
24 0.8525510204081632 0.1902958152958153 0.01020408163265306 0.006132756132756133
72 0.8525510204081632 0.1812770562770563 0.003061224489795918 0.0018037518037518038
26 0.8525510204081632 0.25523088023088025 0.01020408163265306 0.006132756132756133
72 0.8525510204081632 0.24927849927849927 0.003061224489795918 0.0021645021645021645
41 0.8477040816326531 0.06944444444444445 0.0005102040816326531 0.022727272727272728
26 0.2209183673469388 0.06313131313131314 0.01020408163265306 0.005772005772005772
24 0.2209183673469388 0.20797258297258298 0.01020408163265306 0.006132756132756133
41 0.22576530612244897 0.05284992784992785 0.0005102040816326531 0.0183982683982684
41 0.22576530612244897 0.19805194805194806 0.0005102040816326531 0.018037518037518036
24 0.23826530612244898 0.060064935064935064 0.01020408163265306 0.006132756132756133
41 0.24311224489795918 0.050865800865800864 0.0005102040816326531 0.016594516594516596
26 0.25637755102040816 0.057178932178932176 0.009693877551020408 0.006132756132756133
26 0.25637755102040816 0.1370851370851371 0.009693877551020408 0.005772005772005772
26 0.25637755102040816 0.2050865800865801 0.009693877551020408 0.006132756132756133
87 0.1971938775510204 0.18398268398268397 0.007653061224489796 0.00937950937950938
30 0.19795918367346937 0.2730880230880231 0.01020408163265306 0.005772005772005772
30 0.19795918367346937 0.36147186147186144 0.01020408163265306 0.005772005772005772
41 0.20280612244897958 0.12265512265512266 0.0005102040816326531 0.01875901875901876
41 0.2517857142857143 0.06800144300144301 0.0005102040816326531 0.01984126984126984
41 0.20280612244897958 0.26226551226551226 0.0005102040816326531 0.01948051948051948
61 0.18698979591836734 0.27290764790764793 0.005612244897959183 0.015512265512265512
41 0.20280612244897958 0.35064935064935066 0.0005102040816326531 0.01948051948051948
41 0.29642857142857143 0.19787157287157287 0.0010204081632653062 0.017676767676767676
24 0.30918367346938774 0.054292929292929296 0.01020408163265306 0.006132756132756133
41 0.30433673469387756 0.06601731601731602 0.0005102040816326531 0.021645021645021644
24 0.33877551020408164 0.04816017316017316 0.01020408163265306 0.006132756132756133
26 0.33877551020408164 0.14303751803751805 0.01020408163265306 0.006132756132756133
87 0.3377551020408163 0.18398268398268397 0.00816326530612245 0.00937950937950938
28 0.33877551020408164 0.27615440115440115 0.01020408163265306 0.006132756132756133
28 0.33877551020408164 0.36453823953823955 0.01020408163265306 0.006132756132756133
41 0.3339285714285714 0.060064935064935064 0.0005102040816326531 0.021284271284271284
41 0.26096938775510203 0.12626262626262627 0.0005102040816326531 0.01948051948051948
41 0.26096938775510203 0.19660894660894662 0.0005102040816326531 0.015151515151515152
24 0.19795918367346937 0.134018759018759 0.01020408163265306 0.006132756132756133
24 0.2739795918367347 0.060064935064935064 0.01020408163265306 0.006132756132756133
41 0.26913265306122447 0.06944444444444445 0.0005102040816326531 0.016233766233766232
26 0.29183673469387755 0.057178932178932176 0.01020408163265306 0.006132756132756133
24 0.29183673469387755 0.20797258297258298 0.01020408163265306 0.006132756132756133
41 0.2869897959183674 0.06764069264069264 0.0005102040816326531 0.01911976911976912
6 0.06505102040816327 0.19624819624819625 0.020918367346938777 0.023809523809523808
8 0.0653061224489796 0.2615440115440115 0.02142857142857143 0.01875901875901876
5 0.06479591836734694 0.12878787878787878 0.02040816326530612 0.04040404040404041
8 0.0653061224489796 0.3499278499278499 0.02142857142857143 0.01875901875901876
10 0.06198979591836735 0.36886724386724384 0.005612244897959183 0.005411255411255411
85 0.10178571428571428 0.058621933621933624 0.010714285714285714 0.0025252525252525255
28 0.10153061224489796 0.14592352092352093 0.01020408163265306 0.006132756132756133
87 0.10051020408163265 0.18398268398268397 0.00816326530612245 0.00937950937950938
5 0.06479591836734694 0.060786435786435784 0.02040816326530612 0.04076479076479077
26 0.12423469387755103 0.2050865800865801 0.009693877551020408 0.006132756132756133
41 0.12908163265306122 0.19480519480519481 0.0010204081632653062 0.01875901875901876
24 0.1489795918367347 0.20220057720057721 0.01020408163265306 0.006132756132756133
41 0.1538265306122449 0.19318181818181818 0.0005102040816326531 0.015512265512265512
26 0.17346938775510204 0.2050865800865801 0.01020408163265306 0.006132756132756133
41 0.17831632653061225 0.19480519480519481 0.0005102040816326531 0.01875901875901876
87 0.1971938775510204 0.05988455988455989 0.007653061224489796 0.00937950937950938
30 0.10153061224489796 0.2730880230880231 0.01020408163265306 0.005772005772005772
28 0.10153061224489796 0.34054834054834054 0.01020408163265306 0.005772005772005772
41 0.10637755102040816 0.1351010101010101 0.0005102040816326531 0.01984126984126984
41 0.10637755102040816 0.26226551226551226 0.0005102040816326531 0.01948051948051948
41 0.09668367346938775 0.3513708513708514 0.0005102040816326531 0.01948051948051948
87 0.44285714285714284 0.18398268398268397 0.00816326530612245 0.00937950937950938
30 0.44362244897959185 0.27904040404040403 0.009693877551020408 0.006132756132756133
30 0.44362244897959185 0.36742424242424243 0.009693877551020408 0.006132756132756133
40 0.45408163265306123 0.03336940836940837 0.003061224489795918 0.0018037518037518038
41 0.439030612244898 0.04924242424242424 0.0005102040816326531 0.021284271284271284
40 0.45408163265306123 0.12518037518037517 0.003061224489795918 0.0021645021645021645
41 0.439030612244898 0.13654401154401155 0.0005102040816326531 0.0183982683982684
26 0.44387755102040816 0.12518037518037517 0.01020408163265306 0.005772005772005772
41 0.44846938775510203 0.26821789321789324 0.0010204081632653062 0.01984126984126984
41 0.42168367346938773 0.13618326118326118 0.0005102040816326531 0.015512265512265512
26 0.41683673469387755 0.051226551226551224 0.01020408163265306 0.005772005772005772
24 0.41683673469387755 0.14592352092352093 0.01020408163265306 0.006132756132756133
26 0.41709183673469385 0.21103896103896103 0.009693877551020408 0.005772005772005772
41 0.4122448979591837 0.06204906204906205 0.0010204081632653062 0.01948051948051948
41 0.42168367346938773 0.19480519480519481 0.0005102040816326531 0.030303030303030304
24 0.44387755102040816 0.036255411255411256 0.01020408163265306 0.006132756132756133
53 0.5160714285714286 0.06240981240981241 0.008673469387755102 0.016594516594516596
41 0.5201530612244898 0.13455988455988455 0.0005102040816326531 0.01875901875901876
47 0.5244897959183673 0.1341991341991342 0.00816326530612245 0.017316017316017316
41 0.510969387755102 0.20616883116883117 0.0005102040816326531 0.015512265512265512
41 0.510969387755102 0.06259018759018758 0.0005102040816326531 0.0183982683982684
30 0.5540816326530612 0.051226551226551224 0.01020408163265306 0.005772005772005772
28 0.5540816326530612 0.14015151515151514 0.01020408163265306 0.006132756132756133
87 0.5530612244897959 0.18398268398268397 0.00816326530612245 0.00937950937950938
30 0.5540816326530612 0.27904040404040403 0.01020408163265306 0.006132756132756133
30 0.5540816326530612 0.36742424242424243 0.01020408163265306 0.006132756132756133
41 0.549234693877551 0.06204906204906205 0.0005102040816326531 0.01948051948051948
41 0.44846938775510203 0.3566017316017316 0.0010204081632653062 0.01984126984126984
24 0.4663265306122449 0.19606782106782106 0.01020408163265306 0.006132756132756133
41 0.4614795918367347 0.20562770562770563 0.0005102040816326531 0.016594516594516596
24 0.4928571428571429 0.19011544011544013 0.01020408163265306 0.005772005772005772
41 0.488265306122449 0.20256132756132755 0.0010204081632653062 0.022727272727272728
26 0.5155612244897959 0.051226551226551224 0.009693877551020408 0.005772005772005772
24 0.5155612244897959 0.14592352092352093 0.009693877551020408 0.006132756132756133
24 0.5155612244897959 0.19606782106782106 0.009693877551020408 0.006132756132756133
41 0.3433673469387755 0.35353535353535354 0.0010204081632653062 0.01948051948051948
26 0.36275510204081635 0.051226551226551224 0.01020408163265306 0.005772005772005772
24 0.36275510204081635 0.14592352092352093 0.01020408163265306 0.006132756132756133
26 0.36275510204081635 0.21103896103896103 0.01020408163265306 0.005772005772005772
41 0.3579081632653061 0.06168831168831169 0.0005102040816326531 0.01875901875901876
41 0.3433673469387755 0.13474025974025974 0.0010204081632653062 0.01479076479076479
41 0.3433673469387755 0.26515151515151514 0.0010204081632653062 0.01948051948051948
24 0.3931122448979592 0.054292929292929296 0.009693877551020408 0.006132756132756133
26 0.3931122448979592 0.14898989898989898 0.009693877551020408 0.005772005772005772
24 0.3931122448979592 0.19606782106782106 0.009693877551020408 0.006132756132756133
41 0.38852040816326533 0.0633116883116883 0.0005102040816326531 0.016233766233766232
41 0.3977040816326531 0.137987012987013 0.0005102040816326531 0.01984126984126984
41 0.3977040816326531 0.18740981240981242 0.0005102040816326531 0.015512265512265512
41 0.3673469387755102 0.19480519480519481 0.0010204081632653062 0.030303030303030304
41 0.3673469387755102 0.13636363636363635 0.0010204081632653062 0.017316017316017316
134 0.4997448979591837 0.5957792207792207 0.9045918367346939 0.024170274170274172
134 0.4997448979591837 0.887987012987013 0.9045918367346939 0.024170274170274172
1 0.815561224489796 0.7757936507936508 0.015816326530612244 0.0010822510822510823
1 0.815561224489796 0.7817460317460317 0.015816326530612244 0.0007215007215007215
1 0.7459183673469387 0.7817460317460317 0.015306122448979591 0.0007215007215007215
134 0.4997448979591837 0.7996031746031746 0.9045918367346939 0.024170274170274172
1 0.815561224489796 0.8641774891774892 0.015816326530612244 0.0010822510822510823
1 0.815561224489796 0.8701298701298701 0.015816326530612244 0.0007215007215007215
1 0.7459183673469387 0.8701298701298701 0.015306122448979591 0.0007215007215007215
134 0.4997448979591837 0.6636002886002886 0.9045918367346939 0.024170274170274172
1 0.25331632653061226 0.6816378066378066 0.015816326530612244 0.0010822510822510823
1 0.21581632653061225 0.6816378066378066 0.015306122448979591 0.0010822510822510823
1 0.19005102040816327 0.6816378066378066 0.015816326530612244 0.0010822510822510823
1 0.6785714285714286 0.5717893217893217 0.022448979591836733 0.0007215007215007215
1 0.6785714285714286 0.577922077922078 0.022448979591836733 0.0007215007215007215
1 0.6400510204081633 0.577922077922078 0.015816326530612244 0.0007215007215007215
1 0.6158163265306122 0.577922077922078 0.015306122448979591 0.0007215007215007215
134 0.4997448979591837 0.7317821067821068 0.9045918367346939 0.024170274170274172
26 0.6158163265306122 0.6666666666666666 0.01020408163265306 0.005772005772005772
86 0.6142857142857143 0.7996031746031746 0.007142857142857143 0.016955266955266956
86 0.6142857142857143 0.7198773448773449 0.007142857142857143 0.016955266955266956
41 0.610969387755102 0.5882034632034632 0.0005102040816326531 0.016955266955266956
24 0.6158163265306122 0.5777417027417028 0.01020408163265306 0.006132756132756133
86 0.6142857142857143 0.887987012987013 0.007142857142857143 0.016955266955266956
41 0.6206632653061225 0.6569264069264069 0.0005102040816326531 0.017316017316017316
26 0.5678571428571428 0.7848124098124099 0.01020408163265306 0.006132756132756133
26 0.5678571428571428 0.8731962481962482 0.01020408163265306 0.006132756132756133
41 0.5630102040816326 0.6008297258297258 0.0005102040816326531 0.01911976911976912
41 0.5727040816326531 0.6672077922077922 0.0005102040816326531 0.0183982683982684
47 0.5770408163265306 0.6670274170274171 0.00816326530612245 0.017316017316017316
41 0.5727040816326531 0.7233044733044733 0.0005102040816326531 0.01875901875901876
41 0.5630102040816326 0.7956349206349206 0.0005102040816326531 0.01984126984126984
41 0.5630102040816326 0.884018759018759 0.0005102040816326531 0.01984126984126984
24 0.4806122448979592 0.8760822510822511 0.01020408163265306 0.006132756132756133
87 0.5928571428571429 0.6634199134199135 0.00816326530612245 0.00937950937950938
121 0.6232142857142857 0.5963203463203464 0.023979591836734693 0.002886002886002886
32 0.6783163265306122 0.571969696969697 0.01479591836734694 0.006132756132756133
94 0.6747448979591837 0.6163419913419913 0.01479591836734694 0.006854256854256854
93 0.685204081632653 0.6181457431457431 0.013265306122448979 0.010461760461760462
26 0.6760204081632653 0.6666666666666666 0.01020408163265306 0.005772005772005772
93 0.6760204081632653 0.6863275613275613 0.013265306122448979 0.010461760461760462
24 0.6760204081632653 0.7256493506493507 0.01020408163265306 0.006132756132756133
93 0.6760204081632653 0.7552308802308803 0.013265306122448979 0.010461760461760462
24 0.6760204081632653 0.7938311688311688 0.01020408163265306 0.006132756132756133
24 0.6760204081632653 0.8822150072150072 0.01020408163265306 0.006132756132756133
93 0.6760204081632653 0.9116161616161617 0.013265306122448979 0.010822510822510822
4 0.6594387755102041 0.5445526695526696 0.018877551020408164 0.016233766233766232
24 0.4806122448979592 0.7256493506493507 0.01020408163265306 0.006132756132756133
26 0.6400510204081633 0.5748556998556998 0.009693877551020408 0.006132756132756133
24 0.5678571428571428 0.5896464646464646 0.01020408163265306 0.006132756132756133
72 0.48035714285714287 0.7821067821067821 0.002551020408163265 0.0021645021645021645
24 0.639795918367347 0.6636002886002886 0.01020408163265306 0.006132756132756133
41 0.6352040816326531 0.5856782106782107 0.0010204081632653062 0.01984126984126984
24 0.4806122448979592 0.7876984126984127 0.01020408163265306 0.006132756132756133
41 0.6446428571428572 0.6549422799422799 0.0005102040816326531 0.015512265512265512
72 0.48035714285714287 0.7168109668109668 0.002551020408163265 0.0021645021645021645
53 0.48086734693877553 0.799062049062049 0.008673469387755102 0.016594516594516596
72 0.48035714285714287 0.8704906204906205 0.002551020408163265 0.0021645021645021645
41 0.475765306122449 0.887085137085137 0.0005102040816326531 0.01948051948051948
53 0.4806122448979592 0.8878066378066378 0.009183673469387756 0.017316017316017316
24 0.5061224489795918 0.6697330447330447 0.01020408163265306 0.006132756132756133
41 0.4854591836734694 0.6585497835497836 0.0005102040816326531 0.01911976911976912
47 0.4895408163265306 0.658008658008658 0.007653061224489796 0.017316017316017316
24 0.5061224489795918 0.7256493506493507 0.01020408163265306 0.006132756132756133
41 0.475765306122449 0.7366522366522367 0.0005102040816326531 0.01948051948051948
53 0.4806122448979592 0.7373737373737373 0.009183673469387756 0.017316017316017316
41 0.475765306122449 0.6040764790764791 0.0005102040816326531 0.0183982683982684
41 0.475765306122449 0.7987012987012987 0.0005102040816326531 0.01948051948051948
41 0.539030612244898 0.799062049062049 0.0005102040816326531 0.01875901875901876
24 0.5438775510204081 0.8760822510822511 0.01020408163265306 0.006132756132756133
72 0.5438775510204081 0.8704906204906205 0.003061224489795918 0.0021645021645021645
41 0.5487244897959184 0.6585497835497836 0.0005102040816326531 0.01911976911976912
47 0.5528061224489796 0.658008658008658 0.007653061224489796 0.017316017316017316
41 0.539030612244898 0.737012987012987 0.0005102040816326531 0.01875901875901876
53 0.5438775510204081 0.7373737373737373 0.009183673469387756 0.017316017316017316
72 0.5438775510204081 0.7821067821067821 0.003061224489795918 0.0021645021645021645
53 0.5438775510204081 0.7994227994227994 0.009183673469387756 0.017316017316017316
41 0.539030612244898 0.887085137085137 0.0005102040816326531 0.01948051948051948
53 0.5438775510204081 0.8878066378066378 0.009183673469387756 0.017316017316017316
26 0.5678571428571428 0.6785714285714286 0.01020408163265306 0.005772005772005772
24 0.5061224489795918 0.7876984126984127 0.01020408163265306 0.006132756132756133
24 0.5061224489795918 0.8760822510822511 0.01020408163265306 0.006132756132756133
41 0.510969387755102 0.6587301587301587 0.0005102040816326531 0.01948051948051948
41 0.5012755102040817 0.7366522366522367 0.0005102040816326531 0.01948051948051948
41 0.5012755102040817 0.7987012987012987 0.0005102040816326531 0.01948051948051948
26 0.5678571428571428 0.7346681096681097 0.01020408163265306 0.006132756132756133
41 0.5012755102040817 0.887085137085137 0.0005102040816326531 0.01948051948051948
24 0.5438775510204081 0.6697330447330447 0.01020408163265306 0.006132756132756133
73 0.5438775510204081 0.6785714285714286 0.003061224489795918 0.0021645021645021645
24 0.5438775510204081 0.7256493506493507 0.01020408163265306 0.006132756132756133
72 0.5438775510204081 0.7168109668109668 0.003061224489795918 0.0021645021645021645
24 0.5438775510204081 0.7876984126984127 0.01020408163265306 0.006132756132756133
24 0.8678571428571429 0.6636002886002886 0.01020408163265306 0.006132756132756133
41 0.872704081632653 0.6544011544011544 0.0005102040816326531 0.016594516594516596
26 0.8852040816326531 0.6666666666666666 0.01020408163265306 0.005772005772005772
24 0.8852040816326531 0.7198773448773449 0.01020408163265306 0.006132756132756133
26 0.8852040816326531 0.878968253968254 0.01020408163265306 0.006132756132756133
41 0.8900510204081633 0.6563852813852814 0.0005102040816326531 0.0183982683982684
41 0.8803571428571428 0.7306998556998557 0.0005102040816326531 0.01984126984126984
41 0.8803571428571428 0.88997113997114 0.0005102040816326531 0.01948051948051948
26 0.9025510204081633 0.6666666666666666 0.01020408163265306 0.005772005772005772
41 0.9073979591836735 0.6567460317460317 0.0005102040816326531 0.017676767676767676
26 0.815561224489796 0.8612914862914863 0.009693877551020408 0.006132756132756133
41 0.8201530612244898 0.6558441558441559 0.0005102040816326531 0.017316017316017316
41 0.8107142857142857 0.7866161616161617 0.0010204081632653062 0.025613275613275612
41 0.8107142857142857 0.875 0.0010204081632653062 0.025613275613275612
26 0.8331632653061225 0.6666666666666666 0.01020408163265306 0.005772005772005772
41 0.8377551020408164 0.6567460317460317 0.0010204081632653062 0.017676767676767676
24 0.8505102040816327 0.6636002886002886 0.01020408163265306 0.006132756132756133
41 0.8553571428571428 0.6551226551226551 0.0005102040816326531 0.015151515151515152
121 0.9163265306122449 0.6462842712842712 0.05204081632653061 0.003246753246753247
121 0.9158163265306123 0.6511544011544012 0.05102040816326531 0.002886002886002886
121 0.8464285714285714 0.6462842712842712 0.05204081632653061 0.003246753246753247
121 0.8464285714285714 0.6513347763347763 0.05204081632653061 0.003246753246753247
121 0.7767857142857143 0.6462842712842712 0.052551020408163264 0.003246753246753247
121 0.7767857142857143 0.6511544011544012 0.050510204081632655 0.002886002886002886
121 0.7071428571428572 0.6462842712842712 0.05204081632653061 0.003246753246753247
121 0.7068877551020408 0.6511544011544012 0.050510204081632655 0.002886002886002886
124 0.6311224489795918 0.6838023088023089 0.04183673469387755 0.008297258297258298
121 0.6326530612244898 0.6462842712842712 0.024489795918367346 0.003246753246753247
124 0.6311224489795918 0.6158008658008658 0.04183673469387755 0.007936507936507936
24 0.9198979591836735 0.6636002886002886 0.01020408163265306 0.006132756132756133
41 0.9247448979591837 0.6545815295815296 0.0005102040816326531 0.016233766233766232
24 0.9375 0.6636002886002886 0.009693877551020408 0.006132756132756133
41 0.9420918367346939 0.6544011544011544 0.0005102040816326531 0.016594516594516596
30 0.815561224489796 0.7729076479076479 0.009693877551020408 0.006132756132756133
41 0.6711734693877551 0.8930375180375181 0.0005102040816326531 0.01984126984126984
26 0.6933673469387756 0.6666666666666666 0.01020408163265306 0.005772005772005772
41 0.6982142857142857 0.6562049062049062 0.0005102040816326531 0.01875901875901876
24 0.710969387755102 0.6636002886002886 0.009693877551020408 0.006132756132756133
41 0.7155612244897959 0.6545815295815296 0.0005102040816326531 0.016233766233766232
41 0.6808673469387755 0.6563852813852814 0.0005102040816326531 0.0183982683982684
40 0.6864795918367347 0.7227633477633477 0.002551020408163265 0.0018037518037518038
41 0.6711734693877551 0.7366522366522367 0.0005102040816326531 0.01948051948051948
41 0.6711734693877551 0.8046536796536796 0.0005102040816326531 0.01984126984126984
41 0.775765306122449 0.73989898989899 0.0005102040816326531 0.01875901875901876
24 0.7806122448979592 0.6636002886002886 0.01020408163265306 0.006132756132756133
26 0.7806122448979592 0.7287157287157288 0.01020408163265306 0.005772005772005772
41 0.7854591836734693 0.6545815295815296 0.0005102040816326531 0.016233766233766232
40 0.7910714285714285 0.7287157287157288 0.002551020408163265 0.0021645021645021645
41 0.7681122448979592 0.6558441558441559 0.0005102040816326531 0.018037518037518036
24 0.7979591836734694 0.6636002886002886 0.01020408163265306 0.006132756132756133
41 0.8028061224489796 0.6544011544011544 0.0005102040816326531 0.016594516594516596
26 0.815561224489796 0.6666666666666666 0.009693877551020408 0.005772005772005772
24 0.7285714285714285 0.6636002886002886 0.01020408163265306 0.006132756132756133
41 0.7331632653061224 0.6544011544011544 0.0010204081632653062 0.016594516594516596
26 0.7459183673469387 0.6666666666666666 0.01020408163265306 0.005772005772005772
24 0.7459183673469387 0.7819264069264069 0.01020408163265306 0.006132756132756133
24 0.7459183673469387 0.8703102453102453 0.01020408163265306 0.006132756132756133
41 0.750765306122449 0.6563852813852814 0.0005102040816326531 0.0183982683982684
41 0.7410714285714286 0.7925685425685426 0.0005102040816326531 0.01948051948051948
41 0.7410714285714286 0.8809523809523809 0.0005102040816326531 0.01948051948051948
26 0.763265306122449 0.6666666666666666 0.01020408163265306 0.005772005772005772
47 0.19923469387755102 0.726010101010101 0.007653061224489796 0.016955266955266956
72 0.19489795918367347 0.7144660894660895 0.003061224489795918 0.0018037518037518038
26 0.19005102040816327 0.8026695526695526 0.009693877551020408 0.005772005772005772
73 0.19005102040816327 0.8086219336219336 0.002551020408163265 0.0018037518037518038
26 0.19005102040816327 0.8910533910533911 0.009693877551020408 0.005772005772005772
73 0.19005102040816327 0.897005772005772 0.002551020408163265 0.0018037518037518038
41 0.19464285714285715 0.6700937950937951 0.0005102040816326531 0.0183982683982684
47 0.1989795918367347 0.6699134199134199 0.00816326530612245 0.017316017316017316
41 0.19464285714285715 0.7261904761904762 0.0005102040816326531 0.01875901875901876
24 0.19005102040816327 0.7375541125541125 0.009693877551020408 0.006132756132756133
41 0.19464285714285715 0.7918470418470418 0.0005102040816326531 0.01948051948051948
47 0.1989795918367347 0.790945165945166 0.00816326530612245 0.016955266955266956
41 0.19464285714285715 0.8802308802308803 0.0005102040816326531 0.01948051948051948
47 0.1989795918367347 0.8791486291486291 0.00816326530612245 0.017316017316017316
72 0.16505102040816327 0.7907647907647908 0.002551020408163265 0.0021645021645021645
24 0.16479591836734694 0.887987012987013 0.01020408163265306 0.006132756132756133
72 0.16505102040816327 0.8791486291486291 0.002551020408163265 0.0021645021645021645
41 0.16964285714285715 0.6672077922077922 0.0005102040816326531 0.0183982683982684
47 0.1739795918367347 0.6670274170274171 0.00816326530612245 0.017316017316017316
41 0.16964285714285715 0.7233044733044733 0.0005102040816326531 0.01875901875901876
47 0.1739795918367347 0.7229437229437229 0.00816326530612245 0.017316017316017316
24 0.21581632653061225 0.6816378066378066 0.01020408163265306 0.006132756132756133
41 0.16020408163265307 0.8104256854256854 0.0010204081632653062 0.0183982683982684
53 0.16479591836734694 0.8107864357864358 0.009183673469387756 0.016955266955266956
41 0.16020408163265307 0.8986291486291487 0.0010204081632653062 0.01875901875901876
53 0.16479591836734694 0.898989898989899 0.009183673469387756 0.017316017316017316
24 0.19005102040816327 0.6816378066378066 0.009693877551020408 0.006132756132756133
73 0.19005102040816327 0.6872294372294372 0.002551020408163265 0.0021645021645021645
41 0.25816326530612244 0.7918470418470418 0.0010204081632653062 0.01948051948051948
26 0.25357142857142856 0.8910533910533911 0.01020408163265306 0.005772005772005772
73 0.25331632653061226 0.897005772005772 0.002551020408163265 0.0018037518037518038
41 0.25816326530612244 0.6706349206349206 0.0010204081632653062 0.01948051948051948
47 0.26224489795918365 0.6699134199134199 0.00816326530612245 0.017316017316017316
41 0.25816326530612244 0.7265512265512265 0.0010204081632653062 0.01948051948051948
47 0.26224489795918365 0.7258297258297258 0.00816326530612245 0.017316017316017316
73 0.25331632653061226 0.8086219336219336 0.002551020408163265 0.0018037518037518038
47 0.26224489795918365 0.7911255411255411 0.00816326530612245 0.017316017316017316
73 0.48035714285714287 0.6785714285714286 0.002551020408163265 0.0021645021645021645
41 0.25816326530612244 0.8802308802308803 0.0010204081632653062 0.01948051948051948
47 0.26224489795918365 0.8793290043290043 0.00816326530612245 0.017676767676767676
28 0.2910714285714286 0.5896464646464646 0.009693877551020408 0.006132756132756133
24 0.2910714285714286 0.6697330447330447 0.009693877551020408 0.006132756132756133
73 0.2910714285714286 0.6785714285714286 0.002551020408163265 0.0021645021645021645
24 0.21581632653061225 0.7375541125541125 0.01020408163265306 0.006132756132756133
26 0.21581632653061225 0.8026695526695526 0.01020408163265306 0.005772005772005772
26 0.21581632653061225 0.8910533910533911 0.01020408163265306 0.005772005772005772
41 0.22066326530612246 0.6706349206349206 0.0005102040816326531 0.01948051948051948
41 0.22066326530612246 0.7267316017316018 0.0005102040816326531 0.01984126984126984
41 0.22066326530612246 0.7918470418470418 0.0005102040816326531 0.01948051948051948
24 0.16479591836734694 0.7996031746031746 0.01020408163265306 0.006132756132756133
41 0.22066326530612246 0.8802308802308803 0.0005102040816326531 0.01948051948051948
24 0.25357142857142856 0.6816378066378066 0.01020408163265306 0.006132756132756133
73 0.25331632653061226 0.6872294372294372 0.002551020408163265 0.0021645021645021645
24 0.25357142857142856 0.7375541125541125 0.01020408163265306 0.006132756132756133
72 0.25816326530612244 0.7144660894660895 0.003061224489795918 0.0018037518037518038
26 0.25357142857142856 0.8026695526695526 0.01020408163265306 0.005772005772005772
6 0.06505102040816327 0.7316017316017316 0.020918367346938777 0.023809523809523808
8 0.0653061224489796 0.7972582972582972 0.02142857142857143 0.01875901875901876
8 0.0653061224489796 0.8856421356421357 0.02142857142857143 0.01875901875901876
10 0.06198979591836735 0.9045815295815296 0.005612244897959183 0.005411255411255411
34 0.1038265306122449 0.5927128427128427 0.01479591836734694 0.005772005772005772
26 0.10153061224489796 0.6785714285714286 0.01020408163265306 0.005772005772005772
73 0.10178571428571428 0.6841630591630592 0.002551020408163265 0.0018037518037518038
26 0.10153061224489796 0.7346681096681097 0.01020408163265306 0.006132756132756133
72 0.10637755102040816 0.7113997113997114 0.002551020408163265 0.0021645021645021645
24 0.10153061224489796 0.7996031746031746 0.01020408163265306 0.006132756132756133
72 0.10153061224489796 0.7907647907647908 0.003061224489795918 0.0021645021645021645
5 0.06479591836734694 0.5963203463203464 0.02040816326530612 0.04040404040404041
5 0.06479591836734694 0.6643217893217893 0.02040816326530612 0.04076479076479077
26 0.12729591836734694 0.6785714285714286 0.009693877551020408 0.005772005772005772
26 0.1270408163265306 0.7346681096681097 0.01020408163265306 0.006132756132756133
24 0.1270408163265306 0.7996031746031746 0.01020408163265306 0.006132756132756133
24 0.1270408163265306 0.887987012987013 0.01020408163265306 0.006132756132756133
41 0.13188775510204082 0.6677489177489178 0.0005102040816326531 0.01948051948051948
41 0.13188775510204082 0.7238455988455988 0.0005102040816326531 0.01984126984126984
41 0.12244897959183673 0.810064935064935 0.0010204081632653062 0.0183982683982684
41 0.12244897959183673 0.8984487734487735 0.0010204081632653062 0.0183982683982684
26 0.16479591836734694 0.6785714285714286 0.01020408163265306 0.005772005772005772
73 0.16505102040816327 0.6841630591630592 0.002551020408163265 0.0018037518037518038
26 0.16479591836734694 0.7346681096681097 0.01020408163265306 0.006132756132756133
72 0.16964285714285715 0.7113997113997114 0.002551020408163265 0.0021645021645021645
24 0.10153061224489796 0.887987012987013 0.01020408163265306 0.006132756132756133
72 0.10153061224489796 0.8791486291486291 0.003061224489795918 0.0021645021645021645
41 0.10637755102040816 0.6677489177489178 0.0005102040816326531 0.01948051948051948
47 0.11071428571428571 0.6670274170274171 0.00816326530612245 0.017316017316017316
41 0.10637755102040816 0.7238455988455988 0.0005102040816326531 0.01984126984126984
47 0.11071428571428571 0.7229437229437229 0.00816326530612245 0.017316017316017316
41 0.09668367346938775 0.8102453102453102 0.0005102040816326531 0.01875901875901876
53 0.10153061224489796 0.8106060606060606 0.009183673469387756 0.017316017316017316
41 0.09668367346938775 0.8986291486291487 0.0005102040816326531 0.01875901875901876
53 0.10153061224489796 0.898989898989899 0.009183673469387756 0.017316017316017316
41 0.3752551020408163 0.8021284271284271 0.0005102040816326531 0.0183982683982684
41 0.3849489795918367 0.6585497835497836 0.0005102040816326531 0.01911976911976912
47 0.38903061224489793 0.658008658008658 0.007653061224489796 0.017316017316017316
41 0.3752551020408163 0.737012987012987 0.0005102040816326531 0.01875901875901876
53 0.38010204081632654 0.7373737373737373 0.009183673469387756 0.017316017316017316
53 0.38010204081632654 0.8023088023088023 0.009183673469387756 0.017316017316017316
41 0.3752551020408163 0.8905122655122655 0.0005102040816326531 0.0183982683982684
53 0.38010204081632654 0.8906926406926406 0.009183673469387756 0.017316017316017316
24 0.40561224489795916 0.6697330447330447 0.01020408163265306 0.006132756132756133
24 0.40561224489795916 0.7256493506493507 0.01020408163265306 0.006132756132756133
26 0.40561224489795916 0.7907647907647908 0.01020408163265306 0.005772005772005772
53 0.3548469387755102 0.8903318903318903 0.008673469387755102 0.016594516594516596
41 0.3497448979591837 0.7371933621933622 0.0005102040816326531 0.0183982683982684
53 0.35459183673469385 0.7373737373737373 0.009183673469387756 0.017316017316017316
41 0.3497448979591837 0.8021284271284271 0.0005102040816326531 0.0183982683982684
53 0.35459183673469385 0.8023088023088023 0.009183673469387756 0.017316017316017316
24 0.2910714285714286 0.7256493506493507 0.009693877551020408 0.006132756132756133
41 0.3497448979591837 0.8905122655122655 0.0005102040816326531 0.0183982683982684
26 0.40561224489795916 0.8791486291486291 0.01020408163265306 0.005772005772005772
26 0.38010204081632654 0.5808080808080808 0.01020408163265306 0.005772005772005772
24 0.38010204081632654 0.6697330447330447 0.01020408163265306 0.006132756132756133
73 0.38010204081632654 0.6785714285714286 0.003061224489795918 0.0021645021645021645
24 0.38010204081632654 0.7256493506493507 0.01020408163265306 0.006132756132756133
72 0.38010204081632654 0.7168109668109668 0.003061224489795918 0.0021645021645021645
26 0.38010204081632654 0.7907647907647908 0.01020408163265306 0.005772005772005772
72 0.38010204081632654 0.7848124098124099 0.003061224489795918 0.0018037518037518038
26 0.38010204081632654 0.8791486291486291 0.01020408163265306 0.005772005772005772
72 0.38010204081632654 0.8731962481962482 0.003061224489795918 0.0018037518037518038
41 0.3752551020408163 0.5916305916305916 0.0005102040816326531 0.01948051948051948
72 0.44285714285714284 0.7848124098124099 0.003061224489795918 0.0018037518037518038
26 0.44285714285714284 0.8791486291486291 0.01020408163265306 0.005772005772005772
72 0.44285714285714284 0.8731962481962482 0.003061224489795918 0.0018037518037518038
41 0.4477040816326531 0.6585497835497836 0.0005102040816326531 0.01911976911976912
47 0.4517857142857143 0.658008658008658 0.007653061224489796 0.017316017316017316
41 0.43801020408163266 0.737012987012987 0.0005102040816326531 0.01875901875901876
53 0.44285714285714284 0.7373737373737373 0.009183673469387756 0.017316017316017316
26 0.44285714285714284 0.7907647907647908 0.01020408163265306 0.005772005772005772
41 0.43801020408163266 0.8015873015873016 0.0005102040816326531 0.01948051948051948
53 0.44285714285714284 0.8023088023088023 0.009183673469387756 0.017316017316017316
41 0.43801020408163266 0.88997113997114 0.0005102040816326531 0.01948051948051948
53 0.44285714285714284 0.8906926406926406 0.009183673469387756 0.017316017316017316
30 0.4806122448979592 0.5927128427128427 0.01020408163265306 0.005772005772005772
24 0.4806122448979592 0.6697330447330447 0.01020408163265306 0.006132756132756133
41 0.400765306122449 0.88997113997114 0.0005102040816326531 0.01948051948051948
41 0.4104591836734694 0.6587301587301587 0.0005102040816326531 0.01948051948051948
41 0.400765306122449 0.7366522366522367 0.0005102040816326531 0.01948051948051948
41 0.400765306122449 0.8015873015873016 0.0005102040816326531 0.01948051948051948
26 0.42423469387755103 0.5867604617604618 0.009693877551020408 0.006132756132756133
41 0.4193877551020408 0.5975829725829725 0.0010204081632653062 0.01984126984126984
24 0.44285714285714284 0.6697330447330447 0.01020408163265306 0.006132756132756133
73 0.44285714285714284 0.6785714285714286 0.003061224489795918 0.0021645021645021645
24 0.44285714285714284 0.7256493506493507 0.01020408163265306 0.006132756132756133
72 0.44285714285714284 0.7168109668109668 0.003061224489795918 0.0021645021645021645
47 0.30025510204081635 0.6581890331890332 0.007653061224489796 0.016955266955266956
53 0.29158163265306125 0.8903318903318903 0.008673469387755102 0.016594516594516596
41 0.29566326530612247 0.6587301587301587 0.0005102040816326531 0.01948051948051948
24 0.3168367346938776 0.6697330447330447 0.01020408163265306 0.006132756132756133
24 0.3168367346938776 0.7256493506493507 0.01020408163265306 0.006132756132756133
26 0.3168367346938776 0.7907647907647908 0.01020408163265306 0.005772005772005772
53 0.29158163265306125 0.801948051948052 0.008673469387755102 0.016594516594516596
41 0.2864795918367347 0.8021284271284271 0.0005102040816326531 0.0183982683982684
53 0.29158163265306125 0.737012987012987 0.008673469387755102 0.016594516594516596
41 0.2864795918367347 0.7366522366522367 0.0005102040816326531 0.01948051948051948
41 0.2864795918367347 0.8905122655122655 0.0005102040816326531 0.0183982683982684
72 0.35433673469387755 0.7168109668109668 0.002551020408163265 0.0021645021645021645
72 0.2910714285714286 0.8731962481962482 0.002551020408163265 0.0018037518037518038
26 0.3168367346938776 0.8791486291486291 0.01020408163265306 0.005772005772005772
26 0.2910714285714286 0.878968253968254 0.009693877551020408 0.006132756132756133
72 0.2910714285714286 0.7848124098124099 0.002551020408163265 0.0018037518037518038
24 0.35459183673469385 0.6697330447330447 0.01020408163265306 0.006132756132756133
73 0.35433673469387755 0.6785714285714286 0.002551020408163265 0.0021645021645021645
24 0.35459183673469385 0.7256493506493507 0.01020408163265306 0.006132756132756133
26 0.35459183673469385 0.7907647907647908 0.01020408163265306 0.005772005772005772
72 0.35433673469387755 0.7848124098124099 0.002551020408163265 0.0018037518037518038
26 0.35459183673469385 0.8791486291486291 0.01020408163265306 0.005772005772005772
72 0.35433673469387755 0.8731962481962482 0.002551020408163265 0.0018037518037518038
41 0.35918367346938773 0.6587301587301587 0.0010204081632653062 0.01948051948051948
47 0.363265306122449 0.658008658008658 0.00816326530612245 0.017316017316017316
26 0.2910714285714286 0.7907647907647908 0.009693877551020408 0.005772005772005772
72 0.2910714285714286 0.7168109668109668 0.002551020408163265 0.0021645021645021645
41 0.32168367346938775 0.6587301587301587 0.0005102040816326531 0.01948051948051948
41 0.31198979591836734 0.7366522366522367 0.0005102040816326531 0.01948051948051948
41 0.2864795918367347 0.6006493506493507 0.0005102040816326531 0.01948051948051948
41 0.31198979591836734 0.8015873015873016 0.0005102040816326531 0.01948051948051948
41 0.31198979591836734 0.88997113997114 0.0005102040816326531 0.01948051948051948
