134 0.5354591836734693 0.1213924963924964 0.8331632653061225 0.024170274170274172
134 0.5354591836734693 0.18416305916305917 0.8331632653061225 0.024170274170274172
1 0.9255102040816326 0.20202020202020202 0.012244897959183673 0.0007215007215007215
1 0.6426020408163265 0.13924963924963926 0.018877551020408164 0.0007215007215007215
1 0.6426020408163265 0.14502164502164502 0.018877551020408164 0.0007215007215007215
1 0.5438775510204081 0.13924963924963926 0.018367346938775512 0.0007215007215007215
1 0.5438775510204081 0.14502164502164502 0.018367346938775512 0.0007215007215007215
1 0.5040816326530613 0.13924963924963926 0.012244897959183673 0.0007215007215007215
1 0.5040816326530613 0.14502164502164502 0.012244897959183673 0.0007215007215007215
41 0.7829081632653061 0.18578643578643578 0.0005102040816326531 0.02958152958152958
30 0.6426020408163265 0.13618326118326118 0.01173469387755102 0.006132756132756133
40 0.7443877551020408 0.1691919191919192 0.003061224489795918 0.0021645021645021645
41 0.7306122448979592 0.1884920634920635 0.0010204081632653062 0.030663780663780664
40 0.7443877551020408 0.1812770562770563 0.003061224489795918 0.0018037518037518038
40 0.7443877551020408 0.12427849927849928 0.003061224489795918 0.0018037518037518038
40 0.7443877551020408 0.13023088023088022 0.003061224489795918 0.0021645021645021645
41 0.7905612244897959 0.11742424242424243 0.0005102040816326531 0.027777777777777776
53 0.7658163265306123 0.20526695526695526 0.006122448979591836 0.006493506493506494
41 0.7619897959183674 0.18993506493506493 0.0005102040816326531 0.03715728715728716
47 0.7732142857142857 0.10028860028860029 0.005612244897959183 0.006493506493506494
24 0.786734693877551 0.12716450216450217 0.00816326530612245 0.005411255411255411
24 0.786734693877551 0.12121212121212122 0.00816326530612245 0.005772005772005772
26 0.786734693877551 0.1812770562770563 0.00816326530612245 0.005411255411255411
41 0.7693877551020408 0.11598124098124098 0.0010204081632653062 0.0386002886002886
26 0.786734693877551 0.16937229437229437 0.00816326530612245 0.005411255411255411
24 0.786734693877551 0.1331168831168831 0.00816326530612245 0.005772005772005772
26 0.7655612244897959 0.16937229437229437 0.007653061224489796 0.005411255411255411
24 0.7658163265306123 0.1782106782106782 0.00816326530612245 0.005772005772005772
24 0.7655612244897959 0.19011544011544013 0.007653061224489796 0.005772005772005772
24 0.7658163265306123 0.11525974025974026 0.00816326530612245 0.005411255411255411
26 0.7658163265306123 0.13023088023088022 0.00816326530612245 0.005772005772005772
26 0.7655612244897959 0.13618326118326118 0.007653061224489796 0.005411255411255411
41 0.6482142857142857 0.17929292929292928 0.0005102040816326531 0.02958152958152958
24 0.6785714285714286 0.1331168831168831 0.00816326530612245 0.005050505050505051
41 0.6369897959183674 0.15367965367965367 0.0005102040816326531 0.018037518037518036
41 0.6482142857142857 0.12518037518037517 0.0005102040816326531 0.01948051948051948
28 0.6426020408163265 0.18434343434343434 0.01173469387755102 0.005772005772005772
28 0.6426020408163265 0.19624819624819625 0.01173469387755102 0.005772005772005772
30 0.6426020408163265 0.14213564213564214 0.01173469387755102 0.005772005772005772
30 0.6426020408163265 0.14826839826839827 0.01173469387755102 0.005772005772005772
122 0.2612244897959184 0.11237373737373738 0.015306122448979591 0.0025252525252525255
41 0.7380102040816326 0.11886724386724387 0.0005102040816326531 0.030663780663780664
40 0.7443877551020408 0.13618326118326118 0.003061224489795918 0.0018037518037518038
24 0.7341836734693877 0.17225829725829725 0.00816326530612245 0.005411255411255411
24 0.7344387755102041 0.18416305916305917 0.007653061224489796 0.005411255411255411
26 0.7341836734693877 0.12427849927849928 0.00816326530612245 0.005411255411255411
26 0.7341836734693877 0.13023088023088022 0.00816326530612245 0.005772005772005772
26 0.7341836734693877 0.13618326118326118 0.00816326530612245 0.005411255411255411
41 0.7053571428571429 0.1185064935064935 0.0005102040816326531 0.013347763347763348
24 0.7017857142857142 0.12716450216450217 0.007653061224489796 0.005411255411255411
41 0.6823979591836735 0.12391774891774891 0.0005102040816326531 0.016955266955266956
86 0.6775510204081633 0.16955266955266957 0.007142857142857143 0.015151515151515152
86 0.6775510204081633 0.1305916305916306 0.007142857142857143 0.015151515151515152
24 0.9255102040816326 0.20202020202020202 0.00816326530612245 0.005772005772005772
61 0.914795918367347 0.17496392496392496 0.006122448979591836 0.015873015873015872
41 0.9293367346938776 0.17784992784992784 0.0005102040816326531 0.046897546897546896
41 0.9293367346938776 0.11255411255411256 0.0005102040816326531 0.03823953823953824
26 0.9255102040816326 0.16937229437229437 0.00816326530612245 0.005411255411255411
26 0.9255102040816326 0.17532467532467533 0.00816326530612245 0.005772005772005772
24 0.9255102040816326 0.19011544011544013 0.00816326530612245 0.005772005772005772
109 0.9056122448979592 0.18452380952380953 0.006122448979591836 0.03499278499278499
24 0.9255102040816326 0.10930735930735931 0.00816326530612245 0.005772005772005772
24 0.9255102040816326 0.12121212121212122 0.00816326530612245 0.005772005772005772
24 0.9255102040816326 0.1331168831168831 0.00816326530612245 0.005772005772005772
109 0.914795918367347 0.12157287157287157 0.006122448979591836 0.023088023088023088
41 0.8915816326530612 0.1893939393939394 0.0005102040816326531 0.0367965367965368
61 0.8846938775510204 0.13600288600288601 0.006122448979591836 0.015873015873015872
41 0.8992346938775511 0.11814574314574315 0.0005102040816326531 0.03282828282828283
121 0.6938775510204082 0.11219336219336219 0.02346938775510204 0.005772005772005772
121 0.2969387755102041 0.1388888888888889 0.011224489795918367 0.004329004329004329
121 0.2872448979591837 0.1415945165945166 0.03163265306122449 0.009018759018759018
121 0.3448979591836735 0.10696248196248197 0.03979591836734694 0.009018759018759018
121 0.3566326530612245 0.10984848484848485 0.015306122448979591 0.00468975468975469
121 0.4051020408163265 0.10082972582972582 0.03163265306122449 0.009018759018759018
121 0.4147959183673469 0.10786435786435787 0.011224489795918367 0.004329004329004329
121 0.45382653061224487 0.10678210678210678 0.04030612244897959 0.008658008658008658
121 0.4658163265306122 0.10984848484848485 0.015306122448979591 0.00468975468975469
121 0.5038265306122449 0.10930735930735931 0.03316326530612245 0.004329004329004329
121 0.5142857142857142 0.11471861471861472 0.011224489795918367 0.002886002886002886
121 0.5635204081632653 0.10930735930735931 0.036224489795918365 0.004329004329004329
121 0.5744897959183674 0.11471861471861472 0.013265306122448979 0.002886002886002886
122 0.5926020408163265 0.14303751803751805 0.08112244897959184 0.003968253968253968
122 0.5931122448979592 0.1370851370851371 0.08214285714285714 0.004329004329004329
122 0.6020408163265306 0.1893939393939394 0.08571428571428572 0.004329004329004329
122 0.6 0.1774891774891775 0.08163265306122448 0.004329004329004329
122 0.6191326530612244 0.1314935064935065 0.03010204081632653 0.003246753246753247
26 0.8954081632653061 0.16937229437229437 0.00816326530612245 0.005411255411255411
121 0.8096938775510204 0.10335497835497835 0.03775510204081633 0.0018037518037518038
121 0.8204081632653061 0.10822510822510822 0.015306122448979591 0.0021645021645021645
121 0.7936224489795919 0.19913419913419914 0.020918367346938777 0.005772005772005772
121 0.8663265306122448 0.10082972582972582 0.02346938775510204 0.006854256854256854
41 0.8471938775510204 0.1415945165945166 0.0005102040816326531 0.0183982683982684
41 0.8543367346938775 0.11273448773448773 0.0005102040816326531 0.0183982683982684
24 0.8507653061224489 0.17225829725829725 0.007653061224489796 0.005411255411255411
24 0.8512755102040817 0.18416305916305917 0.0066326530612244895 0.005411255411255411
26 0.8507653061224489 0.13023088023088022 0.007653061224489796 0.005772005772005772
26 0.8507653061224489 0.13618326118326118 0.007653061224489796 0.005411255411255411
26 0.8507653061224489 0.12427849927849928 0.007653061224489796 0.005411255411255411
41 0.8288265306122449 0.11147186147186147 0.0005102040816326531 0.015873015873015872
24 0.825 0.12121212121212122 0.00816326530612245 0.005772005772005772
41 0.8043367346938776 0.18434343434343434 0.0005102040816326531 0.025974025974025976
41 0.8119897959183674 0.11453823953823954 0.0005102040816326531 0.022005772005772004
26 0.8081632653061225 0.16937229437229437 0.00816326530612245 0.005411255411255411
26 0.8081632653061225 0.17532467532467533 0.00816326530612245 0.005772005772005772
24 0.8081632653061225 0.12716450216450217 0.00816326530612245 0.005411255411255411
24 0.8954081632653061 0.1782106782106782 0.00816326530612245 0.005772005772005772
24 0.8954081632653061 0.19011544011544013 0.00816326530612245 0.005772005772005772
24 0.8954081632653061 0.12121212121212122 0.00816326530612245 0.005772005772005772
26 0.8954081632653061 0.13023088023088022 0.00816326530612245 0.005772005772005772
26 0.8954081632653061 0.13618326118326118 0.00816326530612245 0.005411255411255411
41 0.8778061224489796 0.10606060606060606 0.0005102040816326531 0.01443001443001443
24 0.8739795918367347 0.11525974025974026 0.00816326530612245 0.005411255411255411
41 0.8471938775510204 0.1884920634920635 0.0005102040816326531 0.030663780663780664
24 0.4045918367346939 0.12121212121212122 0.00816326530612245 0.005772005772005772
24 0.24744897959183673 0.11525974025974026 0.00816326530612245 0.005411255411255411
5 0.1364795918367347 0.12193362193362194 0.020918367346938777 0.03535353535353535
67 0.15918367346938775 0.11922799422799422 0.007142857142857143 0.013347763347763348
67 0.16709183673469388 0.11038961038961038 0.007653061224489796 0.012987012987012988
67 0.175 0.12229437229437229 0.007142857142857143 0.012987012987012988
67 0.18290816326530612 0.11327561327561328 0.007653061224489796 0.012987012987012988
67 0.19081632653061226 0.12518037518037517 0.007142857142857143 0.012987012987012988
67 0.19872448979591836 0.11616161616161616 0.007653061224489796 0.012987012987012988
41 0.40816326530612246 0.1111111111111111 0.0010204081632653062 0.01875901875901876
41 0.474234693877551 0.11147186147186147 0.0005102040816326531 0.015873015873015872
24 0.4704081632653061 0.12121212121212122 0.00816326530612245 0.005772005772005772
122 0.9408163265306122 0.16504329004329005 0.0163265306122449 0.0025252525252525255
41 0.45714285714285713 0.11634199134199134 0.0010204081632653062 0.01984126984126984
24 0.45357142857142857 0.12716450216450217 0.00816326530612245 0.005411255411255411
41 0.38903061224489793 0.10551948051948051 0.0005102040816326531 0.015512265512265512
41 0.43392857142857144 0.12103174603174603 0.0005102040816326531 0.021284271284271284
24 0.4301020408163265 0.1331168831168831 0.00816326530612245 0.005772005772005772
41 0.42117346938775513 0.11525974025974026 0.0005102040816326531 0.021284271284271284
24 0.4173469387755102 0.12716450216450217 0.00816326530612245 0.005411255411255411
41 0.30331632653061225 0.13690476190476192 0.0005102040816326531 0.015512265512265512
24 0.30714285714285716 0.12716450216450217 0.00816326530612245 0.005411255411255411
41 0.29056122448979593 0.13275613275613277 0.0005102040816326531 0.01875901875901876
24 0.2941326530612245 0.12121212121212122 0.007653061224489796 0.005772005772005772
41 0.2711734693877551 0.12734487734487734 0.0005102040816326531 0.020923520923520924
24 0.275 0.11525974025974026 0.00816326530612245 0.005411255411255411
85 0.386734693877551 0.17063492063492064 0.011224489795918367 0.002886002886002886
85 0.386734693877551 0.09000721500721501 0.0163265306122449 0.003246753246753247
24 0.3852040816326531 0.11525974025974026 0.00816326530612245 0.005411255411255411
15 0.2193877551020408 0.11544011544011544 0.01020408163265306 0.011544011544011544
16 0.2193877551020408 0.12734487734487734 0.013265306122448979 0.011544011544011544
8 0.1364795918367347 0.1810966810966811 0.020918367346938777 0.015151515151515152
41 0.3650510204081633 0.11147186147186147 0.0005102040816326531 0.015873015873015872
67 0.15918367346938775 0.18813131313131312 0.007142857142857143 0.013347763347763348
67 0.16709183673469388 0.17929292929292928 0.007653061224489796 0.012987012987012988
67 0.175 0.1911976911976912 0.007142857142857143 0.012987012987012988
67 0.18290816326530612 0.1821789321789322 0.007653061224489796 0.012987012987012988
67 0.19081632653061226 0.19408369408369408 0.007142857142857143 0.012987012987012988
67 0.19872448979591836 0.18506493506493507 0.007653061224489796 0.012987012987012988
24 0.36122448979591837 0.12121212121212122 0.00816326530612245 0.005772005772005772
15 0.21913265306122448 0.1782106782106782 0.010714285714285714 0.011544011544011544
16 0.2193877551020408 0.19047619047619047 0.013265306122448979 0.011544011544011544
41 0.3482142857142857 0.11598124098124098 0.0005102040816326531 0.01911976911976912
24 0.34438775510204084 0.12716450216450217 0.00816326530612245 0.005411255411255411
41 0.24362244897959184 0.12608225108225107 0.0005102040816326531 0.01984126984126984
41 0.32474489795918365 0.12085137085137085 0.0005102040816326531 0.020923520923520924
24 0.3209183673469388 0.1331168831168831 0.00816326530612245 0.005772005772005772
40 0.5556122448979591 0.14213564213564214 0.003061224489795918 0.0021645021645021645
40 0.5556122448979591 0.1812770562770563 0.003061224489795918 0.0018037518037518038
41 0.5497448979591837 0.17929292929292928 0.0005102040816326531 0.02958152958152958
40 0.5556122448979591 0.19318181818181818 0.003061224489795918 0.0018037518037518038
41 0.5380102040816327 0.1534992784992785 0.0005102040816326531 0.0183982683982684
40 0.5556122448979591 0.14826839826839827 0.003061224489795918 0.0021645021645021645
41 0.5456632653061224 0.11706349206349206 0.0005102040816326531 0.016955266955266956
28 0.5438775510204081 0.18434343434343434 0.012244897959183673 0.005772005772005772
28 0.5438775510204081 0.19624819624819625 0.012244897959183673 0.005772005772005772
30 0.5438775510204081 0.14213564213564214 0.012244897959183673 0.005772005772005772
84 0.29948979591836733 0.1738816738816739 0.011224489795918367 0.002886002886002886
41 0.6007653061224489 0.12481962481962482 0.0005102040816326531 0.01875901875901876
30 0.5948979591836735 0.13618326118326118 0.012244897959183673 0.006132756132756133
41 0.5818877551020408 0.12121212121212122 0.0005102040816326531 0.020923520923520924
24 0.5780612244897959 0.1331168831168831 0.00816326530612245 0.005772005772005772
30 0.5438775510204081 0.14826839826839827 0.012244897959183673 0.005772005772005772
41 0.5668367346938775 0.11940836940836941 0.0010204081632653062 0.01948051948051948
26 0.563265306122449 0.13023088023088022 0.00816326530612245 0.005772005772005772
0 0.11173469387755101 0.1527777777777778 0.00816326530612245 0.08694083694083694
122 0.9408163265306122 0.16973304473304474 0.0163265306122449 0.0025252525252525255
26 0.5045918367346939 0.18722943722943722 0.007142857142857143 0.005772005772005772
24 0.5040816326530613 0.13906926406926406 0.00816326530612245 0.005411255411255411
26 0.5045918367346939 0.1480880230880231 0.007142857142857143 0.005411255411255411
24 0.5040816326530613 0.12716450216450217 0.00816326530612245 0.005411255411255411
122 0.9408163265306122 0.10515873015873016 0.0163265306122449 0.0025252525252525255
122 0.9408163265306122 0.19787157287157287 0.0163265306122449 0.0025252525252525255
26 0.5040816326530613 0.1812770562770563 0.00816326530612245 0.005411255411255411
41 0.48698979591836733 0.11706349206349206 0.0005102040816326531 0.016955266955266956
87 0.4829081632653061 0.17243867243867245 0.007653061224489796 0.010101010101010102
87 0.4829081632653061 0.09451659451659451 0.007653061224489796 0.010101010101010102
24 0.48316326530612247 0.12716450216450217 0.00816326530612245 0.005411255411255411
122 0.9408163265306122 0.18704906204906205 0.0163265306122449 0.0025252525252525255
53 0.5043367346938775 0.20292207792207792 0.0066326530612244895 0.006854256854256854
24 0.5418367346938775 0.12716450216450217 0.00816326530612245 0.005411255411255411
122 0.9408163265306122 0.13005050505050506 0.0163265306122449 0.0025252525252525255
41 0.5206632653061225 0.12103174603174603 0.0005102040816326531 0.020562770562770564
24 0.5168367346938776 0.1331168831168831 0.00816326530612245 0.005772005772005772
122 0.9408163265306122 0.11814574314574315 0.0163265306122449 0.0025252525252525255
41 0.5002551020408164 0.19426406926406928 0.0005102040816326531 0.024170274170274172
53 0.5043367346938775 0.1625180375180375 0.0066326530612244895 0.006854256854256854
41 0.5002551020408164 0.15295815295815296 0.0005102040816326531 0.025974025974025976
41 0.5079081632653061 0.11796536796536797 0.0005102040816326531 0.016594516594516596
134 0.4989795918367347 0.3023088023088023 0.9030612244897959 0.023809523809523808
1 0.9346938775510204 0.32016594516594515 0.012244897959183673 0.0010822510822510823
1 0.9346938775510204 0.32611832611832614 0.012244897959183673 0.0007215007215007215
1 0.9142857142857143 0.32016594516594515 0.012244897959183673 0.0010822510822510823
1 0.8938775510204081 0.32016594516594515 0.012244897959183673 0.0010822510822510823
1 0.6941326530612245 0.32016594516594515 0.012755102040816327 0.0010822510822510823
1 0.6941326530612245 0.32611832611832614 0.012755102040816327 0.0007215007215007215
1 0.6622448979591836 0.32016594516594515 0.012244897959183673 0.0010822510822510823
1 0.6941326530612245 0.4025974025974026 0.012755102040816327 0.0007215007215007215
1 0.5875 0.3667027417027417 0.01173469387755102 0.0010822510822510823
1 0.42448979591836733 0.3667027417027417 0.012244897959183673 0.0010822510822510823
1 0.1576530612244898 0.4025974025974026 0.012244897959183673 0.0007215007215007215
134 0.4997448979591837 0.3847402597402597 0.9045918367346939 0.024170274170274172
41 0.6977040816326531 0.29924242424242425 0.0005102040816326531 0.01406926406926407
26 0.6941326530612245 0.4054834054834055 0.007653061224489796 0.005772005772005772
24 0.6938775510204082 0.32016594516594515 0.00816326530612245 0.005411255411255411
24 0.6946428571428571 0.32611832611832614 0.0066326530612244895 0.005772005772005772
24 0.6938775510204082 0.30826118326118324 0.00816326530612245 0.005411255411255411
41 0.6660714285714285 0.3713924963924964 0.0005102040816326531 0.016955266955266956
41 0.7482142857142857 0.2977994227994228 0.0005102040816326531 0.016955266955266956
86 0.7436224489795918 0.2727272727272727 0.007653061224489796 0.015151515151515152
28 0.7464285714285714 0.38455988455988455 0.012244897959183673 0.005772005772005772
28 0.7464285714285714 0.39646464646464646 0.012244897959183673 0.005772005772005772
41 0.7160714285714286 0.30194805194805197 0.0005102040816326531 0.020923520923520924
24 0.7122448979591837 0.3142135642135642 0.00816326530612245 0.005772005772005772
53 0.6943877551020409 0.4199134199134199 0.006122448979591836 0.006493506493506494
41 0.6903061224489796 0.4146825396825397 0.0010204081632653062 0.016955266955266956
24 0.7443877551020408 0.30826118326118324 0.00816326530612245 0.005411255411255411
41 0.6903061224489796 0.330988455988456 0.0010204081632653062 0.01984126984126984
24 0.5956632653061225 0.37265512265512263 0.007653061224489796 0.005772005772005772
41 0.5910714285714286 0.3629148629148629 0.0005102040816326531 0.021645021645021644
41 0.5834183673469387 0.32287157287157287 0.0005102040816326531 0.01443001443001443
41 0.5910714285714286 0.30194805194805197 0.0005102040816326531 0.020923520923520924
24 0.5872448979591837 0.3667027417027417 0.00816326530612245 0.005411255411255411
26 0.5872448979591837 0.37572150072150073 0.00816326530612245 0.005411255411255411
24 0.5872448979591837 0.3142135642135642 0.00816326530612245 0.005772005772005772
41 0.5727040816326531 0.29653679653679654 0.0005102040816326531 0.01948051948051948
24 0.5691326530612245 0.30826118326118324 0.007653061224489796 0.005411255411255411
122 0.33698979591836736 0.29329004329004327 0.03010204081632653 0.0036075036075036075
41 0.6660714285714285 0.2987012987012987 0.0005102040816326531 0.015873015873015872
87 0.6619897959183674 0.35209235209235207 0.007653061224489796 0.010101010101010102
26 0.6622448979591836 0.38167388167388167 0.00816326530612245 0.005772005772005772
26 0.6622448979591836 0.3172799422799423 0.00816326530612245 0.005411255411255411
26 0.6627551020408163 0.32323232323232326 0.007142857142857143 0.005772005772005772
24 0.6622448979591836 0.30826118326118324 0.00816326530612245 0.005411255411255411
41 0.6584183673469388 0.3286435786435786 0.0005102040816326531 0.020923520923520924
41 0.647704081632653 0.2925685425685426 0.0005102040816326531 0.015873015873015872
24 0.6438775510204081 0.3023088023088023 0.00816326530612245 0.005772005772005772
41 0.6252551020408164 0.29743867243867245 0.0005102040816326531 0.017676767676767676
24 0.6214285714285714 0.30826118326118324 0.00816326530612245 0.005411255411255411
61 0.5767857142857142 0.3665223665223665 0.005612244897959183 0.015873015873015872
41 0.9308673469387755 0.3338744588744589 0.0005102040816326531 0.011904761904761904
24 0.9346938775510204 0.32611832611832614 0.00816326530612245 0.005772005772005772
41 0.9104591836734693 0.33116883116883117 0.0005102040816326531 0.012987012987012988
26 0.9142857142857143 0.32323232323232326 0.00816326530612245 0.005772005772005772
41 0.8903061224489796 0.3286435786435786 0.0010204081632653062 0.01443001443001443
24 0.8938775510204081 0.32016594516594515 0.00816326530612245 0.005411255411255411
41 0.8701530612244898 0.3264790764790765 0.0005102040816326531 0.01443001443001443
26 0.8737244897959183 0.3172799422799423 0.007653061224489796 0.005411255411255411
121 0.3862244897959184 0.2819264069264069 0.04795918367346939 0.009018759018759018
121 0.4010204081632653 0.288961038961039 0.0163265306122449 0.004329004329004329
121 0.45663265306122447 0.28805916305916307 0.05612244897959184 0.009018759018759018
121 0.47372448979591836 0.2905844155844156 0.020918367346938777 0.00468975468975469
121 0.5487244897959184 0.2819264069264069 0.04846938775510204 0.009018759018759018
121 0.5642857142857143 0.28914141414141414 0.017346938775510204 0.00468975468975469
121 0.6193877551020408 0.28805916305916307 0.05612244897959184 0.009018759018759018
121 0.6364795918367347 0.2905844155844156 0.02193877551020408 0.00468975468975469
121 0.6908163265306122 0.2904040404040404 0.05 0.004329004329004329
121 0.7068877551020408 0.2958152958152958 0.017857142857142856 0.002886002886002886
121 0.6744897959183673 0.3401875901875902 0.03163265306122449 0.0036075036075036075
121 0.7744897959183673 0.2904040404040404 0.05204081632653061 0.004329004329004329
121 0.7905612244897959 0.2958152958152958 0.018877551020408164 0.002886002886002886
122 0.8517857142857143 0.31096681096681095 0.04030612244897959 0.0036075036075036075
121 0.9005102040816326 0.3333333333333333 0.061224489795918366 0.007936507936507936
121 0.9005102040816326 0.338023088023088 0.061224489795918366 0.007936507936507936
41 0.7405612244897959 0.4051226551226551 0.0005102040816326531 0.01443001443001443
40 0.7584183673469388 0.3935786435786436 0.0035714285714285713 0.0021645021645021645
41 0.752295918367347 0.37427849927849927 0.0005102040816326531 0.0183982683982684
40 0.7581632653061224 0.38167388167388167 0.003061224489795918 0.0021645021645021645
24 0.7969387755102041 0.3142135642135642 0.00816326530612245 0.005772005772005772
41 0.8262755102040816 0.3255772005772006 0.0005102040816326531 0.012626262626262626
41 0.8252551020408163 0.3059163059163059 0.0005102040816326531 0.01875901875901876
26 0.8301020408163265 0.3172799422799423 0.00816326530612245 0.005411255411255411
30 0.8193877551020409 0.3172799422799423 0.012244897959183673 0.006132756132756133
41 0.800765306122449 0.3024891774891775 0.0005102040816326531 0.022005772005772004
41 0.7803571428571429 0.30014430014430016 0.0005102040816326531 0.01875901875901876
26 0.7765306122448979 0.31114718614718617 0.00816326530612245 0.005411255411255411
30 0.3168367346938776 0.37572150072150073 0.011224489795918367 0.006132756132756133
28 0.3040816326530612 0.3787878787878788 0.011224489795918367 0.005772005772005772
30 0.3163265306122449 0.3170995670995671 0.012244897959183673 0.005772005772005772
24 0.3142857142857143 0.2963564213564214 0.00816326530612245 0.005411255411255411
53 0.25229591836734694 0.31655844155844154 0.0066326530612244895 0.006854256854256854
41 0.24821428571428572 0.3106060606060606 0.0005102040816326531 0.01875901875901876
26 0.25204081632653064 0.29924242424242425 0.00816326530612245 0.005411255411255411
30 0.3163265306122449 0.36976911976911975 0.012244897959183673 0.005772005772005772
41 0.19770408163265307 0.31313131313131315 0.0005102040816326531 0.018037518037518036
40 0.21122448979591837 0.2994227994227994 0.003061224489795918 0.0021645021645021645
85 0.2030612244897959 0.37103174603174605 0.011224489795918367 0.003246753246753247
24 0.20153061224489796 0.3023088023088023 0.00816326530612245 0.005772005772005772
61 0.1469387755102041 0.37554112554112556 0.006122448979591836 0.015873015873015872
59 0.2910714285714286 0.37662337662337664 0.007653061224489796 0.012987012987012988
41 0.31045918367346936 0.3851010101010101 0.0005102040816326531 0.0284992784992785
41 0.31045918367346936 0.32521645021645024 0.0005102040816326531 0.013347763347763348
41 0.3181122448979592 0.286976911976912 0.0005102040816326531 0.016955266955266956
122 0.1420918367346939 0.3980880230880231 0.018877551020408164 0.0025252525252525255
122 0.8887755102040816 0.3120490620490621 0.12040816326530612 0.004329004329004329
122 0.8487244897959184 0.38834776334776333 0.20051020408163264 0.00468975468975469
122 0.8556122448979592 0.3778860028860029 0.186734693877551 0.00468975468975469
122 0.14438775510204083 0.3621933621933622 0.022448979591836733 0.002886002886002886
122 0.1375 0.3703102453102453 0.009693877551020408 0.0018037518037518038
122 0.14234693877551022 0.3874458874458874 0.018367346938775512 0.002886002886002886
122 0.14234693877551022 0.28589466089466087 0.018367346938775512 0.0025252525252525255
122 0.14158163265306123 0.29924242424242425 0.017857142857142856 0.0025252525252525255
122 0.14158163265306123 0.31114718614718617 0.017857142857142856 0.0025252525252525255
0 0.04005102040816327 0.3434343434343434 0.008673469387755102 0.10606060606060606
41 0.1614795918367347 0.3778860028860029 0.0005102040816326531 0.045815295815295816
41 0.1538265306122449 0.31114718614718617 0.0005102040816326531 0.03787878787878788
26 0.1576530612244898 0.36976911976911975 0.00816326530612245 0.005772005772005772
26 0.1576530612244898 0.37572150072150073 0.00816326530612245 0.005411255411255411
24 0.1576530612244898 0.39051226551226553 0.00816326530612245 0.005411255411255411
24 0.1576530612244898 0.4024170274170274 0.00816326530612245 0.005411255411255411
24 0.1576530612244898 0.2904040404040404 0.00816326530612245 0.005772005772005772
24 0.1576530612244898 0.3023088023088023 0.00816326530612245 0.005772005772005772
24 0.1576530612244898 0.3142135642135642 0.00816326530612245 0.005772005772005772
67 0.0875 0.38852813852813856 0.007653061224489796 0.012987012987012988
67 0.09566326530612244 0.3795093795093795 0.007653061224489796 0.012987012987012988
67 0.10357142857142858 0.39141414141414144 0.007142857142857143 0.012987012987012988
67 0.1114795918367347 0.38275613275613274 0.007653061224489796 0.012987012987012988
67 0.11938775510204082 0.3944805194805195 0.007142857142857143 0.013347763347763348
67 0.12729591836734694 0.3856421356421356 0.007653061224489796 0.012987012987012988
8 0.06505102040816327 0.3813131313131313 0.020918367346938777 0.015151515151515152
67 0.0875 0.30014430014430016 0.007653061224489796 0.012987012987012988
67 0.09566326530612244 0.29148629148629146 0.007653061224489796 0.012987012987012988
67 0.10357142857142858 0.3032106782106782 0.007142857142857143 0.013347763347763348
67 0.1114795918367347 0.2943722943722944 0.007653061224489796 0.012987012987012988
67 0.11938775510204082 0.30627705627705626 0.007142857142857143 0.012987012987012988
67 0.12729591836734694 0.2972582972582973 0.007653061224489796 0.012987012987012988
5 0.06505102040816327 0.30303030303030304 0.020918367346938777 0.03535353535353535
41 0.5247448979591837 0.28679653679653677 0.0005102040816326531 0.015873015873015872
26 0.5204081632653061 0.36976911976911975 0.007142857142857143 0.005772005772005772
26 0.5293367346938775 0.37572150072150073 0.007653061224489796 0.005411255411255411
24 0.5209183673469387 0.3786075036075036 0.00816326530612245 0.005411255411255411
26 0.5209183673469387 0.3172799422799423 0.00816326530612245 0.005411255411255411
24 0.5209183673469387 0.2963564213564214 0.00816326530612245 0.005411255411255411
41 0.5170918367346938 0.325036075036075 0.0005102040816326531 0.013708513708513708
41 0.48494897959183675 0.2925685425685426 0.0005102040816326531 0.015873015873015872
24 0.48112244897959183 0.3023088023088023 0.00816326530612245 0.005772005772005772
41 0.4625 0.2968975468975469 0.0005102040816326531 0.01875901875901876
24 0.4586734693877551 0.30826118326118324 0.00816326530612245 0.005411255411255411
61 0.4058673469387755 0.3665223665223665 0.005612244897959183 0.015873015873015872
41 0.5548469387755102 0.29184704184704185 0.0005102040816326531 0.018037518037518036
24 0.5510204081632653 0.3023088023088023 0.00816326530612245 0.005772005772005772
59 0.5096938775510204 0.37662337662337664 0.007142857142857143 0.012987012987012988
41 0.5247448979591837 0.36634199134199136 0.0005102040816326531 0.022727272727272728
26 0.4163265306122449 0.37572150072150073 0.007142857142857143 0.005411255411255411
24 0.38826530612244897 0.3023088023088023 0.00816326530612245 0.005772005772005772
41 0.42831632653061225 0.30194805194805197 0.0005102040816326531 0.020923520923520924
41 0.3920918367346939 0.2922077922077922 0.0005102040816326531 0.01875901875901876
24 0.42448979591836733 0.3667027417027417 0.00816326530612245 0.005411255411255411
24 0.425 0.37265512265512263 0.007142857142857143 0.005772005772005772
24 0.42448979591836733 0.3142135642135642 0.00816326530612245 0.005772005772005772
41 0.40994897959183674 0.295995670995671 0.0005102040816326531 0.020562770562770564
24 0.4063775510204082 0.30826118326118324 0.007653061224489796 0.005411255411255411
24 0.35816326530612247 0.2963564213564214 0.00816326530612245 0.005411255411255411
41 0.42066326530612247 0.38203463203463206 0.0005102040816326531 0.02886002886002886
41 0.36198979591836733 0.28715728715728717 0.0005102040816326531 0.016594516594516596
41 0.42066326530612247 0.3225108225108225 0.0005102040816326531 0.015151515151515152
134 0.4997448979591837 0.5027056277056277 0.9045918367346939 0.024170274170274172
1 0.9375 0.5205627705627706 0.012755102040816327 0.0007215007215007215
1 0.8854591836734694 0.5205627705627706 0.012755102040816327 0.0007215007215007215
1 0.3566326530612245 0.5205627705627706 0.018367346938775512 0.0007215007215007215
1 0.29897959183673467 0.5205627705627706 0.012244897959183673 0.0007215007215007215
1 0.1586734693877551 0.5205627705627706 0.018367346938775512 0.0007215007215007215
1 0.15663265306122448 0.5265151515151515 0.012244897959183673 0.0010822510822510823
1 0.814795918367347 0.5477994227994228 0.012244897959183673 0.0010822510822510823
1 0.7964285714285714 0.5477994227994228 0.012244897959183673 0.0010822510822510823
1 0.7443877551020408 0.5477994227994228 0.012244897959183673 0.0010822510822510823
1 0.6576530612244897 0.5835137085137085 0.012244897959183673 0.0010822510822510823
1 0.6576530612244897 0.5894660894660895 0.012244897959183673 0.0007215007215007215
1 0.6576530612244897 0.5954184704184704 0.012244897959183673 0.0010822510822510823
1 0.5558673469387755 0.5477994227994228 0.018877551020408164 0.0010822510822510823
1 0.5558673469387755 0.5835137085137085 0.018877551020408164 0.0010822510822510823
1 0.5558673469387755 0.5894660894660895 0.018877551020408164 0.0007215007215007215
1 0.5558673469387755 0.5954184704184704 0.018877551020408164 0.0010822510822510823
1 0.35994897959183675 0.5835137085137085 0.018877551020408164 0.0010822510822510823
1 0.35994897959183675 0.5894660894660895 0.018877551020408164 0.0007215007215007215
1 0.35994897959183675 0.5954184704184704 0.018877551020408164 0.0010822510822510823
134 0.4997448979591837 0.5656565656565656 0.9045918367346939 0.023809523809523808
40 0.7540816326530613 0.5447330447330447 0.003061224489795918 0.0021645021645021645
24 0.814795918367347 0.5477994227994228 0.00816326530612245 0.005411255411255411
40 0.7540816326530613 0.5115440115440115 0.003061224489795918 0.0021645021645021645
41 0.7405612244897959 0.5634920634920635 0.0005102040816326531 0.02813852813852814
40 0.7540816326530613 0.5566378066378066 0.003061224489795918 0.0021645021645021645
41 0.7405612244897959 0.5238095238095238 0.0005102040816326531 0.01443001443001443
24 0.7969387755102041 0.5537518037518038 0.007142857142857143 0.005772005772005772
26 0.7964285714285714 0.5447330447330447 0.00816326530612245 0.005772005772005772
41 0.7926020408163266 0.5212842712842712 0.0005102040816326531 0.015873015873015872
41 0.7926020408163266 0.560966810966811 0.0005102040816326531 0.030303030303030304
26 0.7964285714285714 0.5117243867243867 0.00816326530612245 0.005411255411255411
24 0.814795918367347 0.5027056277056277 0.00816326530612245 0.005411255411255411
24 0.814795918367347 0.5146103896103896 0.00816326530612245 0.005411255411255411
26 0.8153061224489796 0.5566378066378066 0.007142857142857143 0.005772005772005772
41 0.7852040816326531 0.49188311688311687 0.0010204081632653062 0.01984126984126984
24 0.7813775510204082 0.5027056277056277 0.007653061224489796 0.005411255411255411
41 0.7665816326530612 0.4944083694083694 0.0005102040816326531 0.0183982683982684
26 0.7627551020408163 0.5057720057720058 0.00816326530612245 0.005772005772005772
24 0.6576530612244897 0.4967532467532468 0.00816326530612245 0.005772005772005772
86 0.6566326530612245 0.4642857142857143 0.007142857142857143 0.015151515151515152
86 0.6568877551020408 0.551046176046176 0.007653061224489796 0.01479076479076479
26 0.6576530612244897 0.5984848484848485 0.00816326530612245 0.005772005772005772
41 0.6614795918367347 0.4880952380952381 0.0005102040816326531 0.015873015873015872
41 0.6232142857142857 0.487012987012987 0.0005102040816326531 0.015873015873015872
24 0.6193877551020408 0.4967532467532468 0.00816326530612245 0.005772005772005772
41 0.6045918367346939 0.48412698412698413 0.0010204081632653062 0.016594516594516596
26 0.6010204081632653 0.4936868686868687 0.00816326530612245 0.005411255411255411
41 0.585969387755102 0.48214285714285715 0.0005102040816326531 0.013347763347763348
24 0.5821428571428572 0.4908008658008658 0.00816326530612245 0.005411255411255411
121 0.19948979591836735 0.5438311688311688 0.018367346938775512 0.003968253968253968
121 0.19974489795918368 0.5487012987012987 0.01683673469387755 0.0036075036075036075
26 0.713265306122449 0.5057720057720058 0.00816326530612245 0.005772005772005772
41 0.7170918367346939 0.49476911976911975 0.0005102040816326531 0.01984126984126984
41 0.6987244897959184 0.49278499278499277 0.0005102040816326531 0.016594516594516596
24 0.7443877551020408 0.5086580086580087 0.00816326530612245 0.005772005772005772
24 0.7443877551020408 0.5146103896103896 0.00816326530612245 0.005411255411255411
26 0.7443877551020408 0.5566378066378066 0.00816326530612245 0.005772005772005772
24 0.7443877551020408 0.5477994227994228 0.00816326530612245 0.005411255411255411
41 0.7482142857142857 0.49765512265512263 0.0005102040816326531 0.020562770562770564
24 0.6948979591836735 0.5027056277056277 0.00816326530612245 0.005411255411255411
41 0.6798469387755102 0.4902597402597403 0.0005102040816326531 0.01443001443001443
26 0.6762755102040816 0.49981962481962483 0.007653061224489796 0.005411255411255411
41 0.6538265306122449 0.6062409812409812 0.0005102040816326531 0.01406926406926407
26 0.9375 0.5566378066378066 0.007653061224489796 0.005772005772005772
41 0.9339285714285714 0.5324675324675324 0.0005102040816326531 0.013708513708513708
41 0.9339285714285714 0.571969696969697 0.0005102040816326531 0.0284992784992785
24 0.9377551020408164 0.5656565656565656 0.00816326530612245 0.005772005772005772
40 0.8954081632653061 0.5508658008658008 0.003061224489795918 0.0021645021645021645
26 0.9040816326530612 0.5117243867243867 0.00816326530612245 0.005411255411255411
41 0.9079081632653061 0.5028860028860029 0.0005102040816326531 0.015873015873015872
24 0.9224489795918367 0.5146103896103896 0.00816326530612245 0.005411255411255411
41 0.9262755102040816 0.5046897546897547 0.0005102040816326531 0.018037518037518036
26 0.9375 0.5236291486291487 0.007653061224489796 0.005411255411255411
121 0.5811224489795919 0.47384559884559885 0.04693877551020408 0.006132756132756133
121 0.5954081632653061 0.4797979797979798 0.018367346938775512 0.0036075036075036075
121 0.7882653061224489 0.5717893217893217 0.00816326530612245 0.0021645021645021645
121 0.7665816326530612 0.577020202020202 0.05153061224489796 0.003246753246753247
121 0.7882653061224489 0.5248917748917749 0.00816326530612245 0.0021645021645021645
121 0.7665816326530612 0.5304834054834054 0.05153061224489796 0.003968253968253968
121 0.7665816326530612 0.48394660894660896 0.037244897959183676 0.006132756132756133
121 0.7573979591836735 0.4897186147186147 0.018877551020408164 0.003968253968253968
121 0.6892857142857143 0.4825036075036075 0.05510204081632653 0.006854256854256854
121 0.6892857142857143 0.4871933621933622 0.05510204081632653 0.006854256854256854
122 0.639030612244898 0.4936868686868687 0.025 0.003246753246753247
122 0.7987244897959184 0.49963924963924966 0.01989795918367347 0.002886002886002886
122 0.5352040816326531 0.4832251082251082 0.024489795918367346 0.003246753246753247
121 0.5038265306122449 0.4758297258297258 0.03010204081632653 0.005772005772005772
121 0.4459183673469388 0.48268398268398266 0.02857142857142857 0.0036075036075036075
122 0.45790816326530615 0.5901875901875901 0.1923469387755102 0.004329004329004329
121 0.3864795918367347 0.48827561327561325 0.049489795918367344 0.006854256854256854
121 0.4017857142857143 0.4917027417027417 0.01683673469387755 0.0036075036075036075
121 0.3127551020408163 0.5010822510822511 0.019387755102040816 0.005050505050505051
121 0.3125 0.5059523809523809 0.017857142857142856 0.00468975468975469
121 0.2941326530612245 0.5506854256854257 0.05663265306122449 0.007575757575757576
121 0.2938775510204082 0.5555555555555556 0.05510204081632653 0.007936507936507936
121 0.9293367346938776 0.5815295815295816 0.008673469387755102 0.0021645021645021645
121 0.9076530612244897 0.5856782106782107 0.05204081632653061 0.003968253968253968
121 0.9293367346938776 0.5346320346320347 0.008673469387755102 0.0021645021645021645
121 0.9076530612244897 0.5386002886002886 0.05204081632653061 0.004329004329004329
121 0.9076530612244897 0.49386724386724384 0.036734693877551024 0.005772005772005772
121 0.8989795918367347 0.49783549783549785 0.017346938775510204 0.0036075036075036075
122 0.8691326530612244 0.5057720057720058 0.01989795918367347 0.002886002886002886
121 0.8584183673469388 0.5725108225108225 0.007653061224489796 0.0021645021645021645
121 0.8372448979591837 0.577020202020202 0.05204081632653061 0.003246753246753247
121 0.8584183673469388 0.5286796536796536 0.007653061224489796 0.0025252525252525255
121 0.8372448979591837 0.5324675324675324 0.05204081632653061 0.004329004329004329
121 0.8372448979591837 0.48773448773448774 0.036734693877551024 0.005772005772005772
121 0.8278061224489796 0.4917027417027417 0.01683673469387755 0.0036075036075036075
40 0.8247448979591837 0.5447330447330447 0.0035714285714285713 0.0021645021645021645
26 0.8336734693877551 0.5057720057720058 0.00816326530612245 0.005772005772005772
41 0.8372448979591837 0.4963924963924964 0.0010204081632653062 0.016594516594516596
24 0.8520408163265306 0.5086580086580087 0.00816326530612245 0.005772005772005772
41 0.8558673469387755 0.4989177489177489 0.0005102040816326531 0.018037518037518036
26 0.8668367346938776 0.5176767676767676 0.00816326530612245 0.005772005772005772
40 0.8247448979591837 0.5115440115440115 0.0035714285714285713 0.0021645021645021645
41 0.8109693877551021 0.5234487734487735 0.0005102040816326531 0.015873015873015872
24 0.8673469387755102 0.5597041847041847 0.007142857142857143 0.005411255411255411
40 0.8247448979591837 0.5566378066378066 0.0035714285714285713 0.0021645021645021645
41 0.8109693877551021 0.5624098124098124 0.0005102040816326531 0.027417027417027416
40 0.8954081632653061 0.5176767676767676 0.003061224489795918 0.0021645021645021645
41 0.8818877551020409 0.5299422799422799 0.0005102040816326531 0.01443001443001443
41 0.8892857142857142 0.5 0.0010204081632653062 0.015873015873015872
40 0.8954081632653061 0.5627705627705628 0.003061224489795918 0.0021645021645021645
41 0.8818877551020409 0.5701659451659452 0.0005102040816326531 0.0284992784992785
41 0.8186224489795918 0.49404761904761907 0.0005102040816326531 0.015512265512265512
24 0.8857142857142857 0.5537518037518038 0.00816326530612245 0.005772005772005772
26 0.8857142857142857 0.5625901875901876 0.00816326530612245 0.005411255411255411
24 0.8854591836734694 0.5205627705627706 0.007653061224489796 0.005772005772005772
24 0.8854591836734694 0.5086580086580087 0.007653061224489796 0.005772005772005772
41 0.8630102040816326 0.5647546897546898 0.0005102040816326531 0.025613275613275612
41 0.8630102040816326 0.525974025974026 0.0005102040816326531 0.015151515151515152
26 0.8668367346938776 0.5506854256854257 0.00816326530612245 0.005411255411255411
41 0.2655612244897959 0.5557359307359307 0.0005102040816326531 0.015512265512265512
26 0.28061224489795916 0.5687229437229437 0.00816326530612245 0.005411255411255411
41 0.2844387755102041 0.5588023088023089 0.0005102040816326531 0.018037518037518036
26 0.29897959183673467 0.5236291486291487 0.00816326530612245 0.005411255411255411
24 0.29897959183673467 0.5716089466089466 0.00816326530612245 0.005411255411255411
41 0.3028061224489796 0.5128066378066378 0.0005102040816326531 0.01984126984126984
41 0.20892857142857144 0.5528499278499278 0.0005102040816326531 0.016233766233766232
24 0.22346938775510203 0.5656565656565656 0.00816326530612245 0.005772005772005772
41 0.22729591836734694 0.5553751803751804 0.0005102040816326531 0.01911976911976912
87 0.261734693877551 0.5266955266955267 0.007142857142857143 0.010101010101010102
24 0.26198979591836735 0.5656565656565656 0.007653061224489796 0.005772005772005772
28 0.3594387755102041 0.5537518037518038 0.010714285714285714 0.005772005772005772
24 0.35816326530612247 0.5146103896103896 0.00816326530612245 0.005411255411255411
109 0.3441326530612245 0.5176767676767676 0.0035714285714285713 0.005772005772005772
28 0.3563775510204082 0.5205627705627706 0.01173469387755102 0.005772005772005772
30 0.36862244897959184 0.5176767676767676 0.01173469387755102 0.005772005772005772
109 0.34744897959183674 0.5595238095238095 0.003061224489795918 0.011544011544011544
30 0.3604591836734694 0.5984848484848485 0.010714285714285714 0.005772005772005772
30 0.3604591836734694 0.5865800865800865 0.010714285714285714 0.005772005772005772
28 0.35994897959183675 0.5775613275613276 0.01173469387755102 0.005772005772005772
41 0.36173469387755103 0.5023448773448773 0.0010204081632653062 0.022727272727272728
26 0.31862244897959185 0.5746753246753247 0.007653061224489796 0.005772005772005772
41 0.3028061224489796 0.5613275613275613 0.0005102040816326531 0.01875901875901876
26 0.31862244897959185 0.5176767676767676 0.007653061224489796 0.005772005772005772
26 0.20510204081632652 0.5625901875901876 0.00816326530612245 0.005411255411255411
41 0.3221938775510204 0.5082972582972582 0.0005102040816326531 0.016594516594516596
41 0.3221938775510204 0.5636724386724387 0.0005102040816326531 0.01984126984126984
67 0.0875 0.5696248196248196 0.007653061224489796 0.012987012987012988
67 0.09566326530612244 0.5606060606060606 0.007653061224489796 0.012987012987012988
67 0.10357142857142858 0.5725108225108225 0.007142857142857143 0.012987012987012988
67 0.1114795918367347 0.5634920634920635 0.007653061224489796 0.012987012987012988
67 0.11938775510204082 0.5753968253968254 0.007142857142857143 0.012987012987012988
67 0.12729591836734694 0.5667388167388168 0.007653061224489796 0.012987012987012988
5 0.06505102040816327 0.5032467532467533 0.020918367346938777 0.03535353535353535
67 0.0875 0.5007215007215007 0.007653061224489796 0.012987012987012988
67 0.09566326530612244 0.4917027417027417 0.007653061224489796 0.012987012987012988
67 0.10357142857142858 0.5036075036075036 0.007142857142857143 0.012987012987012988
67 0.1114795918367347 0.4945887445887446 0.007653061224489796 0.012987012987012988
67 0.11938775510204082 0.5064935064935064 0.007142857142857143 0.012987012987012988
67 0.12729591836734694 0.49783549783549785 0.007653061224489796 0.012987012987012988
8 0.06505102040816327 0.5624098124098124 0.020918367346938777 0.015151515151515152
0 0.04030612244897959 0.5342712842712842 0.00816326530612245 0.08658008658008658
30 0.1586734693877551 0.5236291486291487 0.012244897959183673 0.006132756132756133
122 0.14183673469387756 0.5625901875901876 0.017346938775510204 0.0025252525252525255
122 0.14158163265306123 0.5744949494949495 0.017857142857142856 0.0025252525252525255
122 0.14183673469387756 0.5131673881673882 0.017346938775510204 0.0025252525252525255
122 0.9392857142857143 0.5115440115440115 0.019387755102040816 0.002886002886002886
40 0.1704081632653061 0.5746753246753247 0.003061224489795918 0.0021645021645021645
41 0.1528061224489796 0.5865800865800865 0.0005102040816326531 0.013708513708513708
41 0.16454081632653061 0.5548340548340548 0.0005102040816326531 0.018037518037518036
24 0.186734693877551 0.5597041847041847 0.00816326530612245 0.005411255411255411
41 0.1903061224489796 0.551046176046176 0.0010204081632653062 0.015512265512265512
28 0.35994897959183675 0.5656565656565656 0.01173469387755102 0.005772005772005772
40 0.1704081632653061 0.5627705627705628 0.003061224489795918 0.0021645021645021645
53 0.15663265306122448 0.5438311688311688 0.006122448979591836 0.006854256854256854
41 0.1528061224489796 0.5393217893217893 0.0005102040816326531 0.015873015873015872
41 0.16454081632653061 0.5095598845598845 0.0005102040816326531 0.025613275613275612
28 0.1586734693877551 0.5775613275613276 0.012244897959183673 0.005772005772005772
28 0.1586734693877551 0.5656565656565656 0.012244897959183673 0.005772005772005772
26 0.15663265306122448 0.5295815295815296 0.00816326530612245 0.005772005772005772
30 0.1586734693877551 0.5176767676767676 0.012244897959183673 0.005772005772005772
26 0.5153061224489796 0.48773448773448774 0.00816326530612245 0.005772005772005772
41 0.5191326530612245 0.4806998556998557 0.0005102040816326531 0.012626262626262626
26 0.5538265306122448 0.48773448773448774 0.007653061224489796 0.005772005772005772
28 0.5563775510204082 0.5086580086580087 0.010714285714285714 0.005772005772005772
28 0.5558673469387755 0.5027056277056277 0.01173469387755102 0.006132756132756133
28 0.5558673469387755 0.5656565656565656 0.01173469387755102 0.005772005772005772
30 0.5553571428571429 0.5566378066378066 0.010714285714285714 0.005772005772005772
30 0.5553571428571429 0.5508658008658008 0.010714285714285714 0.005772005772005772
30 0.5553571428571429 0.5447330447330447 0.010714285714285714 0.005772005772005772
30 0.5558673469387755 0.5984848484848485 0.01173469387755102 0.005772005772005772
41 0.4885204081632653 0.48484848484848486 0.0005102040816326531 0.013708513708513708
26 0.4846938775510204 0.4936868686868687 0.00816326530612245 0.005411255411255411
41 0.4599489795918367 0.48827561327561325 0.0005102040816326531 0.012626262626262626
24 0.45637755102040817 0.4967532467532468 0.007653061224489796 0.005772005772005772
41 0.4318877551020408 0.49098124098124096 0.0005102040816326531 0.01443001443001443
26 0.42806122448979594 0.49981962481962483 0.00816326530612245 0.005411255411255411
41 0.5614795918367347 0.547077922077922 0.0005102040816326531 0.03427128427128427
41 0.5502551020408163 0.6064213564213564 0.0005102040816326531 0.013708513708513708
41 0.5502551020408163 0.5151515151515151 0.0005102040816326531 0.022366522366522368
41 0.5576530612244898 0.47943722943722944 0.0010204081632653062 0.015151515151515152
40 0.3719387755102041 0.5508658008658008 0.003061224489795918 0.0021645021645021645
40 0.3719387755102041 0.5984848484848485 0.003061224489795918 0.0021645021645021645
41 0.35433673469387755 0.5961399711399712 0.0005102040816326531 0.03427128427128427
40 0.3719387755102041 0.5865800865800865 0.003061224489795918 0.0021645021645021645
40 0.3719387755102041 0.5746753246753247 0.003061224489795918 0.0021645021645021645
40 0.3806122448979592 0.5236291486291487 0.003061224489795918 0.0018037518037518038
41 0.36301020408163265 0.5270562770562771 0.0005102040816326531 0.016594516594516596
40 0.3806122448979592 0.5176767676767676 0.003061224489795918 0.0021645021645021645
40 0.3719387755102041 0.5627705627705628 0.003061224489795918 0.0021645021645021645
41 0.36556122448979594 0.551046176046176 0.0005102040816326531 0.026334776334776336
41 0.39260204081632655 0.49747474747474746 0.0005102040816326531 0.01875901875901876
24 0.38877551020408163 0.5086580086580087 0.00816326530612245 0.005772005772005772
26 0.40714285714285714 0.5057720057720058 0.00816326530612245 0.005772005772005772
41 0.41096938775510206 0.4954906204906205 0.0005102040816326531 0.0183982683982684
134 0.4997448979591837 0.6838023088023089 0.9045918367346939 0.024170274170274172
134 0.4997448979591837 0.7465728715728716 0.9045918367346939 0.024170274170274172
1 0.7436224489795918 0.665945165945166 0.012755102040816327 0.0007215007215007215
1 0.699234693877551 0.665945165945166 0.012755102040816327 0.0007215007215007215
1 0.5747448979591837 0.665945165945166 0.012755102040816327 0.0007215007215007215
1 0.548469387755102 0.665945165945166 0.012244897959183673 0.0007215007215007215
1 0.5040816326530613 0.6598124098124099 0.012244897959183673 0.0007215007215007215
1 0.5040816326530613 0.665945165945166 0.012244897959183673 0.0007215007215007215
1 0.4602040816326531 0.665945165945166 0.012244897959183673 0.0007215007215007215
1 0.2566326530612245 0.7016594516594516 0.012244897959183673 0.0007215007215007215
1 0.21224489795918366 0.7016594516594516 0.012244897959183673 0.0007215007215007215
1 0.16122448979591836 0.7016594516594516 0.018367346938775512 0.0007215007215007215
1 0.16122448979591836 0.7076118326118326 0.018367346938775512 0.0010822510822510823
1 0.7964285714285714 0.7287157287157288 0.018367346938775512 0.0007215007215007215
1 0.699234693877551 0.7168109668109668 0.012755102040816327 0.0007215007215007215
1 0.699234693877551 0.7227633477633477 0.012755102040816327 0.0010822510822510823
1 0.699234693877551 0.7287157287157288 0.012755102040816327 0.0007215007215007215
1 0.5061224489795918 0.7168109668109668 0.018367346938775512 0.0007215007215007215
1 0.5061224489795918 0.7227633477633477 0.018367346938775512 0.0010822510822510823
1 0.5061224489795918 0.7287157287157288 0.018367346938775512 0.0007215007215007215
1 0.5061224489795918 0.7646103896103896 0.018367346938775512 0.0010822510822510823
1 0.5061224489795918 0.7705627705627706 0.018367346938775512 0.0007215007215007215
1 0.4895408163265306 0.7646103896103896 0.008673469387755102 0.0010822510822510823
1 0.4895408163265306 0.7705627705627706 0.008673469387755102 0.0007215007215007215
1 0.2586734693877551 0.7646103896103896 0.018367346938775512 0.0010822510822510823
1 0.2586734693877551 0.7705627705627706 0.018367346938775512 0.0007215007215007215
1 0.2586734693877551 0.7765151515151515 0.018367346938775512 0.0010822510822510823
24 0.6994897959183674 0.7168109668109668 0.00816326530612245 0.005772005772005772
24 0.7 0.7227633477633477 0.007142857142857143 0.005411255411255411
24 0.7 0.7346681096681097 0.007142857142857143 0.005411255411255411
26 0.6994897959183674 0.6807359307359307 0.00816326530612245 0.005772005772005772
26 0.6994897959183674 0.6628787878787878 0.00816326530612245 0.005411255411255411
41 0.6089285714285714 0.6603535353535354 0.0005102040816326531 0.012626262626262626
30 0.6033163265306123 0.6688311688311688 0.01173469387755102 0.005772005772005772
41 0.5785714285714286 0.6558441558441559 0.0010204081632653062 0.018037518037518036
24 0.575 0.6657647907647908 0.00816326530612245 0.005411255411255411
30 0.5058673469387756 0.6747835497835498 0.01173469387755102 0.006132756132756133
41 0.6956632653061224 0.7364718614718615 0.0005102040816326531 0.03787878787878788
41 0.7030612244897959 0.6545815295815296 0.0010204081632653062 0.01479076479076479
41 0.6956632653061224 0.6913780663780664 0.0005102040816326531 0.01984126984126984
41 0.5002551020408164 0.6886724386724387 0.0005102040816326531 0.025252525252525252
121 0.18928571428571428 0.6807359307359307 0.053061224489795916 0.005772005772005772
121 0.17627551020408164 0.6847041847041847 0.025 0.0036075036075036075
109 0.4933673469387755 0.7256493506493507 0.003061224489795918 0.023448773448773448
40 0.5178571428571429 0.674963924963925 0.003061224489795918 0.0021645021645021645
30 0.5061224489795918 0.7377344877344877 0.012244897959183673 0.005772005772005772
40 0.5178571428571429 0.7377344877344877 0.003061224489795918 0.0021645021645021645
40 0.5178571428571429 0.6807359307359307 0.003061224489795918 0.0021645021645021645
28 0.5053571428571428 0.7287157287157288 0.010714285714285714 0.005772005772005772
28 0.5053571428571428 0.7229437229437229 0.010714285714285714 0.005772005772005772
41 0.5076530612244898 0.650974025974026 0.0010204081632653062 0.015512265512265512
28 0.5061224489795918 0.7705627705627706 0.012244897959183673 0.005772005772005772
41 0.5002551020408164 0.7784992784992785 0.0005102040816326531 0.013708513708513708
28 0.5053571428571428 0.7168109668109668 0.010714285714285714 0.005772005772005772
41 0.5520408163265306 0.6542207792207793 0.0010204081632653062 0.01479076479076479
26 0.548469387755102 0.6628787878787878 0.00816326530612245 0.005411255411255411
40 0.5178571428571429 0.7676767676767676 0.003061224489795918 0.0021645021645021645
40 0.5178571428571429 0.713924963924964 0.003061224489795918 0.0021645021645021645
40 0.5178571428571429 0.7198773448773449 0.003061224489795918 0.0018037518037518038
40 0.5178571428571429 0.7258297258297258 0.003061224489795918 0.0021645021645021645
41 0.511734693877551 0.7191558441558441 0.0010204081632653062 0.03427128427128427
41 0.9313775510204082 0.6713564213564214 0.0005102040816326531 0.01443001443001443
26 0.9275510204081633 0.6807359307359307 0.00816326530612245 0.005772005772005772
41 0.9048469387755103 0.6691919191919192 0.0005102040816326531 0.012987012987012988
24 0.9012755102040816 0.6778499278499278 0.007653061224489796 0.005772005772005772
121 0.8961734693877551 0.6607142857142857 0.07091836734693878 0.006132756132756133
121 0.9183673469387755 0.6670274170274171 0.026530612244897958 0.0036075036075036075
122 0.23698979591836736 0.6953463203463204 0.03520408163265306 0.003246753246753247
121 0.3038265306122449 0.6753246753246753 0.08724489795918368 0.008658008658008658
121 0.3040816326530612 0.6801948051948052 0.08571428571428572 0.009018759018759018
121 0.4201530612244898 0.6522366522366523 0.08724489795918368 0.010822510822510822
121 0.4201530612244898 0.6572871572871573 0.08622448979591837 0.010822510822510822
120 0.49744897959183676 0.7611832611832612 0.015306122448979591 0.002886002886002886
121 0.5431122448979592 0.645021645021645 0.07091836734693878 0.005772005772005772
121 0.5653061224489796 0.650974025974026 0.026530612244897958 0.003246753246753247
121 0.7385204081632653 0.6488095238095238 0.07091836734693878 0.006132756132756133
121 0.7607142857142857 0.6549422799422799 0.024489795918367346 0.003246753246753247
122 0.8262755102040816 0.6697330447330447 0.04846938775510204 0.003968253968253968
41 0.8604591836734694 0.665945165945166 0.0005102040816326531 0.013708513708513708
41 0.7474489795918368 0.6572871572871573 0.0010204081632653062 0.015151515151515152
41 0.7737244897959183 0.6589105339105339 0.0005102040816326531 0.015512265512265512
26 0.7701530612244898 0.6688311688311688 0.007653061224489796 0.005772005772005772
24 0.7438775510204082 0.6657647907647908 0.00816326530612245 0.005411255411255411
41 0.7908163265306123 0.7016594516594516 0.0010204081632653062 0.015151515151515152
26 0.8568877551020408 0.6747835497835498 0.007653061224489796 0.005411255411255411
41 0.7908163265306123 0.7481962481962482 0.0010204081632653062 0.03607503607503607
41 0.7982142857142858 0.6654040404040404 0.0005102040816326531 0.01479076479076479
28 0.7964285714285714 0.7287157287157288 0.012244897959183673 0.005772005772005772
28 0.7964285714285714 0.7348484848484849 0.012244897959183673 0.005772005772005772
28 0.7964285714285714 0.7467532467532467 0.012244897959183673 0.005772005772005772
30 0.7964285714285714 0.6926406926406926 0.012244897959183673 0.005772005772005772
26 0.7943877551020408 0.6747835497835498 0.00816326530612245 0.005411255411255411
41 0.1895408163265306 0.689033189033189 0.0005102040816326531 0.015873015873015872
26 0.18571428571428572 0.6985930735930735 0.00816326530612245 0.005411255411255411
59 0.14770408163265306 0.7386363636363636 0.007653061224489796 0.013347763347763348
40 0.17295918367346938 0.7377344877344877 0.003061224489795918 0.0021645021645021645
41 0.16709183673469388 0.7353896103896104 0.0005102040816326531 0.024891774891774892
40 0.17295918367346938 0.7496392496392497 0.003061224489795918 0.0021645021645021645
30 0.2586734693877551 0.7795815295815296 0.012244897959183673 0.005772005772005772
41 0.2528061224489796 0.7875180375180375 0.0005102040816326531 0.013708513708513708
30 0.5061224489795918 0.6807359307359307 0.012244897959183673 0.005772005772005772
41 0.2602040816326531 0.6895743145743146 0.0010204081632653062 0.021284271284271284
24 0.2566326530612245 0.7016594516594516 0.00816326530612245 0.005772005772005772
41 0.21581632653061225 0.6915584415584416 0.0010204081632653062 0.017316017316017316
24 0.21224489795918366 0.7016594516594516 0.00816326530612245 0.005772005772005772
122 0.14311224489795918 0.6926406926406926 0.01989795918367347 0.002886002886002886
67 0.0875 0.7505411255411255 0.007653061224489796 0.013347763347763348
67 0.09566326530612244 0.7417027417027418 0.007653061224489796 0.012987012987012988
67 0.10357142857142858 0.7536075036075036 0.007142857142857143 0.012987012987012988
67 0.1114795918367347 0.7445887445887446 0.007653061224489796 0.012987012987012988
67 0.11938775510204082 0.7564935064935064 0.007142857142857143 0.012987012987012988
67 0.12729591836734694 0.7474747474747475 0.007653061224489796 0.012987012987012988
8 0.06505102040816327 0.7435064935064936 0.020918367346938777 0.015151515151515152
67 0.0875 0.6816378066378066 0.007653061224489796 0.013347763347763348
67 0.09566326530612244 0.6727994227994228 0.007653061224489796 0.012987012987012988
67 0.10357142857142858 0.6847041847041847 0.007142857142857143 0.012987012987012988
67 0.1114795918367347 0.6756854256854257 0.007653061224489796 0.012987012987012988
67 0.11938775510204082 0.6875901875901876 0.007142857142857143 0.012987012987012988
67 0.12729591836734694 0.6785714285714286 0.007653061224489796 0.012987012987012988
5 0.06505102040816327 0.6843434343434344 0.020918367346938777 0.03535353535353535
0 0.04030612244897959 0.7151875901875901 0.00816326530612245 0.08694083694083694
28 0.16122448979591836 0.7406204906204906 0.012244897959183673 0.005772005772005772
41 0.15535714285714286 0.7160894660894661 0.0005102040816326531 0.012265512265512266
40 0.17295918367346938 0.7045454545454546 0.003061224489795918 0.0021645021645021645
41 0.16301020408163266 0.6866883116883117 0.0005102040816326531 0.01479076479076479
86 0.15816326530612246 0.7619047619047619 0.007142857142857143 0.015151515151515152
30 0.16122448979591836 0.7496392496392497 0.012244897959183673 0.005772005772005772
28 0.16122448979591836 0.7076118326118326 0.012244897959183673 0.006132756132756133
24 0.15918367346938775 0.6957070707070707 0.00816326530612245 0.005411255411255411
24 0.4895408163265306 0.7705627705627706 0.005612244897959183 0.0036075036075036075
41 0.46403061224489794 0.6563852813852814 0.0005102040816326531 0.016233766233766232
24 0.4602040816326531 0.6657647907647908 0.00816326530612245 0.005411255411255411
59 0.4201530612244898 0.6697330447330447 0.007653061224489796 0.013347763347763348
41 0.43520408163265306 0.6608946608946609 0.0010204081632653062 0.01948051948051948
24 0.4316326530612245 0.6718975468975469 0.00816326530612245 0.005411255411255411
41 0.40280612244897956 0.66504329004329 0.0005102040816326531 0.021284271284271284
109 0.4933673469387755 0.6776695526695526 0.003061224489795918 0.005411255411255411
24 0.5040816326530613 0.6598124098124099 0.00816326530612245 0.005772005772005772
53 0.4900510204081633 0.7824675324675324 0.004591836734693878 0.004329004329004329
41 0.48698979591836733 0.777958152958153 0.0005102040816326531 0.013347763347763348
24 0.3989795918367347 0.6778499278499278 0.00816326530612245 0.005772005772005772
41 0.34770408163265304 0.6783910533910534 0.0005102040816326531 0.012626262626262626
26 0.3438775510204082 0.6866883116883117 0.00816326530612245 0.005411255411255411
59 0.3040816326530612 0.6904761904761905 0.007142857142857143 0.012987012987012988
41 0.3191326530612245 0.6825396825396826 0.0005102040816326531 0.016594516594516596
26 0.3153061224489796 0.6926406926406926 0.00816326530612245 0.005772005772005772
41 0.286734693877551 0.6872294372294372 0.0010204081632653062 0.020923520923520924
26 0.28316326530612246 0.6985930735930735 0.00816326530612245 0.005411255411255411
41 0.3762755102040816 0.6679292929292929 0.0005102040816326531 0.022005772005772004
26 0.37244897959183676 0.6807359307359307 0.00816326530612245 0.005772005772005772
134 0.4997448979591837 0.8647186147186147 0.9045918367346939 0.023809523809523808
1 0.5877551020408164 0.9487734487734488 0.018367346938775512 0.0007215007215007215
1 0.2788265306122449 0.9487734487734488 0.018877551020408164 0.0007215007215007215
1 0.27933673469387754 0.9549062049062049 0.017857142857142856 0.0007215007215007215
134 0.4997448979591837 0.9309163059163059 0.9045918367346939 0.024170274170274172
1 0.9214285714285714 0.8827561327561327 0.012244897959183673 0.0007215007215007215
1 0.8390306122448979 0.8827561327561327 0.020918367346938777 0.0007215007215007215
1 0.8392857142857143 0.8885281385281385 0.02040816326530612 0.0007215007215007215
1 0.8433673469387755 0.8946608946608947 0.012244897959183673 0.0007215007215007215
1 0.8033163265306122 0.8827561327561327 0.012755102040816327 0.0007215007215007215
1 0.7693877551020408 0.8827561327561327 0.012244897959183673 0.0007215007215007215
1 0.7693877551020408 0.8885281385281385 0.012244897959183673 0.0007215007215007215
1 0.7377551020408163 0.8827561327561327 0.012244897959183673 0.0007215007215007215
1 0.7377551020408163 0.8885281385281385 0.012244897959183673 0.0007215007215007215
1 0.7377551020408163 0.8946608946608947 0.012244897959183673 0.0007215007215007215
1 0.5877551020408164 0.8827561327561327 0.018367346938775512 0.0007215007215007215
1 0.5877551020408164 0.8885281385281385 0.018367346938775512 0.0007215007215007215
1 0.47219387755102044 0.8827561327561327 0.01173469387755102 0.0007215007215007215
26 0.6719387755102041 0.933982683982684 0.00816326530612245 0.005772005772005772
41 0.675765306122449 0.9200937950937951 0.0005102040816326531 0.025613275613275612
88 0.7058673469387755 0.8551587301587301 0.008673469387755102 0.01479076479076479
47 0.647704081632653 0.9195526695526696 0.005612244897959183 0.006493506493506494
30 0.7071428571428572 0.928030303030303 0.011224489795918367 0.006132756132756133
28 0.7076530612244898 0.9368686868686869 0.012244897959183673 0.005772005772005772
41 0.7135204081632653 0.9126984126984127 0.0005102040816326531 0.006493506493506494
41 0.7135204081632653 0.926046176046176 0.0005102040816326531 0.01948051948051948
121 0.20331632653061224 0.8452380952380952 0.08622448979591837 0.005050505050505051
121 0.2308673469387755 0.8511904761904762 0.03010204081632653 0.003246753246753247
41 0.5892857142857143 0.922077922077922 0.0010204081632653062 0.027417027417027416
40 0.5994897959183674 0.9458874458874459 0.003061224489795918 0.0021645021645021645
41 0.5818877551020408 0.9574314574314574 0.0005102040816326531 0.012265512265512266
24 0.6403061224489796 0.9368686868686869 0.00816326530612245 0.005772005772005772
41 0.6441326530612245 0.9224386724386724 0.0005102040816326531 0.027417027417027416
41 0.9252551020408163 0.8706709956709957 0.0005102040816326531 0.021284271284271284
24 0.9214285714285714 0.8825757575757576 0.00816326530612245 0.005411255411255411
121 0.8818877551020409 0.86002886002886 0.08622448979591837 0.0021645021645021645
121 0.9107142857142857 0.8647186147186147 0.02857142857142857 0.0021645021645021645
122 0.3298469387755102 0.8701298701298701 0.09948979591836735 0.004329004329004329
121 0.4306122448979592 0.8587662337662337 0.09081632653061225 0.003968253968253968
121 0.45790816326530615 0.8643578643578643 0.034183673469387756 0.002886002886002886
121 0.6323979591836735 0.9076479076479076 0.08622448979591837 0.002886002886002886
121 0.6596938775510204 0.9121572871572872 0.03163265306122449 0.0025252525252525255
122 0.6739795918367347 0.9435425685425686 0.06428571428571428 0.003968253968253968
121 0.7668367346938776 0.9042207792207793 0.06428571428571428 0.006854256854256854
121 0.7668367346938776 0.9089105339105339 0.0653061224489796 0.006854256854256854
122 0.8206632653061224 0.8809523809523809 0.02295918367346939 0.002886002886002886
41 0.8956632653061225 0.8676046176046176 0.0005102040816326531 0.015151515151515152
41 0.7997448979591837 0.897005772005772 0.0005102040816326531 0.0183982683982684
26 0.8033163265306122 0.8856421356421357 0.007653061224489796 0.005772005772005772
41 0.7655612244897959 0.9007936507936508 0.0005102040816326531 0.015873015873015872
26 0.7693877551020408 0.8915945165945166 0.00816326530612245 0.005411255411255411
41 0.7339285714285714 0.9036796536796536 0.0005102040816326531 0.015151515151515152
24 0.7377551020408163 0.8946608946608947 0.00816326530612245 0.005772005772005772
24 0.8349489795918368 0.8825757575757576 0.007653061224489796 0.005411255411255411
24 0.8441326530612245 0.8946608946608947 0.0066326530612244895 0.005772005772005772
24 0.835204081632653 0.8887085137085137 0.007142857142857143 0.005411255411255411
26 0.8436224489795918 0.8856421356421357 0.007653061224489796 0.005772005772005772
41 0.8385204081632653 0.8708513708513709 0.0005102040816326531 0.021645021645021644
41 0.8397959183673469 0.8979076479076479 0.0010204081632653062 0.023088023088023088
24 0.8918367346938776 0.8766233766233766 0.00816326530612245 0.005772005772005772
41 0.21505102040816326 0.8558802308802309 0.0005102040816326531 0.01984126984126984
26 0.21122448979591837 0.8677849927849928 0.00816326530612245 0.005411255411255411
24 0.24285714285714285 0.8706709956709957 0.00816326530612245 0.005411255411255411
41 0.1604591836734694 0.9217171717171717 0.0005102040816326531 0.03318903318903319
28 0.2739795918367347 0.9191919191919192 0.011224489795918367 0.005772005772005772
41 0.28035714285714286 0.9121572871572872 0.0005102040816326531 0.022005772005772004
24 0.2724489795918367 0.9368686868686869 0.00816326530612245 0.005772005772005772
30 0.2788265306122449 0.9577922077922078 0.01173469387755102 0.005772005772005772
30 0.286734693877551 0.9161255411255411 0.012244897959183673 0.006132756132756133
28 0.27448979591836736 0.924963924963925 0.012244897959183673 0.005772005772005772
24 0.2724489795918367 0.8766233766233766 0.00816326530612245 0.005772005772005772
41 0.24668367346938774 0.8584054834054834 0.0005102040816326531 0.022727272727272728
67 0.0875 0.8627344877344877 0.007653061224489796 0.013347763347763348
67 0.09540816326530613 0.8538961038961039 0.007142857142857143 0.012987012987012988
67 0.10357142857142858 0.8656204906204906 0.007142857142857143 0.013347763347763348
67 0.1114795918367347 0.8567821067821068 0.007653061224489796 0.012987012987012988
67 0.11938775510204082 0.8686868686868687 0.007142857142857143 0.012987012987012988
67 0.12729591836734694 0.8596681096681097 0.007653061224489796 0.012987012987012988
5 0.06505102040816327 0.8654401154401155 0.020918367346938777 0.03535353535353535
8 0.06505102040816327 0.9278499278499278 0.020918367346938777 0.015151515151515152
0 0.04005102040816327 0.8979076479076479 0.008673469387755102 0.09018759018759019
41 0.1604591836734694 0.8537157287157288 0.0005102040816326531 0.01911976911976912
26 0.15663265306122448 0.922077922077922 0.00816326530612245 0.005772005772005772
26 0.15663265306122448 0.928030303030303 0.00816326530612245 0.005411255411255411
26 0.15663265306122448 0.939935064935065 0.00816326530612245 0.005411255411255411
86 0.1556122448979592 0.8924963924963925 0.007142857142857143 0.015151515151515152
24 0.15663265306122448 0.8647186147186147 0.00816326530612245 0.005772005772005772
41 0.27627551020408164 0.865981240981241 0.0005102040816326531 0.01984126984126984
67 0.0875 0.9348845598845599 0.007653061224489796 0.013347763347763348
67 0.09540816326530613 0.926046176046176 0.007142857142857143 0.012987012987012988
67 0.10357142857142858 0.937950937950938 0.007142857142857143 0.012987012987012988
67 0.1114795918367347 0.9289321789321789 0.007653061224489796 0.012987012987012988
67 0.11938775510204082 0.9408369408369408 0.007142857142857143 0.012987012987012988
67 0.12729591836734694 0.9318181818181818 0.007653061224489796 0.012987012987012988
41 0.475765306122449 0.8703102453102453 0.0005102040816326531 0.020562770562770564
24 0.4719387755102041 0.8825757575757576 0.00816326530612245 0.005411255411255411
61 0.4614795918367347 0.8823953823953824 0.005612244897959183 0.015873015873015872
41 0.43979591836734694 0.8674242424242424 0.0010204081632653062 0.016233766233766232
24 0.4362244897959184 0.8766233766233766 0.00816326530612245 0.005772005772005772
41 0.3778061224489796 0.9467893217893217 0.0005102040816326531 0.015512265512265512
24 0.5857142857142857 0.9368686868686869 0.00816326530612245 0.005772005772005772
41 0.5933673469387755 0.8731962481962482 0.0010204081632653062 0.03427128427128427
68 0.514795918367347 0.9426406926406926 0.006122448979591836 0.015873015873015872
68 0.5211734693877551 0.9336219336219336 0.005612244897959183 0.015873015873015872
67 0.5323979591836735 0.9348845598845599 0.007653061224489796 0.013347763347763348
67 0.5403061224489796 0.926046176046176 0.007142857142857143 0.012987012987012988
67 0.5482142857142858 0.937950937950938 0.007653061224489796 0.012987012987012988
67 0.5561224489795918 0.9289321789321789 0.007142857142857143 0.012987012987012988
28 0.5877551020408164 0.9487734487734488 0.012244897959183673 0.005772005772005772
68 0.514795918367347 0.8704906204906205 0.006122448979591836 0.015873015873015872
68 0.5211734693877551 0.8614718614718615 0.005612244897959183 0.015873015873015872
67 0.5323979591836735 0.8627344877344877 0.007653061224489796 0.013347763347763348
67 0.5403061224489796 0.8538961038961039 0.007142857142857143 0.012987012987012988
67 0.5482142857142858 0.8658008658008658 0.007653061224489796 0.012987012987012988
67 0.5561224489795918 0.8567821067821068 0.007142857142857143 0.012987012987012988
86 0.5846938775510204 0.8412698412698413 0.007142857142857143 0.015151515151515152
28 0.5877551020408164 0.8766233766233766 0.012244897959183673 0.005772005772005772
30 0.5877551020408164 0.8856421356421357 0.012244897959183673 0.005772005772005772
30 0.5875 0.8915945165945166 0.01173469387755102 0.006132756132756133
41 0.2844387755102041 0.9439033189033189 0.0005102040816326531 0.025613275613275612
41 0.2686224489795918 0.9466089466089466 0.0005102040816326531 0.017316017316017316
53 0.2724489795918367 0.952020202020202 0.007142857142857143 0.006493506493506494
87 0.3267857142857143 0.9101731601731602 0.007653061224489796 0.010101010101010102
41 0.3849489795918367 0.8661616161616161 0.0005102040816326531 0.016594516594516596
24 0.38137755102040816 0.9368686868686869 0.007653061224489796 0.005772005772005772
24 0.38137755102040816 0.8766233766233766 0.007653061224489796 0.005772005772005772
