134 0.5354591836734693 0.06673881673881674 0.8331632653061225 0.023809523809523808
134 0.5354591836734693 0.31222943722943725 0.8331632653061225 0.024170274170274172
1 0.8311224489795919 0.10245310245310245 0.0163265306122449 0.0007215007215007215
1 0.6974489795918367 0.10245310245310245 0.0163265306122449 0.0007215007215007215
1 0.5344387755102041 0.10245310245310245 0.015816326530612244 0.0007215007215007215
1 0.5122448979591837 0.10245310245310245 0.017346938775510204 0.0007215007215007215
1 0.4089285714285714 0.10245310245310245 0.015816326530612244 0.0007215007215007215
1 0.24591836734693878 0.10245310245310245 0.0163265306122449 0.0007215007215007215
1 0.22321428571428573 0.10245310245310245 0.01683673469387755 0.0007215007215007215
1 0.8311224489795919 0.3481240981240981 0.0163265306122449 0.0007215007215007215
1 0.6974489795918367 0.3481240981240981 0.0163265306122449 0.0007215007215007215
1 0.5344387755102041 0.3481240981240981 0.015816326530612244 0.0007215007215007215
1 0.5122448979591837 0.3481240981240981 0.017346938775510204 0.0007215007215007215
1 0.4089285714285714 0.3481240981240981 0.015816326530612244 0.0007215007215007215
1 0.24591836734693878 0.3481240981240981 0.0163265306122449 0.0007215007215007215
1 0.22321428571428573 0.3481240981240981 0.01683673469387755 0.0007215007215007215
134 0.5354591836734693 0.12031024531024531 0.8331632653061225 0.024170274170274172
134 0.5354591836734693 0.36598124098124096 0.8331632653061225 0.024170274170274172
26 0.5673469387755102 0.35119047619047616 0.01020408163265306 0.006132756132756133
26 0.7150510204081633 0.10551948051948051 0.010714285714285714 0.006132756132756133
26 0.7150510204081633 0.351010101010101 0.010714285714285714 0.005772005772005772
41 0.7673469387755102 0.36544011544011545 0.0010204081632653062 0.01875901875901876
41 0.7099489795918368 0.11652236652236653 0.0005102040816326531 0.01948051948051948
24 0.6780612244897959 0.3540764790764791 0.01020408163265306 0.006132756132756133
41 0.6729591836734694 0.11940836940836941 0.0010204081632653062 0.01948051948051948
41 0.6729591836734694 0.36507936507936506 0.0010204081632653062 0.01948051948051948
41 0.6926020408163265 0.3596681096681097 0.0005102040816326531 0.018037518037518036
24 0.6977040816326531 0.10263347763347763 0.010714285714285714 0.006132756132756133
24 0.6977040816326531 0.34794372294372294 0.010714285714285714 0.006132756132756133
41 0.6926020408163265 0.11363636363636363 0.0005102040816326531 0.01948051948051948
28 0.772704081632653 0.10858585858585859 0.010714285714285714 0.006493506493506494
41 0.7497448979591836 0.36832611832611833 0.0005102040816326531 0.01875901875901876
28 0.7724489795918368 0.3538961038961039 0.011224489795918367 0.006493506493506494
41 0.7673469387755102 0.11940836940836941 0.0010204081632653062 0.01948051948051948
41 0.7497448979591836 0.12283549783549784 0.0005102040816326531 0.0183982683982684
26 0.7548469387755102 0.356962481962482 0.010714285714285714 0.006132756132756133
26 0.7548469387755102 0.11147186147186147 0.010714285714285714 0.005772005772005772
41 0.727295918367347 0.3656204906204906 0.0005102040816326531 0.0183982683982684
41 0.727295918367347 0.12012987012987013 0.0005102040816326531 0.018037518037518036
28 0.7326530612244898 0.3540764790764791 0.011224489795918367 0.006854256854256854
28 0.7326530612244898 0.10858585858585859 0.011224489795918367 0.006493506493506494
41 0.7099489795918368 0.36183261183261184 0.0005102040816326531 0.01948051948051948
41 0.5971938775510204 0.3686868686868687 0.0005102040816326531 0.018037518037518036
30 0.6025510204081632 0.11147186147186147 0.011224489795918367 0.006493506493506494
30 0.6025510204081632 0.356962481962482 0.011224489795918367 0.006854256854256854
41 0.5971938775510204 0.12229437229437229 0.0005102040816326531 0.01948051948051948
28 0.625 0.11435786435786435 0.011224489795918367 0.006493506493506494
28 0.625 0.36002886002886003 0.011224489795918367 0.006493506493506494
41 0.6196428571428572 0.12554112554112554 0.0005102040816326531 0.01948051948051948
84 0.42551020408163265 0.06403318903318904 0.00510204081632653 0.006854256854256854
41 0.5622448979591836 0.11652236652236653 0.0010204081632653062 0.01948051948051948
41 0.5622448979591836 0.36183261183261184 0.0010204081632653062 0.01948051948051948
24 0.5846938775510204 0.10840548340548341 0.01020408163265306 0.006132756132756133
24 0.5846938775510204 0.3540764790764791 0.01020408163265306 0.006132756132756133
41 0.5798469387755102 0.11940836940836941 0.0005102040816326531 0.01948051948051948
41 0.5798469387755102 0.36507936507936506 0.0005102040816326531 0.01948051948051948
41 0.6482142857142857 0.37157287157287155 0.0005102040816326531 0.018037518037518036
41 0.6196428571428572 0.3708513708513709 0.0005102040816326531 0.01948051948051948
28 0.6535714285714286 0.11435786435786435 0.011224489795918367 0.006493506493506494
28 0.6535714285714286 0.36002886002886003 0.011224489795918367 0.006493506493506494
24 0.6780612244897959 0.10840548340548341 0.01020408163265306 0.006132756132756133
41 0.6482142857142857 0.12554112554112554 0.0005102040816326531 0.01948051948051948
41 0.9135204081632653 0.3686868686868687 0.0005102040816326531 0.018037518037518036
30 0.9188775510204081 0.11147186147186147 0.011224489795918367 0.006493506493506494
30 0.9188775510204081 0.356962481962482 0.011224489795918367 0.006854256854256854
41 0.9135204081632653 0.12229437229437229 0.0005102040816326531 0.01948051948051948
26 0.9408163265306122 0.11147186147186147 0.01020408163265306 0.005772005772005772
26 0.9408163265306122 0.356962481962482 0.01020408163265306 0.006132756132756133
41 0.9359693877551021 0.12229437229437229 0.0005102040816326531 0.01948051948051948
24 0.8834183673469388 0.10840548340548341 0.010714285714285714 0.006132756132756133
24 0.8834183673469388 0.3540764790764791 0.010714285714285714 0.006132756132756133
41 0.8783163265306122 0.11940836940836941 0.0005102040816326531 0.01948051948051948
41 0.8783163265306122 0.36507936507936506 0.0005102040816326531 0.01948051948051948
26 0.9010204081632653 0.11147186147186147 0.01020408163265306 0.005772005772005772
26 0.9010204081632653 0.356962481962482 0.01020408163265306 0.006132756132756133
41 0.8959183673469387 0.12229437229437229 0.0010204081632653062 0.01948051948051948
41 0.8959183673469387 0.36796536796536794 0.0010204081632653062 0.01948051948051948
84 0.7142857142857143 0.30952380952380953 0.00510204081632653 0.007215007215007215
84 0.7142857142857143 0.06403318903318904 0.00510204081632653 0.006854256854256854
84 0.5698979591836735 0.30952380952380953 0.00510204081632653 0.007215007215007215
84 0.5698979591836735 0.06403318903318904 0.00510204081632653 0.006854256854256854
84 0.42551020408163265 0.30952380952380953 0.00510204081632653 0.007215007215007215
41 0.9359693877551021 0.36796536796536794 0.0005102040816326531 0.01948051948051948
86 0.8140306122448979 0.12067099567099566 0.009693877551020408 0.0183982683982684
86 0.8140306122448979 0.36598124098124096 0.009693877551020408 0.0183982683982684
86 0.798469387755102 0.2815656565656566 0.01020408163265306 0.0183982683982684
86 0.7982142857142858 0.5272366522366523 0.009693877551020408 0.0183982683982684
24 0.8660714285714286 0.10840548340548341 0.010714285714285714 0.006132756132756133
41 0.8436224489795918 0.11706349206349206 0.0005102040816326531 0.0183982683982684
41 0.8436224489795918 0.3625541125541126 0.0005102040816326531 0.018037518037518036
26 0.8487244897959184 0.351010101010101 0.010714285714285714 0.005772005772005772
24 0.8660714285714286 0.3540764790764791 0.010714285714285714 0.006132756132756133
41 0.860969387755102 0.11940836940836941 0.0005102040816326531 0.01948051948051948
41 0.860969387755102 0.36507936507936506 0.0005102040816326531 0.01948051948051948
24 0.8311224489795919 0.10263347763347763 0.01020408163265306 0.006132756132756133
24 0.8311224489795919 0.34794372294372294 0.01020408163265306 0.006132756132756133
41 0.8262755102040816 0.11363636363636363 0.0005102040816326531 0.01948051948051948
41 0.8262755102040816 0.35894660894660896 0.0005102040816326531 0.01948051948051948
26 0.8487244897959184 0.10551948051948051 0.010714285714285714 0.006132756132756133
24 0.29617346938775513 0.3540764790764791 0.010714285714285714 0.006132756132756133
41 0.27372448979591835 0.3625541125541126 0.0005102040816326531 0.018037518037518036
24 0.29617346938775513 0.10840548340548341 0.010714285714285714 0.006132756132756133
41 0.27372448979591835 0.11724386724386725 0.0005102040816326531 0.018037518037518036
41 0.2910714285714286 0.11940836940836941 0.0005102040816326531 0.01948051948051948
41 0.2910714285714286 0.36507936507936506 0.0005102040816326531 0.01948051948051948
41 0.24081632653061225 0.35894660894660896 0.0010204081632653062 0.01948051948051948
24 0.2612244897959184 0.10840548340548341 0.01020408163265306 0.006132756132756133
24 0.2612244897959184 0.3540764790764791 0.01020408163265306 0.006132756132756133
41 0.25637755102040816 0.11940836940836941 0.0005102040816326531 0.01948051948051948
30 0.3137755102040816 0.11147186147186147 0.011224489795918367 0.006493506493506494
41 0.25637755102040816 0.36507936507936506 0.0005102040816326531 0.01948051948051948
26 0.2785714285714286 0.10551948051948051 0.01020408163265306 0.006132756132756133
26 0.2785714285714286 0.35119047619047616 0.01020408163265306 0.006132756132756133
28 0.3650510204081633 0.11435786435786435 0.010714285714285714 0.006493506493506494
28 0.3650510204081633 0.36002886002886003 0.010714285714285714 0.006493506493506494
41 0.3596938775510204 0.12554112554112554 0.0010204081632653062 0.01948051948051948
26 0.5673469387755102 0.10551948051948051 0.01020408163265306 0.006132756132756133
30 0.3137755102040816 0.35714285714285715 0.011224489795918367 0.006493506493506494
41 0.3084183673469388 0.12229437229437229 0.0005102040816326531 0.01948051948051948
41 0.3084183673469388 0.36796536796536794 0.0005102040816326531 0.01948051948051948
28 0.33622448979591835 0.11435786435786435 0.011224489795918367 0.006493506493506494
28 0.33622448979591835 0.36002886002886003 0.011224489795918367 0.006493506493506494
41 0.3308673469387755 0.12554112554112554 0.0005102040816326531 0.01948051948051948
41 0.3308673469387755 0.3708513708513709 0.0005102040816326531 0.01948051948051948
8 0.14107142857142857 0.12103174603174603 0.03010204081632653 0.027056277056277056
84 0.8696428571428572 0.06403318903318904 0.005612244897959183 0.006854256854256854
84 0.8696428571428572 0.30952380952380953 0.005612244897959183 0.007215007215007215
85 0.22372448979591836 0.06511544011544011 0.012755102040816327 0.003246753246753247
5 0.1377551020408163 0.0670995670995671 0.02346938775510204 0.051226551226551224
67 0.16326530612244897 0.06349206349206349 0.007142857142857143 0.01948051948051948
13 0.18214285714285713 0.060064935064935064 0.00816326530612245 0.013347763347763348
12 0.19387755102040816 0.060064935064935064 0.01020408163265306 0.013347763347763348
16 0.188265306122449 0.07413419913419914 0.012244897959183673 0.013347763347763348
28 0.2229591836734694 0.10245310245310245 0.011224489795918367 0.006493506493506494
67 0.16326530612244897 0.12319624819624819 0.007142857142857143 0.01984126984126984
13 0.18214285714285713 0.11363636363636363 0.00816326530612245 0.013708513708513708
12 0.19387755102040816 0.11381673881673882 0.01020408163265306 0.013347763347763348
16 0.188265306122449 0.1277056277056277 0.012244897959183673 0.013708513708513708
5 0.1377551020408163 0.3125901875901876 0.02346938775510204 0.050865800865800864
67 0.16326530612244897 0.30898268398268397 0.007142857142857143 0.01984126984126984
13 0.18214285714285713 0.30537518037518036 0.00816326530612245 0.013347763347763348
12 0.19387755102040816 0.30537518037518036 0.01020408163265306 0.013347763347763348
16 0.188265306122449 0.31962481962481964 0.012244897959183673 0.013708513708513708
28 0.22321428571428573 0.3481240981240981 0.010714285714285714 0.006493506493506494
0 0.11224489795918367 0.09361471861471861 0.009183673469387756 0.07828282828282829
84 0.275765306122449 0.30952380952380953 0.005612244897959183 0.007215007215007215
8 0.14107142857142857 0.3667027417027417 0.03010204081632653 0.027056277056277056
0 0.11224489795918367 0.33910533910533913 0.009183673469387756 0.07792207792207792
83 0.24285714285714285 0.06403318903318904 0.00510204081632653 0.006854256854256854
24 0.24591836734693878 0.10263347763347763 0.01020408163265306 0.006132756132756133
24 0.24591836734693878 0.34794372294372294 0.01020408163265306 0.006132756132756133
41 0.24081632653061225 0.11363636363636363 0.0010204081632653062 0.01948051948051948
67 0.16326530612244897 0.3686868686868687 0.007142857142857143 0.01948051948051948
13 0.18214285714285713 0.35912698412698413 0.00816326530612245 0.013347763347763348
12 0.19387755102040816 0.35912698412698413 0.01020408163265306 0.013347763347763348
16 0.188265306122449 0.3731962481962482 0.012244897959183673 0.013347763347763348
41 0.21760204081632653 0.11363636363636363 0.0005102040816326531 0.01948051948051948
41 0.21760204081632653 0.35894660894660896 0.0005102040816326531 0.01948051948051948
28 0.5122448979591837 0.10245310245310245 0.011224489795918367 0.006493506493506494
28 0.5122448979591837 0.3481240981240981 0.011224489795918367 0.006493506493506494
41 0.4788265306122449 0.3658008658008658 0.0005102040816326531 0.018037518037518036
41 0.5068877551020409 0.11363636363636363 0.0005102040816326531 0.01948051948051948
26 0.4663265306122449 0.11147186147186147 0.01020408163265306 0.005772005772005772
26 0.4663265306122449 0.356962481962482 0.01020408163265306 0.006132756132756133
41 0.46122448979591835 0.12229437229437229 0.0010204081632653062 0.01948051948051948
41 0.46122448979591835 0.36796536796536794 0.0010204081632653062 0.01948051948051948
28 0.48418367346938773 0.10858585858585859 0.011224489795918367 0.006493506493506494
28 0.48418367346938773 0.3538961038961039 0.011224489795918367 0.006493506493506494
41 0.4788265306122449 0.11940836940836941 0.0005102040816326531 0.01948051948051948
24 0.5497448979591837 0.3540764790764791 0.010714285714285714 0.006132756132756133
41 0.5293367346938775 0.35948773448773447 0.0005102040816326531 0.0183982683982684
24 0.55 0.10840548340548341 0.01020408163265306 0.006132756132756133
41 0.5293367346938775 0.113997113997114 0.0005102040816326531 0.01875901875901876
41 0.5446428571428571 0.11940836940836941 0.0005102040816326531 0.01948051948051948
41 0.5446428571428571 0.36507936507936506 0.0005102040816326531 0.01948051948051948
41 0.5068877551020409 0.35894660894660896 0.0005102040816326531 0.01948051948051948
24 0.5344387755102041 0.10263347763347763 0.010714285714285714 0.006132756132756133
24 0.5344387755102041 0.34794372294372294 0.010714285714285714 0.006132756132756133
41 0.42117346938775513 0.11706349206349206 0.0005102040816326531 0.0183982683982684
26 0.4262755102040816 0.351010101010101 0.010714285714285714 0.005772005772005772
26 0.4262755102040816 0.10551948051948051 0.010714285714285714 0.006132756132756133
24 0.3892857142857143 0.10840548340548341 0.01020408163265306 0.006132756132756133
41 0.4038265306122449 0.35948773448773447 0.0005102040816326531 0.0183982683982684
24 0.3892857142857143 0.3540764790764791 0.01020408163265306 0.006132756132756133
41 0.4038265306122449 0.11417748917748918 0.0005102040816326531 0.0183982683982684
24 0.4089285714285714 0.34794372294372294 0.010714285714285714 0.006132756132756133
24 0.4089285714285714 0.10263347763347763 0.010714285714285714 0.006132756132756133
41 0.38443877551020406 0.11940836940836941 0.0005102040816326531 0.01948051948051948
41 0.38443877551020406 0.36507936507936506 0.0005102040816326531 0.01948051948051948
41 0.4385204081632653 0.11994949494949494 0.0005102040816326531 0.0183982683982684
28 0.44387755102040816 0.3540764790764791 0.011224489795918367 0.006854256854256854
28 0.44387755102040816 0.10858585858585859 0.011224489795918367 0.006493506493506494
41 0.4385204081632653 0.36507936507936506 0.0005102040816326531 0.01948051948051948
41 0.42117346938775513 0.36183261183261184 0.0005102040816326531 0.01948051948051948
41 0.3596938775510204 0.3708513708513709 0.0010204081632653062 0.01948051948051948
134 0.4971938775510204 0.5548340548340548 0.8994897959183673 0.023809523809523808
134 0.4997448979591837 0.6084054834054834 0.9045918367346939 0.024170274170274172
1 0.5377551020408163 0.5905483405483406 0.0163265306122449 0.0007215007215007215
134 0.4997448979591837 0.6711760461760462 0.9045918367346939 0.024170274170274172
134 0.4997448979591837 0.72492784992785 0.9045918367346939 0.024170274170274172
1 0.5377551020408163 0.7068903318903319 0.0163265306122449 0.0010822510822510823
41 0.6094387755102041 0.6082251082251082 0.0005102040816326531 0.018037518037518036
41 0.6094387755102041 0.7243867243867244 0.0005102040816326531 0.018037518037518036
28 0.6147959183673469 0.7128427128427128 0.011224489795918367 0.006493506493506494
28 0.6147959183673469 0.5966810966810967 0.011224489795918367 0.006493506493506494
41 0.5711734693877552 0.7213203463203464 0.0005102040816326531 0.0183982683982684
41 0.7257653061224489 0.7243867243867244 0.0005102040816326531 0.018037518037518036
41 0.7257653061224489 0.6082251082251082 0.0005102040816326531 0.018037518037518036
28 0.7311224489795919 0.7128427128427128 0.011224489795918367 0.006493506493506494
28 0.7311224489795919 0.5966810966810967 0.011224489795918367 0.006493506493506494
30 0.6729591836734694 0.5995670995670995 0.011224489795918367 0.006493506493506494
41 0.6676020408163266 0.7276334776334776 0.0005102040816326531 0.018037518037518036
41 0.6676020408163266 0.6103896103896104 0.0005102040816326531 0.01948051948051948
30 0.6729591836734694 0.7157287157287158 0.011224489795918367 0.006493506493506494
41 0.47270408163265304 0.7276334776334776 0.0005102040816326531 0.018037518037518036
0 0.04081632653061224 0.698051948051948 0.009183673469387756 0.07792207792207792
26 0.5762755102040816 0.7097763347763347 0.010714285714285714 0.006132756132756133
26 0.5762755102040816 0.5936147186147186 0.010714285714285714 0.006132756132756133
28 0.8005102040816326 0.5966810966810967 0.011224489795918367 0.006493506493506494
41 0.5329081632653061 0.7184343434343434 0.0005102040816326531 0.0183982683982684
41 0.5711734693877552 0.6046176046176046 0.0005102040816326531 0.01948051948051948
41 0.5329081632653061 0.6020923520923521 0.0005102040816326531 0.018037518037518036
24 0.5380102040816327 0.7068903318903319 0.010714285714285714 0.006132756132756133
24 0.5380102040816327 0.5907287157287158 0.010714285714285714 0.006132756132756133
84 0.6206632653061225 0.5521284271284271 0.005612244897959183 0.006854256854256854
84 0.6206632653061225 0.6682900432900433 0.005612244897959183 0.006854256854256854
122 0.7655612244897959 0.590007215007215 0.06581632653061224 0.003968253968253968
83 0.8553571428571428 0.722041847041847 0.005612244897959183 0.006854256854256854
41 0.7951530612244898 0.6075036075036075 0.0005102040816326531 0.01948051948051948
28 0.8005102040816326 0.7128427128427128 0.011224489795918367 0.006493506493506494
83 0.8553571428571428 0.6056998556998557 0.005612244897959183 0.007215007215007215
0 0.04081632653061224 0.5817099567099567 0.009183673469387756 0.07828282828282829
41 0.7951530612244898 0.7236652236652237 0.0005102040816326531 0.01948051948051948
41 0.1538265306122449 0.6109307359307359 0.0005102040816326531 0.0183982683982684
26 0.15892857142857142 0.7159090909090909 0.010714285714285714 0.006132756132756133
26 0.15892857142857142 0.5995670995670995 0.010714285714285714 0.005772005772005772
86 0.15739795918367347 0.55501443001443 0.009693877551020408 0.0183982683982684
41 0.19158163265306122 0.7274531024531025 0.0005102040816326531 0.0183982683982684
41 0.19158163265306122 0.6111111111111112 0.0005102040816326531 0.018037518037518036
26 0.19668367346938775 0.7159090909090909 0.010714285714285714 0.006132756132756133
26 0.19668367346938775 0.5993867243867244 0.010714285714285714 0.006132756132756133
83 0.19362244897959183 0.5521284271284271 0.005612244897959183 0.006854256854256854
41 0.1538265306122449 0.726911976911977 0.0005102040816326531 0.01948051948051948
67 0.09183673469387756 0.6112914862914863 0.007142857142857143 0.01984126984126984
8 0.06938775510204082 0.6091269841269841 0.02959183673469388 0.027056277056277056
67 0.09183673469387756 0.5514069264069265 0.007142857142857143 0.01984126984126984
5 0.0663265306122449 0.5551948051948052 0.02346938775510204 0.051226551226551224
84 0.8630102040816326 0.6684704184704184 0.005612244897959183 0.007215007215007215
84 0.8630102040816326 0.5521284271284271 0.005612244897959183 0.006854256854256854
84 0.2770408163265306 0.6684704184704184 0.00510204081632653 0.007215007215007215
86 0.12091836734693878 0.72492784992785 0.01020408163265306 0.0183982683982684
86 0.12066326530612245 0.6087662337662337 0.009693877551020408 0.0183982683982684
86 0.12091836734693878 0.55501443001443 0.01020408163265306 0.0183982683982684
67 0.09183673469387756 0.7274531024531025 0.007142857142857143 0.01984126984126984
8 0.06938775510204082 0.7252886002886003 0.02959183673469388 0.027056277056277056
67 0.09183673469387756 0.6679292929292929 0.007142857142857143 0.01984126984126984
5 0.0663265306122449 0.6715367965367965 0.02346938775510204 0.050865800865800864
41 0.40280612244897956 0.6141774891774892 0.0005102040816326531 0.0183982683982684
28 0.40816326530612246 0.7189754689754689 0.011224489795918367 0.006493506493506494
28 0.40816326530612246 0.6024531024531025 0.011224489795918367 0.006493506493506494
41 0.34464285714285714 0.7274531024531025 0.0005102040816326531 0.0183982683982684
41 0.34464285714285714 0.6111111111111112 0.0005102040816326531 0.018037518037518036
30 0.35 0.7159090909090909 0.011224489795918367 0.006854256854256854
30 0.35 0.5995670995670995 0.011224489795918367 0.006493506493506494
41 0.30637755102040815 0.7242063492063492 0.0005102040816326531 0.0183982683982684
41 0.47270408163265304 0.6111111111111112 0.0005102040816326531 0.018037518037518036
30 0.47806122448979593 0.7157287157287158 0.011224489795918367 0.006493506493506494
30 0.47806122448979593 0.5995670995670995 0.011224489795918367 0.006493506493506494
63 0.39464285714285713 0.7178932178932179 0.008673469387755102 0.024531024531024532
41 0.40280612244897956 0.7297979797979798 0.0005102040816326531 0.01948051948051948
63 0.39464285714285713 0.6017316017316018 0.008673469387755102 0.024531024531024532
26 0.2732142857142857 0.7097763347763347 0.010714285714285714 0.006132756132756133
26 0.2732142857142857 0.5936147186147186 0.010714285714285714 0.006132756132756133
41 0.2681122448979592 0.6046176046176046 0.0005102040816326531 0.01948051948051948
41 0.2298469387755102 0.7243867243867244 0.0005102040816326531 0.018037518037518036
41 0.2298469387755102 0.608044733044733 0.0005102040816326531 0.0183982683982684
24 0.23494897959183675 0.7128427128427128 0.010714285714285714 0.005772005772005772
24 0.23494897959183675 0.5965007215007215 0.010714285714285714 0.006132756132756133
41 0.30637755102040815 0.608044733044733 0.0005102040816326531 0.0183982683982684
24 0.3114795918367347 0.7128427128427128 0.010714285714285714 0.005772005772005772
24 0.3114795918367347 0.5965007215007215 0.010714285714285714 0.006132756132756133
41 0.2681122448979592 0.7207792207792207 0.0005102040816326531 0.01948051948051948
