134 0.5354591836734693 0.08748196248196248 0.8331632653061225 0.024170274170274172
1 0.811734693877551 0.06962481962481963 0.0163265306122449 0.0007215007215007215
1 0.7852040816326531 0.06962481962481963 0.0163265306122449 0.0007215007215007215
2 0.31607142857142856 0.08441558441558442 0.004591836734693878 0.002886002886002886
2 0.31607142857142856 0.09054834054834054 0.004591836734693878 0.002886002886002886
41 0.7186224489795918 0.09632034632034632 0.0005102040816326531 0.012987012987012988
24 0.7237244897959184 0.08748196248196248 0.010714285714285714 0.006132756132756133
41 0.7002551020408163 0.09523809523809523 0.0005102040816326531 0.017316017316017316
26 0.7053571428571429 0.08441558441558442 0.010714285714285714 0.005772005772005772
41 0.690561224489796 0.08351370851370851 0.0005102040816326531 0.015512265512265512
24 0.6854591836734694 0.09325396825396826 0.010714285714285714 0.006132756132756133
41 0.7594387755102041 0.08152958152958154 0.0005102040816326531 0.013708513708513708
24 0.5839285714285715 0.09325396825396826 0.010714285714285714 0.006132756132756133
41 0.7801020408163265 0.07774170274170274 0.0010204081632653062 0.01911976911976912
26 0.7849489795918367 0.06655844155844155 0.010714285714285714 0.006132756132756133
26 0.7645408163265306 0.07251082251082251 0.010714285714285714 0.005772005772005772
41 0.739030612244898 0.09325396825396826 0.0005102040816326531 0.01911976911976912
24 0.7441326530612244 0.08134920634920635 0.010714285714285714 0.006132756132756133
26 0.6487244897959183 0.0845959595959596 0.010714285714285714 0.006132756132756133
41 0.625765306122449 0.08423520923520923 0.0005102040816326531 0.01479076479076479
24 0.6206632653061225 0.09325396825396826 0.010714285714285714 0.006132756132756133
41 0.6051020408163266 0.08766233766233766 0.0010204081632653062 0.020923520923520924
24 0.6002551020408163 0.09938672438672438 0.010714285714285714 0.006132756132756133
41 0.5890306122448979 0.08441558441558442 0.0005102040816326531 0.015873015873015872
121 0.3647959183673469 0.07251082251082251 0.05714285714285714 0.005772005772005772
41 0.6701530612244898 0.08585858585858586 0.0005102040816326531 0.023088023088023088
24 0.6650510204081632 0.09938672438672438 0.010714285714285714 0.006132756132756133
41 0.6538265306122449 0.0772005772005772 0.0005102040816326531 0.012265512265512266
41 0.9247448979591837 0.08387445887445888 0.0005102040816326531 0.015512265512265512
41 0.9408163265306122 0.0873015873015873 0.0010204081632653062 0.020923520923520924
24 0.9359693877551021 0.09938672438672438 0.010714285714285714 0.006132756132756133
24 0.9196428571428571 0.09325396825396826 0.010714285714285714 0.006132756132756133
41 0.9040816326530612 0.08585858585858586 0.0010204081632653062 0.023809523809523808
24 0.8992346938775511 0.09938672438672438 0.010714285714285714 0.006132756132756133
121 0.43801020408163266 0.07251082251082251 0.05663265306122449 0.005772005772005772
121 0.523469387755102 0.07305194805194805 0.05714285714285714 0.006854256854256854
121 0.5979591836734693 0.07539682539682539 0.05510204081632653 0.004329004329004329
121 0.6721938775510204 0.07305194805194805 0.036224489795918365 0.006854256854256854
121 0.7198979591836735 0.10425685425685426 0.03877551020408163 0.0021645021645021645
121 0.7698979591836734 0.08802308802308802 0.02040816326530612 0.002886002886002886
121 0.8331632653061225 0.09577922077922078 0.053061224489795916 0.009018759018759018
121 0.9142857142857143 0.0735930735930736 0.053061224489795916 0.007936507936507936
41 0.8252551020408163 0.08477633477633478 0.0005102040816326531 0.01948051948051948
26 0.8301020408163265 0.07251082251082251 0.01020408163265306 0.005772005772005772
41 0.8068877551020408 0.08207070707070707 0.0005102040816326531 0.01984126984126984
24 0.811734693877551 0.06944444444444445 0.01020408163265306 0.006132756132756133
41 0.8880102040816327 0.07683982683982683 0.0005102040816326531 0.011544011544011544
26 0.8829081632653061 0.08441558441558442 0.010714285714285714 0.005772005772005772
41 0.8596938775510204 0.09126984126984126 0.0010204081632653062 0.015873015873015872
24 0.8645408163265306 0.08134920634920635 0.010714285714285714 0.006132756132756133
41 0.8413265306122449 0.08856421356421357 0.0010204081632653062 0.016233766233766232
26 0.8461734693877551 0.07846320346320346 0.010714285714285714 0.006132756132756133
41 0.3563775510204082 0.08225108225108226 0.0005102040816326531 0.018037518037518036
24 0.35127551020408165 0.09325396825396826 0.010714285714285714 0.006132756132756133
41 0.33596938775510204 0.08748196248196248 0.0005102040816326531 0.025613275613275612
41 0.4094387755102041 0.08585858585858586 0.0005102040816326531 0.022366522366522368
24 0.40433673469387754 0.09938672438672438 0.010714285714285714 0.006132756132756133
41 0.3931122448979592 0.08098845598845598 0.0005102040816326531 0.020562770562770564
24 0.38801020408163267 0.09325396825396826 0.010714285714285714 0.006132756132756133
41 0.3747448979591837 0.08008658008658008 0.0005102040816326531 0.015873015873015872
26 0.36964285714285716 0.09036796536796536 0.010714285714285714 0.006132756132756133
86 0.23341836734693877 0.08766233766233766 0.009693877551020408 0.018037518037518036
16 0.18112244897959184 0.08062770562770563 0.012244897959183673 0.013347763347763348
16 0.18112244897959184 0.0946969696969697 0.012244897959183673 0.013347763347763348
69 0.1596938775510204 0.07467532467532467 0.009183673469387756 0.024531024531024532
5 0.1377551020408163 0.08784271284271285 0.02346938775510204 0.050865800865800864
86 0.2094387755102041 0.08748196248196248 0.009693877551020408 0.0183982683982684
26 0.3308673469387755 0.10227272727272728 0.010714285714285714 0.006132756132756133
47 0.29591836734693877 0.08874458874458875 0.007142857142857143 0.01948051948051948
41 0.2913265306122449 0.0882034632034632 0.0010204081632653062 0.01911976911976912
24 0.2864795918367347 0.09938672438672438 0.010714285714285714 0.006132756132756133
41 0.26352040816326533 0.08207070707070707 0.0005102040816326531 0.0183982683982684
40 0.2721938775510204 0.09054834054834054 0.004591836734693878 0.002886002886002886
24 0.2584183673469388 0.09325396825396826 0.010714285714285714 0.006132756132756133
41 0.5155612244897959 0.08279220779220779 0.0005102040816326531 0.017676767676767676
24 0.5104591836734694 0.09325396825396826 0.010714285714285714 0.006132756132756133
41 0.49489795918367346 0.0882034632034632 0.0010204081632653062 0.024891774891774892
41 0.5522959183673469 0.08134920634920635 0.0005102040816326531 0.020562770562770564
41 0.5706632653061224 0.0817099567099567 0.0005102040816326531 0.01406926406926407
26 0.565561224489796 0.09036796536796536 0.010714285714285714 0.006132756132756133
24 0.4247448979591837 0.09325396825396826 0.010714285714285714 0.006132756132756133
24 0.5471938775510204 0.09325396825396826 0.010714285714285714 0.006132756132756133
41 0.5359693877551021 0.07882395382395382 0.0005102040816326531 0.013347763347763348
24 0.5308673469387755 0.08748196248196248 0.010714285714285714 0.006132756132756133
24 0.4614795918367347 0.09325396825396826 0.010714285714285714 0.006132756132756133
41 0.46658163265306124 0.08152958152958154 0.0005102040816326531 0.021645021645021644
24 0.44540816326530613 0.08748196248196248 0.01020408163265306 0.006132756132756133
41 0.4298469387755102 0.08279220779220779 0.0005102040816326531 0.01911976911976912
26 0.4900510204081633 0.10227272727272728 0.010714285714285714 0.006132756132756133
41 0.4502551020408163 0.07900432900432901 0.0005102040816326531 0.01443001443001443
134 0.4997448979591837 0.15891053391053392 0.9045918367346939 0.024170274170274172
41 0.6676020408163266 0.15061327561327562 0.0005102040816326531 0.0183982683982684
40 0.6762755102040816 0.16197691197691197 0.004591836734693878 0.002886002886002886
104 0.6625 0.13672438672438672 0.01989795918367347 0.005772005772005772
26 0.6625 0.16197691197691197 0.010714285714285714 0.005772005772005772
24 0.7201530612244897 0.16504329004329005 0.010714285714285714 0.006132756132756133
24 0.5 0.1708152958152958 0.01020408163265306 0.006132756132756133
87 0.7556122448979592 0.1590909090909091 0.01020408163265306 0.011544011544011544
41 0.7252551020408163 0.15404040404040403 0.0005102040816326531 0.01948051948051948
40 0.7336734693877551 0.16197691197691197 0.00510204081632653 0.002886002886002886
104 0.7201530612244897 0.1397907647907648 0.01989795918367347 0.006132756132756133
53 0.7002551020408163 0.1691919191919192 0.010714285714285714 0.01875901875901876
41 0.6941326530612245 0.1700937950937951 0.0005102040816326531 0.017676767676767676
24 0.699234693877551 0.15891053391053392 0.010714285714285714 0.006132756132756133
24 0.5668367346938775 0.15891053391053392 0.01020408163265306 0.006132756132756133
41 0.5510204081632653 0.1480880230880231 0.0010204081632653062 0.013347763347763348
26 0.5459183673469388 0.15602453102453104 0.01020408163265306 0.006132756132756133
41 0.5716836734693878 0.14953102453102454 0.0005102040816326531 0.016233766233766232
41 0.5278061224489796 0.1525974025974026 0.0005102040816326531 0.020202020202020204
24 0.5229591836734694 0.16504329004329005 0.01020408163265306 0.006132756132756133
41 0.5048469387755102 0.1562049062049062 0.0005102040816326531 0.027417027417027416
121 0.13826530612244897 0.1534992784992785 0.026530612244897958 0.003246753246753247
121 0.14668367346938777 0.15818903318903318 0.007653061224489796 0.0025252525252525255
41 0.6364795918367347 0.14953102453102454 0.0005102040816326531 0.01406926406926407
24 0.6316326530612245 0.15891053391053392 0.01020408163265306 0.006132756132756133
41 0.6135204081632653 0.1525974025974026 0.0005102040816326531 0.020202020202020204
24 0.6086734693877551 0.16504329004329005 0.01020408163265306 0.006132756132756133
41 0.5905612244897959 0.1571067821067821 0.0005102040816326531 0.02922077922077922
26 0.5854591836734694 0.17406204906204906 0.010714285714285714 0.006132756132756133
41 0.9178571428571428 0.15422077922077923 0.0010204081632653062 0.012626262626262626
41 0.9385204081632653 0.15494227994227994 0.0005102040816326531 0.015512265512265512
24 0.9336734693877551 0.16504329004329005 0.01020408163265306 0.006132756132756133
26 0.9130102040816327 0.16197691197691197 0.010714285714285714 0.005772005772005772
41 0.8969387755102041 0.15602453102453104 0.0010204081632653062 0.01479076479076479
24 0.8920918367346938 0.16504329004329005 0.010714285714285714 0.006132756132756133
121 0.1788265306122449 0.14935064935064934 0.02295918367346939 0.006493506493506494
121 0.22244897959183674 0.14772727272727273 0.026530612244897958 0.003246753246753247
121 0.2308673469387755 0.15205627705627706 0.007653061224489796 0.0025252525252525255
121 0.26301020408163267 0.14989177489177488 0.02295918367346939 0.005411255411255411
121 0.3385204081632653 0.14466089466089466 0.06479591836734694 0.006493506493506494
121 0.4232142857142857 0.1471861471861472 0.06275510204081633 0.004329004329004329
121 0.5186224489795919 0.14105339105339104 0.06479591836734694 0.0021645021645021645
121 0.6043367346938775 0.14105339105339104 0.06479591836734694 0.0021645021645021645
121 0.8227040816326531 0.14411976911976912 0.06479591836734694 0.005411255411255411
121 0.9063775510204082 0.1471861471861472 0.06479591836734694 0.004329004329004329
24 0.8084183673469387 0.16504329004329005 0.010714285714285714 0.006132756132756133
41 0.8135204081632653 0.15422077922077923 0.0005102040816326531 0.01911976911976912
41 0.7905612244897959 0.1590909090909091 0.0005102040816326531 0.025974025974025976
26 0.7854591836734693 0.17406204906204906 0.010714285714285714 0.006132756132756133
41 0.8739795918367347 0.15891053391053392 0.0010204081632653062 0.021284271284271284
24 0.8691326530612244 0.1708152958152958 0.010714285714285714 0.006132756132756133
41 0.8553571428571428 0.1527777777777778 0.0005102040816326531 0.020562770562770564
24 0.8502551020408163 0.16504329004329005 0.010714285714285714 0.006132756132756133
41 0.8344387755102041 0.1518759018759019 0.0005102040816326531 0.016594516594516596
26 0.8293367346938776 0.16197691197691197 0.010714285714285714 0.005772005772005772
26 0.2308673469387755 0.16792929292929293 0.010714285714285714 0.006132756132756133
41 0.2517857142857143 0.16035353535353536 0.0005102040816326531 0.016955266955266956
24 0.24668367346938774 0.1708152958152958 0.010714285714285714 0.006132756132756133
41 0.2357142857142857 0.15692640692640691 0.0010204081632653062 0.01948051948051948
41 0.20892857142857144 0.15836940836940838 0.0005102040816326531 0.020202020202020204
40 0.21760204081632653 0.1681096681096681 0.004591836734693878 0.002886002886002886
24 0.20408163265306123 0.1708152958152958 0.01020408163265306 0.006132756132756133
41 0.30637755102040815 0.15945165945165946 0.0005102040816326531 0.024531024531024532
26 0.3012755102040816 0.17406204906204906 0.010714285714285714 0.006132756132756133
41 0.27474489795918366 0.15584415584415584 0.0005102040816326531 0.01443001443001443
24 0.26964285714285713 0.16504329004329005 0.010714285714285714 0.006132756132756133
41 0.12474489795918367 0.16305916305916307 0.0005102040816326531 0.017316017316017316
40 0.13341836734693877 0.1738816738816739 0.004591836734693878 0.002886002886002886
26 0.11964285714285715 0.17406204906204906 0.010714285714285714 0.006132756132756133
69 0.08826530612244898 0.1461038961038961 0.009183673469387756 0.024531024531024532
5 0.0663265306122449 0.15945165945165946 0.02346938775510204 0.051226551226551224
26 0.16224489795918368 0.17406204906204906 0.01020408163265306 0.006132756132756133
41 0.1903061224489796 0.15548340548340547 0.0010204081632653062 0.015873015873015872
24 0.1854591836734694 0.16504329004329005 0.010714285714285714 0.006132756132756133
41 0.1673469387755102 0.16233766233766234 0.0010204081632653062 0.020923520923520924
41 0.15127551020408164 0.16107503607503607 0.0005102040816326531 0.015512265512265512
24 0.1461734693877551 0.1708152958152958 0.010714285714285714 0.006132756132756133
41 0.4545918367346939 0.15584415584415584 0.0010204081632653062 0.015151515151515152
24 0.44974489795918365 0.16504329004329005 0.010714285714285714 0.006132756132756133
41 0.4316326530612245 0.15854978354978355 0.0010204081632653062 0.022005772005772004
24 0.42678571428571427 0.1708152958152958 0.010714285714285714 0.006132756132756133
41 0.41301020408163264 0.15494227994227994 0.0005102040816326531 0.016233766233766232
24 0.4079081632653061 0.16504329004329005 0.010714285714285714 0.006132756132756133
41 0.48622448979591837 0.1479076479076479 0.0010204081632653062 0.012987012987012988
26 0.4813775510204082 0.15602453102453104 0.010714285714285714 0.006132756132756133
24 0.36607142857142855 0.16504329004329005 0.010714285714285714 0.006132756132756133
41 0.3711734693877551 0.15313852813852813 0.0005102040816326531 0.021284271284271284
41 0.32933673469387753 0.15404040404040403 0.0005102040816326531 0.017316017316017316
41 0.3522959183673469 0.15043290043290045 0.0005102040816326531 0.012987012987012988
24 0.324234693877551 0.16504329004329005 0.010714285714285714 0.006132756132756133
24 0.34719387755102044 0.15891053391053392 0.010714285714285714 0.006132756132756133
26 0.38698979591836735 0.16197691197691197 0.010714285714285714 0.005772005772005772
41 0.3920918367346939 0.1534992784992785 0.0005102040816326531 0.01479076479076479
134 0.4997448979591837 0.2306998556998557 0.9045918367346939 0.024170274170274172
1 0.48622448979591837 0.21266233766233766 0.0163265306122449 0.0010822510822510823
1 0.4568877551020408 0.21266233766233766 0.015816326530612244 0.0010822510822510823
41 0.6619897959183674 0.23412698412698413 0.0005102040816326531 0.01875901875901876
40 0.6704081632653062 0.24567099567099568 0.00510204081632653 0.002886002886002886
26 0.6568877551020408 0.24549062049062048 0.010714285714285714 0.006132756132756133
104 0.7201530612244897 0.21392496392496393 0.01989795918367347 0.005772005772005772
41 0.7625 0.22510822510822512 0.0005102040816326531 0.01875901875901876
24 0.7573979591836735 0.23647186147186147 0.010714285714285714 0.006132756132756133
41 0.7247448979591836 0.23088023088023088 0.0005102040816326531 0.018037518037518036
40 0.7334183673469388 0.23953823953823955 0.004591836734693878 0.002886002886002886
24 0.7198979591836735 0.2426046176046176 0.01020408163265306 0.006132756132756133
47 0.7038265306122449 0.22582972582972582 0.007653061224489796 0.01948051948051948
41 0.699234693877551 0.22492784992784992 0.0005102040816326531 0.0183982683982684
24 0.6943877551020409 0.23647186147186147 0.01020408163265306 0.006132756132756133
41 0.5201530612244898 0.23160173160173161 0.0005102040816326531 0.01443001443001443
41 0.5405612244897959 0.23484848484848486 0.0005102040816326531 0.015151515151515152
24 0.5456632653061224 0.22456709956709955 0.010714285714285714 0.006132756132756133
26 0.5658163265306122 0.22763347763347763 0.01020408163265306 0.005772005772005772
26 0.525 0.22168109668109667 0.01020408163265306 0.006132756132756133
41 0.5017857142857143 0.22745310245310246 0.0005102040816326531 0.0183982683982684
26 0.5066326530612245 0.21554834054834054 0.01020408163265306 0.006132756132756133
121 0.15663265306122448 0.21572871572871574 0.06326530612244897 0.005772005772005772
41 0.6303571428571428 0.23033910533910534 0.0005102040816326531 0.020562770562770564
24 0.6252551020408164 0.2426046176046176 0.010714285714285714 0.006132756132756133
41 0.6119897959183673 0.2269119769119769 0.0005102040816326531 0.015151515151515152
24 0.6068877551020408 0.23647186147186147 0.010714285714285714 0.006132756132756133
41 0.5890306122448979 0.2287157287157287 0.0005102040816326531 0.023088023088023088
24 0.5841836734693877 0.2426046176046176 0.01020408163265306 0.006132756132756133
41 0.5706632653061224 0.22023809523809523 0.0005102040816326531 0.012626262626262626
41 0.9165816326530613 0.2305194805194805 0.0005102040816326531 0.020202020202020204
41 0.9390306122448979 0.22763347763347763 0.0005102040816326531 0.012987012987012988
24 0.9339285714285714 0.23647186147186147 0.010714285714285714 0.006132756132756133
24 0.9114795918367347 0.2426046176046176 0.010714285714285714 0.006132756132756133
41 0.8982142857142857 0.22727272727272727 0.0005102040816326531 0.015151515151515152
24 0.8931122448979592 0.23647186147186147 0.010714285714285714 0.006132756132756133
121 0.23979591836734693 0.21861471861471862 0.061224489795918366 0.004329004329004329
121 0.3943877551020408 0.24549062049062048 0.03469387755102041 0.005411255411255411
112 0.39540816326530615 0.25306637806637805 0.007142857142857143 0.007575757575757576
121 0.4403061224489796 0.2343073593073593 0.022448979591836733 0.006854256854256854
121 0.5107142857142857 0.23899711399711399 0.05918367346938776 0.009018759018759018
121 0.6005102040816327 0.21681096681096682 0.05918367346938776 0.007936507936507936
121 0.8252551020408163 0.21626984126984128 0.06377551020408163 0.006854256854256854
121 0.9084183673469388 0.21861471861471862 0.06173469387755102 0.004329004329004329
24 0.8109693877551021 0.23647186147186147 0.010714285714285714 0.006132756132756133
41 0.8160714285714286 0.2261904761904762 0.0005102040816326531 0.018037518037518036
41 0.7933673469387755 0.23142135642135642 0.0010204081632653062 0.024891774891774892
26 0.7885204081632653 0.24549062049062048 0.010714285714285714 0.006132756132756133
41 0.8775510204081632 0.22492784992784992 0.0010204081632653062 0.01406926406926407
26 0.872704081632653 0.2335858585858586 0.010714285714285714 0.006132756132756133
41 0.8568877551020408 0.22402597402597402 0.0005102040816326531 0.020202020202020204
24 0.8520408163265306 0.23647186147186147 0.01020408163265306 0.006132756132756133
47 0.7668367346938776 0.22582972582972582 0.00816326530612245 0.01948051948051948
41 0.8385204081632653 0.22186147186147187 0.0005102040816326531 0.012987012987012988
24 0.8336734693877551 0.2306998556998557 0.01020408163265306 0.006132756132756133
41 0.27040816326530615 0.22745310245310246 0.0010204081632653062 0.01479076479076479
24 0.2655612244897959 0.23647186147186147 0.010714285714285714 0.006132756132756133
41 0.24770408163265306 0.2296176046176046 0.0005102040816326531 0.021284271284271284
24 0.24285714285714285 0.2426046176046176 0.01020408163265306 0.006132756132756133
41 0.22933673469387755 0.22637085137085136 0.0005102040816326531 0.015512265512265512
24 0.22448979591836735 0.23647186147186147 0.01020408163265306 0.006132756132756133
41 0.20892857142857144 0.22456709956709955 0.0005102040816326531 0.013347763347763348
53 0.29872448979591837 0.23863636363636365 0.010714285714285714 0.01911976911976912
41 0.2926020408163265 0.23899711399711399 0.0005102040816326531 0.0183982683982684
40 0.3112244897959184 0.22763347763347763 0.00510204081632653 0.002886002886002886
26 0.29770408163265305 0.22763347763347763 0.010714285714285714 0.005772005772005772
41 0.12474489795918367 0.23033910533910534 0.0005102040816326531 0.025613275613275612
26 0.11964285714285715 0.24549062049062048 0.010714285714285714 0.006132756132756133
69 0.08826530612244898 0.2178932178932179 0.009183673469387756 0.024531024531024532
5 0.0663265306122449 0.23088023088023088 0.02346938775510204 0.051226551226551224
26 0.2038265306122449 0.2335858585858586 0.010714285714285714 0.006132756132756133
41 0.18852040816326532 0.22420634920634921 0.0005102040816326531 0.020562770562770564
24 0.18341836734693878 0.23647186147186147 0.010714285714285714 0.006132756132756133
41 0.16785714285714284 0.22366522366522368 0.0010204081632653062 0.016594516594516596
26 0.16301020408163266 0.2335858585858586 0.010714285714285714 0.006132756132756133
41 0.1471938775510204 0.2252886002886003 0.0005102040816326531 0.017676767676767676
24 0.14234693877551022 0.23647186147186147 0.01020408163265306 0.006132756132756133
41 0.42933673469387756 0.23015873015873015 0.0005102040816326531 0.012265512265512266
26 0.43418367346938774 0.22168109668109667 0.01020408163265306 0.006132756132756133
24 0.4568877551020408 0.21266233766233766 0.010714285714285714 0.006132756132756133
41 0.4119897959183674 0.2353896103896104 0.0005102040816326531 0.016233766233766232
41 0.39464285714285713 0.23773448773448774 0.0005102040816326531 0.015151515151515152
26 0.39948979591836736 0.22763347763347763 0.01020408163265306 0.005772005772005772
24 0.41683673469387755 0.22456709956709955 0.01020408163265306 0.006132756132756133
41 0.48086734693877553 0.22492784992784992 0.0005102040816326531 0.020562770562770564
24 0.48596938775510207 0.21266233766233766 0.010714285714285714 0.006132756132756133
41 0.4517857142857143 0.22276334776334777 0.0005102040816326531 0.017676767676767676
24 0.3821428571428571 0.2306998556998557 0.01020408163265306 0.006132756132756133
26 0.36173469387755103 0.22763347763347763 0.01020408163265306 0.005772005772005772
41 0.3563775510204082 0.23845598845598845 0.0005102040816326531 0.01948051948051948
47 0.3489795918367347 0.22582972582972582 0.007142857142857143 0.01948051948051948
53 0.3622448979591837 0.23863636363636365 0.011224489795918367 0.01911976911976912
41 0.34464285714285714 0.22510822510822512 0.0005102040816326531 0.01875901875901876
24 0.3395408163265306 0.23647186147186147 0.010714285714285714 0.006132756132756133
41 0.37704081632653064 0.23953823953823955 0.0010204081632653062 0.015151515151515152
88 0.32346938775510203 0.2325036075036075 0.011224489795918367 0.01479076479076479
134 0.4997448979591837 0.30212842712842713 0.9045918367346939 0.024170274170274172
1 0.9176020408163266 0.2842712842712843 0.015816326530612244 0.0007215007215007215
1 0.875 0.2842712842712843 0.0163265306122449 0.0007215007215007215
1 0.8321428571428572 0.2783189033189033 0.0163265306122449 0.0010822510822510823
1 0.8321428571428572 0.2842712842712843 0.0163265306122449 0.0007215007215007215
1 0.7058673469387755 0.2842712842712843 0.015816326530612244 0.0007215007215007215
1 0.6630102040816327 0.2842712842712843 0.015816326530612244 0.0007215007215007215
1 0.5369897959183674 0.2842712842712843 0.015816326530612244 0.0007215007215007215
1 0.4943877551020408 0.2842712842712843 0.0163265306122449 0.0007215007215007215
41 0.6772959183673469 0.30573593073593075 0.0005102040816326531 0.01406926406926407
24 0.6823979591836735 0.2961760461760462 0.010714285714285714 0.005772005772005772
41 0.6579081632653061 0.2958152958152958 0.0005102040816326531 0.024531024531024532
26 0.6630102040816327 0.2812049062049062 0.010714285714285714 0.006132756132756133
41 0.7436224489795918 0.30122655122655123 0.0005102040816326531 0.023088023088023088
26 0.7487244897959183 0.28733766233766234 0.010714285714285714 0.006132756132756133
24 0.7058673469387755 0.2842712842712843 0.010714285714285714 0.005772005772005772
41 0.7201530612244897 0.30573593073593075 0.0005102040816326531 0.01406926406926407
24 0.7252551020408163 0.2961760461760462 0.010714285714285714 0.005772005772005772
41 0.700765306122449 0.2996031746031746 0.0005102040816326531 0.0284992784992785
41 0.5747448979591837 0.30122655122655123 0.0005102040816326531 0.023088023088023088
26 0.5798469387755102 0.28733766233766234 0.010714285714285714 0.006132756132756133
41 0.5512755102040816 0.30573593073593075 0.0005102040816326531 0.01406926406926407
24 0.5563775510204082 0.2961760461760462 0.010714285714285714 0.005772005772005772
41 0.5318877551020408 0.30014430014430016 0.0005102040816326531 0.027417027417027416
24 0.5369897959183674 0.2842712842712843 0.010714285714285714 0.005772005772005772
121 0.17806122448979592 0.2866161616161616 0.02346938775510204 0.006854256854256854
24 0.6293367346938775 0.2961760461760462 0.010714285714285714 0.005772005772005772
41 0.624234693877551 0.306998556998557 0.0005102040816326531 0.01948051948051948
41 0.5941326530612245 0.30627705627705626 0.0005102040816326531 0.015151515151515152
24 0.599234693877551 0.2963564213564214 0.010714285714285714 0.006132756132756133
41 0.9125 0.2972582972582973 0.0005102040816326531 0.021645021645021644
41 0.9318877551020408 0.3023088023088023 0.0005102040816326531 0.013708513708513708
26 0.9369897959183674 0.2931096681096681 0.010714285714285714 0.006132756132756133
24 0.9176020408163266 0.2842712842712843 0.010714285714285714 0.005772005772005772
41 0.889030612244898 0.30176767676767674 0.0005102040816326531 0.012626262626262626
26 0.8941326530612245 0.2931096681096681 0.010714285714285714 0.006132756132756133
121 0.2443877551020408 0.2842712842712843 0.0663265306122449 0.0021645021645021645
121 0.3413265306122449 0.2842712842712843 0.06428571428571428 0.004329004329004329
121 0.4989795918367347 0.31114718614718617 0.019387755102040816 0.007575757575757576
121 0.5630102040816326 0.3142135642135642 0.06173469387755102 0.0021645021645021645
121 0.6678571428571428 0.31132756132756134 0.019387755102040816 0.007936507936507936
121 0.7318877551020408 0.3142135642135642 0.06173469387755102 0.0021645021645021645
121 0.8367346938775511 0.3059163059163059 0.019387755102040816 0.006493506493506494
121 0.900765306122449 0.30934343434343436 0.06173469387755102 0.0018037518037518038
41 0.7933673469387755 0.3041125541125541 0.0010204081632653062 0.01948051948051948
104 0.7982142857142858 0.28553391053391053 0.01989795918367347 0.006132756132756133
26 0.798469387755102 0.2931096681096681 0.01020408163265306 0.006132756132756133
41 0.7630102040816327 0.30627705627705626 0.0005102040816326531 0.015151515151515152
26 0.851530612244898 0.2931096681096681 0.01020408163265306 0.006132756132756133
41 0.8698979591836735 0.2958152958152958 0.0010204081632653062 0.026695526695526696
26 0.8747448979591836 0.2812049062049062 0.010714285714285714 0.006132756132756133
41 0.8464285714285714 0.30104617604617606 0.0010204081632653062 0.013347763347763348
24 0.7678571428571429 0.2963564213564214 0.01020408163265306 0.006132756132756133
41 0.827295918367347 0.2922077922077922 0.0005102040816326531 0.022366522366522368
24 0.8321428571428572 0.2783189033189033 0.01020408163265306 0.006132756132756133
41 0.2543367346938776 0.29545454545454547 0.0005102040816326531 0.021645021645021644
24 0.249234693877551 0.30826118326118324 0.010714285714285714 0.006132756132756133
24 0.2727040816326531 0.30212842712842713 0.010714285714285714 0.006132756132756133
41 0.2308673469387755 0.299963924963925 0.0005102040816326531 0.030663780663780664
26 0.22576530612244897 0.3170995670995671 0.010714285714285714 0.005772005772005772
41 0.2114795918367347 0.29238816738816736 0.0005102040816326531 0.015512265512265512
24 0.20637755102040817 0.30212842712842713 0.010714285714285714 0.006132756132756133
41 0.3094387755102041 0.2943722943722944 0.0005102040816326531 0.017316017316017316
26 0.30433673469387756 0.3051948051948052 0.010714285714285714 0.005772005772005772
41 0.27780612244897956 0.29274891774891776 0.0005102040816326531 0.016233766233766232
69 0.08826530612244898 0.2893217893217893 0.009183673469387756 0.024531024531024532
41 0.11454081632653061 0.3106060606060606 0.0005102040816326531 0.01875901875901876
26 0.11964285714285715 0.29924242424242425 0.010714285714285714 0.006132756132756133
53 0.12040816326530612 0.31024531024531027 0.011224489795918367 0.01875901875901876
5 0.0663265306122449 0.3024891774891775 0.02346938775510204 0.050865800865800864
41 0.16658163265306122 0.2976190476190476 0.0005102040816326531 0.016594516594516596
41 0.19005102040816327 0.2907647907647908 0.0005102040816326531 0.012265512265512266
26 0.18494897959183673 0.29924242424242425 0.010714285714285714 0.006132756132756133
24 0.1614795918367347 0.30826118326118324 0.010714285714285714 0.006132756132756133
87 0.14030612244897958 0.3023088023088023 0.01020408163265306 0.011544011544011544
87 0.42448979591836733 0.3023088023088023 0.01020408163265306 0.011544011544011544
41 0.45535714285714285 0.30753968253968256 0.0005102040816326531 0.0183982683982684
24 0.4604591836734694 0.2963564213564214 0.010714285714285714 0.006132756132756133
41 0.39260204081632655 0.2967171717171717 0.0005102040816326531 0.0183982683982684
40 0.40127551020408164 0.3051948051948052 0.004591836734693878 0.002886002886002886
104 0.3877551020408163 0.2828282828282828 0.019387755102040816 0.005772005772005772
24 0.3877551020408163 0.30826118326118324 0.01020408163265306 0.006132756132756133
41 0.5084183673469388 0.3060966810966811 0.0005102040816326531 0.015512265512265512
24 0.5135204081632653 0.2961760461760462 0.010714285714285714 0.005772005772005772
41 0.48928571428571427 0.29563492063492064 0.0010204081632653062 0.024891774891774892
26 0.4941326530612245 0.2812049062049062 0.010714285714285714 0.006132756132756133
41 0.3522959183673469 0.29365079365079366 0.0005102040816326531 0.01948051948051948
24 0.32576530612244897 0.30826118326118324 0.010714285714285714 0.006132756132756133
41 0.3308673469387755 0.295995670995671 0.0005102040816326531 0.022005772005772004
26 0.34719387755102044 0.30501443001443 0.010714285714285714 0.006132756132756133
24 0.36862244897959184 0.30212842712842713 0.010714285714285714 0.006132756132756133
41 0.373469387755102 0.292027417027417 0.0010204081632653062 0.017676767676767676
134 0.4989795918367347 0.37373737373737376 0.9030612244897959 0.023809523809523808
1 0.7482142857142857 0.3558802308802309 0.015816326530612244 0.0010822510822510823
1 0.7270408163265306 0.3558802308802309 0.0163265306122449 0.0010822510822510823
1 0.7061224489795919 0.3499278499278499 0.0163265306122449 0.0007215007215007215
1 0.7061224489795919 0.3558802308802309 0.0163265306122449 0.0010822510822510823
1 0.6829081632653061 0.3558802308802309 0.015816326530612244 0.0010822510822510823
1 0.661734693877551 0.3558802308802309 0.0163265306122449 0.0010822510822510823
1 0.6405612244897959 0.3499278499278499 0.015816326530612244 0.0007215007215007215
1 0.6405612244897959 0.3558802308802309 0.015816326530612244 0.0010822510822510823
1 0.5497448979591837 0.3558802308802309 0.015816326530612244 0.0010822510822510823
1 0.5142857142857142 0.3558802308802309 0.0163265306122449 0.0010822510822510823
1 0.49642857142857144 0.3558802308802309 0.0163265306122449 0.0010822510822510823
1 0.3721938775510204 0.3558802308802309 0.015816326530612244 0.0010822510822510823
1 0.336734693877551 0.3558802308802309 0.0163265306122449 0.0010822510822510823
1 0.31887755102040816 0.3558802308802309 0.0163265306122449 0.0010822510822510823
1 0.1951530612244898 0.3558802308802309 0.015816326530612244 0.0010822510822510823
1 0.15306122448979592 0.3499278499278499 0.0163265306122449 0.0007215007215007215
1 0.15306122448979592 0.3558802308802309 0.0163265306122449 0.0010822510822510823
24 0.7061224489795919 0.3499278499278499 0.01020408163265306 0.005772005772005772
41 0.6778061224489796 0.3652597402597403 0.0005102040816326531 0.01406926406926407
24 0.6829081632653061 0.3558802308802309 0.010714285714285714 0.006132756132756133
41 0.7010204081632653 0.36237373737373735 0.0010204081632653062 0.022727272727272728
41 0.6568877551020408 0.3638167388167388 0.0005102040816326531 0.016955266955266956
26 0.661734693877551 0.35299422799422797 0.01020408163265306 0.006132756132756133
26 0.5321428571428571 0.3587662337662338 0.01020408163265306 0.006132756132756133
26 0.7693877551020408 0.3587662337662338 0.01020408163265306 0.006132756132756133
41 0.7431122448979591 0.3661616161616162 0.0005102040816326531 0.015873015873015872
24 0.7482142857142857 0.3558802308802309 0.010714285714285714 0.006132756132756133
41 0.7221938775510204 0.3638167388167388 0.0005102040816326531 0.016955266955266956
26 0.7270408163265306 0.35299422799422797 0.01020408163265306 0.006132756132756133
41 0.5637755102040817 0.376984126984127 0.0010204081632653062 0.01443001443001443
41 0.5869897959183673 0.37283549783549785 0.0005102040816326531 0.022727272727272728
26 0.5920918367346939 0.3587662337662338 0.010714285714285714 0.006132756132756133
41 0.5270408163265307 0.36742424242424243 0.0010204081632653062 0.01479076479076479
24 0.5686224489795918 0.36778499278499277 0.010714285714285714 0.006132756132756133
41 0.5446428571428571 0.37193362193362195 0.0005102040816326531 0.027417027417027416
24 0.5497448979591837 0.3558802308802309 0.010714285714285714 0.006132756132756133
24 0.6408163265306123 0.3499278499278499 0.01020408163265306 0.005772005772005772
121 0.15739795918367347 0.37734487734487737 0.018877551020408164 0.006493506493506494
41 0.6354591836734694 0.36237373737373735 0.0005102040816326531 0.022727272727272728
41 0.6058673469387755 0.37716450216450215 0.0005102040816326531 0.01406926406926407
24 0.610969387755102 0.36778499278499277 0.010714285714285714 0.006132756132756133
87 0.935204081632653 0.3739177489177489 0.01020408163265306 0.011183261183261184
41 0.9043367346938775 0.36832611832611833 0.0005102040816326531 0.01875901875901876
40 0.9130102040816327 0.3768037518037518 0.004591836734693878 0.0025252525252525255
104 0.8992346938775511 0.35443722943722944 0.01989795918367347 0.006132756132756133
24 0.8992346938775511 0.3796897546897547 0.010714285714285714 0.006132756132756133
121 0.6683673469387755 0.37373737373737376 0.0653061224489796 0.0021645021645021645
121 0.22066326530612246 0.38095238095238093 0.060714285714285714 0.0021645021645021645
121 0.3318877551020408 0.37427849927849927 0.03520408163265306 0.003246753246753247
112 0.3326530612244898 0.38185425685425683 0.007142857142857143 0.007575757575757576
121 0.3979591836734694 0.3856421356421356 0.061224489795918366 0.0021645021645021645
121 0.5091836734693878 0.37427849927849927 0.03571428571428571 0.003246753246753247
112 0.5102040816326531 0.38185425685425683 0.007142857142857143 0.007575757575757576
121 0.5755102040816327 0.3856421356421356 0.061224489795918366 0.0021645021645021645
41 0.8739795918367347 0.38365800865800864 0.0010204081632653062 0.017676767676767676
121 0.7525510204081632 0.3760822510822511 0.061224489795918366 0.006854256854256854
121 0.8433673469387755 0.3917748917748918 0.061224489795918366 0.004329004329004329
41 0.8130102040816326 0.3804112554112554 0.0005102040816326531 0.01984126984126984
24 0.8178571428571428 0.36778499278499277 0.01020408163265306 0.006132756132756133
41 0.7834183673469388 0.37283549783549785 0.0005102040816326531 0.011183261183261184
26 0.7882653061224489 0.3648989898989899 0.01020408163265306 0.006132756132756133
24 0.8788265306122449 0.37373737373737376 0.010714285714285714 0.005772005772005772
41 0.8528061224489796 0.38546176046176045 0.0005102040816326531 0.012626262626262626
26 0.8579081632653062 0.3768037518037518 0.010714285714285714 0.006132756132756133
41 0.7642857142857142 0.3685064935064935 0.0010204081632653062 0.016955266955266956
41 0.8318877551020408 0.38365800865800864 0.0005102040816326531 0.01479076479076479
24 0.8369897959183673 0.37373737373737376 0.010714285714285714 0.005772005772005772
26 0.3191326530612245 0.35299422799422797 0.010714285714285714 0.006132756132756133
24 0.15306122448979592 0.3499278499278499 0.01020408163265306 0.005772005772005772
41 0.2808673469387755 0.37932900432900435 0.0005102040816326531 0.0183982683982684
41 0.3318877551020408 0.36634199134199136 0.0005102040816326531 0.015512265512265512
41 0.3494897959183674 0.36742424242424243 0.0010204081632653062 0.01479076479076479
104 0.11964285714285715 0.35714285714285715 0.01989795918367347 0.005772005772005772
41 0.11454081632653061 0.37626262626262624 0.0005102040816326531 0.01875901875901876
24 0.28596938775510206 0.36778499278499277 0.010714285714285714 0.006132756132756133
24 0.336734693877551 0.3558802308802309 0.01020408163265306 0.006132756132756133
41 0.314030612244898 0.363997113997114 0.0005102040816326531 0.01948051948051948
41 0.20892857142857144 0.37373737373737376 0.0005102040816326531 0.013708513708513708
26 0.21403061224489797 0.3648989898989899 0.010714285714285714 0.006132756132756133
26 0.1719387755102041 0.3648989898989899 0.01020408163265306 0.006132756132756133
41 0.19005102040816327 0.36796536796536794 0.0005102040816326531 0.025252525252525252
26 0.1951530612244898 0.35299422799422797 0.010714285714285714 0.006132756132756133
41 0.16709183673469388 0.37283549783549785 0.0005102040816326531 0.013347763347763348
41 0.14770408163265306 0.3629148629148629 0.0005102040816326531 0.023809523809523808
41 0.2512755102040816 0.3739177489177489 0.0005102040816326531 0.013347763347763348
26 0.25637755102040816 0.3648989898989899 0.010714285714285714 0.006132756132756133
26 0.35459183673469385 0.3587662337662338 0.01020408163265306 0.006132756132756133
41 0.23239795918367348 0.37103174603174605 0.0005102040816326531 0.01911976911976912
26 0.2372448979591837 0.3587662337662338 0.01020408163265306 0.006132756132756133
41 0.45841836734693875 0.3795093795093795 0.0005102040816326531 0.018037518037518036
24 0.463265306122449 0.36778499278499277 0.01020408163265306 0.006132756132756133
5 0.0663265306122449 0.3740981240981241 0.02346938775510204 0.051226551226551224
41 0.5094387755102041 0.36634199134199136 0.0005102040816326531 0.015512265512265512
24 0.5142857142857142 0.3558802308802309 0.01020408163265306 0.006132756132756133
69 0.08826530612244898 0.3611111111111111 0.009183673469387756 0.024531024531024532
41 0.4915816326530612 0.36453823953823955 0.0005102040816326531 0.0183982683982684
26 0.49642857142857144 0.35299422799422797 0.01020408163265306 0.006132756132756133
41 0.3862244897959184 0.37734487734487737 0.0010204081632653062 0.016594516594516596
24 0.39132653061224487 0.36778499278499277 0.01020408163265306 0.006132756132756133
41 0.36709183673469387 0.3717532467532468 0.0005102040816326531 0.027777777777777776
24 0.3721938775510204 0.3558802308802309 0.010714285714285714 0.006132756132756133
26 0.11964285714285715 0.3648989898989899 0.010714285714285714 0.006132756132756133
41 0.42831632653061225 0.3778860028860029 0.0005102040816326531 0.015512265512265512
24 0.4334183673469388 0.36778499278499277 0.010714285714285714 0.006132756132756133
41 0.4094387755102041 0.37337662337662336 0.0005102040816326531 0.024531024531024532
26 0.4145408163265306 0.3587662337662338 0.010714285714285714 0.006132756132756133
134 0.4997448979591837 0.4453463203463203 0.9045918367346939 0.024170274170274172
1 0.875 0.4274891774891775 0.0163265306122449 0.0007215007215007215
1 0.6989795918367347 0.4274891774891775 0.0163265306122449 0.0007215007215007215
1 0.6563775510204082 0.4155844155844156 0.015816326530612244 0.0007215007215007215
1 0.6563775510204082 0.4213564213564214 0.015816326530612244 0.0007215007215007215
1 0.6563775510204082 0.4274891774891775 0.015816326530612244 0.0007215007215007215
1 0.5737244897959184 0.4274891774891775 0.015816326530612244 0.0007215007215007215
1 0.5311224489795918 0.4274891774891775 0.0163265306122449 0.0007215007215007215
1 0.4887755102040816 0.4213564213564214 0.0163265306122449 0.0007215007215007215
1 0.4887755102040816 0.4274891774891775 0.0163265306122449 0.0007215007215007215
1 0.363265306122449 0.4274891774891775 0.0163265306122449 0.0007215007215007215
1 0.3209183673469388 0.4274891774891775 0.0163265306122449 0.0007215007215007215
1 0.19566326530612244 0.4274891774891775 0.015816326530612244 0.0007215007215007215
1 0.15306122448979592 0.4274891774891775 0.0163265306122449 0.0007215007215007215
41 0.6512755102040816 0.431998556998557 0.0005102040816326531 0.0284992784992785
41 0.6936224489795918 0.4462481962481962 0.0005102040816326531 0.03968253968253968
26 0.6987244897959184 0.4244227994227994 0.010714285714285714 0.006132756132756133
41 0.6706632653061224 0.44498556998557 0.0005102040816326531 0.011904761904761904
26 0.6755102040816326 0.43632756132756134 0.01020408163265306 0.006132756132756133
24 0.7903061224489796 0.4393939393939394 0.01020408163265306 0.005772005772005772
41 0.7553571428571428 0.4518398268398268 0.0005102040816326531 0.026334776334776336
26 0.7604591836734694 0.43632756132756134 0.010714285714285714 0.006132756132756133
24 0.7181122448979592 0.4512987012987013 0.010714285714285714 0.005772005772005772
41 0.7364795918367347 0.44895382395382394 0.0005102040816326531 0.032106782106782104
26 0.7413265306122448 0.4305555555555556 0.01020408163265306 0.006132756132756133
41 0.7130102040816326 0.4586940836940837 0.0005102040816326531 0.012626262626262626
41 0.5880102040816326 0.4457070707070707 0.0005102040816326531 0.013347763347763348
26 0.5928571428571429 0.43632756132756134 0.01020408163265306 0.006132756132756133
41 0.5686224489795918 0.4402958152958153 0.0005102040816326531 0.021284271284271284
24 0.5737244897959184 0.4273088023088023 0.010714285714285714 0.006132756132756133
41 0.5451530612244898 0.44462481962481964 0.0005102040816326531 0.012626262626262626
26 0.5502551020408163 0.43632756132756134 0.010714285714285714 0.006132756132756133
121 0.15790816326530613 0.45436507936507936 0.018877551020408164 0.007575757575757576
24 0.6563775510204082 0.4154040404040404 0.010714285714285714 0.006132756132756133
41 0.6178571428571429 0.4476911976911977 0.0010204081632653062 0.01875901875901876
104 0.622704081632653 0.4287518037518038 0.01989795918367347 0.006132756132756133
26 0.622704081632653 0.43632756132756134 0.010714285714285714 0.006132756132756133
41 0.9318877551020408 0.4494949494949495 0.0005102040816326531 0.015151515151515152
24 0.936734693877551 0.4393939393939394 0.01020408163265306 0.005772005772005772
41 0.9125 0.44426406926406925 0.0005102040816326531 0.023448773448773448
26 0.9176020408163266 0.4305555555555556 0.010714285714285714 0.006132756132756133
41 0.8892857142857142 0.44823232323232326 0.0010204081632653062 0.015512265512265512
112 0.8331632653061225 0.4680735930735931 0.007142857142857143 0.007575757575757576
121 0.22142857142857142 0.45725108225108224 0.061224489795918366 0.0018037518037518038
121 0.32551020408163267 0.45436507936507936 0.019387755102040816 0.007575757575757576
121 0.38903061224489793 0.45725108225108224 0.06173469387755102 0.0018037518037518038
121 0.4933673469387755 0.4491341991341991 0.019387755102040816 0.006493506493506494
121 0.5568877551020408 0.4523809523809524 0.06173469387755102 0.0021645021645021645
121 0.6609693877551021 0.44895382395382394 0.018877551020408164 0.006854256854256854
121 0.7247448979591836 0.4662698412698413 0.06173469387755102 0.0018037518037518038
121 0.8321428571428572 0.4603174603174603 0.03571428571428571 0.005772005772005772
24 0.8941326530612245 0.4393939393939394 0.010714285714285714 0.005772005772005772
121 0.9010204081632653 0.45725108225108224 0.061224489795918366 0.0018037518037518038
41 0.8145408163265306 0.45634920634920634 0.0005102040816326531 0.010822510822510822
26 0.8196428571428571 0.44823232323232326 0.010714285714285714 0.006132756132756133
41 0.7852040816326531 0.45021645021645024 0.0010204081632653062 0.01948051948051948
41 0.8701530612244898 0.4435425685425685 0.0005102040816326531 0.027056277056277056
24 0.8752551020408164 0.4273088023088023 0.010714285714285714 0.006132756132756133
104 0.7900510204081632 0.4287518037518038 0.01989795918367347 0.006132756132756133
41 0.8502551020408163 0.4514790764790765 0.0005102040816326531 0.013347763347763348
26 0.8553571428571428 0.44246031746031744 0.010714285714285714 0.006132756132756133
41 0.8323979591836734 0.4538239538239538 0.0005102040816326531 0.012265512265512266
24 0.8375 0.4453463203463203 0.010714285714285714 0.006132756132756133
24 0.2875 0.4393939393939394 0.010714285714285714 0.005772005772005772
41 0.25229591836734694 0.4494949494949495 0.0005102040816326531 0.015151515151515152
24 0.2573979591836735 0.4393939393939394 0.010714285714285714 0.005772005772005772
41 0.2823979591836735 0.45021645021645024 0.0005102040816326531 0.01948051948051948
41 0.23316326530612244 0.44426406926406925 0.0010204081632653062 0.025613275613275612
26 0.23801020408163265 0.4305555555555556 0.010714285714285714 0.006132756132756133
41 0.20994897959183673 0.4494949494949495 0.0005102040816326531 0.015151515151515152
41 0.31607142857142856 0.4392135642135642 0.0005102040816326531 0.024170274170274172
26 0.3209183673469388 0.4244227994227994 0.01020408163265306 0.006132756132756133
24 0.21479591836734693 0.4393939393939394 0.01020408163265306 0.005772005772005772
41 0.11454081632653061 0.45075757575757575 0.0005102040816326531 0.0183982683982684
24 0.11964285714285715 0.4393939393939394 0.010714285714285714 0.005772005772005772
69 0.08826530612244898 0.43253968253968256 0.009183673469387756 0.024531024531024532
5 0.0663265306122449 0.4457070707070707 0.02346938775510204 0.050865800865800864
41 0.19056122448979593 0.44336219336219335 0.0005102040816326531 0.027417027417027416
24 0.19566326530612244 0.4273088023088023 0.010714285714285714 0.006132756132756133
26 0.5313775510204082 0.4244227994227994 0.010714285714285714 0.006132756132756133
41 0.1673469387755102 0.44877344877344877 0.0010204081632653062 0.016594516594516596
24 0.17219387755102042 0.4393939393939394 0.010714285714285714 0.005772005772005772
41 0.14821428571428572 0.43903318903318905 0.0005102040816326531 0.024531024531024532
26 0.15331632653061225 0.4244227994227994 0.010714285714285714 0.006132756132756133
26 0.45535714285714285 0.43632756132756134 0.010714285714285714 0.006132756132756133
41 0.4502551020408163 0.44733044733044736 0.0005102040816326531 0.01948051948051948
104 0.45535714285714285 0.4287518037518038 0.01989795918367347 0.006132756132756133
24 0.34005102040816326 0.4393939393939394 0.010714285714285714 0.005772005772005772
41 0.4201530612244898 0.4494949494949495 0.0005102040816326531 0.015151515151515152
24 0.425 0.4393939393939394 0.01020408163265306 0.005772005772005772
41 0.5262755102040816 0.43903318903318905 0.0005102040816326531 0.026695526695526696
41 0.5028061224489796 0.4448051948051948 0.0005102040816326531 0.012265512265512266
26 0.5079081632653061 0.43632756132756134 0.010714285714285714 0.006132756132756133
41 0.48392857142857143 0.43524531024531027 0.0005102040816326531 0.022005772005772004
24 0.4887755102040816 0.42153679653679654 0.01020408163265306 0.006132756132756133
24 0.3635204081632653 0.4273088023088023 0.010714285714285714 0.006132756132756133
41 0.37729591836734694 0.44931457431457433 0.0005102040816326531 0.015512265512265512
24 0.3823979591836735 0.4393939393939394 0.010714285714285714 0.005772005772005772
41 0.35841836734693877 0.44282106782106784 0.0005102040816326531 0.0284992784992785
26 0.4058673469387755 0.4305555555555556 0.010714285714285714 0.006132756132756133
41 0.400765306122449 0.44426406926406925 0.0005102040816326531 0.025613275613275612
41 0.3349489795918367 0.44877344877344877 0.0005102040816326531 0.016594516594516596
134 0.4997448979591837 0.516955266955267 0.9045918367346939 0.023809523809523808
1 0.38826530612244897 0.4989177489177489 0.0163265306122449 0.0007215007215007215
1 0.3683673469387755 0.4989177489177489 0.0163265306122449 0.0007215007215007215
1 0.34846938775510206 0.49314574314574317 0.0163265306122449 0.0007215007215007215
1 0.34846938775510206 0.4989177489177489 0.0163265306122449 0.0007215007215007215
1 0.32653061224489793 0.4989177489177489 0.0163265306122449 0.0007215007215007215
1 0.3066326530612245 0.4989177489177489 0.0163265306122449 0.0007215007215007215
1 0.286734693877551 0.49314574314574317 0.0163265306122449 0.0007215007215007215
1 0.286734693877551 0.4989177489177489 0.0163265306122449 0.0007215007215007215
1 0.20127551020408163 0.4989177489177489 0.015816326530612244 0.0007215007215007215
1 0.16760204081632654 0.4989177489177489 0.015816326530612244 0.0007215007215007215
1 0.15025510204081632 0.4989177489177489 0.015816326530612244 0.0007215007215007215
41 0.6926020408163265 0.5202020202020202 0.0005102040816326531 0.020202020202020204
26 0.6977040816326531 0.5081168831168831 0.010714285714285714 0.006132756132756133
26 0.6579081632653061 0.5138888888888888 0.010714285714285714 0.006132756132756133
41 0.672704081632653 0.5211038961038961 0.0005102040816326531 0.016233766233766232
24 0.6778061224489796 0.511002886002886 0.010714285714285714 0.006132756132756133
41 0.6528061224489796 0.5225468975468975 0.0005102040816326531 0.01479076479076479
24 0.7839285714285714 0.5167748917748918 0.010714285714285714 0.006132756132756133
41 0.7502551020408164 0.527958152958153 0.0005102040816326531 0.011183261183261184
26 0.7553571428571428 0.520021645021645 0.010714285714285714 0.006132756132756133
41 0.7303571428571428 0.5254329004329005 0.0005102040816326531 0.011904761904761904
24 0.7354591836734694 0.5167748917748918 0.010714285714285714 0.006132756132756133
41 0.7125 0.5221861471861472 0.0005102040816326531 0.017676767676767676
24 0.7176020408163265 0.511002886002886 0.010714285714285714 0.006132756132756133
41 0.5915816326530612 0.525974025974026 0.0005102040816326531 0.012987012987012988
24 0.5964285714285714 0.5167748917748918 0.01020408163265306 0.006132756132756133
87 0.5630102040816326 0.516955266955267 0.010714285714285714 0.011544011544011544
41 0.5352040816326531 0.5117243867243867 0.0010204081632653062 0.01911976911976912
40 0.5436224489795919 0.5198412698412699 0.004591836734693878 0.002886002886002886
104 0.5303571428571429 0.49765512265512263 0.01989795918367347 0.006132756132756133
24 0.5303571428571429 0.5229076479076479 0.010714285714285714 0.006132756132756133
121 0.16224489795918368 0.516955266955267 0.0336734693877551 0.004329004329004329
41 0.635969387755102 0.5209235209235209 0.0005102040816326531 0.015151515151515152
24 0.6410714285714286 0.511002886002886 0.010714285714285714 0.006132756132756133
63 0.610969387755102 0.512987012987013 0.008673469387755102 0.024531024531024532
41 0.6191326530612244 0.523088023088023 0.0005102040816326531 0.013708513708513708
26 0.624234693877551 0.5138888888888888 0.010714285714285714 0.006132756132756133
41 0.9359693877551021 0.5209235209235209 0.0005102040816326531 0.015151515151515152
24 0.9410714285714286 0.511002886002886 0.010714285714285714 0.006132756132756133
41 0.9191326530612245 0.5234487734487735 0.0005102040816326531 0.01443001443001443
26 0.924234693877551 0.5138888888888888 0.010714285714285714 0.006132756132756133
41 0.9022959183673469 0.525974025974026 0.0005102040816326531 0.012987012987012988
24 0.9071428571428571 0.5167748917748918 0.01020408163265306 0.006132756132756133
121 0.8545918367346939 0.5288600288600288 0.05918367346938776 0.004329004329004329
112 0.16326530612244897 0.5247113997113997 0.007142857142857143 0.007575757575757576
121 0.225 0.5288600288600288 0.05714285714285714 0.0021645021645021645
121 0.3125 0.516955266955267 0.06173469387755102 0.0021645021645021645
121 0.3920918367346939 0.5193001443001443 0.05765306122448979 0.006854256854256854
121 0.4772959183673469 0.5348124098124099 0.05765306122448979 0.003968253968253968
121 0.6137755102040816 0.5317460317460317 0.044897959183673466 0.005772005772005772
112 0.6142857142857143 0.5395021645021645 0.007142857142857143 0.007575757575757576
121 0.701530612244898 0.5317460317460317 0.09693877551020408 0.005772005772005772
121 0.9191326530612245 0.5317460317460317 0.034183673469387756 0.005772005772005772
112 0.9198979591836735 0.5395021645021645 0.007142857142857143 0.007575757575757576
41 0.8247448979591837 0.523088023088023 0.0005102040816326531 0.013708513708513708
26 0.8298469387755102 0.5138888888888888 0.010714285714285714 0.006132756132756133
87 0.8028061224489796 0.5171356421356421 0.010714285714285714 0.011183261183261184
53 0.7849489795918367 0.5270562770562771 0.010714285714285714 0.01875901875901876
41 0.8844387755102041 0.5203823953823954 0.0005102040816326531 0.01406926406926407
24 0.8895408163265306 0.511002886002886 0.010714285714285714 0.006132756132756133
41 0.8645408163265306 0.5193001443001443 0.0005102040816326531 0.017676767676767676
26 0.8696428571428572 0.5079365079365079 0.010714285714285714 0.005772005772005772
41 0.7788265306122449 0.5274170274170275 0.0005102040816326531 0.01875901875901876
41 0.8446428571428571 0.5212842712842712 0.0005102040816326531 0.015873015873015872
24 0.8497448979591836 0.511002886002886 0.010714285714285714 0.006132756132756133
63 0.8165816326530613 0.5131673881673882 0.008673469387755102 0.024170274170274172
24 0.286734693877551 0.49296536796536794 0.01020408163265306 0.006132756132756133
41 0.2538265306122449 0.5209235209235209 0.0005102040816326531 0.015151515151515152
24 0.2586734693877551 0.511002886002886 0.01020408163265306 0.006132756132756133
41 0.23596938775510204 0.5164141414141414 0.0005102040816326531 0.024170274170274172
26 0.24107142857142858 0.501984126984127 0.010714285714285714 0.006132756132756133
41 0.21403061224489797 0.5209235209235209 0.0005102040816326531 0.015151515151515152
24 0.21913265306122448 0.511002886002886 0.010714285714285714 0.006132756132756133
24 0.32653061224489793 0.4990981240981241 0.01020408163265306 0.006132756132756133
41 0.30178571428571427 0.5075757575757576 0.0005102040816326531 0.018037518037518036
26 0.3066326530612245 0.49603174603174605 0.01020408163265306 0.005772005772005772
41 0.28188775510204084 0.5054112554112554 0.0005102040816326531 0.022366522366522368
41 0.11454081632653061 0.5223665223665224 0.0005102040816326531 0.01875901875901876
104 0.11964285714285715 0.5003607503607503 0.01989795918367347 0.005772005772005772
24 0.11964285714285715 0.511002886002886 0.010714285714285714 0.006132756132756133
26 0.15051020408163265 0.49603174603174605 0.01020408163265306 0.005772005772005772
69 0.08826530612244898 0.503968253968254 0.009183673469387756 0.024531024531024532
5 0.0663265306122449 0.5173160173160173 0.02346938775510204 0.051226551226551224
41 0.1961734693877551 0.51497113997114 0.0005102040816326531 0.027056277056277056
24 0.20127551020408163 0.4990981240981241 0.010714285714285714 0.006132756132756133
41 0.17933673469387756 0.511002886002886 0.0005102040816326531 0.013347763347763348
26 0.18443877551020407 0.501984126984127 0.010714285714285714 0.006132756132756133
41 0.1625 0.509018759018759 0.0005102040816326531 0.015151515151515152
24 0.1673469387755102 0.4990981240981241 0.01020408163265306 0.006132756132756133
41 0.14566326530612245 0.5063131313131313 0.0005102040816326531 0.0183982683982684
41 0.4487244897959184 0.5234487734487735 0.0005102040816326531 0.020202020202020204
24 0.45382653061224487 0.511002886002886 0.010714285714285714 0.006132756132756133
41 0.32168367346938775 0.5084776334776335 0.0005102040816326531 0.016233766233766232
26 0.425765306122449 0.5081168831168831 0.010714285714285714 0.006132756132756133
41 0.40280612244897956 0.512085137085137 0.0005102040816326531 0.016233766233766232
41 0.5061224489795918 0.5268759018759018 0.0010204081632653062 0.017676767676767676
24 0.510969387755102 0.516955266955267 0.010714285714285714 0.005772005772005772
41 0.48647959183673467 0.5286796536796536 0.0005102040816326531 0.012626262626262626
26 0.4913265306122449 0.520021645021645 0.01020408163265306 0.006132756132756133
41 0.42066326530612247 0.5153318903318903 0.0005102040816326531 0.012626262626262626
41 0.46658163265306124 0.5268759018759018 0.0005102040816326531 0.01479076479076479
24 0.4714285714285714 0.5167748917748918 0.01020408163265306 0.006132756132756133
24 0.38826530612244897 0.4990981240981241 0.01020408163265306 0.006132756132756133
41 0.3635204081632653 0.5077561327561327 0.0005102040816326531 0.0183982683982684
26 0.3683673469387755 0.49603174603174605 0.01020408163265306 0.005772005772005772
26 0.4079081632653061 0.501984126984127 0.010714285714285714 0.006132756132756133
41 0.3436224489795918 0.5061327561327561 0.0005102040816326531 0.020923520923520924
24 0.34846938775510206 0.49296536796536794 0.01020408163265306 0.006132756132756133
41 0.38316326530612244 0.5093795093795094 0.0010204081632653062 0.018037518037518036
134 0.4997448979591837 0.5885642135642135 0.9045918367346939 0.024170274170274172
41 0.6767857142857143 0.5921717171717171 0.0005102040816326531 0.01479076479076479
41 0.6966836734693878 0.5905483405483406 0.0005102040816326531 0.016594516594516596
26 0.701530612244898 0.5795454545454546 0.01020408163265306 0.006132756132756133
24 0.772704081632653 0.5824314574314574 0.010714285714285714 0.006132756132756133
41 0.6571428571428571 0.5939754689754689 0.0010204081632653062 0.01479076479076479
24 0.6818877551020408 0.5824314574314574 0.010714285714285714 0.006132756132756133
63 0.6489795918367347 0.5847763347763347 0.009183673469387756 0.024531024531024532
26 0.6619897959183674 0.5854978354978355 0.010714285714285714 0.005772005772005772
26 0.5308673469387755 0.5795454545454546 0.010714285714285714 0.006132756132756133
41 0.750765306122449 0.5950577200577201 0.0005102040816326531 0.01406926406926407
26 0.7558673469387756 0.5854978354978355 0.010714285714285714 0.005772005772005772
41 0.7339285714285714 0.5979437229437229 0.0005102040816326531 0.01406926406926407
24 0.739030612244898 0.5885642135642135 0.010714285714285714 0.006132756132756133
41 0.7163265306122449 0.5918109668109668 0.0010204081632653062 0.01479076479076479
24 0.7211734693877551 0.5824314574314574 0.010714285714285714 0.006132756132756133
41 0.5829081632653061 0.5993867243867244 0.0005102040816326531 0.011183261183261184
26 0.5880102040816326 0.5914502164502164 0.010714285714285714 0.006132756132756133
41 0.5630102040816326 0.5968614718614719 0.0005102040816326531 0.012626262626262626
24 0.5681122448979592 0.5885642135642135 0.010714285714285714 0.006132756132756133
41 0.5456632653061224 0.5937950937950938 0.0005102040816326531 0.017316017316017316
24 0.550765306122449 0.5824314574314574 0.010714285714285714 0.006132756132756133
41 0.525765306122449 0.5912698412698413 0.0005102040816326531 0.020923520923520924
121 0.125765306122449 0.6033549783549783 0.02193877551020408 0.005411255411255411
87 0.6352040816326531 0.5887445887445888 0.01020408163265306 0.011544011544011544
53 0.6173469387755102 0.5988455988455988 0.01020408163265306 0.01875901875901876
41 0.6114795918367347 0.5997474747474747 0.0005102040816326531 0.017676767676767676
24 0.6163265306122448 0.5885642135642135 0.01020408163265306 0.006132756132756133
41 0.9395408163265306 0.590007215007215 0.0005102040816326531 0.016955266955266956
24 0.934438775510204 0.6004689754689755 0.010714285714285714 0.006132756132756133
41 0.9196428571428571 0.5883838383838383 0.0005102040816326531 0.013708513708513708
26 0.914795918367347 0.5975829725829725 0.01020408163265306 0.006132756132756133
41 0.9002551020408164 0.588023088023088 0.0005102040816326531 0.015151515151515152
26 0.8951530612244898 0.5975829725829725 0.010714285714285714 0.006132756132756133
112 0.7515306122448979 0.6112914862914863 0.007142857142857143 0.007575757575757576
121 0.19438775510204082 0.5950577200577201 0.019387755102040816 0.003246753246753247
121 0.2903061224489796 0.5974025974025974 0.05918367346938776 0.005772005772005772
121 0.3683673469387755 0.6040764790764791 0.05714285714285714 0.009018759018759018
121 0.4471938775510204 0.6035353535353535 0.044387755102040814 0.005772005772005772
112 0.4479591836734694 0.6112914862914863 0.007142857142857143 0.007575757575757576
121 0.5346938775510204 0.6035353535353535 0.09591836734693877 0.005772005772005772
121 0.686734693877551 0.6002886002886003 0.05918367346938776 0.004329004329004329
121 0.750765306122449 0.6033549783549783 0.03316326530612245 0.005411255411255411
121 0.8311224489795919 0.5735930735930735 0.05918367346938776 0.005772005772005772
121 0.9099489795918367 0.5795454545454546 0.058673469387755105 0.005411255411255411
26 0.8160714285714286 0.5914502164502164 0.010714285714285714 0.006132756132756133
41 0.8211734693877552 0.5817099567099567 0.0005102040816326531 0.016955266955266956
41 0.8012755102040816 0.579004329004329 0.0005102040816326531 0.01443001443001443
24 0.7964285714285714 0.5885642135642135 0.01020408163265306 0.006132756132756133
41 0.8803571428571428 0.5851370851370852 0.0005102040816326531 0.01443001443001443
24 0.8752551020408164 0.5943362193362194 0.010714285714285714 0.006132756132756133
41 0.8604591836734694 0.5838744588744589 0.0005102040816326531 0.016233766233766232
24 0.8556122448979592 0.5943362193362194 0.01020408163265306 0.006132756132756133
41 0.7676020408163265 0.5925324675324676 0.0005102040816326531 0.017676767676767676
41 0.8410714285714286 0.5820707070707071 0.0005102040816326531 0.015512265512265512
26 0.835969387755102 0.5914502164502164 0.010714285714285714 0.006132756132756133
41 0.26096938775510203 0.5873015873015873 0.0005102040816326531 0.016594516594516596
24 0.26581632653061227 0.5766594516594516 0.01020408163265306 0.006132756132756133
41 0.22423469387755102 0.5912698412698413 0.0005102040816326531 0.018037518037518036
104 0.22908163265306122 0.571969696969697 0.019387755102040816 0.006132756132756133
26 0.22908163265306122 0.5795454545454546 0.01020408163265306 0.006132756132756133
41 0.30025510204081635 0.5898268398268398 0.0005102040816326531 0.015873015873015872
26 0.34464285714285714 0.5795454545454546 0.010714285714285714 0.006132756132756133
41 0.3201530612244898 0.5921717171717171 0.0005102040816326531 0.01406926406926407
24 0.325 0.5824314574314574 0.01020408163265306 0.006132756132756133
26 0.3053571428571429 0.5795454545454546 0.010714285714285714 0.006132756132756133
41 0.28035714285714286 0.5891053391053391 0.0005102040816326531 0.015151515151515152
26 0.2854591836734694 0.5795454545454546 0.010714285714285714 0.006132756132756133
41 0.11454081632653061 0.5963203463203464 0.0005102040816326531 0.017316017316017316
26 0.11964285714285715 0.5854978354978355 0.010714285714285714 0.005772005772005772
26 0.14158163265306123 0.5795454545454546 0.010714285714285714 0.006132756132756133
69 0.08826530612244898 0.5757575757575758 0.009183673469387756 0.024531024531024532
5 0.0663265306122449 0.5887445887445888 0.02346938775510204 0.051226551226551224
41 0.20433673469387756 0.5885642135642135 0.0005102040816326531 0.013347763347763348
26 0.2094387755102041 0.5795454545454546 0.010714285714285714 0.006132756132756133
41 0.18443877551020407 0.5863997113997114 0.0005102040816326531 0.015512265512265512
24 0.1895408163265306 0.5766594516594516 0.010714285714285714 0.006132756132756133
41 0.15637755102040815 0.5912698412698413 0.0005102040816326531 0.018037518037518036
104 0.1614795918367347 0.571969696969697 0.01989795918367347 0.006132756132756133
26 0.16122448979591836 0.5795454545454546 0.01020408163265306 0.006132756132756133
41 0.1364795918367347 0.5910894660894661 0.0005102040816326531 0.020562770562770564
41 0.4528061224489796 0.5954184704184704 0.0005102040816326531 0.01479076479076479
26 0.45790816326530615 0.5854978354978355 0.010714285714285714 0.005772005772005772
41 0.3395408163265306 0.5905483405483406 0.0005102040816326531 0.01948051948051948
41 0.42525510204081635 0.5979437229437229 0.0005102040816326531 0.01406926406926407
41 0.48647959183673467 0.5946969696969697 0.0005102040816326531 0.013347763347763348
41 0.5063775510204082 0.5936147186147186 0.0005102040816326531 0.016955266955266956
24 0.5112244897959184 0.5824314574314574 0.01020408163265306 0.006132756132756133
26 0.4915816326530612 0.5854978354978355 0.010714285714285714 0.005772005772005772
41 0.46964285714285714 0.5932539682539683 0.0005102040816326531 0.016233766233766232
24 0.4747448979591837 0.5824314574314574 0.010714285714285714 0.006132756132756133
63 0.4446428571428571 0.5847763347763347 0.008673469387755102 0.024531024531024532
24 0.4303571428571429 0.5885642135642135 0.010714285714285714 0.006132756132756133
24 0.3821428571428571 0.5885642135642135 0.01020408163265306 0.006132756132756133
41 0.37704081632653064 0.5974025974025974 0.0010204081632653062 0.015151515151515152
41 0.3594387755102041 0.5939754689754689 0.0005102040816326531 0.017676767676767676
24 0.3645408163265306 0.5824314574314574 0.010714285714285714 0.006132756132756133
26 0.4017857142857143 0.5914502164502164 0.010714285714285714 0.006132756132756133
41 0.39668367346938777 0.59992784992785 0.0005102040816326531 0.01443001443001443
134 0.4997448979591837 0.659992784992785 0.9045918367346939 0.024170274170274172
26 0.661734693877551 0.6571067821067821 0.01020408163265306 0.006132756132756133
53 0.6627551020408163 0.6681096681096681 0.01020408163265306 0.01875901875901876
41 0.6568877551020408 0.6681096681096681 0.0005102040816326531 0.01948051948051948
24 0.7196428571428571 0.648088023088023 0.010714285714285714 0.006132756132756133
41 0.5125 0.6661255411255411 0.0005102040816326531 0.013347763347763348
41 0.735969387755102 0.6626984126984127 0.0005102040816326531 0.018037518037518036
104 0.7408163265306122 0.6433982683982684 0.019387755102040816 0.006132756132756133
26 0.7408163265306122 0.6511544011544012 0.01020408163265306 0.005772005772005772
53 0.7206632653061225 0.6590909090909091 0.010714285714285714 0.01875901875901876
41 0.7145408163265307 0.6590909090909091 0.0005102040816326531 0.01948051948051948
41 0.6778061224489796 0.6626984126984127 0.0005102040816326531 0.018037518037518036
40 0.6964285714285714 0.6511544011544012 0.00510204081632653 0.002886002886002886
104 0.6829081632653061 0.6433982683982684 0.01989795918367347 0.006132756132756133
26 0.6829081632653061 0.6511544011544012 0.010714285714285714 0.005772005772005772
41 0.5548469387755102 0.661976911976912 0.0005102040816326531 0.016594516594516596
26 0.5596938775510204 0.6511544011544012 0.01020408163265306 0.005772005772005772
24 0.5808673469387755 0.6542207792207793 0.010714285714285714 0.006132756132756133
41 0.5334183673469388 0.6636002886002886 0.0005102040816326531 0.01479076479076479
24 0.5385204081632653 0.6542207792207793 0.010714285714285714 0.006132756132756133
63 0.5043367346938775 0.6562049062049062 0.008673469387755102 0.024531024531024532
121 0.15637755102040815 0.6540404040404041 0.06275510204081633 0.004329004329004329
41 0.6303571428571428 0.6648629148629148 0.0005102040816326531 0.016594516594516596
24 0.6354591836734694 0.6542207792207793 0.010714285714285714 0.006132756132756133
41 0.6125 0.6664862914862915 0.0005102040816326531 0.01406926406926407
26 0.6176020408163265 0.6571067821067821 0.010714285714285714 0.006132756132756133
41 0.5946428571428571 0.6695526695526696 0.0005102040816326531 0.01443001443001443
24 0.5997448979591836 0.659992784992785 0.010714285714285714 0.006132756132756133
41 0.575765306122449 0.6625180375180375 0.0005102040816326531 0.01406926406926407
41 0.9308673469387755 0.6715367965367965 0.0005102040816326531 0.012626262626262626
26 0.9359693877551021 0.663059163059163 0.010714285714285714 0.005772005772005772
41 0.9099489795918367 0.6690115440115441 0.0005102040816326531 0.012626262626262626
24 0.9150510204081632 0.659992784992785 0.010714285714285714 0.006132756132756133
41 0.8910714285714286 0.6648629148629148 0.0005102040816326531 0.016594516594516596
24 0.8959183673469387 0.6542207792207793 0.01020408163265306 0.006132756132756133
121 0.8390306122448979 0.6690115440115441 0.018877551020408164 0.005411255411255411
121 0.2892857142857143 0.674963924963925 0.04591836734693878 0.005772005772005772
112 0.2903061224489796 0.6827200577200577 0.007142857142857143 0.007575757575757576
121 0.3818877551020408 0.674963924963925 0.10357142857142858 0.005772005772005772
121 0.5443877551020408 0.672077922077922 0.06326530612244897 0.004329004329004329
121 0.6125 0.674963924963925 0.03520408163265306 0.005772005772005772
112 0.613265306122449 0.6827200577200577 0.007142857142857143 0.007575757575757576
120 0.7872448979591836 0.6390692640692641 0.03163265306122449 0.005411255411255411
121 0.9005102040816326 0.6755050505050505 0.061224489795918366 0.009018759018759018
41 0.7987244897959184 0.6567460317460317 0.0005102040816326531 0.0183982683982684
26 0.8035714285714286 0.6452020202020202 0.01020408163265306 0.006132756132756133
53 0.7729591836734694 0.6590909090909091 0.01020408163265306 0.01875901875901876
41 0.7670918367346938 0.6598124098124099 0.0005102040816326531 0.018037518037518036
24 0.7719387755102041 0.648088023088023 0.01020408163265306 0.006132756132756133
41 0.8487244897959184 0.6636002886002886 0.0005102040816326531 0.01406926406926407
41 0.8696428571428572 0.6626984126984127 0.0005102040816326531 0.01875901875901876
26 0.8747448979591836 0.6511544011544012 0.010714285714285714 0.005772005772005772
24 0.8538265306122449 0.6542207792207793 0.010714285714285714 0.006132756132756133
41 0.8298469387755102 0.6589105339105339 0.0005102040816326531 0.016233766233766232
24 0.8346938775510204 0.648088023088023 0.01020408163265306 0.006132756132756133
26 0.5176020408163265 0.6571067821067821 0.010714285714285714 0.006132756132756133
41 0.29464285714285715 0.6668470418470418 0.0005102040816326531 0.01479076479076479
26 0.2997448979591837 0.6571067821067821 0.010714285714285714 0.006132756132756133
41 0.33035714285714285 0.6664862914862915 0.0005102040816326531 0.013347763347763348
26 0.3352040816326531 0.6571067821067821 0.01020408163265306 0.006132756132756133
41 0.12474489795918367 0.6626984126984127 0.0005102040816326531 0.01443001443001443
41 0.3125 0.6648629148629148 0.0005102040816326531 0.016594516594516596
24 0.31760204081632654 0.6542207792207793 0.010714285714285714 0.006132756132756133
63 0.2864795918367347 0.6562049062049062 0.008673469387755102 0.024531024531024532
41 0.20918367346938777 0.6551226551226551 0.0010204081632653062 0.01948051948051948
40 0.21760204081632653 0.663059163059163 0.004591836734693878 0.002886002886002886
104 0.20433673469387756 0.6408730158730159 0.01989795918367347 0.006132756132756133
24 0.20408163265306123 0.6661255411255411 0.01020408163265306 0.006132756132756133
41 0.18801020408163266 0.659992784992785 0.0005102040816326531 0.013347763347763348
26 0.18290816326530612 0.6690115440115441 0.010714285714285714 0.006132756132756133
24 0.16198979591836735 0.6718975468975469 0.010714285714285714 0.006132756132756133
41 0.16709183673469388 0.6623376623376623 0.0005102040816326531 0.016594516594516596
41 0.26607142857142857 0.6695526695526696 0.0005102040816326531 0.01443001443001443
24 0.2711734693877551 0.659992784992785 0.010714285714285714 0.006132756132756133
26 0.14081632653061224 0.6751443001443002 0.01020408163265306 0.006132756132756133
41 0.14566326530612245 0.6643217893217893 0.0005102040816326531 0.01911976911976912
87 0.2403061224489796 0.6601731601731602 0.01020408163265306 0.011544011544011544
53 0.4701530612244898 0.6702741702741702 0.010714285714285714 0.01875901875901876
41 0.46403061224489794 0.6713564213564214 0.0005102040816326531 0.017316017316017316
24 0.4691326530612245 0.659992784992785 0.010714285714285714 0.006132756132756133
41 0.4336734693877551 0.670995670995671 0.0010204081632653062 0.011544011544011544
5 0.0663265306122449 0.6605339105339105 0.02346938775510204 0.051226551226551224
69 0.08826530612244898 0.6471861471861472 0.009183673469387756 0.024531024531024532
87 0.48928571428571427 0.6601731601731602 0.01020408163265306 0.011544011544011544
26 0.4385204081632653 0.663059163059163 0.010714285714285714 0.005772005772005772
24 0.39872448979591835 0.6542207792207793 0.010714285714285714 0.006132756132756133
41 0.37244897959183676 0.6634199134199135 0.0010204081632653062 0.022366522366522368
26 0.37729591836734694 0.6511544011544012 0.010714285714285714 0.005772005772005772
41 0.35127551020408165 0.6652236652236653 0.0005102040816326531 0.017316017316017316
24 0.3563775510204082 0.6542207792207793 0.010714285714285714 0.006132756132756133
24 0.11964285714285715 0.6718975468975469 0.010714285714285714 0.006132756132756133
41 0.4125 0.6691919191919192 0.0005102040816326531 0.013708513708513708
24 0.4176020408163265 0.659992784992785 0.010714285714285714 0.006132756132756133
41 0.3936224489795918 0.6654040404040404 0.0005102040816326531 0.01984126984126984
134 0.4997448979591837 0.7317821067821068 0.9045918367346939 0.024170274170274172
2 0.9380102040816326 0.7287157287157288 0.004591836734693878 0.002886002886002886
2 0.9380102040816326 0.7346681096681097 0.004591836734693878 0.0025252525252525255
41 0.6206632653061225 0.7254689754689755 0.0005102040816326531 0.013708513708513708
26 0.6155612244897959 0.7346681096681097 0.010714285714285714 0.006132756132756133
41 0.7410714285714286 0.73502886002886 0.0005102040816326531 0.0183982683982684
41 0.6696428571428571 0.7281746031746031 0.0005102040816326531 0.01406926406926407
24 0.664795918367347 0.7375541125541125 0.01020408163265306 0.006132756132756133
41 0.6431122448979592 0.7314213564213564 0.0005102040816326531 0.025613275613275612
26 0.6380102040816327 0.7465728715728716 0.010714285714285714 0.006132756132756133
26 0.7362244897959184 0.7465728715728716 0.01020408163265306 0.006132756132756133
41 0.7186224489795918 0.7314213564213564 0.0005102040816326531 0.013347763347763348
26 0.7137755102040816 0.7406204906204906 0.01020408163265306 0.005772005772005772
41 0.6920918367346939 0.7337662337662337 0.0005102040816326531 0.020923520923520924
26 0.6872448979591836 0.7465728715728716 0.01020408163265306 0.006132756132756133
41 0.5329081632653061 0.7364718614718615 0.0005102040816326531 0.016233766233766232
41 0.5716836734693878 0.7222222222222222 0.0005102040816326531 0.01443001443001443
24 0.5665816326530613 0.7317821067821068 0.010714285714285714 0.006132756132756133
24 0.5380102040816327 0.7256493506493507 0.010714285714285714 0.006132756132756133
41 0.5127551020408163 0.7375541125541125 0.0010204081632653062 0.015512265512265512
26 0.5176020408163265 0.7287157287157288 0.010714285714285714 0.005772005772005772
121 0.14005102040816325 0.7465728715728716 0.050510204081632655 0.005411255411255411
41 0.5941326530612245 0.7306998556998557 0.0005102040816326531 0.027777777777777776
26 0.5890306122448979 0.7465728715728716 0.010714285714285714 0.006132756132756133
87 0.9163265306122449 0.7317821067821068 0.01020408163265306 0.011183261183261184
41 0.8762755102040817 0.726010101010101 0.0005102040816326531 0.0183982683982684
40 0.8849489795918367 0.7346681096681097 0.004591836734693878 0.0025252525252525255
24 0.8714285714285714 0.7375541125541125 0.01020408163265306 0.006132756132756133
121 0.7056122448979592 0.7227633477633477 0.07142857142857142 0.005411255411255411
112 0.14081632653061224 0.7541486291486291 0.007142857142857143 0.007575757575757576
121 0.24591836734693878 0.7472943722943723 0.12040816326530612 0.006854256854256854
121 0.4336734693877551 0.7435064935064936 0.07346938775510205 0.004329004329004329
121 0.5127551020408163 0.7465728715728716 0.03979591836734694 0.005411255411255411
112 0.513265306122449 0.7541486291486291 0.007142857142857143 0.007575757575757576
121 0.6071428571428571 0.7162698412698413 0.07142857142857142 0.006854256854256854
121 0.8153061224489796 0.7258297258297258 0.07346938775510205 0.004329004329004329
41 0.7783163265306122 0.7341269841269841 0.0005102040816326531 0.01443001443001443
24 0.7732142857142857 0.7436868686868687 0.010714285714285714 0.006132756132756133
24 0.8224489795918367 0.7436868686868687 0.01020408163265306 0.006132756132756133
41 0.8517857142857143 0.7314213564213564 0.0005102040816326531 0.013347763347763348
26 0.8469387755102041 0.7406204906204906 0.01020408163265306 0.005772005772005772
41 0.827295918367347 0.7339466089466089 0.0005102040816326531 0.016955266955266956
41 0.8028061224489796 0.7352092352092352 0.0005102040816326531 0.018037518037518036
26 0.797704081632653 0.7465728715728716 0.010714285714285714 0.006132756132756133
41 0.23469387755102042 0.7353896103896104 0.0010204081632653062 0.022005772005772004
26 0.23954081632653063 0.7227633477633477 0.010714285714285714 0.006132756132756133
41 0.20994897959183673 0.7366522366522367 0.0005102040816326531 0.018037518037518036
24 0.21505102040816326 0.7256493506493507 0.010714285714285714 0.006132756132756133
41 0.1854591836734694 0.7377344877344877 0.0005102040816326531 0.013708513708513708
26 0.19056122448979593 0.7287157287157288 0.010714285714285714 0.005772005772005772
41 0.30637755102040815 0.7433261183261183 0.0005102040816326531 0.011904761904761904
26 0.3112244897959184 0.7346681096681097 0.01020408163265306 0.006132756132756133
41 0.2816326530612245 0.740981240981241 0.0010204081632653062 0.015151515151515152
24 0.2864795918367347 0.7317821067821068 0.010714285714285714 0.006132756132756133
41 0.25943877551020406 0.737914862914863 0.0005102040816326531 0.01911976911976912
24 0.2642857142857143 0.7256493506493507 0.01020408163265306 0.006132756132756133
69 0.08826530612244898 0.7189754689754689 0.009183673469387756 0.024531024531024532
41 0.11454081632653061 0.740981240981241 0.0005102040816326531 0.01443001443001443
24 0.11964285714285715 0.7317821067821068 0.010714285714285714 0.006132756132756133
5 0.0663265306122449 0.7319624819624819 0.02346938775510204 0.051226551226551224
41 0.1655612244897959 0.7362914862914863 0.0005102040816326531 0.016594516594516596
24 0.17066326530612244 0.7256493506493507 0.010714285714285714 0.006132756132756133
63 0.13724489795918368 0.727994227994228 0.009183673469387756 0.024531024531024532
41 0.14566326530612245 0.7386363636363636 0.0005102040816326531 0.01479076479076479
26 0.15051020408163265 0.7287157287157288 0.01020408163265306 0.005772005772005772
41 0.4701530612244898 0.7352092352092352 0.0005102040816326531 0.01443001443001443
24 0.47525510204081634 0.7256493506493507 0.010714285714285714 0.006132756132756133
87 0.36989795918367346 0.7319624819624819 0.01020408163265306 0.011544011544011544
26 0.4017857142857143 0.7287157287157288 0.010714285714285714 0.005772005772005772
41 0.39668367346938777 0.7371933621933622 0.0005102040816326531 0.01479076479076479
63 0.38852040816326533 0.7278138528138528 0.008673469387755102 0.024170274170274172
41 0.44566326530612244 0.7341269841269841 0.0005102040816326531 0.018037518037518036
24 0.4262755102040816 0.7256493506493507 0.010714285714285714 0.006132756132756133
41 0.42117346938775513 0.7353896103896104 0.0005102040816326531 0.016955266955266956
26 0.45076530612244897 0.7227633477633477 0.010714285714285714 0.006132756132756133
41 0.3410714285714286 0.7426046176046176 0.0005102040816326531 0.017676767676767676
24 0.49770408163265306 0.7317821067821068 0.010714285714285714 0.006132756132756133
53 0.3469387755102041 0.7420634920634921 0.011224489795918367 0.01875901875901876
41 0.4926020408163265 0.7406204906204906 0.0005102040816326531 0.015151515151515152
24 0.3461734693877551 0.7317821067821068 0.010714285714285714 0.006132756132756133
