134 0.4997448979591837 0.06944444444444445 0.9045918367346939 0.024170274170274172
1 0.8443877551020408 0.11219336219336219 0.012244897959183673 0.0007215007215007215
1 0.7719387755102041 0.11219336219336219 0.012244897959183673 0.0007215007215007215
1 0.6612244897959184 0.11219336219336219 0.018367346938775512 0.0007215007215007215
1 0.5673469387755102 0.11219336219336219 0.018367346938775512 0.0007215007215007215
1 0.4627551020408163 0.11219336219336219 0.018367346938775512 0.0007215007215007215
1 0.32755102040816325 0.11219336219336219 0.012244897959183673 0.0007215007215007215
1 0.2229591836734694 0.11219336219336219 0.018367346938775512 0.0007215007215007215
1 0.5334183673469388 0.05140692640692641 0.01173469387755102 0.0010822510822510823
1 0.2209183673469388 0.05140692640692641 0.012244897959183673 0.0010822510822510823
1 0.19948979591836735 0.05140692640692641 0.012244897959183673 0.0010822510822510823
1 0.17831632653061225 0.05140692640692641 0.012755102040816327 0.0010822510822510823
134 0.4997448979591837 0.13005050505050506 0.9045918367346939 0.024170274170274172
24 0.7066326530612245 0.0633116883116883 0.00816326530612245 0.005411255411255411
24 0.7066326530612245 0.07521645021645022 0.00816326530612245 0.005411255411255411
41 0.7104591836734694 0.05519480519480519 0.0005102040816326531 0.01443001443001443
41 0.7028061224489796 0.08243145743145742 0.0005102040816326531 0.012626262626262626
59 0.6954081632653061 0.07323232323232323 0.007142857142857143 0.012987012987012988
24 0.6795918367346939 0.07521645021645022 0.00816326530612245 0.005411255411255411
59 0.6479591836734694 0.07034632034632035 0.007142857142857143 0.012987012987012988
41 0.6556122448979592 0.12337662337662338 0.0010204081632653062 0.01948051948051948
26 0.6795918367346939 0.06637806637806638 0.00816326530612245 0.005772005772005772
41 0.6834183673469387 0.056818181818181816 0.0005102040816326531 0.017676767676767676
41 0.675765306122449 0.08243145743145742 0.0005102040816326531 0.012626262626262626
24 0.7321428571428571 0.07539682539682539 0.00816326530612245 0.005772005772005772
41 0.7798469387755103 0.05375180375180375 0.0005102040816326531 0.015873015873015872
41 0.7681122448979592 0.08513708513708514 0.0005102040816326531 0.015873015873015872
24 0.7719387755102041 0.11219336219336219 0.00816326530612245 0.005772005772005772
59 0.7607142857142857 0.07323232323232323 0.007142857142857143 0.012987012987012988
41 0.7681122448979592 0.1240981240981241 0.0005102040816326531 0.021645021645021644
41 0.735969387755102 0.05321067821067821 0.0005102040816326531 0.010461760461760462
41 0.7283163265306123 0.08243145743145742 0.0005102040816326531 0.012626262626262626
26 0.7321428571428571 0.060425685425685424 0.00816326530612245 0.005411255411255411
61 0.7216836734693878 0.07503607503607504 0.005612244897959183 0.015873015873015872
28 0.7739795918367347 0.06349206349206349 0.012244897959183673 0.005772005772005772
24 0.7719387755102041 0.07521645021645022 0.00816326530612245 0.005411255411255411
24 0.5854591836734694 0.07539682539682539 0.007653061224489796 0.005772005772005772
41 0.5890306122448979 0.04924242424242424 0.0005102040816326531 0.011904761904761904
41 0.5816326530612245 0.08243145743145742 0.0010204081632653062 0.012626262626262626
24 0.585204081632653 0.05735930735930736 0.00816326530612245 0.005772005772005772
26 0.610969387755102 0.060425685425685424 0.007653061224489796 0.005411255411255411
26 0.610969387755102 0.07233044733044733 0.007653061224489796 0.005411255411255411
41 0.6145408163265306 0.05248917748917749 0.0005102040816326531 0.01406926406926407
121 0.17066326530612244 0.03787878787878788 0.06581632653061224 0.010822510822510822
41 0.5614795918367347 0.12067099567099566 0.0005102040816326531 0.0183982683982684
41 0.6630102040816327 0.05266955266955267 0.0005102040816326531 0.011544011544011544
26 0.6591836734693878 0.060425685425685424 0.00816326530612245 0.005411255411255411
26 0.6591836734693878 0.07233044733044733 0.00816326530612245 0.005411255411255411
28 0.6612244897959184 0.11219336219336219 0.012244897959183673 0.005772005772005772
41 0.6283163265306122 0.07990620490620491 0.0005102040816326531 0.017676767676767676
41 0.6556122448979592 0.0817099567099567 0.0010204081632653062 0.016955266955266956
41 0.6073979591836735 0.08098845598845598 0.0005102040816326531 0.015512265512265512
61 0.6005102040816327 0.07215007215007214 0.006122448979591836 0.015873015873015872
24 0.6321428571428571 0.0633116883116883 0.00816326530612245 0.005411255411255411
24 0.6321428571428571 0.06926406926406926 0.00816326530612245 0.005772005772005772
41 0.635969387755102 0.053932178932178935 0.0005102040816326531 0.016955266955266956
41 0.9033163265306122 0.13077200577200576 0.0005102040816326531 0.01479076479076479
26 0.9341836734693878 0.07233044733044733 0.00816326530612245 0.005411255411255411
26 0.9341836734693878 0.12121212121212122 0.00816326530612245 0.005772005772005772
41 0.9380102040816326 0.06204906204906205 0.0005102040816326531 0.01875901875901876
41 0.9303571428571429 0.13131313131313133 0.0005102040816326531 0.01875901875901876
41 0.8895408163265306 0.057178932178932176 0.0005102040816326531 0.01479076479076479
41 0.8818877551020409 0.12842712842712842 0.0005102040816326531 0.017316017316017316
24 0.9071428571428571 0.06908369408369408 0.00816326530612245 0.005411255411255411
86 0.9061224489795918 0.0726911976911977 0.007142857142857143 0.01479076479076479
26 0.9071428571428571 0.12121212121212122 0.00816326530612245 0.005772005772005772
41 0.9107142857142857 0.060064935064935064 0.0010204081632653062 0.016955266955266956
122 0.8229591836734694 0.056818181818181816 0.07959183673469387 0.003968253968253968
121 0.8954081632653061 0.13924963924963926 0.06938775510204082 0.005772005772005772
121 0.9030612244897959 0.049422799422799424 0.06938775510204082 0.007936507936507936
121 0.8275510204081633 0.08928571428571429 0.025510204081632654 0.003968253968253968
121 0.8043367346938776 0.1349206349206349 0.07193877551020408 0.0021645021645021645
122 0.7165816326530612 0.1056998556998557 0.10663265306122449 0.004329004329004329
121 0.6920918367346939 0.09018759018759019 0.07295918367346939 0.0021645021645021645
121 0.6997448979591837 0.046536796536796536 0.07295918367346939 0.0021645021645021645
121 0.5951530612244897 0.09018759018759019 0.06683673469387755 0.0021645021645021645
121 0.602295918367347 0.04310966810966811 0.06683673469387755 0.006854256854256854
122 0.5150510204081633 0.10407647907647907 0.08826530612244898 0.003968253968253968
59 0.922704081632653 0.11904761904761904 0.007653061224489796 0.012987012987012988
122 0.44005102040816324 0.0496031746031746 0.029081632653061223 0.003246753246753247
24 0.8857142857142857 0.11832611832611832 0.00816326530612245 0.005772005772005772
121 0.5010204081632653 0.037337662337662336 0.07244897959183673 0.003968253968253968
121 0.4933673469387755 0.08495670995670995 0.07244897959183673 0.006854256854256854
41 0.8150510204081632 0.08351370851370851 0.0005102040816326531 0.012626262626262626
61 0.7869897959183674 0.11796536796536797 0.005612244897959183 0.015873015873015872
24 0.8188775510204082 0.07521645021645022 0.00816326530612245 0.005411255411255411
26 0.8188775510204082 0.11525974025974026 0.00816326530612245 0.005411255411255411
61 0.8081632653061225 0.07503607503607504 0.006122448979591836 0.015873015873015872
41 0.8150510204081632 0.12554112554112554 0.0005102040816326531 0.01875901875901876
121 0.2614795918367347 0.037337662337662336 0.07397959183673469 0.003968253968253968
122 0.2752551020408163 0.1056998556998557 0.10051020408163265 0.004329004329004329
121 0.3691326530612245 0.03643578643578643 0.0760204081632653 0.0021645021645021645
121 0.3693877551020408 0.041305916305916304 0.07448979591836735 0.0018037518037518038
121 0.3795918367346939 0.09271284271284272 0.11224489795918367 0.015151515151515152
24 0.7974489795918367 0.11832611832611832 0.00816326530612245 0.005772005772005772
41 0.7936224489795919 0.12698412698412698 0.0005102040816326531 0.015873015873015872
26 0.8645408163265306 0.11525974025974026 0.007653061224489796 0.005411255411255411
41 0.8681122448979591 0.05411255411255411 0.0005102040816326531 0.01443001443001443
41 0.860969387755102 0.09253246753246754 0.0005102040816326531 0.012626262626262626
26 0.8645408163265306 0.08423520923520923 0.007653061224489796 0.005411255411255411
41 0.860969387755102 0.1266233766233766 0.0005102040816326531 0.020923520923520924
26 0.8857142857142857 0.06637806637806638 0.00816326530612245 0.005772005772005772
26 0.8443877551020408 0.07233044733044733 0.00816326530612245 0.005411255411255411
24 0.8443877551020408 0.11219336219336219 0.00816326530612245 0.005772005772005772
41 0.8405612244897959 0.08080808080808081 0.0005102040816326531 0.015151515151515152
61 0.8339285714285715 0.07215007215007214 0.005612244897959183 0.015873015873015872
41 0.8405612244897959 0.1240981240981241 0.0005102040816326531 0.021645021645021644
24 0.8645408163265306 0.0633116883116883 0.007653061224489796 0.005411255411255411
59 0.25790816326530613 0.05230880230880231 0.007653061224489796 0.012987012987012988
26 0.2693877551020408 0.05447330447330447 0.00816326530612245 0.005772005772005772
41 0.2729591836734694 0.04563492063492063 0.0010204081632653062 0.015512265512265512
26 0.29489795918367345 0.05447330447330447 0.00816326530612245 0.005772005772005772
41 0.29872448979591837 0.04599567099567099 0.0005102040816326531 0.01479076479076479
61 0.2841836734693878 0.05411255411255411 0.006122448979591836 0.015873015873015872
41 0.21709183673469387 0.09018759018759019 0.0005102040816326531 0.013708513708513708
59 0.2094387755102041 0.07918470418470419 0.007653061224489796 0.013347763347763348
41 0.21709183673469387 0.12373737373737374 0.0005102040816326531 0.01875901875901876
26 0.24209183673469387 0.05447330447330447 0.007653061224489796 0.005772005772005772
41 0.24566326530612245 0.04527417027417027 0.0005102040816326531 0.016233766233766232
41 0.3237244897959184 0.12373737373737374 0.0005102040816326531 0.01875901875901876
26 0.35331632653061223 0.05447330447330447 0.007653061224489796 0.005772005772005772
41 0.3568877551020408 0.045093795093795096 0.0005102040816326531 0.016594516594516596
26 0.32755102040816325 0.05447330447330447 0.00816326530612245 0.005772005772005772
26 0.32755102040816325 0.08423520923520923 0.00816326530612245 0.005411255411255411
24 0.32755102040816325 0.11237373737373738 0.00816326530612245 0.005411255411255411
41 0.3311224489795918 0.045093795093795096 0.0010204081632653062 0.016594516594516596
41 0.22474489795918368 0.04329004329004329 0.0005102040816326531 0.012987012987012988
41 0.3237244897959184 0.09199134199134198 0.0005102040816326531 0.013708513708513708
26 0.1336734693877551 0.06637806637806638 0.00816326530612245 0.005772005772005772
8 0.06505102040816327 0.12698412698412698 0.020918367346938777 0.015151515151515152
67 0.0875 0.134018759018759 0.007653061224489796 0.013347763347763348
67 0.09566326530612244 0.12518037518037517 0.007653061224489796 0.012987012987012988
67 0.10357142857142858 0.1370851370851371 0.007142857142857143 0.012987012987012988
28 0.1357142857142857 0.08116883116883117 0.012244897959183673 0.005772005772005772
26 0.1336734693877551 0.11525974025974026 0.00816326530612245 0.005411255411255411
41 0.1375 0.05411255411255411 0.0005102040816326531 0.023088023088023088
41 0.1298469387755102 0.08982683982683982 0.0005102040816326531 0.01443001443001443
0 0.04030612244897959 0.09974747474747475 0.00816326530612245 0.08477633477633478
122 0.11836734693877551 0.11093073593073594 0.018367346938775512 0.0025252525252525255
5 0.06505102040816327 0.06998556998556998 0.020918367346938777 0.03535353535353535
67 0.0875 0.06727994227994227 0.007653061224489796 0.013347763347763348
67 0.09540816326530613 0.05844155844155844 0.007142857142857143 0.012987012987012988
67 0.10357142857142858 0.07034632034632035 0.007142857142857143 0.012987012987012988
26 0.19948979591836735 0.04852092352092352 0.00816326530612245 0.005411255411255411
41 0.1747448979591837 0.13257575757575757 0.0005102040816326531 0.0183982683982684
41 0.18214285714285713 0.04365079365079365 0.0010204081632653062 0.013708513708513708
41 0.20331632653061224 0.04076479076479077 0.0005102040816326531 0.013708513708513708
24 0.2209183673469388 0.05140692640692641 0.00816326530612245 0.005411255411255411
28 0.2229591836734694 0.08116883116883117 0.012244897959183673 0.005772005772005772
28 0.2229591836734694 0.11219336219336219 0.012244897959183673 0.005772005772005772
61 0.12321428571428572 0.08116883116883117 0.005612244897959183 0.015873015873015872
41 0.1298469387755102 0.12608225108225107 0.0005102040816326531 0.01984126984126984
26 0.15714285714285714 0.05447330447330447 0.00816326530612245 0.005772005772005772
41 0.16096938775510203 0.04635642135642136 0.0005102040816326531 0.01406926406926407
24 0.17857142857142858 0.05140692640692641 0.00816326530612245 0.005411255411255411
26 0.17857142857142858 0.12121212121212122 0.00816326530612245 0.005772005772005772
41 0.47831632653061223 0.07593795093795094 0.0005102040816326531 0.015512265512265512
41 0.48596938775510207 0.04527417027417027 0.0005102040816326531 0.01479076479076479
26 0.5076530612244898 0.05447330447330447 0.00816326530612245 0.005772005772005772
24 0.5076530612244898 0.06926406926406926 0.00816326530612245 0.005772005772005772
41 0.5114795918367347 0.045454545454545456 0.0005102040816326531 0.015873015873015872
41 0.5038265306122449 0.07792207792207792 0.0005102040816326531 0.015151515151515152
41 0.4645408163265306 0.045454545454545456 0.0005102040816326531 0.013708513708513708
41 0.45714285714285713 0.07341269841269842 0.0010204081632653062 0.017676767676767676
41 0.45714285714285713 0.12031024531024531 0.0010204081632653062 0.01911976911976912
26 0.48214285714285715 0.05447330447330447 0.00816326530612245 0.005772005772005772
26 0.48214285714285715 0.06637806637806638 0.00816326530612245 0.005772005772005772
61 0.522704081632653 0.051226551226551224 0.005612244897959183 0.015873015873015872
61 0.522704081632653 0.07215007215007214 0.005612244897959183 0.015873015873015872
26 0.5653061224489796 0.05447330447330447 0.00816326530612245 0.005772005772005772
24 0.5653061224489796 0.06926406926406926 0.00816326530612245 0.005772005772005772
30 0.5673469387755102 0.10930735930735931 0.012244897959183673 0.005772005772005772
41 0.5691326530612245 0.04707792207792208 0.0005102040816326531 0.012626262626262626
41 0.5614795918367347 0.08026695526695526 0.0005102040816326531 0.01984126984126984
41 0.5369897959183674 0.04310966810966811 0.0005102040816326531 0.012626262626262626
61 0.4971938775510204 0.05411255411255411 0.005612244897959183 0.015873015873015872
24 0.5331632653061225 0.05140692640692641 0.00816326530612245 0.005411255411255411
26 0.5331632653061225 0.07233044733044733 0.00816326530612245 0.005411255411255411
41 0.5295918367346939 0.08008658008658008 0.0010204081632653062 0.013708513708513708
26 0.41836734693877553 0.05447330447330447 0.00816326530612245 0.005772005772005772
26 0.4035714285714286 0.05447330447330447 0.00816326530612245 0.005772005772005772
41 0.4073979591836735 0.045093795093795096 0.0005102040816326531 0.016594516594516596
59 0.3920918367346939 0.05230880230880231 0.007653061224489796 0.012987012987012988
24 0.41836734693877553 0.0633116883116883 0.00816326530612245 0.005411255411255411
24 0.41836734693877553 0.11832611832611832 0.00816326530612245 0.005772005772005772
30 0.4627551020408163 0.10930735930735931 0.012244897959183673 0.005772005772005772
41 0.4145408163265306 0.0762987012987013 0.0005102040816326531 0.024170274170274172
59 0.3420918367346939 0.05230880230880231 0.007653061224489796 0.012987012987012988
26 0.37755102040816324 0.05447330447330447 0.00816326530612245 0.005772005772005772
26 0.37755102040816324 0.06637806637806638 0.00816326530612245 0.005772005772005772
41 0.38137755102040816 0.045093795093795096 0.0005102040816326531 0.016594516594516596
41 0.4221938775510204 0.046536796536796536 0.0005102040816326531 0.013708513708513708
41 0.3737244897959184 0.08008658008658008 0.0005102040816326531 0.025974025974025976
61 0.36709183673469387 0.05411255411255411 0.005612244897959183 0.015873015873015872
61 0.4079081632653061 0.11796536796536797 0.005612244897959183 0.015873015873015872
26 0.43979591836734694 0.060425685425685424 0.00816326530612245 0.005411255411255411
41 0.435969387755102 0.0735930735930736 0.0005102040816326531 0.024531024531024532
41 0.4145408163265306 0.12896825396825398 0.0005102040816326531 0.01984126984126984
26 0.4607142857142857 0.05447330447330447 0.00816326530612245 0.005772005772005772
24 0.4607142857142857 0.0633116883116883 0.00816326530612245 0.005411255411255411
134 0.4997448979591837 0.23502886002886003 0.9045918367346939 0.024170274170274172
1 0.8969387755102041 0.21717171717171718 0.012244897959183673 0.0007215007215007215
1 0.8670918367346939 0.21717171717171718 0.01173469387755102 0.0007215007215007215
1 0.7719387755102041 0.2113997113997114 0.012244897959183673 0.0007215007215007215
1 0.7719387755102041 0.21717171717171718 0.012244897959183673 0.0007215007215007215
1 0.6551020408163265 0.21717171717171718 0.012244897959183673 0.0007215007215007215
1 0.5571428571428572 0.21717171717171718 0.012244897959183673 0.0007215007215007215
1 0.5270408163265307 0.21717171717171718 0.012244897959183673 0.0007215007215007215
1 0.4969387755102041 0.21717171717171718 0.012244897959183673 0.0007215007215007215
1 0.4670918367346939 0.21717171717171718 0.01173469387755102 0.0007215007215007215
1 0.40408163265306124 0.21717171717171718 0.012244897959183673 0.0007215007215007215
1 0.3306122448979592 0.21717171717171718 0.012244897959183673 0.0007215007215007215
1 0.8321428571428572 0.27380952380952384 0.012244897959183673 0.0007215007215007215
1 0.8020408163265306 0.27380952380952384 0.012244897959183673 0.0007215007215007215
1 0.7719387755102041 0.27380952380952384 0.012244897959183673 0.0007215007215007215
1 0.7071428571428572 0.27380952380952384 0.012244897959183673 0.0007215007215007215
1 0.5290816326530612 0.27380952380952384 0.018367346938775512 0.0007215007215007215
134 0.4997448979591837 0.2916666666666667 0.9045918367346939 0.024170274170274172
41 0.6589285714285714 0.20797258297258298 0.0005102040816326531 0.01479076479076479
41 0.7033163265306123 0.2509018759018759 0.0005102040816326531 0.015512265512265512
41 0.710969387755102 0.21933621933621933 0.0005102040816326531 0.015873015873015872
26 0.7071428571428572 0.27074314574314573 0.00816326530612245 0.005411255411255411
28 0.7091836734693877 0.24116161616161616 0.012244897959183673 0.006132756132756133
24 0.7071428571428572 0.22925685425685427 0.00816326530612245 0.005411255411255411
6 0.5081632653061224 0.2916666666666667 0.017346938775510204 0.0183982683982684
61 0.7311224489795919 0.2763347763347763 0.006122448979591836 0.015873015873015872
41 0.7380102040816326 0.28445165945165946 0.0005102040816326531 0.011904761904761904
26 0.7418367346938776 0.2766955266955267 0.00816326530612245 0.005772005772005772
41 0.7033163265306123 0.2815656565656566 0.0005102040816326531 0.01984126984126984
59 0.6959183673469388 0.23917748917748918 0.007142857142857143 0.012987012987012988
41 0.5232142857142857 0.2821067821067821 0.0005102040816326531 0.01875901875901876
41 0.5609693877551021 0.20869408369408368 0.0005102040816326531 0.013347763347763348
24 0.5571428571428572 0.21717171717171718 0.00816326530612245 0.005772005772005772
41 0.5232142857142857 0.23755411255411255 0.0005102040816326531 0.0183982683982684
41 0.5308673469387755 0.20544733044733043 0.0005102040816326531 0.01406926406926407
121 0.15459183673469387 0.21626984126984128 0.03571428571428571 0.006132756132756133
61 0.6252551020408164 0.22005772005772006 0.005612244897959183 0.015873015873015872
41 0.6395408163265306 0.2104978354978355 0.0005102040816326531 0.015512265512265512
26 0.6357142857142857 0.22023809523809523 0.00816326530612245 0.005411255411255411
59 0.5956632653061225 0.21825396825396826 0.007653061224489796 0.012987012987012988
24 0.6551020408163265 0.21717171717171718 0.00816326530612245 0.005772005772005772
41 0.6107142857142858 0.21085858585858586 0.0010204081632653062 0.016955266955266956
26 0.6071428571428571 0.22023809523809523 0.00816326530612245 0.005411255411255411
41 0.5803571428571429 0.21031746031746032 0.0005102040816326531 0.015873015873015872
26 0.576530612244898 0.22023809523809523 0.00816326530612245 0.005411255411255411
41 0.9232142857142858 0.29148629148629146 0.0005102040816326531 0.013708513708513708
26 0.9270408163265306 0.28264790764790765 0.00816326530612245 0.005411255411255411
41 0.8931122448979592 0.2886002886002886 0.0005102040816326531 0.013708513708513708
41 0.8931122448979592 0.24062049062049062 0.0005102040816326531 0.01875901875901876
41 0.900765306122449 0.20616883116883117 0.0005102040816326531 0.013347763347763348
24 0.8969387755102041 0.27976190476190477 0.00816326530612245 0.005411255411255411
121 0.1816326530612245 0.2987012987012987 0.10510204081632653 0.0021645021645021645
121 0.2875 0.20887445887445888 0.031122448979591835 0.006493506493506494
121 0.31045918367346936 0.3060966810966811 0.0923469387755102 0.006854256854256854
122 0.3678571428571429 0.20923520923520925 0.06020408163265306 0.004329004329004329
121 0.45433673469387753 0.20057720057720058 0.0923469387755102 0.0021645021645021645
122 0.5125 0.20995670995670995 0.01683673469387755 0.002886002886002886
121 0.5556122448979591 0.2003968253968254 0.04897959183673469 0.006132756132756133
121 0.5706632653061224 0.20634920634920634 0.018877551020408164 0.0036075036075036075
122 0.6191326530612244 0.26551226551226553 0.16377551020408163 0.004329004329004329
121 0.6346938775510204 0.20147907647907648 0.04795918367346939 0.003968253968253968
121 0.625 0.20652958152958154 0.02857142857142857 0.003246753246753247
121 0.750765306122449 0.2916666666666667 0.09438775510204081 0.0018037518037518038
24 0.8969387755102041 0.22925685425685427 0.00816326530612245 0.005411255411255411
121 0.8530612244897959 0.2032828282828283 0.03469387755102041 0.003968253968253968
121 0.875765306122449 0.2958152958152958 0.09438775510204081 0.007936507936507936
41 0.7982142857142858 0.2821067821067821 0.0005102040816326531 0.01875901875901876
41 0.835969387755102 0.2113997113997114 0.0005102040816326531 0.01443001443001443
24 0.8321428571428572 0.27380952380952384 0.00816326530612245 0.005772005772005772
86 0.8311224489795919 0.24458874458874458 0.007142857142857143 0.015151515151515152
26 0.8321428571428572 0.22023809523809523 0.00816326530612245 0.005411255411255411
26 0.8020408163265306 0.27074314574314573 0.00816326530612245 0.005411255411255411
41 0.7681122448979592 0.28354978354978355 0.0005102040816326531 0.015873015873015872
41 0.775765306122449 0.2002164502164502 0.0005102040816326531 0.012987012987012988
24 0.7719387755102041 0.27380952380952384 0.00816326530612245 0.005772005772005772
41 0.8704081632653061 0.20923520923520925 0.0010204081632653062 0.013708513708513708
26 0.8969387755102041 0.21428571428571427 0.00816326530612245 0.005772005772005772
41 0.8630102040816326 0.28679653679653677 0.0005102040816326531 0.015873015873015872
61 0.8561224489795919 0.21699134199134198 0.006122448979591836 0.015512265512265512
26 0.7719387755102041 0.20833333333333334 0.00816326530612245 0.005411255411255411
26 0.8668367346938776 0.2766955266955267 0.00816326530612245 0.005772005772005772
24 0.8668367346938776 0.21735209235209235 0.00816326530612245 0.005411255411255411
41 0.8283163265306123 0.28354978354978355 0.0005102040816326531 0.018037518037518036
41 0.23392857142857143 0.2898629148629149 0.0005102040816326531 0.017676767676767676
24 0.23775510204081632 0.27976190476190477 0.00816326530612245 0.005411255411255411
61 0.19285714285714287 0.2824675324675325 0.006122448979591836 0.015873015873015872
41 0.19974489795918368 0.2916666666666667 0.0005102040816326531 0.01406926406926407
41 0.20714285714285716 0.2124819624819625 0.0010204081632653062 0.013708513708513708
26 0.20357142857142857 0.28264790764790765 0.00816326530612245 0.005411255411255411
26 0.20357142857142857 0.22023809523809523 0.00816326530612245 0.005411255411255411
59 0.1576530612244898 0.28066378066378067 0.007142857142857143 0.012987012987012988
41 0.16505102040816327 0.29148629148629146 0.0005102040816326531 0.01443001443001443
24 0.29923469387755103 0.2857142857142857 0.007653061224489796 0.005772005772005772
26 0.29923469387755103 0.22023809523809523 0.007653061224489796 0.005411255411255411
30 0.5290816326530612 0.27074314574314573 0.012244897959183673 0.006132756132756133
41 0.2642857142857143 0.29365079365079366 0.0010204081632653062 0.01948051948051948
41 0.2642857142857143 0.24567099567099568 0.0010204081632653062 0.018037518037518036
41 0.27168367346938777 0.21933621933621933 0.0005102040816326531 0.015873015873015872
26 0.26785714285714285 0.28264790764790765 0.00816326530612245 0.005411255411255411
28 0.2698979591836735 0.2352092352092352 0.012244897959183673 0.005772005772005772
24 0.26785714285714285 0.22925685425685427 0.00816326530612245 0.005411255411255411
61 0.22729591836734694 0.2795815295815296 0.005612244897959183 0.015873015873015872
67 0.0875 0.29545454545454547 0.007653061224489796 0.012987012987012988
67 0.09566326530612244 0.28679653679653677 0.007653061224489796 0.012987012987012988
67 0.10357142857142858 0.2985209235209235 0.007142857142857143 0.013347763347763348
8 0.06505102040816327 0.2884199134199134 0.020918367346938777 0.015512265512265512
67 0.0875 0.23304473304473305 0.007653061224489796 0.012987012987012988
67 0.09566326530612244 0.22402597402597402 0.007653061224489796 0.012987012987012988
67 0.10357142857142858 0.2361111111111111 0.007142857142857143 0.013347763347763348
5 0.06505102040816327 0.23593073593073594 0.020918367346938777 0.03535353535353535
122 0.926530612244898 0.20941558441558442 0.044897959183673466 0.003968253968253968
0 0.04005102040816327 0.26334776334776333 0.008673469387755102 0.08008658008658008
41 0.17270408163265305 0.22113997113997114 0.0005102040816326531 0.012987012987012988
26 0.16887755102040816 0.28264790764790765 0.00816326530612245 0.005411255411255411
24 0.16887755102040816 0.22925685425685427 0.00816326530612245 0.005411255411255411
41 0.12908163265306122 0.2913059163059163 0.0010204081632653062 0.01479076479076479
41 0.12908163265306122 0.25072150072150073 0.0010204081632653062 0.015873015873015872
41 0.1364795918367347 0.22582972582972582 0.0005102040816326531 0.01443001443001443
26 0.1326530612244898 0.28264790764790765 0.00816326530612245 0.005411255411255411
28 0.1346938775510204 0.24116161616161616 0.012244897959183673 0.006132756132756133
24 0.1326530612244898 0.2352092352092352 0.00816326530612245 0.005772005772005772
41 0.435969387755102 0.20941558441558442 0.0005102040816326531 0.017676767676767676
26 0.43214285714285716 0.22023809523809523 0.00816326530612245 0.005411255411255411
41 0.4005102040816326 0.2996031746031746 0.0010204081632653062 0.01911976911976912
41 0.4005102040816326 0.24332611832611833 0.0010204081632653062 0.01911976911976912
41 0.47066326530612246 0.2833694083694084 0.0005102040816326531 0.01911976911976912
30 0.5290816326530612 0.2261904761904762 0.012244897959183673 0.005772005772005772
26 0.5270408163265307 0.21428571428571427 0.00816326530612245 0.005772005772005772
41 0.500765306122449 0.20652958152958154 0.0005102040816326531 0.011904761904761904
26 0.4969387755102041 0.21428571428571427 0.00816326530612245 0.005772005772005772
61 0.45637755102040817 0.21699134199134198 0.005612244897959183 0.016233766233766232
41 0.47066326530612246 0.20815295815295815 0.0005102040816326531 0.015151515151515152
26 0.46683673469387754 0.29455266955266957 0.00816326530612245 0.005411255411255411
24 0.46683673469387754 0.21735209235209235 0.00816326530612245 0.005411255411255411
41 0.3568877551020408 0.3008658008658009 0.0005102040816326531 0.01443001443001443
24 0.3607142857142857 0.2916666666666667 0.00816326530612245 0.005411255411255411
26 0.3306122448979592 0.21428571428571427 0.00816326530612245 0.005772005772005772
26 0.3306122448979592 0.2886002886002886 0.00816326530612245 0.005772005772005772
41 0.3267857142857143 0.2981601731601732 0.0005102040816326531 0.016955266955266956
41 0.33418367346938777 0.20652958152958154 0.0010204081632653062 0.01406926406926407
41 0.3028061224489796 0.21302308802308803 0.0005102040816326531 0.012626262626262626
41 0.4079081632653061 0.20634920634920634 0.0005102040816326531 0.011544011544011544
41 0.29566326530612247 0.29563492063492064 0.0005102040816326531 0.0183982683982684
26 0.40408163265306124 0.2886002886002886 0.00816326530612245 0.005772005772005772
30 0.4061224489795918 0.23232323232323232 0.012244897959183673 0.005772005772005772
26 0.40408163265306124 0.21428571428571427 0.00816326530612245 0.005772005772005772
134 0.4997448979591837 0.39664502164502163 0.9045918367346939 0.024170274170274172
1 0.36403061224489797 0.3787878787878788 0.01173469387755102 0.0007215007215007215
1 0.33214285714285713 0.3787878787878788 0.012244897959183673 0.0007215007215007215
1 0.3173469387755102 0.3787878787878788 0.012244897959183673 0.0007215007215007215
1 0.3028061224489796 0.3787878787878788 0.01173469387755102 0.0007215007215007215
1 0.2783163265306122 0.3787878787878788 0.012755102040816327 0.0007215007215007215
1 0.13520408163265307 0.3787878787878788 0.012244897959183673 0.0007215007215007215
134 0.4997448979591837 0.4531024531024531 0.9045918367346939 0.023809523809523808
1 0.7030612244897959 0.43506493506493504 0.012244897959183673 0.0007215007215007215
1 0.20484693877551022 0.43506493506493504 0.012755102040816327 0.0007215007215007215
41 0.664795918367347 0.3768037518037518 0.0010204081632653062 0.013347763347763348
41 0.6573979591836735 0.409992784992785 0.0005102040816326531 0.016955266955266956
86 0.6602040816326531 0.4505772005772006 0.007142857142857143 0.015151515151515152
59 0.6497448979591837 0.39754689754689754 0.007653061224489796 0.012987012987012988
26 0.6612244897959184 0.3995310245310245 0.00816326530612245 0.005411255411255411
24 0.6612244897959184 0.3847402597402597 0.00816326530612245 0.005411255411255411
59 0.7186224489795918 0.38852813852813856 0.007653061224489796 0.012987012987012988
41 0.6436224489795919 0.37445887445887444 0.0005102040816326531 0.010101010101010102
26 0.6400510204081633 0.38167388167388167 0.007653061224489796 0.005772005772005772
24 0.7030612244897959 0.4025974025974026 0.00816326530612245 0.005772005772005772
41 0.699234693877551 0.44642857142857145 0.0005102040816326531 0.01911976911976912
41 0.699234693877551 0.41179653679653677 0.0005102040816326531 0.016955266955266956
24 0.7301020408163266 0.3906926406926407 0.00816326530612245 0.005772005772005772
41 0.7068877551020408 0.3813131313131313 0.0005102040816326531 0.015151515151515152
24 0.7030612244897959 0.43524531024531027 0.00816326530612245 0.005411255411255411
41 0.7339285714285714 0.38185425685425683 0.0005102040816326531 0.015512265512265512
24 0.7030612244897959 0.3906926406926407 0.00816326530612245 0.005772005772005772
41 0.6859693877551021 0.3791486291486291 0.0005102040816326531 0.013708513708513708
26 0.6821428571428572 0.38762626262626265 0.00816326530612245 0.005411255411255411
41 0.5053571428571428 0.4556277056277056 0.0005102040816326531 0.012987012987012988
41 0.5719387755102041 0.37427849927849927 0.0010204081632653062 0.012626262626262626
41 0.5645408163265306 0.4074675324675325 0.0005102040816326531 0.017676767676767676
41 0.5645408163265306 0.4613997113997114 0.0005102040816326531 0.01875901875901876
41 0.5262755102040816 0.45761183261183264 0.0005102040816326531 0.011904761904761904
121 0.1663265306122449 0.4615800865800866 0.06938775510204082 0.009018759018759018
61 0.498469387755102 0.44696969696969696 0.006122448979591836 0.015873015873015872
26 0.5301020408163265 0.450036075036075 0.00816326530612245 0.005411255411255411
26 0.5683673469387756 0.38167388167388167 0.00816326530612245 0.005772005772005772
24 0.5683673469387756 0.39664502164502163 0.00816326530612245 0.005411255411255411
26 0.5683673469387756 0.450036075036075 0.00816326530612245 0.005411255411255411
61 0.5829081632653061 0.3874458874458874 0.005612244897959183 0.015873015873015872
24 0.6188775510204082 0.3847402597402597 0.00816326530612245 0.005411255411255411
26 0.6188775510204082 0.3995310245310245 0.00816326530612245 0.005411255411255411
86 0.6181122448979591 0.4503968253968254 0.007653061224489796 0.01479076479076479
41 0.622704081632653 0.37662337662337664 0.0005102040816326531 0.01443001443001443
41 0.6150510204081633 0.40945165945165946 0.0005102040816326531 0.018037518037518036
61 0.6084183673469388 0.39935064935064934 0.005612244897959183 0.015873015873015872
41 0.5971938775510204 0.37752525252525254 0.0005102040816326531 0.016233766233766232
26 0.5936224489795918 0.38762626262626265 0.007653061224489796 0.005411255411255411
59 0.5568877551020408 0.44805194805194803 0.007653061224489796 0.012987012987012988
41 0.9089285714285714 0.4531024531024531 0.0005102040816326531 0.01443001443001443
26 0.9051020408163265 0.3935786435786436 0.00816326530612245 0.005772005772005772
26 0.9051020408163265 0.46194083694083693 0.00816326530612245 0.005411255411255411
41 0.9012755102040816 0.4045815295815296 0.0005102040816326531 0.01984126984126984
26 0.9321428571428572 0.46194083694083693 0.00816326530612245 0.005411255411255411
41 0.9357142857142857 0.4536435786435786 0.0010204081632653062 0.01479076479076479
41 0.8665816326530612 0.44823232323232326 0.0005102040816326531 0.011183261183261184
24 0.8630102040816326 0.4025974025974026 0.007653061224489796 0.005772005772005772
26 0.8627551020408163 0.455988455988456 0.00816326530612245 0.005772005772005772
41 0.8591836734693877 0.41179653679653677 0.0010204081632653062 0.016955266955266956
61 0.852295918367347 0.4022366522366522 0.005612244897959183 0.015873015873015872
24 0.8841836734693878 0.45905483405483405 0.00816326530612245 0.005411255411255411
41 0.8877551020408163 0.4514790764790765 0.0010204081632653062 0.013347763347763348
122 0.5392857142857143 0.3768037518037518 0.04591836734693878 0.003968253968253968
121 0.9012755102040816 0.4440836940836941 0.06887755102040816 0.005772005772005772
121 0.8232142857142857 0.4244227994227994 0.020918367346938777 0.003968253968253968
121 0.8076530612244898 0.43524531024531027 0.0673469387755102 0.0018037518037518038
121 0.699234693877551 0.3717532467532468 0.06887755102040816 0.006132756132756133
121 0.6079081632653062 0.36796536796536794 0.07193877551020408 0.0021645021645021645
122 0.5135204081632653 0.4033189033189033 0.09438775510204081 0.004329004329004329
121 0.4928571428571429 0.46266233766233766 0.0673469387755102 0.006854256854256854
121 0.4767857142857143 0.37067099567099565 0.020918367346938777 0.003968253968253968
121 0.3989795918367347 0.461038961038961 0.07755102040816327 0.007936507936507936
121 0.30892857142857144 0.3596681096681097 0.05357142857142857 0.0021645021645021645
121 0.30892857142857144 0.36453823953823955 0.052551020408163264 0.0018037518037518038
121 0.2681122448979592 0.4615800865800866 0.0913265306122449 0.006854256854256854
121 0.2423469387755102 0.36796536796536794 0.025510204081632654 0.0021645021645021645
59 0.9206632653061224 0.45995670995670995 0.007653061224489796 0.012987012987012988
59 0.7586734693877552 0.4004329004329004 0.007142857142857143 0.012987012987012988
41 0.7737244897959183 0.4431818181818182 0.0005102040816326531 0.015512265512265512
24 0.7954081632653062 0.45905483405483405 0.00816326530612245 0.005411255411255411
41 0.7663265306122449 0.411976911976912 0.0010204081632653062 0.016594516594516596
24 0.7698979591836734 0.4531024531024531 0.00816326530612245 0.005772005772005772
24 0.7698979591836734 0.4025974025974026 0.00816326530612245 0.005772005772005772
32 0.7739795918367347 0.3906926406926407 0.0163265306122449 0.005772005772005772
41 0.8201530612244898 0.44462481962481964 0.0005102040816326531 0.0183982683982684
26 0.8377551020408164 0.41143578643578643 0.00816326530612245 0.005411255411255411
24 0.8377551020408164 0.4531024531024531 0.00816326530612245 0.005772005772005772
41 0.8339285714285715 0.41865079365079366 0.0005102040816326531 0.012626262626262626
41 0.8413265306122449 0.4439033189033189 0.0010204081632653062 0.016955266955266956
61 0.8058673469387755 0.4083694083694084 0.005612244897959183 0.015873015873015872
41 0.8127551020408164 0.4163059163059163 0.0010204081632653062 0.013708513708513708
26 0.8163265306122449 0.455988455988456 0.00816326530612245 0.005772005772005772
24 0.8165816326530613 0.40854978354978355 0.007653061224489796 0.005411255411255411
61 0.7849489795918367 0.4588744588744589 0.005612244897959183 0.015873015873015872
41 0.799234693877551 0.4467893217893218 0.0005102040816326531 0.022727272727272728
41 0.2221938775510204 0.4051226551226551 0.0005102040816326531 0.01875901875901876
59 0.2145408163265306 0.3796897546897547 0.007653061224489796 0.013347763347763348
41 0.2221938775510204 0.4494949494949495 0.0005102040816326531 0.01875901875901876
26 0.251530612244898 0.38167388167388167 0.00816326530612245 0.005772005772005772
24 0.251530612244898 0.4411976911976912 0.00816326530612245 0.005772005772005772
41 0.25510204081632654 0.37445887445887444 0.0010204081632653062 0.012987012987012988
61 0.1732142857142857 0.4379509379509379 0.005612244897959183 0.015873015873015872
24 0.20510204081632652 0.43524531024531027 0.00816326530612245 0.005411255411255411
41 0.20127551020408163 0.44696969696969696 0.0005102040816326531 0.021645021645021644
26 0.2260204081632653 0.38167388167388167 0.00816326530612245 0.005772005772005772
30 0.2280612244897959 0.3935786435786436 0.012244897959183673 0.005772005772005772
26 0.2260204081632653 0.43813131313131315 0.00816326530612245 0.005411255411255411
41 0.2298469387755102 0.37445887445887444 0.0005102040816326531 0.012987012987012988
59 0.26683673469387753 0.43903318903318905 0.007142857142857143 0.012987012987012988
24 0.3025510204081633 0.3787878787878788 0.00816326530612245 0.005772005772005772
41 0.30637755102040815 0.36886724386724384 0.0005102040816326531 0.017676767676767676
41 0.27448979591836736 0.45202020202020204 0.0010204081632653062 0.01948051948051948
61 0.29209183673469385 0.37842712842712845 0.005612244897959183 0.015873015873015872
26 0.3173469387755102 0.37572150072150073 0.00816326530612245 0.005411255411255411
24 0.3173469387755102 0.44715007215007213 0.00816326530612245 0.005411255411255411
61 0.24081632653061225 0.3813131313131313 0.006122448979591836 0.015873015873015872
41 0.24770408163265306 0.45111832611832614 0.0005102040816326531 0.0183982683982684
26 0.2783163265306122 0.37572150072150073 0.007653061224489796 0.005411255411255411
24 0.2780612244897959 0.4411976911976912 0.00816326530612245 0.005772005772005772
41 0.28188775510204084 0.36742424242424243 0.0005102040816326531 0.01479076479076479
67 0.0875 0.39466089466089466 0.007653061224489796 0.012987012987012988
67 0.09540816326530613 0.3856421356421356 0.007142857142857143 0.012987012987012988
67 0.10357142857142858 0.39754689754689754 0.007142857142857143 0.012987012987012988
6 0.0653061224489796 0.4531024531024531 0.02142857142857143 0.023088023088023088
67 0.0875 0.454004329004329 0.007653061224489796 0.013347763347763348
67 0.09540816326530613 0.44516594516594515 0.007142857142857143 0.012987012987012988
67 0.10357142857142858 0.45707070707070707 0.007142857142857143 0.012987012987012988
5 0.06505102040816327 0.3971861471861472 0.020918367346938777 0.03535353535353535
26 0.13520408163265307 0.37572150072150073 0.00816326530612245 0.005411255411255411
28 0.13724489795918368 0.3906926406926407 0.012244897959183673 0.005772005772005772
24 0.13520408163265307 0.44715007215007213 0.00816326530612245 0.005411255411255411
41 0.13903061224489796 0.36796536796536794 0.0005102040816326531 0.013708513708513708
0 0.04030612244897959 0.424963924963925 0.00816326530612245 0.08008658008658008
122 0.11913265306122449 0.3712121212121212 0.01989795918367347 0.002886002886002886
122 0.8665816326530612 0.3847402597402597 0.16479591836734694 0.00468975468975469
41 0.1548469387755102 0.4527417027417027 0.0005102040816326531 0.01948051948051948
26 0.18392857142857144 0.38762626262626265 0.007653061224489796 0.005411255411255411
26 0.18392857142857144 0.43813131313131315 0.007653061224489796 0.005411255411255411
41 0.1875 0.3787878787878788 0.0005102040816326531 0.015873015873015872
24 0.1586734693877551 0.4411976911976912 0.00816326530612245 0.005772005772005772
61 0.1732142857142857 0.3874458874458874 0.005612244897959183 0.015873015873015872
41 0.18010204081632653 0.4494949494949495 0.0010204081632653062 0.020923520923520924
41 0.13137755102040816 0.4015151515151515 0.0005102040816326531 0.01948051948051948
59 0.1239795918367347 0.38852813852813856 0.007142857142857143 0.012987012987012988
41 0.13137755102040816 0.45634920634920634 0.0005102040816326531 0.016594516594516596
61 0.12474489795918367 0.44696969696969696 0.005612244897959183 0.015873015873015872
61 0.40561224489795916 0.44083694083694086 0.006122448979591836 0.015873015873015872
26 0.4418367346938776 0.43813131313131315 0.00816326530612245 0.005411255411255411
41 0.43801020408163266 0.44841269841269843 0.0005102040816326531 0.01875901875901876
61 0.43112244897959184 0.4379509379509379 0.006122448979591836 0.015873015873015872
26 0.4627551020408163 0.38762626262626265 0.00816326530612245 0.005411255411255411
28 0.46479591836734696 0.39664502164502163 0.012244897959183673 0.006132756132756133
24 0.4627551020408163 0.4411976911976912 0.00816326530612245 0.005772005772005772
41 0.46658163265306124 0.3791486291486291 0.0005102040816326531 0.015151515151515152
24 0.4163265306122449 0.3906926406926407 0.00816326530612245 0.005772005772005772
24 0.39081632653061227 0.4411976911976912 0.00816326530612245 0.005772005772005772
41 0.38698979591836735 0.4518398268398268 0.0005102040816326531 0.01984126984126984
59 0.3795918367346939 0.43903318903318905 0.007142857142857143 0.012987012987012988
24 0.4163265306122449 0.4411976911976912 0.00816326530612245 0.005772005772005772
41 0.4201530612244898 0.3813131313131313 0.0005102040816326531 0.016594516594516596
41 0.4125 0.45075757575757575 0.0005102040816326531 0.017676767676767676
26 0.48367346938775513 0.4440836940836941 0.00816326530612245 0.005772005772005772
41 0.4875 0.37644300144300147 0.0005102040816326531 0.012626262626262626
41 0.4798469387755102 0.4532828282828283 0.0005102040816326531 0.016233766233766232
24 0.48367346938775513 0.3847402597402597 0.00816326530612245 0.005411255411255411
26 0.5091836734693878 0.38167388167388167 0.00816326530612245 0.005772005772005772
24 0.5091836734693878 0.44715007215007213 0.00816326530612245 0.005411255411255411
41 0.5130102040816327 0.3739177489177489 0.0005102040816326531 0.01406926406926407
61 0.4520408163265306 0.3874458874458874 0.006122448979591836 0.015873015873015872
41 0.4589285714285714 0.4071067821067821 0.0005102040816326531 0.0183982683982684
59 0.44362244897959185 0.39466089466089466 0.007653061224489796 0.012987012987012988
41 0.4589285714285714 0.4509379509379509 0.0005102040816326531 0.018037518037518036
41 0.3676020408163265 0.3703102453102453 0.0005102040816326531 0.012626262626262626
26 0.3637755102040816 0.450036075036075 0.00816326530612245 0.005411255411255411
28 0.36581632653061225 0.39664502164502163 0.012244897959183673 0.006132756132756133
24 0.3637755102040816 0.3787878787878788 0.00816326530612245 0.005772005772005772
41 0.35994897959183675 0.4071067821067821 0.0005102040816326531 0.0183982683982684
41 0.33596938775510204 0.3685064935064935 0.0005102040816326531 0.016955266955266956
24 0.33214285714285713 0.3787878787878788 0.00816326530612245 0.005772005772005772
41 0.3135204081632653 0.45580808080808083 0.0005102040816326531 0.015512265512265512
41 0.3211734693877551 0.36742424242424243 0.0005102040816326531 0.01479076479076479
41 0.35994897959183675 0.45725108225108224 0.0005102040816326531 0.012626262626262626
61 0.35331632653061223 0.39646464646464646 0.005612244897959183 0.015873015873015872
61 0.35331632653061223 0.37842712842712845 0.005612244897959183 0.015873015873015872
134 0.4989795918367347 0.5580808080808081 0.9030612244897959 0.023809523809523808
1 0.8660714285714286 0.54004329004329 0.012755102040816327 0.0007215007215007215
1 0.8170918367346939 0.54004329004329 0.012755102040816327 0.0007215007215007215
1 0.7803571428571429 0.54004329004329 0.012755102040816327 0.0007215007215007215
1 0.7803571428571429 0.575937950937951 0.012755102040816327 0.0010822510822510823
1 0.7540816326530613 0.54004329004329 0.012244897959183673 0.0007215007215007215
1 0.7385204081632653 0.5342712842712842 0.012755102040816327 0.0007215007215007215
1 0.7385204081632653 0.54004329004329 0.012755102040816327 0.0007215007215007215
1 0.7229591836734693 0.54004329004329 0.012244897959183673 0.0007215007215007215
1 0.7076530612244898 0.5342712842712842 0.012244897959183673 0.0007215007215007215
1 0.7076530612244898 0.54004329004329 0.012244897959183673 0.0007215007215007215
1 0.514795918367347 0.54004329004329 0.012244897959183673 0.0007215007215007215
1 0.4201530612244898 0.5342712842712842 0.012755102040816327 0.0007215007215007215
1 0.4201530612244898 0.54004329004329 0.012755102040816327 0.0007215007215007215
1 0.20816326530612245 0.54004329004329 0.012244897959183673 0.0007215007215007215
1 0.1778061224489796 0.54004329004329 0.01173469387755102 0.0007215007215007215
134 0.4997448979591837 0.6145382395382395 0.9045918367346939 0.024170274170274172
1 0.3676020408163265 0.6323953823953824 0.012755102040816327 0.0007215007215007215
1 0.3676020408163265 0.6383477633477633 0.012755102040816327 0.0010822510822510823
1 0.3676020408163265 0.6443001443001443 0.012755102040816327 0.0007215007215007215
1 0.3326530612244898 0.6323953823953824 0.012244897959183673 0.0007215007215007215
1 0.31045918367346936 0.6323953823953824 0.012755102040816327 0.0007215007215007215
1 0.2795918367346939 0.6323953823953824 0.012244897959183673 0.0007215007215007215
1 0.2795918367346939 0.6383477633477633 0.012244897959183673 0.0010822510822510823
1 0.2392857142857143 0.6323953823953824 0.012244897959183673 0.0007215007215007215
1 0.20816326530612245 0.6323953823953824 0.012244897959183673 0.0007215007215007215
24 0.7076530612244898 0.5342712842712842 0.00816326530612245 0.005772005772005772
41 0.6665816326530613 0.5447330447330447 0.0005102040816326531 0.016594516594516596
41 0.7576530612244898 0.5268759018759018 0.0010204081632653062 0.0183982683982684
24 0.7076530612244898 0.564033189033189 0.00816326530612245 0.005411255411255411
24 0.7076530612244898 0.6145382395382395 0.00816326530612245 0.005411255411255411
41 0.7114795918367347 0.525974025974026 0.0005102040816326531 0.01443001443001443
86 0.6619897959183674 0.6118326118326118 0.007653061224489796 0.015151515151515152
41 0.6813775510204082 0.5761183261183261 0.0005102040816326531 0.015151515151515152
26 0.685204081632653 0.5669191919191919 0.00816326530612245 0.005411255411255411
41 0.6591836734693878 0.577922077922078 0.0010204081632653062 0.013708513708513708
61 0.6522959183673469 0.5696248196248196 0.005612244897959183 0.015873015873015872
41 0.7346938775510204 0.577922077922078 0.0010204081632653062 0.013708513708513708
24 0.738265306122449 0.5342712842712842 0.00816326530612245 0.005772005772005772
24 0.738265306122449 0.56998556998557 0.00816326530612245 0.005772005772005772
41 0.7420918367346939 0.525974025974026 0.0005102040816326531 0.01443001443001443
26 0.7540816326530613 0.5371572871572872 0.00816326530612245 0.005772005772005772
41 0.510969387755102 0.6307720057720058 0.0005102040816326531 0.010461760461760462
41 0.7267857142857143 0.5270562770562771 0.0005102040816326531 0.016594516594516596
26 0.7229591836734693 0.5371572871572872 0.00816326530612245 0.005772005772005772
41 0.7038265306122449 0.6248196248196248 0.0005102040816326531 0.01875901875901876
41 0.7038265306122449 0.5743145743145743 0.0005102040816326531 0.01875901875901876
41 0.574234693877551 0.573953823953824 0.0005102040816326531 0.015873015873015872
61 0.5673469387755102 0.5487012987012987 0.006122448979591836 0.015873015873015872
41 0.574234693877551 0.6255411255411255 0.0005102040816326531 0.017316017316017316
121 0.16683673469387755 0.6443001443001443 0.07551020408163266 0.007936507936507936
26 0.539030612244898 0.6176046176046176 0.007653061224489796 0.005772005772005772
41 0.5354591836734693 0.6277056277056277 0.0005102040816326531 0.01875901875901876
26 0.5780612244897959 0.549062049062049 0.00816326530612245 0.005772005772005772
24 0.5780612244897959 0.564033189033189 0.00816326530612245 0.005411255411255411
28 0.5801020408163265 0.6145382395382395 0.012244897959183673 0.006132756132756133
41 0.5818877551020408 0.5395021645021645 0.0005102040816326531 0.017676767676767676
41 0.6186224489795918 0.5687229437229437 0.0005102040816326531 0.0183982683982684
41 0.6262755102040817 0.5358946608946609 0.0005102040816326531 0.010461760461760462
26 0.6428571428571429 0.549062049062049 0.00816326530612245 0.005772005772005772
41 0.6466836734693877 0.538961038961039 0.0005102040816326531 0.01875901875901876
26 0.6627551020408163 0.55501443001443 0.00816326530612245 0.005411255411255411
24 0.6002551020408163 0.5461760461760462 0.007653061224489796 0.005772005772005772
24 0.6627551020408163 0.56998556998557 0.00816326530612245 0.005772005772005772
41 0.6038265306122449 0.5378787878787878 0.0005102040816326531 0.01443001443001443
26 0.6224489795918368 0.5431096681096681 0.00816326530612245 0.005411255411255411
24 0.6224489795918368 0.5580808080808081 0.00816326530612245 0.005772005772005772
24 0.9107142857142857 0.5461760461760462 0.00816326530612245 0.005772005772005772
26 0.9107142857142857 0.6235569985569985 0.00816326530612245 0.005411255411255411
41 0.9145408163265306 0.5378787878787878 0.0005102040816326531 0.01443001443001443
41 0.9068877551020408 0.6302308802308803 0.0005102040816326531 0.011544011544011544
26 0.9329081632653061 0.549062049062049 0.007653061224489796 0.005772005772005772
24 0.9329081632653061 0.6204906204906205 0.007653061224489796 0.005772005772005772
41 0.9364795918367347 0.5404040404040404 0.0005102040816326531 0.015873015873015872
41 0.8622448979591837 0.5761183261183261 0.0010204081632653062 0.015151515151515152
41 0.8622448979591837 0.6349206349206349 0.0010204081632653062 0.01443001443001443
26 0.888265306122449 0.5431096681096681 0.00816326530612245 0.005411255411255411
41 0.8920918367346938 0.5353535353535354 0.0005102040816326531 0.013708513708513708
121 0.7344387755102041 0.5174963924963925 0.04642857142857143 0.0018037518037518038
121 0.7344387755102041 0.5223665223665224 0.04642857142857143 0.0021645021645021645
121 0.9178571428571428 0.6363636363636364 0.022448979591836733 0.0036075036075036075
121 0.9033163265306122 0.5281385281385281 0.06683673469387755 0.007936507936507936
121 0.826530612244898 0.5858585858585859 0.026530612244897958 0.0036075036075036075
121 0.8341836734693877 0.5261544011544012 0.026530612244897958 0.003968253968253968
121 0.6969387755102041 0.58495670995671 0.07551020408163266 0.0018037518037518038
121 0.614030612244898 0.5294011544011544 0.06479591836734694 0.0018037518037518038
121 0.500765306122449 0.6372655122655123 0.06887755102040816 0.0018037518037518038
121 0.41096938775510206 0.6075036075036075 0.07908163265306123 0.0021645021645021645
121 0.2897959183673469 0.613997113997114 0.09387755102040816 0.002886002886002886
121 0.26326530612244897 0.5741341991341992 0.05408163265306123 0.0018037518037518038
121 0.26352040816326533 0.579004329004329 0.055612244897959184 0.0021645021645021645
121 0.20433673469387756 0.5234487734487735 0.04642857142857143 0.0021645021645021645
121 0.20433673469387756 0.5281385281385281 0.044387755102040814 0.0021645021645021645
41 0.9293367346938776 0.6282467532467533 0.0005102040816326531 0.01406926406926407
41 0.8696428571428572 0.5319264069264069 0.0005102040816326531 0.012626262626262626
41 0.7767857142857143 0.6304112554112554 0.0005102040816326531 0.015512265512265512
24 0.8168367346938775 0.5402236652236653 0.00816326530612245 0.005411255411255411
26 0.8168367346938775 0.573051948051948 0.00816326530612245 0.005411255411255411
26 0.7803571428571429 0.5371572871572872 0.007653061224489796 0.005772005772005772
24 0.7803571428571429 0.575937950937951 0.007653061224489796 0.005411255411255411
24 0.7803571428571429 0.6204906204906205 0.007653061224489796 0.005772005772005772
41 0.7839285714285714 0.5294011544011544 0.0005102040816326531 0.01406926406926407
24 0.8168367346938775 0.6145382395382395 0.00816326530612245 0.005411255411255411
41 0.7767857142857143 0.5836940836940837 0.0005102040816326531 0.013708513708513708
41 0.8474489795918367 0.5348124098124099 0.0010204081632653062 0.01479076479076479
41 0.8400510204081633 0.5784632034632035 0.0005102040816326531 0.012626262626262626
24 0.8438775510204082 0.56998556998557 0.00816326530612245 0.005772005772005772
61 0.8331632653061225 0.5696248196248196 0.006122448979591836 0.015873015873015872
24 0.8658163265306122 0.5402236652236653 0.00816326530612245 0.005411255411255411
30 0.8678571428571429 0.5670995670995671 0.012244897959183673 0.005772005772005772
24 0.8658163265306122 0.6264430014430015 0.00816326530612245 0.005411255411255411
41 0.8206632653061224 0.5324675324675324 0.0005102040816326531 0.013708513708513708
41 0.813265306122449 0.5802669552669553 0.0010204081632653062 0.012626262626262626
41 0.813265306122449 0.6248196248196248 0.0010204081632653062 0.01875901875901876
26 0.8438775510204082 0.5431096681096681 0.00816326530612245 0.005411255411255411
26 0.2392857142857143 0.5431096681096681 0.00816326530612245 0.005411255411255411
24 0.2392857142857143 0.5580808080808081 0.00816326530612245 0.005772005772005772
26 0.2392857142857143 0.6354617604617605 0.00816326530612245 0.005411255411255411
41 0.24311224489795918 0.5353535353535354 0.0005102040816326531 0.013708513708513708
41 0.23545918367346938 0.5687229437229437 0.0005102040816326531 0.01984126984126984
41 0.24311224489795918 0.6246392496392497 0.0005102040816326531 0.01984126984126984
24 0.20816326530612245 0.5402236652236653 0.00816326530612245 0.005411255411255411
24 0.20816326530612245 0.6323953823953824 0.00816326530612245 0.005772005772005772
41 0.21198979591836734 0.5313852813852814 0.0005102040816326531 0.015873015873015872
41 0.2045918367346939 0.6403318903318903 0.0010204081632653062 0.013708513708513708
26 0.2239795918367347 0.5431096681096681 0.00816326530612245 0.005411255411255411
41 0.22755102040816327 0.5328282828282829 0.0010204081632653062 0.01875901875901876
41 0.28341836734693876 0.6255411255411255 0.0005102040816326531 0.022366522366522368
26 0.29489795918367345 0.560966810966811 0.00816326530612245 0.005772005772005772
41 0.2910714285714286 0.5703463203463204 0.0005102040816326531 0.016594516594516596
26 0.31045918367346936 0.5431096681096681 0.007653061224489796 0.005411255411255411
26 0.31045918367346936 0.560966810966811 0.007653061224489796 0.005772005772005772
26 0.31045918367346936 0.6354617604617605 0.007653061224489796 0.005411255411255411
41 0.314030612244898 0.5353535353535354 0.0005102040816326531 0.013708513708513708
26 0.2642857142857143 0.5611471861471862 0.00816326530612245 0.005411255411255411
41 0.2604591836734694 0.5703463203463204 0.0005102040816326531 0.016594516594516596
61 0.25357142857142856 0.5607864357864358 0.006122448979591836 0.015512265512265512
24 0.2795918367346939 0.5580808080808081 0.00816326530612245 0.005772005772005772
24 0.2795918367346939 0.6383477633477633 0.00816326530612245 0.005411255411255411
41 0.275765306122449 0.5687229437229437 0.0005102040816326531 0.01984126984126984
67 0.0875 0.5559163059163059 0.007653061224489796 0.012987012987012988
67 0.09540816326530613 0.5472582972582972 0.007142857142857143 0.012987012987012988
67 0.10357142857142858 0.558982683982684 0.007142857142857143 0.013347763347763348
6 0.0653061224489796 0.6145382395382395 0.02142857142857143 0.023448773448773448
67 0.0875 0.6154401154401155 0.007653061224489796 0.012987012987012988
67 0.09566326530612244 0.6064213564213564 0.007653061224489796 0.012987012987012988
67 0.10357142857142858 0.6183261183261183 0.007142857142857143 0.012987012987012988
5 0.06505102040816327 0.5588023088023089 0.020918367346938777 0.03535353535353535
24 0.1326530612244898 0.5521284271284271 0.00816326530612245 0.005411255411255411
28 0.1346938775510204 0.5580808080808081 0.012244897959183673 0.005772005772005772
26 0.1326530612244898 0.6235569985569985 0.00816326530612245 0.005411255411255411
41 0.1364795918367347 0.5427489177489178 0.0005102040816326531 0.016955266955266956
0 0.04030612244897959 0.5862193362193362 0.00816326530612245 0.08008658008658008
122 0.11785714285714285 0.549062049062049 0.017346938775510204 0.002886002886002886
122 0.9127551020408163 0.5721500721500722 0.07244897959183673 0.004329004329004329
24 0.17755102040816326 0.5402236652236653 0.00816326530612245 0.005411255411255411
26 0.17755102040816326 0.6295093795093795 0.00816326530612245 0.005772005772005772
41 0.18137755102040817 0.5313852813852814 0.0005102040816326531 0.015873015873015872
61 0.16683673469387755 0.54004329004329 0.006122448979591836 0.015873015873015872
41 0.17372448979591837 0.6374458874458875 0.0005102040816326531 0.01443001443001443
26 0.19285714285714287 0.5431096681096681 0.00816326530612245 0.005411255411255411
41 0.19668367346938775 0.5328282828282829 0.0005102040816326531 0.01875901875901876
41 0.12908163265306122 0.5685425685425686 0.0010204081632653062 0.01875901875901876
41 0.12908163265306122 0.6329365079365079 0.0010204081632653062 0.016955266955266956
24 0.15510204081632653 0.6264430014430015 0.00816326530612245 0.005411255411255411
41 0.15127551020408164 0.63510101010101 0.0005102040816326531 0.015512265512265512
41 0.45076530612244897 0.6147186147186147 0.0005102040816326531 0.01443001443001443
41 0.42372448979591837 0.6143578643578643 0.0005102040816326531 0.013708513708513708
59 0.4089285714285714 0.6215728715728716 0.007653061224489796 0.012987012987012988
26 0.44693877551020406 0.6235569985569985 0.00816326530612245 0.005411255411255411
61 0.4362244897959184 0.6233766233766234 0.006122448979591836 0.015873015873015872
26 0.4698979591836735 0.5431096681096681 0.00816326530612245 0.005411255411255411
86 0.4691326530612245 0.5672799422799423 0.007653061224489796 0.01479076479076479
41 0.42372448979591837 0.5229076479076479 0.0005102040816326531 0.012626262626262626
41 0.39566326530612245 0.6145382395382395 0.0005102040816326531 0.01406926406926407
26 0.4201530612244898 0.5312049062049062 0.007653061224489796 0.005411255411255411
86 0.4193877551020408 0.5672799422799423 0.007142857142857143 0.01479076479076479
26 0.4201530612244898 0.6235569985569985 0.007653061224489796 0.005411255411255411
26 0.4698979591836735 0.6176046176046176 0.00816326530612245 0.005772005772005772
26 0.514795918367347 0.5371572871572872 0.00816326530612245 0.005772005772005772
24 0.514795918367347 0.5521284271284271 0.00816326530612245 0.005411255411255411
26 0.514795918367347 0.6235569985569985 0.00816326530612245 0.005411255411255411
41 0.5186224489795919 0.5294011544011544 0.0005102040816326531 0.01406926406926407
41 0.510969387755102 0.562950937950938 0.0005102040816326531 0.01984126984126984
59 0.5033163265306122 0.5501443001443002 0.007653061224489796 0.012987012987012988
41 0.47372448979591836 0.5353535353535354 0.0005102040816326531 0.013708513708513708
41 0.4663265306122449 0.6277056277056277 0.0010204081632653062 0.01875901875901876
26 0.4943877551020408 0.6114718614718615 0.00816326530612245 0.005772005772005772
41 0.49056122448979594 0.6248196248196248 0.0005102040816326531 0.024531024531024532
41 0.3711734693877551 0.5348124098124099 0.0005102040816326531 0.012626262626262626
41 0.314030612244898 0.6242784992784993 0.0005102040816326531 0.020562770562770564
41 0.3637755102040816 0.5734126984126984 0.0010204081632653062 0.016955266955266956
26 0.39183673469387753 0.6235569985569985 0.00816326530612245 0.005411255411255411
24 0.3673469387755102 0.6443001443001443 0.00816326530612245 0.005772005772005772
24 0.3673469387755102 0.564033189033189 0.00816326530612245 0.005411255411255411
26 0.3676020408163265 0.5431096681096681 0.007653061224489796 0.005411255411255411
41 0.3364795918367347 0.6221139971139971 0.0005102040816326531 0.016955266955266956
24 0.3326530612244898 0.6323953823953824 0.00816326530612245 0.005772005772005772
59 0.29923469387755103 0.5411255411255411 0.007653061224489796 0.012987012987012988
41 0.3068877551020408 0.5708874458874459 0.0005102040816326531 0.017676767676767676
41 0.3711734693877551 0.6255411255411255 0.0005102040816326531 0.03607503607503607
134 0.4997448979591837 0.7195165945165946 0.9045918367346939 0.024170274170274172
1 0.9341836734693878 0.7938311688311688 0.012244897959183673 0.0010822510822510823
1 0.934438775510204 0.7997835497835498 0.01173469387755102 0.0007215007215007215
1 0.9107142857142857 0.7938311688311688 0.012244897959183673 0.0010822510822510823
1 0.8918367346938776 0.7938311688311688 0.012244897959183673 0.0010822510822510823
1 0.8329081632653061 0.7938311688311688 0.012755102040816327 0.0010822510822510823
1 0.7311224489795919 0.7938311688311688 0.012244897959183673 0.0010822510822510823
1 0.6931122448979592 0.7938311688311688 0.012755102040816327 0.0010822510822510823
1 0.5706632653061224 0.7938311688311688 0.012755102040816327 0.0010822510822510823
134 0.4997448979591837 0.775974025974026 0.9045918367346939 0.023809523809523808
1 0.5428571428571428 0.7373737373737373 0.012244897959183673 0.0007215007215007215
1 0.4954081632653061 0.7373737373737373 0.012244897959183673 0.0007215007215007215
1 0.3227040816326531 0.7373737373737373 0.012755102040816327 0.0007215007215007215
1 0.2923469387755102 0.7016594516594516 0.012244897959183673 0.0007215007215007215
1 0.2923469387755102 0.7373737373737373 0.012244897959183673 0.0007215007215007215
1 0.24693877551020407 0.7016594516594516 0.012244897959183673 0.0007215007215007215
1 0.20892857142857144 0.7016594516594516 0.012755102040816327 0.0007215007215007215
41 0.6778061224489796 0.770021645021645 0.0005102040816326531 0.01406926406926407
61 0.6438775510204081 0.7817460317460317 0.006122448979591836 0.015873015873015872
41 0.6778061224489796 0.7052669552669553 0.0005102040816326531 0.012987012987012988
26 0.6739795918367347 0.7790404040404041 0.00816326530612245 0.005411255411255411
24 0.6739795918367347 0.7135642135642135 0.00816326530612245 0.005772005772005772
41 0.6579081632653061 0.772005772005772 0.0005102040816326531 0.015873015873015872
41 0.6579081632653061 0.7027417027417028 0.0005102040816326531 0.011544011544011544
41 0.6591836734693878 0.7938311688311688 0.0010204081632653062 0.015512265512265512
24 0.6543367346938775 0.7819264069264069 0.007653061224489796 0.005411255411255411
26 0.6627551020408163 0.784992784992785 0.00816326530612245 0.005772005772005772
26 0.6543367346938775 0.7104978354978355 0.007653061224489796 0.005411255411255411
26 0.7311224489795919 0.7164502164502164 0.00816326530612245 0.005772005772005772
24 0.7311224489795919 0.7938311688311688 0.00816326530612245 0.005411255411255411
41 0.7349489795918367 0.7086940836940837 0.0005102040816326531 0.01406926406926407
41 0.727295918367347 0.8015873015873016 0.0005102040816326531 0.013708513708513708
24 0.7545918367346939 0.7195165945165946 0.00816326530612245 0.005411255411255411
26 0.7545918367346939 0.790945165945166 0.00816326530612245 0.005411255411255411
41 0.7584183673469388 0.7106782106782107 0.0005102040816326531 0.015873015873015872
26 0.6931122448979592 0.7104978354978355 0.007653061224489796 0.005411255411255411
26 0.6931122448979592 0.7968975468975469 0.007653061224489796 0.005772005772005772
28 0.6951530612244898 0.775974025974026 0.01173469387755102 0.005772005772005772
41 0.6966836734693878 0.7032828282828283 0.0005102040816326531 0.012626262626262626
41 0.6966836734693878 0.786075036075036 0.0005102040816326531 0.01948051948051948
41 0.700765306122449 0.7653318903318903 0.0005102040816326531 0.0183982683982684
24 0.7122448979591837 0.7135642135642135 0.00816326530612245 0.005772005772005772
41 0.7160714285714286 0.7063492063492064 0.0005102040816326531 0.012987012987012988
26 0.5706632653061224 0.7790404040404041 0.007653061224489796 0.005411255411255411
24 0.5568877551020408 0.7076118326118326 0.007653061224489796 0.005411255411255411
41 0.5604591836734694 0.6982323232323232 0.0005102040816326531 0.016955266955266956
24 0.5706632653061224 0.7076118326118326 0.007653061224489796 0.005411255411255411
24 0.5706632653061224 0.7938311688311688 0.007653061224489796 0.005411255411255411
41 0.574234693877551 0.6993145743145743 0.0005102040816326531 0.01479076479076479
41 0.5670918367346939 0.8015873015873016 0.0005102040816326531 0.013708513708513708
41 0.574234693877551 0.7694805194805194 0.0005102040816326531 0.017316017316017316
24 0.5428571428571428 0.7373737373737373 0.00816326530612245 0.005772005772005772
121 0.1653061224489796 0.6931818181818182 0.05714285714285714 0.006854256854256854
24 0.5290816326530612 0.7076118326118326 0.00816326530612245 0.005411255411255411
41 0.5329081632653061 0.6982323232323232 0.0005102040816326531 0.016955266955266956
26 0.5428571428571428 0.7045454545454546 0.00816326530612245 0.005772005772005772
41 0.5466836734693877 0.6967893217893217 0.0005102040816326531 0.01406926406926407
41 0.5392857142857143 0.7467532467532467 0.0010204081632653062 0.016594516594516596
41 0.6278061224489796 0.7734487734487735 0.0005102040816326531 0.01875901875901876
41 0.6204081632653061 0.7987012987012987 0.0010204081632653062 0.013708513708513708
61 0.5599489795918368 0.7786796536796536 0.005612244897959183 0.015512265512265512
24 0.5938775510204082 0.7819264069264069 0.00816326530612245 0.005411255411255411
41 0.5977040816326531 0.7718253968253969 0.0005102040816326531 0.0183982683982684
61 0.5834183673469387 0.7817460317460317 0.005612244897959183 0.015873015873015872
24 0.6239795918367347 0.7076118326118326 0.00816326530612245 0.005411255411255411
26 0.6239795918367347 0.790945165945166 0.00816326530612245 0.005411255411255411
26 0.6239795918367347 0.784992784992785 0.00816326530612245 0.005772005772005772
41 0.6278061224489796 0.6993145743145743 0.0005102040816326531 0.01479076479076479
41 0.9145408163265306 0.7626262626262627 0.0005102040816326531 0.016594516594516596
41 0.9145408163265306 0.7171717171717171 0.0005102040816326531 0.01875901875901876
41 0.9145408163265306 0.7882395382395382 0.0005102040816326531 0.013708513708513708
26 0.9107142857142857 0.773088023088023 0.00816326530612245 0.005772005772005772
24 0.9341836734693878 0.7997835497835498 0.00816326530612245 0.005772005772005772
41 0.9380102040816326 0.79004329004329 0.0005102040816326531 0.018037518037518036
41 0.8762755102040817 0.7839105339105339 0.0005102040816326531 0.00937950937950938
41 0.8762755102040817 0.76497113997114 0.0005102040816326531 0.017676767676767676
24 0.8918367346938776 0.7938311688311688 0.00816326530612245 0.005411255411255411
41 0.8956632653061225 0.786976911976912 0.0005102040816326531 0.011904761904761904
26 0.9107142857142857 0.7285353535353535 0.00816326530612245 0.005411255411255411
26 0.9107142857142857 0.7968975468975469 0.00816326530612245 0.005772005772005772
121 0.7275510204081632 0.6998556998556998 0.061224489795918366 0.007936507936507936
121 0.6678571428571428 0.7635281385281385 0.019387755102040816 0.003246753246753247
121 0.6678571428571428 0.6976911976911977 0.019387755102040816 0.0036075036075036075
122 0.6002551020408163 0.7011183261183261 0.044387755102040814 0.003968253968253968
121 0.5548469387755102 0.7577561327561327 0.08622448979591837 0.009018759018759018
121 0.5400510204081632 0.6884920634920635 0.0413265306122449 0.0018037518037518038
121 0.5403061224489796 0.6933621933621934 0.04081632653061224 0.0021645021645021645
121 0.4818877551020408 0.7514430014430015 0.018877551020408164 0.0036075036075036075
121 0.4895408163265306 0.6976911976911977 0.018877551020408164 0.0036075036075036075
122 0.7428571428571429 0.7826479076479076 0.09183673469387756 0.003968253968253968
121 0.4045918367346939 0.801948051948052 0.019387755102040816 0.0036075036075036075
122 0.4020408163265306 0.7380952380952381 0.07448979591836735 0.004329004329004329
121 0.3931122448979592 0.6931818181818182 0.05663265306122449 0.006854256854256854
121 0.32831632653061227 0.7514430014430015 0.018877551020408164 0.0036075036075036075
121 0.33596938775510204 0.6917388167388168 0.018877551020408164 0.003968253968253968
122 0.2724489795918367 0.6951659451659452 0.036734693877551024 0.0036075036075036075
121 0.23265306122448978 0.7481962481962482 0.05510204081632653 0.0021645021645021645
121 0.2221938775510204 0.6875901875901876 0.018877551020408164 0.0036075036075036075
61 0.9237244897959184 0.7994227994227994 0.005612244897959183 0.015873015873015872
121 0.9071428571428571 0.7799422799422799 0.061224489795918366 0.0036075036075036075
121 0.8183673469387756 0.8088023088023089 0.06326530612244897 0.0021645021645021645
121 0.7392857142857143 0.8079004329004329 0.02346938775510204 0.003968253968253968
61 0.7798469387755103 0.7222222222222222 0.005612244897959183 0.015873015873015872
41 0.7864795918367347 0.7988816738816739 0.0005102040816326531 0.01911976911976912
41 0.7941326530612245 0.7651515151515151 0.0005102040816326531 0.018037518037518036
26 0.7903061224489796 0.7225829725829725 0.00816326530612245 0.005772005772005772
41 0.750765306122449 0.7992424242424242 0.0005102040816326531 0.01479076479076479
61 0.7441326530612244 0.7907647907647908 0.005612244897959183 0.015873015873015872
24 0.7903061224489796 0.7878787878787878 0.00816326530612245 0.005772005772005772
24 0.7903061224489796 0.775974025974026 0.00816326530612245 0.005772005772005772
41 0.7941326530612245 0.7115800865800865 0.0005102040816326531 0.01984126984126984
41 0.8502551020408163 0.799062049062049 0.0005102040816326531 0.01875901875901876
41 0.8364795918367347 0.7674963924963925 0.0005102040816326531 0.0183982683982684
61 0.8221938775510204 0.7786796536796536 0.005612244897959183 0.015512265512265512
24 0.8540816326530613 0.7878787878787878 0.00816326530612245 0.005772005772005772
24 0.872704081632653 0.7254689754689755 0.007653061224489796 0.005772005772005772
26 0.872704081632653 0.790945165945166 0.007653061224489796 0.005411255411255411
24 0.872704081632653 0.775974025974026 0.007653061224489796 0.005772005772005772
41 0.8762755102040817 0.7148268398268398 0.0005102040816326531 0.01984126984126984
26 0.8326530612244898 0.7790404040404041 0.00816326530612245 0.005411255411255411
26 0.809438775510204 0.790945165945166 0.007653061224489796 0.005411255411255411
41 0.8058673469387755 0.8001443001443002 0.0005102040816326531 0.016594516594516596
26 0.8329081632653061 0.7225829725829725 0.007653061224489796 0.005772005772005772
24 0.8329081632653061 0.7938311688311688 0.007653061224489796 0.005411255411255411
41 0.8364795918367347 0.7115800865800865 0.0005102040816326531 0.01984126984126984
59 0.8214285714285714 0.7204184704184704 0.007142857142857143 0.012987012987012988
41 0.8290816326530612 0.8015873015873016 0.0010204081632653062 0.013708513708513708
24 0.24693877551020407 0.7016594516594516 0.00816326530612245 0.005772005772005772
26 0.24693877551020407 0.7285353535353535 0.00816326530612245 0.005411255411255411
26 0.24693877551020407 0.7790404040404041 0.00816326530612245 0.005411255411255411
41 0.25076530612244896 0.6937229437229437 0.0005102040816326531 0.013708513708513708
41 0.24311224489795918 0.7388167388167388 0.0005102040816326531 0.01875901875901876
41 0.24311224489795918 0.7887806637806638 0.0005102040816326531 0.017676767676767676
26 0.26403061224489793 0.7344877344877345 0.007653061224489796 0.005772005772005772
41 0.2602040816326531 0.7417027417027418 0.0010204081632653062 0.012987012987012988
41 0.23188775510204082 0.6958874458874459 0.0005102040816326531 0.01443001443001443
26 0.2280612244897959 0.7045454545454546 0.00816326530612245 0.005772005772005772
24 0.2280612244897959 0.7314213564213564 0.00816326530612245 0.005411255411255411
41 0.22423469387755102 0.7402597402597403 0.0005102040816326531 0.015873015873015872
26 0.3227040816326531 0.7045454545454546 0.007653061224489796 0.005772005772005772
24 0.3227040816326531 0.7373737373737373 0.007653061224489796 0.005772005772005772
26 0.3227040816326531 0.7790404040404041 0.007653061224489796 0.005411255411255411
41 0.32627551020408163 0.6975108225108225 0.0005102040816326531 0.012626262626262626
24 0.2923469387755102 0.7016594516594516 0.00816326530612245 0.005772005772005772
26 0.2923469387755102 0.7404401154401155 0.00816326530612245 0.005411255411255411
26 0.2923469387755102 0.784992784992785 0.00816326530612245 0.005772005772005772
41 0.29617346938775513 0.6937229437229437 0.0005102040816326531 0.013708513708513708
41 0.28877551020408165 0.7481962481962482 0.0010204081632653062 0.013708513708513708
41 0.28877551020408165 0.7936507936507936 0.0010204081632653062 0.015873015873015872
26 0.1326530612244898 0.7285353535353535 0.00816326530612245 0.005411255411255411
6 0.0653061224489796 0.775974025974026 0.02142857142857143 0.023088023088023088
67 0.0875 0.7768759018759018 0.007653061224489796 0.013347763347763348
67 0.09540816326530613 0.7680375180375181 0.007142857142857143 0.012987012987012988
67 0.10357142857142858 0.7799422799422799 0.007142857142857143 0.012987012987012988
24 0.1326530612244898 0.7135642135642135 0.00816326530612245 0.005772005772005772
30 0.1346938775510204 0.7790404040404041 0.012244897959183673 0.006132756132756133
41 0.1364795918367347 0.7043650793650794 0.0005102040816326531 0.016955266955266956
41 0.12908163265306122 0.7373737373737373 0.0010204081632653062 0.015873015873015872
122 0.11734693877551021 0.7328643578643579 0.0163265306122449 0.0025252525252525255
0 0.04030612244897959 0.7478354978354979 0.00816326530612245 0.08008658008658008
122 0.9334183673469387 0.7224025974025974 0.031122448979591835 0.003246753246753247
5 0.06505102040816327 0.7200577200577201 0.020918367346938777 0.03535353535353535
67 0.0875 0.7175324675324676 0.007653061224489796 0.012987012987012988
67 0.09540816326530613 0.7085137085137085 0.007142857142857143 0.012987012987012988
67 0.10357142857142858 0.7204184704184704 0.007142857142857143 0.012987012987012988
24 0.20892857142857144 0.7016594516594516 0.007653061224489796 0.005772005772005772
26 0.18979591836734694 0.7045454545454546 0.00816326530612245 0.005772005772005772
41 0.19362244897959183 0.6975108225108225 0.0005102040816326531 0.012626262626262626
26 0.20892857142857144 0.7344877344877345 0.007653061224489796 0.005772005772005772
86 0.20816326530612245 0.7734487734487735 0.007142857142857143 0.015151515151515152
41 0.2125 0.6937229437229437 0.0005102040816326531 0.013708513708513708
41 0.20535714285714285 0.7417027417027418 0.0005102040816326531 0.012987012987012988
41 0.12908163265306122 0.788961038961039 0.0010204081632653062 0.017316017316017316
26 0.1520408163265306 0.7104978354978355 0.00816326530612245 0.005411255411255411
41 0.1556122448979592 0.7018398268398268 0.0010204081632653062 0.015512265512265512
24 0.17091836734693877 0.7076118326118326 0.00816326530612245 0.005411255411255411
26 0.17091836734693877 0.7224025974025974 0.00816326530612245 0.005411255411255411
41 0.1747448979591837 0.6996753246753247 0.0005102040816326531 0.01406926406926407
41 0.16709183673469388 0.7323232323232324 0.0005102040816326531 0.018037518037518036
41 0.4431122448979592 0.7920274170274171 0.0005102040816326531 0.015512265512265512
24 0.47627551020408165 0.7135642135642135 0.007653061224489796 0.005772005772005772
26 0.44693877551020406 0.7166305916305916 0.00816326530612245 0.005411255411255411
41 0.41403061224489796 0.7938311688311688 0.0005102040816326531 0.01406926406926407
41 0.3191326530612245 0.7453102453102453 0.0005102040816326531 0.013708513708513708
26 0.47627551020408165 0.7344877344877345 0.007653061224489796 0.005772005772005772
24 0.44693877551020406 0.7314213564213564 0.00816326530612245 0.005411255411255411
28 0.4487244897959184 0.7821067821067821 0.01173469387755102 0.005772005772005772
41 0.45051020408163267 0.7067099567099567 0.0010204081632653062 0.018037518037518036
41 0.4431122448979592 0.7397186147186147 0.0005102040816326531 0.01479076479076479
26 0.5153061224489796 0.7045454545454546 0.00816326530612245 0.005772005772005772
26 0.5153061224489796 0.7344877344877345 0.00816326530612245 0.005772005772005772
86 0.5145408163265306 0.7734487734487735 0.007653061224489796 0.015151515151515152
41 0.5191326530612245 0.6962481962481962 0.0005102040816326531 0.015151515151515152
41 0.5114795918367347 0.7445887445887446 0.0005102040816326531 0.01875901875901876
41 0.4798469387755102 0.7058080808080808 0.0005102040816326531 0.01406926406926407
41 0.47244897959183674 0.7427849927849928 0.0010204081632653062 0.015151515151515152
26 0.4954081632653061 0.7104978354978355 0.00816326530612245 0.005411255411255411
24 0.4954081632653061 0.7373737373737373 0.00816326530612245 0.005772005772005772
41 0.49923469387755104 0.7032828282828283 0.0005102040816326531 0.012626262626262626
41 0.4915816326530612 0.7453102453102453 0.0005102040816326531 0.013708513708513708
41 0.42168367346938773 0.7038239538239538 0.0005102040816326531 0.015873015873015872
41 0.3568877551020408 0.799062049062049 0.0005102040816326531 0.012987012987012988
41 0.3568877551020408 0.7402597402597403 0.0005102040816326531 0.013708513708513708
41 0.34566326530612246 0.6993145743145743 0.0005102040816326531 0.013347763347763348
26 0.34183673469387754 0.7344877344877345 0.00816326530612245 0.005772005772005772
24 0.34183673469387754 0.7076118326118326 0.00816326530612245 0.005411255411255411
24 0.3798469387755102 0.7076118326118326 0.007653061224489796 0.005411255411255411
41 0.3834183673469388 0.6996753246753247 0.0005102040816326531 0.01406926406926407
26 0.3607142857142857 0.790945165945166 0.00816326530612245 0.005411255411255411
41 0.3380102040816326 0.7427849927849928 0.0005102040816326531 0.015151515151515152
26 0.3607142857142857 0.7045454545454546 0.00816326530612245 0.005772005772005772
28 0.36275510204081635 0.7316017316017316 0.012244897959183673 0.005772005772005772
41 0.3645408163265306 0.6975108225108225 0.0005102040816326531 0.012626262626262626
41 0.3951530612244898 0.7963564213564214 0.0005102040816326531 0.012626262626262626
41 0.3191326530612245 0.7887806637806638 0.0005102040816326531 0.017676767676767676
41 0.40280612244897956 0.7016594516594516 0.0005102040816326531 0.015151515151515152
24 0.3989795918367347 0.7878787878787878 0.00816326530612245 0.005772005772005772
26 0.3989795918367347 0.7104978354978355 0.00816326530612245 0.005411255411255411
24 0.41785714285714287 0.7135642135642135 0.00816326530612245 0.005772005772005772
26 0.41785714285714287 0.784992784992785 0.00816326530612245 0.005772005772005772
134 0.4989795918367347 0.8809523809523809 0.9030612244897959 0.023809523809523808
134 0.4997448979591837 0.9395743145743146 0.9045918367346939 0.024170274170274172
1 0.5563775510204082 0.9574314574314574 0.018877551020408164 0.0007215007215007215
1 0.5573979591836735 0.9635642135642135 0.01683673469387755 0.0007215007215007215
1 0.1346938775510204 0.9574314574314574 0.018367346938775512 0.0007215007215007215
1 0.5135204081632653 0.898989898989899 0.012755102040816327 0.0007215007215007215
1 0.4362244897959184 0.898989898989899 0.012244897959183673 0.0007215007215007215
41 0.6915816326530613 0.9579725829725829 0.0005102040816326531 0.01479076479076479
26 0.6954081632653061 0.8780663780663781 0.00816326530612245 0.005772005772005772
41 0.6915816326530613 0.9016955266955267 0.0005102040816326531 0.01406926406926407
41 0.699234693877551 0.8699494949494949 0.0005102040816326531 0.01406926406926407
26 0.6954081632653061 0.9485930735930735 0.00816326530612245 0.005411255411255411
24 0.6954081632653061 0.8928571428571429 0.00816326530612245 0.005772005772005772
41 0.7221938775510204 0.8712121212121212 0.0005102040816326531 0.015873015873015872
41 0.675765306122449 0.9287518037518038 0.0005102040816326531 0.011183261183261184
41 0.675765306122449 0.8670634920634921 0.0005102040816326531 0.011904761904761904
26 0.6721938775510204 0.9366883116883117 0.007653061224489796 0.005411255411255411
24 0.6721938775510204 0.875 0.007653061224489796 0.005411255411255411
61 0.7515306122448979 0.8836580086580087 0.006122448979591836 0.015512265512265512
122 0.1818877551020408 0.8809523809523809 0.075 0.004329004329004329
41 0.7584183673469388 0.9018759018759018 0.0005102040816326531 0.013708513708513708
41 0.7655612244897959 0.873015873015873 0.0005102040816326531 0.017316017316017316
30 0.764030612244898 0.9485930735930735 0.01173469387755102 0.006132756132756133
24 0.7619897959183674 0.8928571428571429 0.007653061224489796 0.005772005772005772
26 0.7619897959183674 0.884018759018759 0.007653061224489796 0.005411255411255411
24 0.7183673469387755 0.8809523809523809 0.00816326530612245 0.005772005772005772
41 0.6063775510204081 0.863997113997114 0.0005102040816326531 0.011544011544011544
26 0.6028061224489796 0.9485930735930735 0.007653061224489796 0.005411255411255411
26 0.6025510204081632 0.8721139971139971 0.00816326530612245 0.005411255411255411
41 0.5834183673469387 0.8672438672438673 0.0005102040816326531 0.012265512265512266
24 0.5795918367346938 0.875 0.00816326530612245 0.005411255411255411
61 0.5438775510204081 0.9632034632034632 0.006122448979591836 0.015873015873015872
41 0.5619897959183674 0.9505772005772006 0.0005102040816326531 0.021645021645021644
24 0.6489795918367347 0.9395743145743146 0.00816326530612245 0.005411255411255411
41 0.6528061224489796 0.9309163059163059 0.0005102040816326531 0.015512265512265512
41 0.6528061224489796 0.8643578643578643 0.0005102040816326531 0.011544011544011544
86 0.6482142857142857 0.9072871572871573 0.007653061224489796 0.015151515151515152
26 0.6489795918367347 0.8719336219336219 0.00816326530612245 0.005772005772005772
41 0.6298469387755102 0.8609307359307359 0.0005102040816326531 0.013347763347763348
24 0.6260204081632653 0.8690476190476191 0.00816326530612245 0.005772005772005772
41 0.6063775510204081 0.9377705627705628 0.0005102040816326531 0.01984126984126984
41 0.9109693877551021 0.8708513708513709 0.0005102040816326531 0.015873015873015872
41 0.934438775510204 0.8728354978354979 0.0005102040816326531 0.01911976911976912
26 0.9306122448979591 0.884018759018759 0.00816326530612245 0.005411255411255411
41 0.9109693877551021 0.9264069264069265 0.0005102040816326531 0.016594516594516596
61 0.8966836734693877 0.8805916305916306 0.005612244897959183 0.015873015873015872
26 0.9071428571428571 0.9366883116883117 0.00816326530612245 0.005411255411255411
24 0.9071428571428571 0.8809523809523809 0.00816326530612245 0.005772005772005772
41 0.8834183673469388 0.9303751803751804 0.0005102040816326531 0.01443001443001443
41 0.8834183673469388 0.8685064935064936 0.0005102040816326531 0.01479076479076479
24 0.8798469387755102 0.9395743145743146 0.007653061224489796 0.005411255411255411
26 0.8798469387755102 0.8780663780663781 0.007653061224489796 0.005772005772005772
121 0.8974489795918368 0.8605699855699855 0.07346938775510205 0.006854256854256854
121 0.18801020408163266 0.9271284271284271 0.027040816326530614 0.002886002886002886
121 0.2364795918367347 0.9222582972582972 0.02295918367346939 0.003246753246753247
122 0.2941326530612245 0.9426406926406926 0.0413265306122449 0.0036075036075036075
121 0.3594387755102041 0.9709595959595959 0.08214285714285714 0.00468975468975469
121 0.4002551020408163 0.8641774891774892 0.047448979591836735 0.0018037518037518038
121 0.4 0.8690476190476191 0.04591836734693878 0.0021645021645021645
121 0.47091836734693876 0.9137806637806638 0.07755102040816327 0.0021645021645021645
121 0.5938775510204082 0.8585858585858586 0.07142857142857142 0.010822510822510822
121 0.6875 0.8605699855699855 0.06887755102040816 0.006854256854256854
121 0.6645408163265306 0.9222582972582972 0.02295918367346939 0.003246753246753247
122 0.7257653061224489 0.8995310245310245 0.05765306122448979 0.003968253968253968
121 0.801530612244898 0.8611111111111112 0.07142857142857142 0.007936507936507936
121 0.8721938775510204 0.9222582972582972 0.02295918367346939 0.003246753246753247
41 0.8140306122448979 0.9341630591630592 0.0005102040816326531 0.0183982683982684
41 0.8140306122448979 0.8667027417027418 0.0005102040816326531 0.012626262626262626
24 0.810204081632653 0.9455266955266955 0.00816326530612245 0.005772005772005772
24 0.8104591836734694 0.875 0.007653061224489796 0.005411255411255411
41 0.7910714285714285 0.8692279942279942 0.0005102040816326531 0.01406926406926407
26 0.7872448979591836 0.8780663780663781 0.00816326530612245 0.005772005772005772
59 0.750765306122449 0.9466089466089466 0.007653061224489796 0.012987012987012988
41 0.7584183673469388 0.9576118326118326 0.0005102040816326531 0.015512265512265512
61 0.8461734693877551 0.9422799422799423 0.005612244897959183 0.015873015873015872
41 0.8604591836734694 0.931998556998557 0.0005102040816326531 0.017676767676767676
41 0.8528061224489796 0.9603174603174603 0.0005102040816326531 0.013708513708513708
41 0.8604591836734694 0.8658008658008658 0.0005102040816326531 0.01443001443001443
26 0.8566326530612245 0.9426406926406926 0.00816326530612245 0.005772005772005772
28 0.8586734693877551 0.9516594516594516 0.012244897959183673 0.005772005772005772
24 0.8566326530612245 0.875 0.00816326530612245 0.005411255411255411
41 0.8375 0.8645382395382395 0.0005102040816326531 0.011904761904761904
26 0.8336734693877551 0.8721139971139971 0.00816326530612245 0.005411255411255411
61 0.7997448979591837 0.9453463203463204 0.005612244897959183 0.015512265512265512
41 0.2711734693877551 0.9287518037518038 0.0005102040816326531 0.017676767676767676
24 0.2673469387755102 0.9395743145743146 0.00816326530612245 0.005411255411255411
41 0.24821428571428572 0.9321789321789322 0.0005102040816326531 0.018037518037518036
26 0.2443877551020408 0.9426406926406926 0.00816326530612245 0.005772005772005772
24 0.2869897959183674 0.8928571428571429 0.007653061224489796 0.005772005772005772
41 0.22474489795918368 0.9298340548340548 0.0005102040816326531 0.015512265512265512
41 0.2173469387755102 0.9626623376623377 0.0010204081632653062 0.013347763347763348
41 0.22474489795918368 0.8784271284271284 0.0005102040816326531 0.01875901875901876
40 0.23112244897959183 0.88997113997114 0.003061224489795918 0.0021645021645021645
24 0.2211734693877551 0.9395743145743146 0.007653061224489796 0.005411255411255411
30 0.2229591836734694 0.9545454545454546 0.012244897959183673 0.005772005772005772
26 0.2211734693877551 0.88997113997114 0.007653061224489796 0.005772005772005772
41 0.550765306122449 0.9042207792207793 0.0005102040816326531 0.012626262626262626
41 0.3181122448979592 0.9554473304473304 0.0005102040816326531 0.027777777777777776
41 0.3181122448979592 0.9579725829725829 0.0005102040816326531 0.01479076479076479
41 0.32576530612244897 0.8847402597402597 0.0005102040816326531 0.01911976911976912
24 0.32193877551020406 0.9395743145743146 0.00816326530612245 0.005411255411255411
30 0.3239795918367347 0.9485930735930735 0.012244897959183673 0.006132756132756133
26 0.32193877551020406 0.8959235209235209 0.00816326530612245 0.005411255411255411
47 0.2943877551020408 0.8755411255411255 0.006122448979591836 0.006493506493506494
41 0.29056122448979593 0.8822150072150072 0.0005102040816326531 0.01984126984126984
30 0.1346938775510204 0.88997113997114 0.012244897959183673 0.005772005772005772
67 0.0875 0.9404761904761905 0.007653061224489796 0.012987012987012988
67 0.09540816326530613 0.9318181818181818 0.007142857142857143 0.012987012987012988
67 0.10357142857142858 0.9435425685425686 0.007142857142857143 0.013347763347763348
6 0.0653061224489796 0.9397546897546898 0.02142857142857143 0.023088023088023088
67 0.0875 0.878968253968254 0.007653061224489796 0.013347763347763348
67 0.09540816326530613 0.8701298701298701 0.007142857142857143 0.012987012987012988
67 0.10357142857142858 0.8818542568542569 0.007142857142857143 0.013347763347763348
5 0.06505102040816327 0.8816738816738817 0.020918367346938777 0.03535353535353535
30 0.1346938775510204 0.9606782106782107 0.012244897959183673 0.005772005772005772
122 0.9290816326530612 0.9426406926406926 0.03979591836734694 0.0036075036075036075
122 0.12091836734693878 0.884018759018759 0.02346938775510204 0.003246753246753247
0 0.04030612244897959 0.9103535353535354 0.00816326530612245 0.08261183261183261
24 0.1704081632653061 0.9455266955266955 0.00816326530612245 0.005772005772005772
61 0.1875 0.9422799422799423 0.005612244897959183 0.015873015873015872
41 0.2017857142857143 0.9338023088023089 0.0005102040816326531 0.01406926406926407
26 0.19795918367346937 0.9426406926406926 0.00816326530612245 0.005772005772005772
61 0.15994897959183674 0.9451659451659452 0.005612244897959183 0.015873015873015872
41 0.17423469387755103 0.9363275613275613 0.0005102040816326531 0.016955266955266956
41 0.1364795918367347 0.9372294372294372 0.0005102040816326531 0.01875901875901876
41 0.1405612244897959 0.9494949494949495 0.0005102040816326531 0.01948051948051948
41 0.1405612244897959 0.8787878787878788 0.0005102040816326531 0.01948051948051948
26 0.1326530612244898 0.9485930735930735 0.00816326530612245 0.005411255411255411
41 0.4573979591836735 0.9040404040404041 0.0005102040816326531 0.01875901875901876
24 0.46122448979591835 0.8928571428571429 0.00816326530612245 0.005772005772005772
59 0.4247448979591837 0.9435425685425686 0.007653061224489796 0.013347763347763348
41 0.43239795918367346 0.9556277056277056 0.0005102040816326531 0.015151515151515152
41 0.43239795918367346 0.9071067821067821 0.0005102040816326531 0.012626262626262626
41 0.43979591836734694 0.8759018759018758 0.0010204081632653062 0.01948051948051948
28 0.43826530612244896 0.9455266955266955 0.012244897959183673 0.005772005772005772
24 0.4362244897959184 0.8869047619047619 0.00816326530612245 0.005411255411255411
41 0.42372448979591837 0.8746392496392497 0.0005102040816326531 0.020562770562770564
24 0.4201530612244898 0.8869047619047619 0.007653061224489796 0.005411255411255411
24 0.5135204081632653 0.8988095238095238 0.007653061224489796 0.005411255411255411
41 0.5579081632653061 0.8740981240981242 0.0005102040816326531 0.021645021645021644
28 0.5563775510204082 0.9635642135642135 0.01173469387755102 0.005772005772005772
26 0.5543367346938776 0.8959235209235209 0.007653061224489796 0.005411255411255411
24 0.5543367346938776 0.8869047619047619 0.007653061224489796 0.005411255411255411
41 0.5099489795918367 0.9065656565656566 0.0005102040816326531 0.013708513708513708
24 0.4362244897959184 0.8988095238095238 0.00816326530612245 0.005411255411255411
59 0.47908163265306125 0.8849206349206349 0.007142857142857143 0.012987012987012988
41 0.48647959183673467 0.9054834054834054 0.0005102040816326531 0.015873015873015872
41 0.4941326530612245 0.8757215007215007 0.0005102040816326531 0.01911976911976912
26 0.4903061224489796 0.8959235209235209 0.00816326530612245 0.005411255411255411
24 0.4903061224489796 0.8869047619047619 0.00816326530612245 0.005411255411255411
41 0.3920918367346939 0.8746392496392497 0.0005102040816326531 0.020562770562770564
61 0.33877551020408164 0.9451659451659452 0.006122448979591836 0.015873015873015872
24 0.38826530612244897 0.8869047619047619 0.00816326530612245 0.005411255411255411
26 0.37244897959183676 0.884018759018759 0.00816326530612245 0.005411255411255411
26 0.37244897959183676 0.9485930735930735 0.00816326530612245 0.005411255411255411
41 0.3762755102040816 0.8737373737373737 0.0005102040816326531 0.01875901875901876
41 0.36862244897959184 0.9603174603174603 0.0005102040816326531 0.021645021645021644
24 0.3494897959183674 0.9455266955266955 0.00816326530612245 0.005772005772005772
41 0.400765306122449 0.95995670995671 0.0005102040816326531 0.024531024531024532
41 0.4079081632653061 0.873015873015873 0.0005102040816326531 0.017316017316017316
41 0.34566326530612246 0.9585137085137085 0.0005102040816326531 0.023809523809523808
24 0.40433673469387754 0.9455266955266955 0.007653061224489796 0.005772005772005772
26 0.40433673469387754 0.884018759018759 0.007653061224489796 0.005411255411255411
