134 0.4997448979591837 0.058982683982683984 0.9045918367346939 0.024170274170274172
1 0.7938775510204081 0.04112554112554113 0.0163265306122449 0.0007215007215007215
1 0.14464285714285716 0.07683982683982683 0.015816326530612244 0.0007215007215007215
1 0.10178571428571428 0.07683982683982683 0.015816326530612244 0.0007215007215007215
1 0.8326530612244898 0.2712842712842713 0.0163265306122449 0.0007215007215007215
1 0.7938775510204081 0.2712842712842713 0.0163265306122449 0.0007215007215007215
1 0.14464285714285716 0.2712842712842713 0.015816326530612244 0.0007215007215007215
134 0.4997448979591837 0.25342712842712845 0.9045918367346939 0.024170274170274172
134 0.4997448979591837 0.1884920634920635 0.9045918367346939 0.024170274170274172
1 0.10229591836734694 0.20652958152958154 0.01479591836734694 0.0010822510822510823
1 0.14464285714285716 0.14177489177489178 0.015816326530612244 0.0007215007215007215
1 0.1451530612244898 0.14754689754689754 0.01479591836734694 0.0007215007215007215
1 0.10178571428571428 0.14177489177489178 0.015816326530612244 0.0007215007215007215
1 0.10178571428571428 0.14754689754689754 0.015816326530612244 0.0007215007215007215
134 0.4997448979591837 0.12373737373737374 0.9045918367346939 0.023809523809523808
63 0.6956632653061224 0.2564935064935065 0.008673469387755102 0.017316017316017316
26 0.7275510204081632 0.1268037518037518 0.01020408163265306 0.006132756132756133
26 0.7275510204081632 0.06186868686868687 0.01020408163265306 0.006132756132756133
24 0.7275510204081632 0.1884920634920635 0.01020408163265306 0.006132756132756133
26 0.7275510204081632 0.25054112554112556 0.01020408163265306 0.006132756132756133
53 0.7938775510204081 0.05248917748917749 0.00816326530612245 0.01479076479076479
40 0.7387755102040816 0.06186868686868687 0.003061224489795918 0.0025252525252525255
41 0.7323979591836735 0.050865800865800864 0.0005102040816326531 0.01948051948051948
26 0.7086734693877551 0.04996392496392496 0.01020408163265306 0.006132756132756133
26 0.7086734693877551 0.1268037518037518 0.01020408163265306 0.006132756132756133
26 0.7086734693877551 0.2563131313131313 0.01020408163265306 0.006132756132756133
41 0.7038265306122449 0.05844155844155844 0.0005102040816326531 0.01443001443001443
41 0.7135204081632653 0.11886724386724387 0.0005102040816326531 0.013347763347763348
41 0.7135204081632653 0.2483766233766234 0.0005102040816326531 0.013347763347763348
63 0.6691326530612245 0.2593795093795094 0.008673469387755102 0.017316017316017316
24 0.7670918367346938 0.1296897546897547 0.010714285714285714 0.006132756132756133
24 0.7670918367346938 0.18272005772005773 0.010714285714285714 0.006132756132756133
24 0.7670918367346938 0.25342712842712845 0.010714285714285714 0.006132756132756133
41 0.7721938775510204 0.12085137085137085 0.0005102040816326531 0.015151515151515152
41 0.7622448979591837 0.1920995670995671 0.0010204081632653062 0.016233766233766232
41 0.7721938775510204 0.24404761904761904 0.0005102040816326531 0.016233766233766232
24 0.7938775510204081 0.040945165945165944 0.01020408163265306 0.006132756132756133
95 0.7941326530612245 0.08261183261183261 0.017857142857142856 0.015151515151515152
26 0.7938775510204081 0.13257575757575757 0.01020408163265306 0.006132756132756133
26 0.7938775510204081 0.1856060606060606 0.01020408163265306 0.006132756132756133
26 0.7938775510204081 0.27435064935064934 0.01020408163265306 0.006132756132756133
41 0.789030612244898 0.05194805194805195 0.0005102040816326531 0.01948051948051948
40 0.5908163265306122 0.05591630591630592 0.003061224489795918 0.0021645021645021645
41 0.7323979591836735 0.11814574314574315 0.0005102040816326531 0.01479076479076479
41 0.7227040816326531 0.1967893217893218 0.0005102040816326531 0.01406926406926407
63 0.7145408163265307 0.18867243867243869 0.008673469387755102 0.017316017316017316
41 0.7227040816326531 0.2615440115440115 0.0005102040816326531 0.01948051948051948
24 0.7479591836734694 0.1296897546897547 0.01020408163265306 0.006132756132756133
24 0.7479591836734694 0.18272005772005773 0.01020408163265306 0.006132756132756133
41 0.7528061224489796 0.12085137085137085 0.0005102040816326531 0.015151515151515152
41 0.7431122448979591 0.1928210678210678 0.0005102040816326531 0.017676767676767676
41 0.5928571428571429 0.19173881673881674 0.0010204081632653062 0.01479076479076479
26 0.6244897959183674 0.13257575757575757 0.01020408163265306 0.006132756132756133
24 0.6244897959183674 0.1884920634920635 0.01020408163265306 0.006132756132756133
41 0.6293367346938775 0.12229437229437229 0.0005102040816326531 0.018037518037518036
41 0.6028061224489796 0.11976911976911978 0.0005102040816326531 0.015873015873015872
63 0.6114795918367347 0.13275613275613277 0.008673469387755102 0.017316017316017316
41 0.6196428571428572 0.1975108225108225 0.0005102040816326531 0.015512265512265512
63 0.6114795918367347 0.18867243867243869 0.008673469387755102 0.017316017316017316
26 0.6426020408163265 0.04996392496392496 0.010714285714285714 0.006132756132756133
24 0.6426020408163265 0.1296897546897547 0.010714285714285714 0.006132756132756133
41 0.5747448979591837 0.18668831168831168 0.0005102040816326531 0.015512265512265512
121 0.12142857142857143 0.24152236652236653 0.02959183673469388 0.0018037518037518038
121 0.13163265306122449 0.24639249639249639 0.00816326530612245 0.0021645021645021645
41 0.5747448979591837 0.06746031746031746 0.0005102040816326531 0.018037518037518036
63 0.5665816326530613 0.05591630591630592 0.008673469387755102 0.017316017316017316
41 0.5844387755102041 0.1176046176046176 0.0005102040816326531 0.013708513708513708
24 0.6426020408163265 0.19462481962481962 0.010714285714285714 0.006132756132756133
40 0.5908163265306122 0.25054112554112556 0.003061224489795918 0.0025252525252525255
41 0.5747448979591837 0.2620851370851371 0.0005102040816326531 0.0183982683982684
24 0.5977040816326531 0.1296897546897547 0.010714285714285714 0.006132756132756133
24 0.5977040816326531 0.18272005772005773 0.010714285714285714 0.006132756132756133
63 0.6691326530612245 0.046897546897546896 0.008673469387755102 0.017316017316017316
41 0.6869897959183674 0.11958874458874459 0.0005102040816326531 0.015512265512265512
41 0.6772959183673469 0.056457431457431456 0.0005102040816326531 0.01406926406926407
41 0.6869897959183674 0.1830808080808081 0.0005102040816326531 0.0183982683982684
41 0.6869897959183674 0.24945887445887446 0.0005102040816326531 0.015512265512265512
26 0.6426020408163265 0.2563131313131313 0.010714285714285714 0.006132756132756133
41 0.6375 0.06096681096681097 0.0005102040816326531 0.01948051948051948
53 0.6423469387755102 0.06222943722943723 0.009183673469387756 0.016233766233766232
41 0.647704081632653 0.12031024531024531 0.0005102040816326531 0.016233766233766232
41 0.6375 0.20202020202020202 0.0005102040816326531 0.012265512265512266
41 0.647704081632653 0.24549062049062048 0.0005102040816326531 0.01911976911976912
47 0.6515306122448979 0.24476911976911978 0.007142857142857143 0.017676767676767676
24 0.6821428571428572 0.04707792207792208 0.01020408163265306 0.006132756132756133
24 0.6821428571428572 0.1296897546897547 0.01020408163265306 0.006132756132756133
24 0.6821428571428572 0.19462481962481962 0.01020408163265306 0.006132756132756133
24 0.6821428571428572 0.25955988455988455 0.01020408163265306 0.006132756132756133
121 0.9306122448979591 0.11417748917748918 0.02142857142857143 0.006854256854256854
121 0.8928571428571429 0.10642135642135642 0.019387755102040816 0.002886002886002886
120 0.8788265306122449 0.2426046176046176 0.0760204081632653 0.013347763347763348
120 0.8747448979591836 0.18055555555555555 0.08316326530612245 0.012626262626262626
120 0.886734693877551 0.10696248196248197 0.10816326530612246 0.013347763347763348
121 0.8408163265306122 0.14105339105339104 0.026530612244897958 0.002886002886002886
41 0.9313775510204082 0.06727994227994227 0.0005102040816326531 0.0183982683982684
41 0.9196428571428571 0.1830808080808081 0.0005102040816326531 0.0183982683982684
41 0.9196428571428571 0.24494949494949494 0.0005102040816326531 0.018037518037518036
63 0.9017857142857143 0.2564935064935065 0.008673469387755102 0.017316017316017316
26 0.9362244897959183 0.056096681096681096 0.01020408163265306 0.006132756132756133
26 0.9362244897959183 0.1268037518037518 0.01020408163265306 0.006132756132756133
120 0.8137755102040817 0.03463203463203463 0.03877551020408163 0.005772005772005772
53 0.9362244897959183 0.06836219336219336 0.009183673469387756 0.016233766233766232
63 0.9232142857142858 0.05591630591630592 0.008673469387755102 0.017316017316017316
41 0.9410714285714286 0.11886724386724387 0.0005102040816326531 0.013347763347763348
121 0.4961734693877551 0.11832611832611832 0.018877551020408164 0.002886002886002886
120 0.4446428571428571 0.14105339105339104 0.018877551020408164 0.004329004329004329
121 0.4502551020408163 0.11724386724386725 0.018877551020408164 0.002886002886002886
120 0.41301020408163264 0.14213564213564214 0.045408163265306126 0.006493506493506494
121 0.40816326530612246 0.11724386724386725 0.026530612244897958 0.002886002886002886
120 0.40153061224489794 0.24296536796536797 0.07244897959183673 0.007575757575757576
120 0.40153061224489794 0.16937229437229437 0.07244897959183673 0.006132756132756133
120 0.3931122448979592 0.04635642135642136 0.08520408163265306 0.006854256854256854
120 0.34158163265306124 0.1443001443001443 0.018877551020408164 0.004329004329004329
121 0.34566326530612246 0.11832611832611832 0.018877551020408164 0.002886002886002886
120 0.2941326530612245 0.14105339105339104 0.018877551020408164 0.004329004329004329
121 0.2997448979591837 0.11724386724386725 0.018877551020408164 0.002886002886002886
120 0.49209183673469387 0.1443001443001443 0.018877551020408164 0.004329004329004329
120 0.2670918367346939 0.24891774891774893 0.039285714285714285 0.007215007215007215
120 0.2670918367346939 0.19173881673881674 0.039285714285714285 0.011183261183261184
120 0.2530612244897959 0.1414141414141414 0.026530612244897958 0.005050505050505051
121 0.2576530612244898 0.11724386724386725 0.026530612244897958 0.002886002886002886
120 0.26352040816326533 0.05194805194805195 0.04642857142857143 0.007936507936507936
120 0.1982142857142857 0.1764069264069264 0.018877551020408164 0.004329004329004329
121 0.19770408163265307 0.18326118326118326 0.018877551020408164 0.002886002886002886
120 0.15892857142857142 0.1765873015873016 0.018877551020408164 0.00468975468975469
121 0.15918367346938775 0.18326118326118326 0.019387755102040816 0.002886002886002886
120 0.1441326530612245 0.23845598845598845 0.012755102040816327 0.0036075036075036075
120 0.7066326530612245 0.0477994227994228 0.04591836734693878 0.015512265512265512
121 0.7852040816326531 0.23845598845598845 0.026530612244897958 0.010101010101010102
120 0.7811224489795918 0.1764069264069264 0.026530612244897958 0.005772005772005772
121 0.7755102040816326 0.2011183261183261 0.026530612244897958 0.003246753246753247
120 0.7798469387755103 0.13924963924963926 0.026020408163265306 0.004329004329004329
121 0.7852040816326531 0.11237373737373738 0.026530612244897958 0.003246753246753247
120 0.7362244897959184 0.17784992784992784 0.02040816326530612 0.006493506493506494
121 0.7326530612244898 0.20346320346320346 0.02040816326530612 0.005772005772005772
120 0.736734693877551 0.13564213564213565 0.02040816326530612 0.005050505050505051
121 0.7428571428571429 0.11129148629148629 0.02040816326530612 0.003246753246753247
120 0.7428571428571429 0.23124098124098125 0.11122448979591837 0.007936507936507936
121 0.7005102040816327 0.240981240981241 0.026530612244897958 0.002886002886002886
120 0.6961734693877552 0.13582251082251082 0.026020408163265306 0.005411255411255411
121 0.7005102040816327 0.11129148629148629 0.026530612244897958 0.003246753246753247
121 0.6903061224489796 0.06547619047619048 0.026530612244897958 0.003246753246753247
121 0.6285714285714286 0.20797258297258298 0.018367346938775512 0.00468975468975469
120 0.6344387755102041 0.1388888888888889 0.017857142857142856 0.0036075036075036075
121 0.6385204081632653 0.11237373737373738 0.017857142857142856 0.003246753246753247
121 0.5836734693877551 0.1975108225108225 0.018367346938775512 0.005411255411255411
120 0.5875 0.13546176046176045 0.017857142857142856 0.00468975468975469
121 0.5936224489795918 0.11129148629148629 0.017857142857142856 0.003246753246753247
120 0.5637755102040817 0.24639249639249639 0.02959183673469388 0.007215007215007215
120 0.5956632653061225 0.17207792207792208 0.0933673469387755 0.006493506493506494
120 0.5517857142857143 0.13564213564213565 0.018877551020408164 0.005050505050505051
121 0.5556122448979591 0.11129148629148629 0.019387755102040816 0.003246753246753247
120 0.5609693877551021 0.04563492063492063 0.03826530612244898 0.008297258297258298
63 0.8196428571428571 0.04401154401154401 0.008673469387755102 0.017316017316017316
41 0.8278061224489796 0.13383838383838384 0.0005102040816326531 0.015151515151515152
41 0.8278061224489796 0.055375180375180376 0.0005102040816326531 0.0183982683982684
41 0.8278061224489796 0.19715007215007216 0.0005102040816326531 0.0183982683982684
41 0.8375 0.25992063492063494 0.0005102040816326531 0.0183982683982684
41 0.7987244897959184 0.25793650793650796 0.0005102040816326531 0.030303030303030304
41 0.7987244897959184 0.12229437229437229 0.0005102040816326531 0.018037518037518036
63 0.7808673469387755 0.13275613275613277 0.008673469387755102 0.017316017316017316
41 0.789030612244898 0.19408369408369408 0.0005102040816326531 0.01443001443001443
26 0.8326530612244898 0.04383116883116883 0.01020408163265306 0.006132756132756133
24 0.8326530612244898 0.12391774891774891 0.01020408163265306 0.006132756132756133
95 0.8329081632653061 0.15331890331890333 0.017857142857142856 0.015151515151515152
26 0.8326530612244898 0.1856060606060606 0.01020408163265306 0.006132756132756133
95 0.8329081632653061 0.2124819624819625 0.017857142857142856 0.015151515151515152
24 0.8326530612244898 0.27146464646464646 0.01020408163265306 0.006132756132756133
95 0.8329081632653061 0.2860750360750361 0.017857142857142856 0.015151515151515152
41 0.8734693877551021 0.1993145743145743 0.0010204081632653062 0.017676767676767676
63 0.8653061224489796 0.18867243867243869 0.009183673469387756 0.017316017316017316
41 0.8834183673469388 0.2510822510822511 0.0005102040816326531 0.01875901875901876
41 0.8834183673469388 0.11381673881673882 0.0005102040816326531 0.015512265512265512
26 0.897704081632653 0.1268037518037518 0.010714285714285714 0.006132756132756133
41 0.9028061224489796 0.11634199134199134 0.0005102040816326531 0.0183982683982684
24 0.914795918367347 0.13582251082251082 0.01020408163265306 0.006132756132756133
24 0.914795918367347 0.19462481962481962 0.01020408163265306 0.006132756132756133
26 0.914795918367347 0.2563131313131313 0.01020408163265306 0.006132756132756133
41 0.9196428571428571 0.12572150072150073 0.0005102040816326531 0.017676767676767676
26 0.8591836734693877 0.12067099567099566 0.01020408163265306 0.006132756132756133
41 0.8543367346938775 0.13113275613275613 0.0005102040816326531 0.0183982683982684
63 0.8461734693877551 0.12085137085137085 0.008673469387755102 0.017316017316017316
26 0.8783163265306122 0.04996392496392496 0.010714285714285714 0.006132756132756133
24 0.8783163265306122 0.12391774891774891 0.010714285714285714 0.006132756132756133
24 0.8783163265306122 0.1884920634920635 0.010714285714285714 0.006132756132756133
26 0.8783163265306122 0.2624458874458874 0.010714285714285714 0.006132756132756133
40 0.8895408163265306 0.04996392496392496 0.0035714285714285713 0.0025252525252525255
41 0.8734693877551021 0.06096681096681097 0.0010204081632653062 0.01948051948051948
93 0.23698979591836736 0.15151515151515152 0.015816326530612244 0.010101010101010102
41 0.20739795918367346 0.19264069264069264 0.0005102040816326531 0.017316017316017316
26 0.2392857142857143 0.056096681096681096 0.01020408163265306 0.006132756132756133
93 0.23698979591836736 0.08585858585858586 0.015816326530612244 0.010101010101010102
24 0.2392857142857143 0.13582251082251082 0.01020408163265306 0.006132756132756133
24 0.2392857142857143 0.19462481962481962 0.01020408163265306 0.006132756132756133
93 0.23698979591836736 0.20995670995670995 0.015816326530612244 0.010101010101010102
26 0.2392857142857143 0.2624458874458874 0.01020408163265306 0.006132756132756133
93 0.23698979591836736 0.2748917748917749 0.015816326530612244 0.010101010101010102
41 0.2344387755102041 0.06691919191919192 0.0005102040816326531 0.01911976911976912
63 0.22627551020408163 0.05591630591630592 0.008673469387755102 0.017316017316017316
24 0.16377551020408163 0.2003968253968254 0.01020408163265306 0.006132756132756133
41 0.16862244897959183 0.19101731601731603 0.0005102040816326531 0.016233766233766232
24 0.18316326530612245 0.2003968253968254 0.01020408163265306 0.006132756132756133
41 0.18801020408163266 0.19101731601731603 0.0005102040816326531 0.016233766233766232
87 0.2010204081632653 0.05952380952380952 0.00816326530612245 0.010822510822510822
87 0.2010204081632653 0.12445887445887446 0.00816326530612245 0.010822510822510822
26 0.20255102040816325 0.20364357864357865 0.01020408163265306 0.006132756132756133
87 0.2010204081632653 0.24224386724386723 0.00816326530612245 0.010461760461760462
40 0.29642857142857143 0.06186868686868687 0.003061224489795918 0.0025252525252525255
26 0.26581632653061227 0.13257575757575757 0.01020408163265306 0.006132756132756133
41 0.27066326530612245 0.1240981240981241 0.0005102040816326531 0.01443001443001443
63 0.2528061224489796 0.13275613275613277 0.008673469387755102 0.017316017316017316
26 0.28520408163265304 0.06186868686868687 0.01020408163265306 0.006132756132756133
26 0.28520408163265304 0.13257575757575757 0.01020408163265306 0.006132756132756133
26 0.28520408163265304 0.20364357864357865 0.01020408163265306 0.006132756132756133
26 0.28520408163265304 0.2563131313131313 0.01020408163265306 0.006132756132756133
41 0.2900510204081633 0.050865800865800864 0.0005102040816326531 0.01948051948051948
26 0.5795918367346938 0.25054112554112556 0.01020408163265306 0.006132756132756133
41 0.2900510204081633 0.1240981240981241 0.0005102040816326531 0.01443001443001443
40 0.29642857142857143 0.20346320346320346 0.003061224489795918 0.0021645021645021645
41 0.2900510204081633 0.19264069264069264 0.0005102040816326531 0.01948051948051948
41 0.2441326530612245 0.12626262626262627 0.0005102040816326531 0.016594516594516596
41 0.2441326530612245 0.18362193362193363 0.0005102040816326531 0.01948051948051948
41 0.14974489795918366 0.2601010101010101 0.0005102040816326531 0.01875901875901876
41 0.2441326530612245 0.25144300144300147 0.0005102040816326531 0.01948051948051948
8 0.06505102040816327 0.25036075036075034 0.02193877551020408 0.018037518037518036
26 0.10178571428571428 0.07990620490620491 0.010714285714285714 0.006132756132756133
24 0.10178571428571428 0.14772727272727273 0.010714285714285714 0.006132756132756133
24 0.10178571428571428 0.20652958152958154 0.010714285714285714 0.006132756132756133
24 0.10178571428571428 0.25955988455988455 0.010714285714285714 0.006132756132756133
41 0.10688775510204082 0.0689033189033189 0.0005102040816326531 0.01948051948051948
47 0.11071428571428571 0.06800144300144301 0.007142857142857143 0.017676767676767676
41 0.10688775510204082 0.13528138528138528 0.0005102040816326531 0.022366522366522368
47 0.11071428571428571 0.13293650793650794 0.007142857142857143 0.017676767676767676
41 0.10688775510204082 0.19552669552669552 0.0005102040816326531 0.01948051948051948
47 0.1104591836734694 0.19480519480519481 0.0066326530612244895 0.017316017316017316
120 0.9433673469387756 0.048701298701298704 0.014285714285714285 0.0021645021645021645
63 0.08852040816326531 0.20652958152958154 0.008673469387755102 0.017676767676767676
5 0.06505102040816327 0.05808080808080808 0.020918367346938777 0.04329004329004329
5 0.06505102040816327 0.12301587301587301 0.020918367346938777 0.04329004329004329
6 0.06581632653061224 0.1884920634920635 0.022448979591836733 0.023448773448773448
41 0.14974489795918366 0.13654401154401155 0.0005102040816326531 0.024891774891774892
26 0.14464285714285716 0.07990620490620491 0.010714285714285714 0.006132756132756133
26 0.14464285714285716 0.15061327561327562 0.010714285714285714 0.006132756132756133
26 0.14464285714285716 0.20364357864357865 0.010714285714285714 0.006132756132756133
24 0.14464285714285716 0.27146464646464646 0.010714285714285714 0.006132756132756133
40 0.1556122448979592 0.07972582972582973 0.003061224489795918 0.0021645021645021645
41 0.14974489795918366 0.0689033189033189 0.0005102040816326531 0.01948051948051948
40 0.1556122448979592 0.15061327561327562 0.003061224489795918 0.0025252525252525255
63 0.13137755102040816 0.15061327561327562 0.008673469387755102 0.017676767676767676
41 0.14974489795918366 0.19318181818181818 0.0005102040816326531 0.0183982683982684
40 0.1556122448979592 0.2683982683982684 0.003061224489795918 0.0021645021645021645
40 0.11301020408163265 0.2564935064935065 0.0035714285714285713 0.0021645021645021645
41 0.10688775510204082 0.25 0.0005102040816326531 0.016594516594516596
87 0.12091836734693878 0.05952380952380952 0.00816326530612245 0.010822510822510822
87 0.12091836734693878 0.12445887445887446 0.00816326530612245 0.010822510822510822
87 0.12091836734693878 0.1773088023088023 0.00816326530612245 0.010461760461760462
24 0.13163265306122449 0.25955988455988455 0.01020408163265306 0.006132756132756133
41 0.1364795918367347 0.25 0.0005102040816326531 0.016594516594516596
41 0.44107142857142856 0.1829004329004329 0.0005102040816326531 0.018037518037518036
41 0.44107142857142856 0.25072150072150073 0.0005102040816326531 0.018037518037518036
24 0.4548469387755102 0.13582251082251082 0.010714285714285714 0.006132756132756133
41 0.4599489795918367 0.12626262626262627 0.0005102040816326531 0.016594516594516596
26 0.4816326530612245 0.1387085137085137 0.01020408163265306 0.006132756132756133
41 0.48647959183673467 0.12824675324675325 0.0005102040816326531 0.0183982683982684
63 0.4686224489795918 0.1387085137085137 0.008673469387755102 0.017676767676767676
24 0.500765306122449 0.13582251082251082 0.010714285714285714 0.006132756132756133
41 0.5058673469387756 0.12626262626262627 0.0005102040816326531 0.016594516594516596
26 0.4357142857142857 0.13257575757575757 0.01020408163265306 0.006132756132756133
26 0.4163265306122449 0.13257575757575757 0.01020408163265306 0.006132756132756133
41 0.42117346938775513 0.1240981240981241 0.0005102040816326531 0.01443001443001443
63 0.4033163265306122 0.13275613275613277 0.008673469387755102 0.017316017316017316
30 0.435969387755102 0.056096681096681096 0.010714285714285714 0.006132756132756133
28 0.435969387755102 0.19462481962481962 0.010714285714285714 0.006132756132756133
30 0.435969387755102 0.2624458874458874 0.010714285714285714 0.006132756132756133
41 0.4308673469387755 0.0670995670995671 0.0005102040816326531 0.01875901875901876
63 0.42270408163265305 0.05591630591630592 0.008673469387755102 0.017316017316017316
41 0.4405612244897959 0.1240981240981241 0.0005102040816326531 0.01443001443001443
41 0.5459183673469388 0.2453102453102453 0.0010204081632653062 0.01875901875901876
63 0.5278061224489796 0.2564935064935065 0.008673469387755102 0.017316017316017316
26 0.560204081632653 0.1268037518037518 0.01020408163265306 0.006132756132756133
41 0.5650510204081632 0.11814574314574315 0.0005102040816326531 0.01479076479076479
26 0.5795918367346938 0.056096681096681096 0.01020408163265306 0.006132756132756133
26 0.5795918367346938 0.1268037518037518 0.01020408163265306 0.006132756132756133
24 0.5795918367346938 0.1765873015873016 0.01020408163265306 0.006132756132756133
26 0.5410714285714285 0.04996392496392496 0.010714285714285714 0.006132756132756133
24 0.5410714285714285 0.1296897546897547 0.010714285714285714 0.006132756132756133
24 0.5410714285714285 0.19462481962481962 0.010714285714285714 0.006132756132756133
26 0.5410714285714285 0.2563131313131313 0.010714285714285714 0.006132756132756133
41 0.5359693877551021 0.06096681096681097 0.0005102040816326531 0.01948051948051948
41 0.5459183673469388 0.12012987012987013 0.0010204081632653062 0.016594516594516596
41 0.5459183673469388 0.18362193362193363 0.0010204081632653062 0.01948051948051948
47 0.3594387755102041 0.18362193362193363 0.0066326530612244895 0.015873015873015872
41 0.35535714285714287 0.2510822510822511 0.0005102040816326531 0.01875901875901876
47 0.35918367346938773 0.25072150072150073 0.007142857142857143 0.017316017316017316
41 0.35535714285714287 0.18326118326118326 0.0005102040816326531 0.01875901875901876
24 0.38979591836734695 0.05284992784992785 0.01020408163265306 0.006132756132756133
24 0.38979591836734695 0.13582251082251082 0.01020408163265306 0.006132756132756133
26 0.38979591836734695 0.19173881673881674 0.01020408163265306 0.006132756132756133
24 0.38979591836734695 0.2653318903318903 0.01020408163265306 0.006132756132756133
41 0.3849489795918367 0.06385281385281386 0.0005102040816326531 0.01948051948051948
41 0.3094387755102041 0.12572150072150073 0.0005102040816326531 0.015512265512265512
41 0.3451530612244898 0.0670995670995671 0.0005102040816326531 0.01875901875901876
63 0.3181122448979592 0.1387085137085137 0.008673469387755102 0.017676767676767676
41 0.33596938775510204 0.1277056277056277 0.0005102040816326531 0.017316017316017316
26 0.35025510204081634 0.056096681096681096 0.010714285714285714 0.006132756132756133
24 0.35025510204081634 0.13582251082251082 0.010714285714285714 0.006132756132756133
24 0.35025510204081634 0.19462481962481962 0.010714285714285714 0.006132756132756133
26 0.35025510204081634 0.2624458874458874 0.010714285714285714 0.006132756132756133
53 0.35 0.06836219336219336 0.009183673469387756 0.016233766233766232
26 0.3311224489795918 0.1387085137085137 0.01020408163265306 0.006132756132756133
41 0.35535714285714287 0.12626262626262627 0.0005102040816326531 0.016594516594516596
41 0.39464285714285713 0.18073593073593072 0.0005102040816326531 0.01948051948051948
41 0.39464285714285713 0.25432900432900435 0.0005102040816326531 0.01948051948051948
41 0.2900510204081633 0.24549062049062048 0.0005102040816326531 0.01911976911976912
40 0.29642857142857143 0.2564935064935065 0.003061224489795918 0.0021645021645021645
63 0.3767857142857143 0.2653318903318903 0.008673469387755102 0.017676767676767676
63 0.2721938775510204 0.2564935064935065 0.008673469387755102 0.017316017316017316
41 0.39464285714285713 0.12626262626262627 0.0005102040816326531 0.016594516594516596
24 0.30433673469387756 0.13582251082251082 0.010714285714285714 0.006132756132756133
134 0.4997448979591837 0.3995310245310245 0.9045918367346939 0.024170274170274172
134 0.4997448979591837 0.5292207792207793 0.9045918367346939 0.023809523809523808
1 0.8737244897959183 0.4823232323232323 0.01479591836734694 0.0007215007215007215
1 0.8005102040816326 0.4823232323232323 0.0163265306122449 0.0007215007215007215
1 0.7645408163265306 0.4823232323232323 0.015816326530612244 0.0007215007215007215
1 0.6808673469387755 0.4823232323232323 0.01479591836734694 0.0007215007215007215
1 0.6308673469387756 0.4823232323232323 0.015816326530612244 0.0007215007215007215
1 0.511734693877551 0.4823232323232323 0.015306122448979591 0.0007215007215007215
1 0.21479591836734693 0.4823232323232323 0.014285714285714285 0.0007215007215007215
1 0.9306122448979591 0.6118326118326118 0.0163265306122449 0.0007215007215007215
1 0.9313775510204082 0.6179653679653679 0.01479591836734694 0.0007215007215007215
1 0.8987244897959183 0.6118326118326118 0.015816326530612244 0.0007215007215007215
1 0.8732142857142857 0.6118326118326118 0.015816326530612244 0.0007215007215007215
1 0.825 0.6118326118326118 0.0163265306122449 0.0007215007215007215
1 0.4576530612244898 0.6118326118326118 0.0163265306122449 0.0007215007215007215
134 0.4997448979591837 0.46446608946608947 0.9045918367346939 0.024170274170274172
134 0.4997448979591837 0.5939754689754689 0.9045918367346939 0.024170274170274172
26 0.7362244897959184 0.602994227994228 0.01020408163265306 0.006132756132756133
63 0.6987244897959184 0.6060606060606061 0.008673469387755102 0.017316017316017316
87 0.7349489795918367 0.4000721500721501 0.007653061224489796 0.010822510822510822
87 0.7349489795918367 0.465007215007215 0.007653061224489796 0.010822510822510822
87 0.7346938775510204 0.5180375180375181 0.00816326530612245 0.010822510822510822
41 0.6849489795918368 0.4707792207792208 0.0005102040816326531 0.01875901875901876
63 0.6670918367346939 0.4823232323232323 0.008673469387755102 0.017316017316017316
41 0.6849489795918368 0.5236291486291487 0.0005102040816326531 0.0183982683982684
41 0.6849489795918368 0.5946969696969697 0.0005102040816326531 0.011904761904761904
41 0.8053571428571429 0.39700577200577203 0.0005102040816326531 0.0183982683982684
24 0.7117346938775511 0.6058802308802309 0.01020408163265306 0.006132756132756133
41 0.7165816326530612 0.5965007215007215 0.0005102040816326531 0.016233766233766232
24 0.8005102040816326 0.48214285714285715 0.01020408163265306 0.006132756132756133
41 0.7693877551020408 0.47113997113997114 0.0010204081632653062 0.01948051948051948
47 0.7729591836734694 0.47059884559884557 0.007142857142857143 0.017676767676767676
24 0.8005102040816326 0.5351731601731602 0.01020408163265306 0.006132756132756133
41 0.7693877551020408 0.523989898989899 0.0010204081632653062 0.01911976911976912
47 0.7729591836734694 0.5234487734487735 0.007142857142857143 0.017316017316017316
41 0.7693877551020408 0.5965007215007215 0.0010204081632653062 0.016233766233766232
26 0.8005102040816326 0.40854978354978355 0.01020408163265306 0.006132756132756133
61 0.7528061224489796 0.6060606060606061 0.005612244897959183 0.018037518037518036
41 0.7410714285714286 0.5945165945165946 0.0005102040816326531 0.01443001443001443
26 0.8005102040816326 0.6091269841269841 0.01020408163265306 0.006132756132756133
24 0.7642857142857142 0.41143578643578643 0.01020408163265306 0.006132756132756133
24 0.7645408163265306 0.48214285714285715 0.010714285714285714 0.006132756132756133
24 0.7645408163265306 0.5351731601731602 0.010714285714285714 0.006132756132756133
24 0.7645408163265306 0.6058802308802309 0.010714285714285714 0.006132756132756133
41 0.7693877551020408 0.4004329004329004 0.0010204081632653062 0.01948051948051948
47 0.7729591836734694 0.3997113997113997 0.007142857142857143 0.017316017316017316
24 0.5948979591836735 0.41143578643578643 0.01020408163265306 0.006132756132756133
24 0.5948979591836735 0.6058802308802309 0.01020408163265306 0.006132756132756133
41 0.5997448979591836 0.4004329004329004 0.0005102040816326531 0.01948051948051948
47 0.6035714285714285 0.3997113997113997 0.007142857142857143 0.017316017316017316
41 0.5997448979591836 0.5965007215007215 0.0005102040816326531 0.016233766233766232
61 0.5834183673469387 0.6060606060606061 0.005612244897959183 0.018037518037518036
26 0.6311224489795918 0.40854978354978355 0.01020408163265306 0.006132756132756133
24 0.6311224489795918 0.48214285714285715 0.01020408163265306 0.006132756132756133
24 0.6311224489795918 0.5351731601731602 0.01020408163265306 0.006132756132756133
26 0.6311224489795918 0.6091269841269841 0.01020408163265306 0.006132756132756133
41 0.635969387755102 0.39754689754689754 0.0005102040816326531 0.01948051948051948
125 0.17372448979591837 0.4240620490620491 0.1556122448979592 0.008297258297258298
41 0.5155612244897959 0.5941558441558441 0.0005102040816326531 0.013708513708513708
24 0.5423469387755102 0.6058802308802309 0.01020408163265306 0.006132756132756133
41 0.5471938775510204 0.5965007215007215 0.0005102040816326531 0.016233766233766232
63 0.5293367346938775 0.6060606060606061 0.008673469387755102 0.017316017316017316
26 0.5668367346938775 0.602994227994228 0.01020408163265306 0.006132756132756133
41 0.5716836734693878 0.5950577200577201 0.0005102040816326531 0.013347763347763348
24 0.6556122448979592 0.6058802308802309 0.01020408163265306 0.006132756132756133
41 0.6604591836734693 0.5968614718614719 0.0005102040816326531 0.015512265512265512
24 0.6801020408163265 0.41143578643578643 0.01020408163265306 0.006132756132756133
24 0.6801020408163265 0.48214285714285715 0.01020408163265306 0.006132756132756133
24 0.6801020408163265 0.5351731601731602 0.01020408163265306 0.006132756132756133
26 0.6801020408163265 0.602994227994228 0.01020408163265306 0.006132756132756133
41 0.635969387755102 0.47113997113997114 0.0005102040816326531 0.01948051948051948
41 0.6849489795918368 0.4004329004329004 0.0005102040816326531 0.01948051948051948
41 0.635969387755102 0.5241702741702742 0.0005102040816326531 0.01948051948051948
41 0.635969387755102 0.5979437229437229 0.0005102040816326531 0.01911976911976912
24 0.9306122448979591 0.6177849927849928 0.01020408163265306 0.006132756132756133
41 0.9354591836734694 0.6053391053391053 0.0005102040816326531 0.022366522366522368
63 0.9176020408163266 0.6179653679653679 0.008673469387755102 0.017316017316017316
26 0.8989795918367347 0.4024170274170274 0.01020408163265306 0.006132756132756133
26 0.8987244897959183 0.4733044733044733 0.010714285714285714 0.005772005772005772
26 0.8989795918367347 0.5261544011544012 0.01020408163265306 0.006132756132756133
26 0.8989795918367347 0.61489898989899 0.01020408163265306 0.006132756132756133
41 0.9038265306122449 0.39141414141414144 0.0005102040816326531 0.01948051948051948
41 0.9038265306122449 0.4623015873015873 0.0005102040816326531 0.01911976911976912
41 0.8938775510204081 0.5371572871572872 0.0010204081632653062 0.01948051948051948
41 0.9038265306122449 0.6033549783549783 0.0005102040816326531 0.020562770562770564
120 0.35433673469387755 0.5084776334776335 0.125 0.010461760461760462
122 0.5744897959183674 0.5284992784992785 0.10918367346938776 0.004329004329004329
120 0.5579081632653061 0.5782828282828283 0.08418367346938775 0.006493506493506494
121 0.5579081632653061 0.586940836940837 0.08418367346938775 0.0021645021645021645
120 0.5709183673469388 0.49206349206349204 0.11938775510204082 0.007215007215007215
121 0.4035714285714286 0.5142496392496393 0.026530612244897958 0.005411255411255411
121 0.3408163265306122 0.5441919191919192 0.03163265306122449 0.005411255411255411
121 0.676530612244898 0.5874819624819625 0.08061224489795918 0.003246753246753247
121 0.23494897959183675 0.455988455988456 0.031122448979591835 0.006493506493506494
121 0.17142857142857143 0.4518398268398268 0.03163265306122449 0.003246753246753247
120 0.16198979591836735 0.5744949494949495 0.10357142857142858 0.006854256854256854
125 0.15816326530612246 0.6141774891774892 0.12346938775510204 0.008297258297258298
120 0.15892857142857142 0.512085137085137 0.11377551020408164 0.008297258297258298
120 0.17346938775510204 0.4825036075036075 0.14387755102040817 0.017676767676767676
121 0.11887755102040816 0.44696969696969696 0.024489795918367346 0.002886002886002886
120 0.17525510204081632 0.38726551226551226 0.14438775510204083 0.017676767676767676
121 0.9196428571428571 0.5934343434343434 0.031122448979591835 0.002886002886002886
120 0.8846938775510204 0.5234487734487735 0.025510204081632654 0.008658008658008658
120 0.8877551020408163 0.48448773448773447 0.025510204081632654 0.00937950937950938
120 0.8872448979591837 0.41233766233766234 0.025510204081632654 0.007215007215007215
120 0.8418367346938775 0.5835137085137085 0.07244897959183673 0.007575757575757576
121 0.8418367346938775 0.5928932178932179 0.07244897959183673 0.0018037518037518038
122 0.7857142857142857 0.5322871572871573 0.014285714285714285 0.0025252525252525255
122 0.7823979591836735 0.4884559884559885 0.03214285714285714 0.0036075036075036075
124 0.7946428571428571 0.623015873015873 0.07193877551020408 0.007936507936507936
120 0.7829081632653061 0.41774891774891776 0.036224489795918365 0.005772005772005772
121 0.7553571428571428 0.5874819624819625 0.02806122448979592 0.003246753246753247
120 0.7025510204081633 0.5799062049062049 0.1326530612244898 0.007575757575757576
41 0.8053571428571429 0.6002886002886003 0.0005102040816326531 0.01443001443001443
24 0.825 0.612012987012987 0.01020408163265306 0.006132756132756133
41 0.8298469387755102 0.601911976911977 0.0005102040816326531 0.017676767676767676
87 0.8482142857142857 0.4000721500721501 0.007653061224489796 0.010822510822510822
87 0.8482142857142857 0.465007215007215 0.007653061224489796 0.010822510822510822
41 0.8053571428571429 0.47113997113997114 0.0005102040816326531 0.01948051948051948
87 0.8479591836734693 0.5180375180375181 0.00816326530612245 0.010822510822510822
41 0.8053571428571429 0.5241702741702742 0.0005102040816326531 0.01948051948051948
24 0.8732142857142857 0.612012987012987 0.010714285714285714 0.006132756132756133
41 0.8783163265306122 0.3971861471861472 0.0005102040816326531 0.01875901875901876
47 0.8821428571428571 0.39664502164502163 0.007142857142857143 0.017676767676767676
41 0.8783163265306122 0.4707792207792208 0.0005102040816326531 0.01875901875901876
47 0.8821428571428571 0.47059884559884557 0.007142857142857143 0.017676767676767676
24 0.8732142857142857 0.5351731601731602 0.010714285714285714 0.006132756132756133
61 0.8619897959183673 0.48214285714285715 0.005612244897959183 0.017676767676767676
41 0.8783163265306122 0.5241702741702742 0.0005102040816326531 0.01948051948051948
47 0.8821428571428571 0.5236291486291487 0.007142857142857143 0.017676767676767676
41 0.8783163265306122 0.601911976911977 0.0005102040816326531 0.017676767676767676
26 0.8494897959183674 0.6091269841269841 0.01020408163265306 0.006132756132756133
41 0.8543367346938775 0.6002886002886003 0.0005102040816326531 0.01443001443001443
26 0.8732142857142857 0.40854978354978355 0.010714285714285714 0.006132756132756133
24 0.8732142857142857 0.48214285714285715 0.010714285714285714 0.006132756132756133
63 0.20127551020408163 0.48214285714285715 0.008673469387755102 0.017676767676767676
41 0.21913265306122448 0.5236291486291487 0.0005102040816326531 0.0183982683982684
41 0.20918367346938777 0.5992063492063492 0.0010204081632653062 0.01948051948051948
63 0.20127551020408163 0.588023088023088 0.008673469387755102 0.017316017316017316
26 0.24591836734693878 0.4024170274170274 0.01020408163265306 0.006132756132756133
26 0.24591836734693878 0.4733044733044733 0.01020408163265306 0.005772005772005772
41 0.25076530612244896 0.39141414141414144 0.0005102040816326531 0.01948051948051948
47 0.2545918367346939 0.39087301587301587 0.007142857142857143 0.017676767676767676
41 0.1875 0.4604978354978355 0.0005102040816326531 0.015512265512265512
41 0.15586734693877552 0.5856782106782107 0.0005102040816326531 0.0183982683982684
63 0.1377551020408163 0.597041847041847 0.009183673469387756 0.017316017316017316
24 0.18239795918367346 0.47023809523809523 0.010714285714285714 0.006132756132756133
41 0.25076530612244896 0.46284271284271283 0.0005102040816326531 0.018037518037518036
63 0.16938775510204082 0.47023809523809523 0.009183673469387756 0.017676767676767676
24 0.21403061224489797 0.48214285714285715 0.010714285714285714 0.006132756132756133
24 0.21428571428571427 0.5351731601731602 0.01020408163265306 0.006132756132756133
24 0.21428571428571427 0.5882034632034632 0.01020408163265306 0.006132756132756133
41 0.21913265306122448 0.4696969696969697 0.0005102040816326531 0.022366522366522368
41 0.29668367346938773 0.455988455988456 0.0005102040816326531 0.01875901875901876
41 0.2864795918367347 0.5315656565656566 0.0005102040816326531 0.01911976911976912
41 0.5160714285714286 0.5234487734487735 0.0005102040816326531 0.018037518037518036
63 0.2783163265306122 0.5202020202020202 0.008673469387755102 0.017316017316017316
41 0.29668367346938773 0.5887445887445888 0.0005102040816326531 0.01875901875901876
26 0.29158163265306125 0.46735209235209235 0.010714285714285714 0.006132756132756133
63 0.2329081632653061 0.4733044733044733 0.008673469387755102 0.017316017316017316
24 0.29158163265306125 0.3933982683982684 0.010714285714285714 0.006132756132756133
93 0.2892857142857143 0.4235209235209235 0.0163265306122449 0.010101010101010102
74 0.29158163265306125 0.38167388167388167 0.009693877551020408 0.0007215007215007215
72 0.29158163265306125 0.38455988455988455 0.002551020408163265 0.0021645021645021645
41 0.15586734693877552 0.5209235209235209 0.0005102040816326531 0.01875901875901876
93 0.2892857142857143 0.4855699855699856 0.0163265306122449 0.010101010101010102
26 0.29158163265306125 0.5203823953823954 0.010714285714285714 0.006132756132756133
93 0.2892857142857143 0.5505050505050505 0.0163265306122449 0.010101010101010102
24 0.29158163265306125 0.6001082251082251 0.010714285714285714 0.006132756132756133
93 0.2892857142857143 0.6154401154401155 0.0163265306122449 0.010101010101010102
74 0.29158163265306125 0.5775613275613276 0.009693877551020408 0.0007215007215007215
41 0.2864795918367347 0.40440115440115443 0.0005102040816326531 0.01948051948051948
5 0.06505102040816327 0.3986291486291486 0.020918367346938777 0.04329004329004329
5 0.06505102040816327 0.46356421356421357 0.020918367346938777 0.04329004329004329
6 0.06581632653061224 0.5292207792207793 0.022448979591836733 0.023809523809523808
8 0.06505102040816327 0.5910894660894661 0.02193877551020408 0.0183982683982684
24 0.10178571428571428 0.38762626262626265 0.010714285714285714 0.006132756132756133
26 0.10178571428571428 0.46735209235209235 0.010714285714285714 0.006132756132756133
26 0.10178571428571428 0.5261544011544012 0.010714285714285714 0.006132756132756133
120 0.09209183673469387 0.37896825396825395 0.020918367346938777 0.00468975468975469
124 0.9058673469387755 0.41955266955266957 0.0760204081632653 0.007936507936507936
124 0.9058673469387755 0.4926046176046176 0.0760204081632653 0.008297258297258298
124 0.9058673469387755 0.5523088023088023 0.0760204081632653 0.007936507936507936
120 0.9272959183673469 0.5865800865800865 0.04642857142857143 0.005772005772005772
26 0.15076530612244898 0.39664502164502163 0.010714285714285714 0.006132756132756133
26 0.15076530612244898 0.46735209235209235 0.010714285714285714 0.006132756132756133
26 0.15076530612244898 0.5322871572871573 0.010714285714285714 0.006132756132756133
26 0.15076530612244898 0.597041847041847 0.010714285714285714 0.005772005772005772
40 0.16198979591836735 0.39646464646464646 0.0035714285714285713 0.0021645021645021645
41 0.14566326530612245 0.40764790764790765 0.0005102040816326531 0.01948051948051948
41 0.13137755102040816 0.45454545454545453 0.0005102040816326531 0.015873015873015872
63 0.1377551020408163 0.39646464646464646 0.009183673469387756 0.017316017316017316
41 0.15586734693877552 0.4588744588744589 0.0005102040816326531 0.01443001443001443
24 0.10178571428571428 0.6001082251082251 0.010714285714285714 0.006132756132756133
41 0.09668367346938775 0.3986291486291486 0.0005102040816326531 0.01948051948051948
63 0.08852040816326531 0.38762626262626265 0.008673469387755102 0.017676767676767676
41 0.10688775510204082 0.4568903318903319 0.0005102040816326531 0.0183982683982684
41 0.09668367346938775 0.5371572871572872 0.0005102040816326531 0.01948051948051948
41 0.10688775510204082 0.5891053391053391 0.0005102040816326531 0.01948051948051948
24 0.12627551020408162 0.46446608946608947 0.010714285714285714 0.006132756132756133
41 0.4625 0.5265151515151515 0.0005102040816326531 0.0183982683982684
47 0.4663265306122449 0.5265151515151515 0.007142857142857143 0.017676767676767676
47 0.46658163265306124 0.4677128427128427 0.0066326530612244895 0.016955266955266956
63 0.4446428571428571 0.5382395382395382 0.008673469387755102 0.017316017316017316
41 0.4625 0.6004689754689755 0.0005102040816326531 0.0183982683982684
47 0.4663265306122449 0.6002886002886003 0.007142857142857143 0.017316017316017316
24 0.4576530612244898 0.41143578643578643 0.01020408163265306 0.006132756132756133
26 0.4576530612244898 0.47925685425685427 0.01020408163265306 0.006132756132756133
26 0.4576530612244898 0.538059163059163 0.01020408163265306 0.006132756132756133
24 0.4576530612244898 0.612012987012987 0.01020408163265306 0.006132756132756133
41 0.4625 0.4004329004329004 0.0005102040816326531 0.01948051948051948
47 0.4663265306122449 0.3997113997113997 0.007142857142857143 0.017316017316017316
41 0.4625 0.46825396825396826 0.0005102040816326531 0.01948051948051948
41 0.5155612244897959 0.4000721500721501 0.0005102040816326531 0.01875901875901876
24 0.5104591836734694 0.41143578643578643 0.010714285714285714 0.006132756132756133
28 0.5107142857142857 0.48214285714285715 0.011224489795918367 0.006132756132756133
28 0.5107142857142857 0.5351731601731602 0.011224489795918367 0.006132756132756133
26 0.5104591836734694 0.602994227994228 0.010714285714285714 0.006132756132756133
40 0.5216836734693877 0.4083694083694084 0.0035714285714285713 0.0021645021645021645
41 0.5160714285714286 0.47095959595959597 0.0005102040816326531 0.01911976911976912
63 0.49744897959183676 0.48214285714285715 0.009183673469387756 0.017676767676767676
87 0.4818877551020408 0.5827922077922078 0.007653061224489796 0.010461760461760462
87 0.4818877551020408 0.4000721500721501 0.007653061224489796 0.010822510822510822
87 0.48214285714285715 0.465007215007215 0.00816326530612245 0.010822510822510822
87 0.4818877551020408 0.5180375180375181 0.007653061224489796 0.010822510822510822
40 0.3410714285714286 0.46735209235209235 0.0035714285714285713 0.0025252525252525255
41 0.3349489795918367 0.455988455988456 0.0005102040816326531 0.01875901875901876
41 0.325 0.5335497835497836 0.0010204081632653062 0.017316017316017316
63 0.3168367346938776 0.39646464646464646 0.009183673469387756 0.017316017316017316
40 0.3410714285714286 0.5910894660894661 0.0035714285714285713 0.0025252525252525255
41 0.325 0.6022727272727273 0.0010204081632653062 0.01911976911976912
24 0.36147959183673467 0.5290404040404041 0.010714285714285714 0.006132756132756133
41 0.3566326530612245 0.5382395382395382 0.0010204081632653062 0.015151515151515152
26 0.3298469387755102 0.39664502164502163 0.010714285714285714 0.006132756132756133
26 0.3298469387755102 0.46735209235209235 0.010714285714285714 0.006132756132756133
24 0.3298469387755102 0.5232683982683982 0.010714285714285714 0.006132756132756133
26 0.3298469387755102 0.5910894660894661 0.010714285714285714 0.006132756132756133
40 0.3410714285714286 0.39646464646464646 0.0035714285714285713 0.0021645021645021645
41 0.325 0.40764790764790765 0.0010204081632653062 0.01948051948051948
41 0.41709183673469385 0.465007215007215 0.0005102040816326531 0.01875901875901876
47 0.42091836734693877 0.3917748917748918 0.006122448979591836 0.015873015873015872
41 0.41709183673469385 0.39105339105339104 0.0005102040816326531 0.01875901875901876
87 0.4107142857142857 0.5827922077922078 0.00816326530612245 0.010461760461760462
24 0.4119897959183674 0.5290404040404041 0.010714285714285714 0.006132756132756133
24 0.4119897959183674 0.4763708513708514 0.010714285714285714 0.006132756132756133
26 0.4119897959183674 0.4024170274170274 0.010714285714285714 0.006132756132756133
41 0.3903061224489796 0.5248917748917749 0.0010204081632653062 0.017316017316017316
47 0.42066326530612247 0.46464646464646464 0.0066326530612244895 0.017316017316017316
63 0.34846938775510206 0.5292207792207793 0.009183673469387756 0.017316017316017316
24 0.3854591836734694 0.5351731601731602 0.010714285714285714 0.006132756132756133
41 0.41709183673469385 0.5202020202020202 0.0005102040816326531 0.015151515151515152
134 0.4997448979591837 0.7400793650793651 0.9045918367346939 0.024170274170274172
134 0.4997448979591837 0.8697691197691197 0.9045918367346939 0.023809523809523808
1 0.9362244897959183 0.8878066378066378 0.014285714285714285 0.0007215007215007215
1 0.9089285714285714 0.8878066378066378 0.015816326530612244 0.0007215007215007215
1 0.8237244897959184 0.8878066378066378 0.01683673469387755 0.0007215007215007215
1 0.7844387755102041 0.8878066378066378 0.01479591836734694 0.0007215007215007215
1 0.7257653061224489 0.8878066378066378 0.01479591836734694 0.0007215007215007215
1 0.6928571428571428 0.8878066378066378 0.0163265306122449 0.0007215007215007215
1 0.8232142857142857 0.9166666666666666 0.015816326530612244 0.0007215007215007215
1 0.38443877551020406 0.9525613275613276 0.015816326530612244 0.0010822510822510823
1 0.38443877551020406 0.9585137085137085 0.015816326530612244 0.0007215007215007215
1 0.3349489795918367 0.9525613275613276 0.015816326530612244 0.0010822510822510823
1 0.3349489795918367 0.9585137085137085 0.015816326530612244 0.0007215007215007215
1 0.2443877551020408 0.9525613275613276 0.0163265306122449 0.0010822510822510823
1 0.2443877551020408 0.9585137085137085 0.0163265306122449 0.0007215007215007215
1 0.14770408163265306 0.9525613275613276 0.015816326530612244 0.0010822510822510823
1 0.14770408163265306 0.9585137085137085 0.015816326530612244 0.0007215007215007215
1 0.1278061224489796 0.9525613275613276 0.01479591836734694 0.0010822510822510823
1 0.10178571428571428 0.9525613275613276 0.015816326530612244 0.0010822510822510823
1 0.9359693877551021 0.7579365079365079 0.01479591836734694 0.0007215007215007215
1 0.8239795918367347 0.7579365079365079 0.014285714285714285 0.0007215007215007215
1 0.7839285714285714 0.7579365079365079 0.015816326530612244 0.0007215007215007215
1 0.7642857142857142 0.7579365079365079 0.0163265306122449 0.0007215007215007215
1 0.7446428571428572 0.7579365079365079 0.015816326530612244 0.0007215007215007215
1 0.725 0.7579365079365079 0.0163265306122449 0.0007215007215007215
1 0.6928571428571428 0.7579365079365079 0.0163265306122449 0.0007215007215007215
1 0.674234693877551 0.7579365079365079 0.015816326530612244 0.0007215007215007215
134 0.4997448979591837 0.9345238095238095 0.9045918367346939 0.024170274170274172
1 0.9354591836734694 0.8228715728715729 0.015816326530612244 0.0007215007215007215
1 0.9354591836734694 0.8288239538239538 0.015816326530612244 0.0010822510822510823
1 0.8892857142857142 0.8228715728715729 0.0163265306122449 0.0007215007215007215
1 0.8892857142857142 0.8288239538239538 0.0163265306122449 0.0010822510822510823
1 0.8696428571428572 0.8228715728715729 0.015816326530612244 0.0007215007215007215
1 0.8701530612244898 0.8288239538239538 0.01479591836734694 0.0010822510822510823
1 0.8428571428571429 0.8228715728715729 0.0163265306122449 0.0007215007215007215
1 0.8428571428571429 0.8288239538239538 0.0163265306122449 0.0010822510822510823
1 0.8232142857142857 0.8228715728715729 0.015816326530612244 0.0007215007215007215
1 0.7839285714285714 0.8228715728715729 0.015816326530612244 0.0007215007215007215
1 0.7839285714285714 0.8288239538239538 0.015816326530612244 0.0010822510822510823
1 0.7642857142857142 0.8228715728715729 0.0163265306122449 0.0007215007215007215
1 0.7642857142857142 0.8288239538239538 0.0163265306122449 0.0010822510822510823
1 0.7446428571428572 0.8228715728715729 0.015816326530612244 0.0007215007215007215
1 0.7446428571428572 0.8288239538239538 0.015816326530612244 0.0010822510822510823
1 0.725 0.8228715728715729 0.0163265306122449 0.0007215007215007215
1 0.725 0.8288239538239538 0.0163265306122449 0.0010822510822510823
1 0.6928571428571428 0.8228715728715729 0.0163265306122449 0.0007215007215007215
1 0.6928571428571428 0.8288239538239538 0.0163265306122449 0.0010822510822510823
1 0.674234693877551 0.8228715728715729 0.015816326530612244 0.0007215007215007215
1 0.674234693877551 0.8288239538239538 0.015816326530612244 0.0010822510822510823
1 0.6441326530612245 0.8228715728715729 0.015816326530612244 0.0007215007215007215
1 0.6441326530612245 0.8288239538239538 0.015816326530612244 0.0010822510822510823
1 0.6247448979591836 0.8228715728715729 0.015816326530612244 0.0007215007215007215
1 0.6247448979591836 0.8288239538239538 0.015816326530612244 0.0010822510822510823
1 0.6051020408163266 0.8228715728715729 0.0163265306122449 0.0007215007215007215
1 0.6051020408163266 0.8288239538239538 0.0163265306122449 0.0010822510822510823
1 0.5854591836734694 0.8228715728715729 0.015816326530612244 0.0007215007215007215
1 0.49464285714285716 0.8228715728715729 0.01479591836734694 0.0007215007215007215
1 0.4688775510204082 0.8228715728715729 0.0163265306122449 0.0007215007215007215
1 0.449234693877551 0.8228715728715729 0.015816326530612244 0.0007215007215007215
134 0.4997448979591837 0.80501443001443 0.9045918367346939 0.024170274170274172
24 0.725 0.8288239538239538 0.01020408163265306 0.006132756132756133
41 0.7298469387755102 0.7472943722943723 0.0005102040816326531 0.016233766233766232
86 0.7232142857142857 0.9217171717171717 0.008673469387755102 0.016594516594516596
24 0.725 0.8876262626262627 0.01020408163265306 0.006132756132756133
24 0.725 0.7581168831168831 0.01020408163265306 0.006132756132756133
125 0.17831632653061225 0.7658730158730159 0.07295918367346939 0.007936507936507936
47 0.7017857142857142 0.8795093795093795 0.0066326530612244895 0.016594516594516596
41 0.6977040816326531 0.8791486291486291 0.0005102040816326531 0.018037518037518036
41 0.7298469387755102 0.8158369408369408 0.0005102040816326531 0.023448773448773448
40 0.7362244897959184 0.8847402597402597 0.003061224489795918 0.0025252525252525255
41 0.7298469387755102 0.8766233766233766 0.0005102040816326531 0.01948051948051948
26 0.6928571428571428 0.8317099567099567 0.01020408163265306 0.006132756132756133
26 0.6928571428571428 0.761002886002886 0.01020408163265306 0.006132756132756133
26 0.6928571428571428 0.8905122655122655 0.01020408163265306 0.006132756132756133
93 0.690561224489796 0.902958152958153 0.015816326530612244 0.010101010101010102
41 0.6977040816326531 0.7505411255411255 0.0005102040816326531 0.0183982683982684
41 0.6977040816326531 0.8183621933621934 0.0005102040816326531 0.024170274170274172
41 0.7887755102040817 0.7498196248196248 0.0010204081632653062 0.01911976911976912
41 0.7594387755102041 0.9341630591630592 0.0005102040816326531 0.0183982683982684
26 0.7839285714285714 0.761002886002886 0.010714285714285714 0.006132756132756133
26 0.7839285714285714 0.8317099567099567 0.010714285714285714 0.006132756132756133
26 0.7839285714285714 0.8905122655122655 0.010714285714285714 0.006132756132756133
41 0.7887755102040817 0.8178210678210678 0.0010204081632653062 0.025252525252525252
41 0.7887755102040817 0.8796897546897547 0.0010204081632653062 0.01911976911976912
47 0.7923469387755102 0.878968253968254 0.007142857142857143 0.017676767676767676
26 0.7446428571428572 0.761002886002886 0.010714285714285714 0.006132756132756133
26 0.7446428571428572 0.8317099567099567 0.010714285714285714 0.006132756132756133
41 0.7497448979591836 0.75 0.0005102040816326531 0.01948051948051948
41 0.7497448979591836 0.8178210678210678 0.0005102040816326531 0.025252525252525252
59 0.7127551020408164 0.884018759018759 0.007142857142857143 0.01479076479076479
24 0.7642857142857142 0.7581168831168831 0.01020408163265306 0.006132756132756133
24 0.7642857142857142 0.8288239538239538 0.01020408163265306 0.006132756132756133
24 0.7642857142857142 0.9226190476190477 0.01020408163265306 0.006132756132756133
7 0.747704081632653 0.9285714285714286 0.017857142857142856 0.01875901875901876
41 0.7691326530612245 0.748015873015873 0.0005102040816326531 0.017676767676767676
41 0.7691326530612245 0.8158369408369408 0.0005102040816326531 0.023448773448773448
24 0.5854591836734694 0.7462121212121212 0.010714285714285714 0.006132756132756133
93 0.5831632653061225 0.7640692640692641 0.0163265306122449 0.010101010101010102
26 0.5854591836734694 0.825937950937951 0.010714285714285714 0.006132756132756133
93 0.5831632653061225 0.8437950937950938 0.0163265306122449 0.010101010101010102
41 0.5905612244897959 0.737012987012987 0.0005102040816326531 0.015151515151515152
41 0.5905612244897959 0.814935064935065 0.0005102040816326531 0.01948051948051948
26 0.6051020408163266 0.7490981240981242 0.01020408163265306 0.006132756132756133
24 0.6051020408163266 0.8288239538239538 0.01020408163265306 0.006132756132756133
41 0.6099489795918367 0.7391774891774892 0.0005102040816326531 0.017316017316017316
41 0.6099489795918367 0.8169191919191919 0.0005102040816326531 0.021284271284271284
28 0.5607142857142857 0.9345238095238095 0.011224489795918367 0.006132756132756133
67 0.5275510204081633 0.937049062049062 0.007142857142857143 0.01479076479076479
121 0.11938775510204082 0.9347041847041847 0.025510204081632654 0.0021645021645021645
120 0.1357142857142857 0.7334054834054834 0.02040816326530612 0.006493506493506494
40 0.5721938775510204 0.9316378066378066 0.0035714285714285713 0.0025252525252525255
41 0.5553571428571429 0.9453463203463204 0.0005102040816326531 0.017676767676767676
59 0.5479591836734694 0.9310966810966811 0.007142857142857143 0.01443001443001443
87 0.672704081632653 0.8585858585858586 0.007653061224489796 0.010822510822510822
86 0.6724489795918367 0.9217171717171717 0.00816326530612245 0.016594516594516596
41 0.6790816326530612 0.7478354978354979 0.0010204081632653062 0.017316017316017316
41 0.6790816326530612 0.8156565656565656 0.0010204081632653062 0.023088023088023088
24 0.674234693877551 0.8288239538239538 0.010714285714285714 0.006132756132756133
63 0.7706632653061225 0.8906926406926406 0.008673469387755102 0.017316017316017316
26 0.6247448979591836 0.7490981240981242 0.010714285714285714 0.006132756132756133
24 0.6247448979591836 0.8288239538239538 0.010714285714285714 0.006132756132756133
41 0.6295918367346939 0.7404401154401155 0.0010204081632653062 0.01479076479076479
41 0.6295918367346939 0.8158369408369408 0.0010204081632653062 0.023448773448773448
24 0.6441326530612245 0.751984126984127 0.010714285714285714 0.006132756132756133
26 0.6441326530612245 0.8317099567099567 0.010714285714285714 0.006132756132756133
41 0.6492346938775511 0.7424242424242424 0.0005102040816326531 0.016594516594516596
41 0.6492346938775511 0.8178210678210678 0.0005102040816326531 0.025252525252525252
24 0.674234693877551 0.7581168831168831 0.010714285714285714 0.006132756132756133
121 0.9270408163265306 0.8697691197691197 0.026530612244897958 0.0021645021645021645
122 0.8698979591836735 0.8811327561327561 0.07448979591836735 0.003968253968253968
120 0.8558673469387755 0.8367604617604618 0.06581632653061224 0.009018759018759018
121 0.8614795918367347 0.8048340548340548 0.06581632653061224 0.0021645021645021645
120 0.8563775510204081 0.76497113997114 0.06581632653061224 0.007575757575757576
121 0.8614795918367347 0.7346681096681097 0.06581632653061224 0.003246753246753247
120 0.8168367346938775 0.911976911976912 0.10510204081632653 0.008658008658008658
121 0.7790816326530612 0.8042929292929293 0.019387755102040816 0.003246753246753247
121 0.7790816326530612 0.7395382395382395 0.019387755102040816 0.002886002886002886
120 0.7642857142857142 0.8403679653679653 0.03877551020408163 0.00468975468975469
120 0.7642857142857142 0.7694805194805194 0.03877551020408163 0.004329004329004329
24 0.9354591836734694 0.7581168831168831 0.010714285714285714 0.006132756132756133
24 0.9357142857142857 0.8288239538239538 0.01020408163265306 0.006132756132756133
24 0.9354591836734694 0.8876262626262627 0.010714285714285714 0.006132756132756133
41 0.940561224489796 0.7471139971139971 0.0005102040816326531 0.01948051948051948
47 0.9443877551020409 0.7462121212121212 0.007142857142857143 0.017676767676767676
61 0.924234693877551 0.7579365079365079 0.005612244897959183 0.018037518037518036
41 0.940561224489796 0.8163780663780664 0.0005102040816326531 0.022366522366522368
47 0.9443877551020409 0.814033189033189 0.007142857142857143 0.017676767676767676
120 0.7341836734693877 0.8373015873015873 0.019387755102040816 0.004329004329004329
41 0.940561224489796 0.8782467532467533 0.0005102040816326531 0.016233766233766232
63 0.9224489795918367 0.8876262626262627 0.009183673469387756 0.017676767676767676
121 0.4017857142857143 0.7305194805194806 0.025 0.006493506493506494
120 0.4448979591836735 0.8515512265512265 0.019387755102040816 0.003246753246753247
121 0.4443877551020408 0.8573232323232324 0.019387755102040816 0.003246753246753247
121 0.4443877551020408 0.8042929292929293 0.019387755102040816 0.003246753246753247
121 0.4443877551020408 0.7287157287157288 0.019387755102040816 0.002886002886002886
122 0.4229591836734694 0.9323593073593074 0.01020408163265306 0.0018037518037518038
120 0.4290816326530612 0.8291847041847041 0.03877551020408163 0.006132756132756133
120 0.42959183673469387 0.7586580086580087 0.03877551020408163 0.005772005772005772
121 0.4017857142857143 0.9255050505050505 0.025 0.00974025974025974
120 0.4017857142857143 0.8468614718614719 0.025 0.003246753246753247
121 0.4017857142857143 0.852994227994228 0.025 0.0018037518037518038
120 0.39693877551020407 0.8277417027417028 0.024489795918367346 0.003246753246753247
121 0.4017857142857143 0.8001443001443002 0.025 0.0021645021645021645
122 0.36301020408163265 0.9522005772005772 0.039285714285714285 0.003968253968253968
122 0.3596938775510204 0.7490981240981242 0.04591836734693878 0.003968253968253968
120 0.35 0.8468614718614719 0.019387755102040816 0.003246753246753247
121 0.3494897959183674 0.8524531024531025 0.019387755102040816 0.002886002886002886
120 0.3438775510204082 0.8253968253968254 0.019387755102040816 0.004329004329004329
121 0.3494897959183674 0.7996031746031746 0.019387755102040816 0.003246753246753247
120 0.3270408163265306 0.9388528138528138 0.02040816326530612 0.01479076479076479
120 0.32602040816326533 0.7528860028860029 0.02040816326530612 0.006493506493506494
120 0.27933673469387754 0.8587662337662337 0.06989795918367347 0.006854256854256854
121 0.27448979591836736 0.8876262626262627 0.06938775510204082 0.0018037518037518038
120 0.27908163265306124 0.8241341991341992 0.06938775510204082 0.007575757575757576
121 0.2841836734693878 0.7977994227994228 0.06938775510204082 0.0018037518037518038
120 0.23418367346938776 0.9402958152958153 0.024489795918367346 0.017676767676767676
121 0.7397959183673469 0.8042929292929293 0.019387755102040816 0.003246753246753247
120 0.7341836734693877 0.7665945165945166 0.019387755102040816 0.004329004329004329
121 0.7397959183673469 0.7395382395382395 0.019387755102040816 0.002886002886002886
120 0.7173469387755103 0.8793290043290043 0.018367346938775512 0.00468975468975469
120 0.6826530612244898 0.8373015873015873 0.018367346938775512 0.004329004329004329
121 0.6885204081632653 0.8042929292929293 0.018877551020408164 0.003246753246753247
120 0.6826530612244898 0.7665945165945166 0.018367346938775512 0.004329004329004329
121 0.6885204081632653 0.7395382395382395 0.018877551020408164 0.002886002886002886
120 0.6336734693877552 0.8373015873015873 0.019387755102040816 0.004329004329004329
121 0.6392857142857142 0.8042929292929293 0.019387755102040816 0.003246753246753247
120 0.6336734693877552 0.7575757575757576 0.019387755102040816 0.004329004329004329
121 0.6392857142857142 0.7335858585858586 0.019387755102040816 0.003246753246753247
63 0.8956632653061225 0.9197330447330447 0.008673469387755102 0.017676767676767676
120 0.5943877551020408 0.8344155844155844 0.019387755102040816 0.004329004329004329
121 0.6002551020408163 0.8042929292929293 0.01989795918367347 0.003246753246753247
120 0.5948979591836735 0.7552308802308803 0.019387755102040816 0.003968253968253968
121 0.6002551020408163 0.7287157287157288 0.01989795918367347 0.002886002886002886
84 0.5959183673469388 0.8596681096681097 0.012244897959183673 0.0036075036075036075
120 0.5346938775510204 0.9242424242424242 0.05102040816326531 0.007936507936507936
120 0.48673469387755103 0.8526334776334776 0.024489795918367346 0.003968253968253968
121 0.48647959183673467 0.8584054834054834 0.025 0.003246753246753247
120 0.48086734693877553 0.8315295815295816 0.025 0.005050505050505051
121 0.48647959183673467 0.8042929292929293 0.025 0.003246753246753247
121 0.48647959183673467 0.7335858585858586 0.025 0.003246753246753247
120 0.4711734693877551 0.7586580086580087 0.044387755102040814 0.006493506493506494
125 0.17831632653061225 0.827020202020202 0.07295918367346939 0.008297258297258298
41 0.8186224489795918 0.9283910533910534 0.0005102040816326531 0.0183982683982684
120 0.1767857142857143 0.818001443001443 0.058673469387755105 0.007575757575757576
121 0.17219387755102042 0.8816738816738817 0.058673469387755105 0.0021645021645021645
26 0.8428571428571429 0.7548701298701299 0.01020408163265306 0.006132756132756133
125 0.17831632653061225 0.8910533910533911 0.07295918367346939 0.007936507936507936
24 0.8428571428571429 0.8288239538239538 0.01020408163265306 0.006132756132756133
41 0.8477040816326531 0.7444083694083694 0.0005102040816326531 0.0183982683982684
41 0.8477040816326531 0.8163780663780664 0.0005102040816326531 0.022366522366522368
120 0.2329081632653061 0.7276334776334776 0.02295918367346939 0.0036075036075036075
24 0.823469387755102 0.7581168831168831 0.01020408163265306 0.006132756132756133
26 0.823469387755102 0.825937950937951 0.01020408163265306 0.006132756132756133
28 0.8237244897959184 0.8876262626262627 0.010714285714285714 0.006132756132756133
24 0.823469387755102 0.9168470418470418 0.01020408163265306 0.006132756132756133
41 0.8283163265306123 0.7462121212121212 0.0005102040816326531 0.021284271284271284
63 0.8104591836734694 0.7579365079365079 0.008673469387755102 0.017316017316017316
41 0.8283163265306123 0.814935064935065 0.0005102040816326531 0.01948051948051948
121 0.1818877551020408 0.7918470418470418 0.058673469387755105 0.0021645021645021645
41 0.8288265306122449 0.8764430014430015 0.0005102040816326531 0.01911976911976912
41 0.8941326530612245 0.8158369408369408 0.0005102040816326531 0.021284271284271284
87 0.9073979591836735 0.7406204906204906 0.007653061224489796 0.010822510822510822
87 0.9076530612244897 0.8055555555555556 0.00816326530612245 0.010822510822510822
24 0.9089285714285714 0.8876262626262627 0.010714285714285714 0.006132756132756133
26 0.9089285714285714 0.9197330447330447 0.010714285714285714 0.006132756132756133
41 0.9137755102040817 0.8782467532467533 0.0010204081632653062 0.016233766233766232
41 0.9038265306122449 0.9307359307359307 0.0005102040816326531 0.01948051948051948
120 0.17729591836734693 0.8531746031746031 0.058673469387755105 0.006493506493506494
24 0.8696428571428572 0.751984126984127 0.010714285714285714 0.006132756132756133
26 0.8696428571428572 0.8317099567099567 0.010714285714285714 0.006132756132756133
26 0.8696428571428572 0.9197330447330447 0.010714285714285714 0.006132756132756133
41 0.8747448979591836 0.7426046176046176 0.0005102040816326531 0.016233766233766232
125 0.17831632653061225 0.9695165945165946 0.07295918367346939 0.008297258297258298
41 0.8747448979591836 0.8178210678210678 0.0005102040816326531 0.025252525252525252
63 0.8566326530612245 0.8317099567099567 0.009183673469387756 0.017676767676767676
41 0.8645408163265306 0.9307359307359307 0.0005102040816326531 0.01948051948051948
26 0.8892857142857142 0.7548701298701299 0.01020408163265306 0.006132756132756133
24 0.8892857142857142 0.8288239538239538 0.01020408163265306 0.006132756132756133
41 0.8941326530612245 0.7438672438672439 0.0005102040816326531 0.01948051948051948
41 0.20127551020408163 0.8737373737373737 0.0005102040816326531 0.015873015873015872
41 0.2114795918367347 0.9262265512265512 0.0005102040816326531 0.0183982683982684
47 0.2153061224489796 0.9258658008658008 0.007142857142857143 0.017676767676767676
24 0.2443877551020408 0.7400793650793651 0.01020408163265306 0.006132756132756133
26 0.2443877551020408 0.814033189033189 0.01020408163265306 0.006132756132756133
24 0.2443877551020408 0.8699494949494949 0.01020408163265306 0.006132756132756133
24 0.2443877551020408 0.9583333333333334 0.01020408163265306 0.006132756132756133
40 0.2556122448979592 0.737012987012987 0.003061224489795918 0.0021645021645021645
41 0.23954081632653063 0.7505411255411255 0.0005102040816326531 0.0183982683982684
59 0.23214285714285715 0.7364718614718615 0.007142857142857143 0.01479076479076479
41 0.249234693877551 0.8053751803751804 0.0005102040816326531 0.01479076479076479
26 0.186734693877551 0.8079004329004329 0.01020408163265306 0.006132756132756133
26 0.186734693877551 0.8609307359307359 0.01020408163265306 0.006132756132756133
41 0.19183673469387755 0.7994227994227994 0.0010204081632653062 0.01443001443001443
41 0.1818877551020408 0.8719336219336219 0.0005102040816326531 0.01948051948051948
24 0.20637755102040817 0.7462121212121212 0.010714285714285714 0.006132756132756133
24 0.20637755102040817 0.8107864357864358 0.010714285714285714 0.006132756132756133
24 0.20637755102040817 0.8638167388167388 0.010714285714285714 0.006132756132756133
26 0.20637755102040817 0.9377705627705628 0.010714285714285714 0.006132756132756133
41 0.2114795918367347 0.73502886002886 0.0005102040816326531 0.01911976911976912
47 0.2153061224489796 0.7343073593073594 0.007142857142857143 0.017676767676767676
41 0.2114795918367347 0.8008658008658008 0.0005102040816326531 0.017316017316017316
41 0.26607142857142857 0.8795093795093795 0.0005102040816326531 0.015873015873015872
63 0.25816326530612244 0.8697691197691197 0.009183673469387756 0.017316017316017316
26 0.29081632653061223 0.814033189033189 0.01020408163265306 0.006132756132756133
26 0.29081632653061223 0.8667027417027418 0.01020408163265306 0.006132756132756133
41 0.29566326530612247 0.8053751803751804 0.0005102040816326531 0.01479076479076479
41 0.27627551020408164 0.8064574314574314 0.0005102040816326531 0.016955266955266956
41 0.28596938775510206 0.8777056277056277 0.0005102040816326531 0.01948051948051948
67 0.5275510204081633 0.8692279942279942 0.007142857142857143 0.01479076479076479
26 0.314030612244898 0.7490981240981242 0.010714285714285714 0.006132756132756133
24 0.314030612244898 0.8169191919191919 0.010714285714285714 0.006132756132756133
24 0.314030612244898 0.8699494949494949 0.010714285714285714 0.006132756132756133
26 0.314030612244898 0.9377705627705628 0.010714285714285714 0.006132756132756133
41 0.3191326530612245 0.7380952380952381 0.0005102040816326531 0.01948051948051948
41 0.23954081632653063 0.8793290043290043 0.0005102040816326531 0.016233766233766232
40 0.2556122448979592 0.9556277056277056 0.003061224489795918 0.0021645021645021645
41 0.249234693877551 0.9458874458874459 0.0005102040816326531 0.022366522366522368
41 0.1625 0.8739177489177489 0.0005102040816326531 0.015512265512265512
24 0.2711734693877551 0.8169191919191919 0.010714285714285714 0.006132756132756133
24 0.2711734693877551 0.8699494949494949 0.010714285714285714 0.006132756132756133
87 0.10051020408163265 0.7406204906204906 0.00816326530612245 0.010822510822510822
87 0.10051020408163265 0.8055555555555556 0.00816326530612245 0.010822510822510822
87 0.10051020408163265 0.8585858585858586 0.00816326530612245 0.010822510822510822
26 0.10178571428571428 0.9554473304473304 0.010714285714285714 0.006132756132756133
41 0.10688775510204082 0.9444444444444444 0.0005102040816326531 0.01948051948051948
26 0.1270408163265306 0.7429653679653679 0.01020408163265306 0.006132756132756133
93 0.12474489795918367 0.7613636363636364 0.015816326530612244 0.00974025974025974
120 0.10688775510204082 0.9274891774891775 0.050510204081632655 0.005050505050505051
120 0.9298469387755102 0.911075036075036 0.0413265306122449 0.00468975468975469
26 0.1270408163265306 0.814033189033189 0.01020408163265306 0.006132756132756133
5 0.06505102040816327 0.7395382395382395 0.020918367346938777 0.04329004329004329
5 0.06505102040816327 0.8041125541125541 0.020918367346938777 0.04329004329004329
6 0.06581632653061224 0.8697691197691197 0.022448979591836733 0.023809523809523808
8 0.06505102040816327 0.9316378066378066 0.02193877551020408 0.0183982683982684
40 0.15892857142857142 0.737012987012987 0.0035714285714285713 0.0021645021645021645
41 0.14260204081632652 0.7485569985569985 0.0005102040816326531 0.01875901875901876
41 0.1528061224489796 0.799062049062049 0.0005102040816326531 0.013708513708513708
41 0.14260204081632652 0.8722943722943723 0.0005102040816326531 0.01875901875901876
24 0.14770408163265306 0.9583333333333334 0.010714285714285714 0.006132756132756133
40 0.15892857142857142 0.9556277056277056 0.0035714285714285713 0.0021645021645021645
41 0.1528061224489796 0.9458874458874459 0.0005102040816326531 0.022366522366522368
24 0.1673469387755102 0.8107864357864358 0.01020408163265306 0.006132756132756133
24 0.1673469387755102 0.8638167388167388 0.01020408163265306 0.006132756132756133
41 0.17219387755102042 0.8008658008658008 0.0005102040816326531 0.017316017316017316
41 0.13188775510204082 0.8612914862914863 0.0005102040816326531 0.0183982683982684
93 0.12474489795918367 0.8261183261183261 0.015816326530612244 0.010101010101010102
26 0.1270408163265306 0.8728354978354979 0.01020408163265306 0.006132756132756133
93 0.12474489795918367 0.8910533910533911 0.015816326530612244 0.010101010101010102
26 0.1270408163265306 0.9554473304473304 0.01020408163265306 0.006132756132756133
41 0.13188775510204082 0.7319624819624819 0.0005102040816326531 0.01948051948051948
47 0.1357142857142857 0.7314213564213564 0.007142857142857143 0.017676767676767676
41 0.13188775510204082 0.803030303030303 0.0005102040816326531 0.01948051948051948
47 0.1357142857142857 0.8021284271284271 0.007142857142857143 0.017676767676767676
47 0.1357142857142857 0.8611111111111112 0.007142857142857143 0.017316017316017316
41 0.13188775510204082 0.9444444444444444 0.0005102040816326531 0.01948051948051948
59 0.11479591836734694 0.9518398268398268 0.007142857142857143 0.01479076479076479
26 0.14770408163265306 0.7371933621933622 0.010714285714285714 0.006132756132756133
26 0.14770408163265306 0.8079004329004329 0.010714285714285714 0.006132756132756133
26 0.14770408163265306 0.8609307359307359 0.010714285714285714 0.006132756132756133
26 0.42959183673469387 0.8728354978354979 0.01020408163265306 0.006132756132756133
26 0.42959183673469387 0.9377705627705628 0.01020408163265306 0.006132756132756133
41 0.4344387755102041 0.7359307359307359 0.0005102040816326531 0.015151515151515152
41 0.4344387755102041 0.8107864357864358 0.0005102040816326531 0.013347763347763348
41 0.4344387755102041 0.8641774891774892 0.0005102040816326531 0.01479076479076479
26 0.42959183673469387 0.8198051948051948 0.01020408163265306 0.006132756132756133
40 0.44081632653061226 0.9375901875901876 0.003061224489795918 0.0021645021645021645
41 0.4344387755102041 0.9267676767676768 0.0005102040816326531 0.01948051948051948
26 0.449234693877551 0.7490981240981242 0.010714285714285714 0.006132756132756133
24 0.449234693877551 0.8226911976911977 0.010714285714285714 0.006132756132756133
24 0.449234693877551 0.8757215007215007 0.010714285714285714 0.006132756132756133
41 0.45433673469387753 0.7386363636363636 0.0005102040816326531 0.0183982683982684
59 0.3974489795918367 0.8161976911976911 0.007142857142857143 0.01479076479076479
24 0.40969387755102044 0.751984126984127 0.01020408163265306 0.006132756132756133
26 0.40969387755102044 0.8198051948051948 0.01020408163265306 0.006132756132756133
26 0.40969387755102044 0.8728354978354979 0.01020408163265306 0.006132756132756133
26 0.40969387755102044 0.9377705627705628 0.01020408163265306 0.006132756132756133
41 0.4145408163265306 0.7418831168831169 0.0005102040816326531 0.017676767676767676
47 0.3229591836734694 0.7373737373737373 0.007142857142857143 0.017316017316017316
41 0.4145408163265306 0.8093434343434344 0.0005102040816326531 0.0183982683982684
41 0.4145408163265306 0.8623737373737373 0.0005102040816326531 0.0183982683982684
59 0.3974489795918367 0.8692279942279942 0.007142857142857143 0.01479076479076479
41 0.4145408163265306 0.9292929292929293 0.0005102040816326531 0.01443001443001443
24 0.42959183673469387 0.7462121212121212 0.01020408163265306 0.006132756132756133
26 0.4941326530612245 0.825937950937951 0.010714285714285714 0.006132756132756133
26 0.4941326530612245 0.8786075036075036 0.010714285714285714 0.006132756132756133
26 0.4941326530612245 0.9377705627705628 0.010714285714285714 0.006132756132756133
41 0.49923469387755104 0.7422438672438673 0.0005102040816326531 0.016233766233766232
41 0.49923469387755104 0.814935064935065 0.0005102040816326531 0.01948051948051948
59 0.4816326530612245 0.8221500721500722 0.007142857142857143 0.01443001443001443
24 0.4941326530612245 0.751984126984127 0.010714285714285714 0.006132756132756133
41 0.49923469387755104 0.8683261183261183 0.0005102040816326531 0.018037518037518036
41 0.49923469387755104 0.9267676767676768 0.0005102040816326531 0.01948051948051948
47 0.5028061224489796 0.9258658008658008 0.0066326530612244895 0.017676767676767676
86 0.5584183673469387 0.7391774891774892 0.008673469387755102 0.016594516594516596
67 0.5275510204081633 0.7364718614718615 0.007142857142857143 0.01479076479076479
86 0.5584183673469387 0.8041125541125541 0.008673469387755102 0.016594516594516596
67 0.5275510204081633 0.8014069264069265 0.007142857142857143 0.01479076479076479
41 0.47372448979591836 0.73989898989899 0.0005102040816326531 0.013708513708513708
41 0.45433673469387753 0.8133116883116883 0.0005102040816326531 0.016233766233766232
41 0.45433673469387753 0.8661616161616161 0.0005102040816326531 0.016594516594516596
26 0.4688775510204082 0.7490981240981242 0.01020408163265306 0.006132756132756133
24 0.4688775510204082 0.8226911976911977 0.01020408163265306 0.006132756132756133
24 0.4688775510204082 0.8757215007215007 0.01020408163265306 0.006132756132756133
41 0.47372448979591836 0.8127705627705628 0.0005102040816326531 0.017316017316017316
41 0.47372448979591836 0.8663419913419913 0.0005102040816326531 0.016233766233766232
26 0.35433673469387755 0.8198051948051948 0.010714285714285714 0.006132756132756133
41 0.3395408163265306 0.8596681096681097 0.0005102040816326531 0.015151515151515152
41 0.3395408163265306 0.9453463203463204 0.0005102040816326531 0.021284271284271284
41 0.3395408163265306 0.8068181818181818 0.0005102040816326531 0.015512265512265512
26 0.35433673469387755 0.8728354978354979 0.010714285714285714 0.006132756132756133
41 0.3594387755102041 0.8093434343434344 0.0005102040816326531 0.0183982683982684
41 0.3594387755102041 0.8623737373737373 0.0005102040816326531 0.0183982683982684
26 0.38443877551020406 0.7429653679653679 0.010714285714285714 0.006132756132756133
26 0.38443877551020406 0.8198051948051948 0.010714285714285714 0.006132756132756133
26 0.38443877551020406 0.8728354978354979 0.010714285714285714 0.006132756132756133
41 0.3191326530612245 0.8068181818181818 0.0005102040816326531 0.017676767676767676
41 0.30918367346938774 0.8793290043290043 0.0010204081632653062 0.016233766233766232
61 0.3028061224489796 0.8697691197691197 0.005612244897959183 0.018037518037518036
41 0.3191326530612245 0.9267676767676768 0.0005102040816326531 0.01948051948051948
47 0.3229591836734694 0.9258658008658008 0.007142857142857143 0.017676767676767676
26 0.3346938775510204 0.7429653679653679 0.01020408163265306 0.006132756132756133
24 0.3346938775510204 0.8169191919191919 0.01020408163265306 0.006132756132756133
24 0.3346938775510204 0.8699494949494949 0.01020408163265306 0.006132756132756133
24 0.3346938775510204 0.9583333333333334 0.01020408163265306 0.006132756132756133
41 0.3395408163265306 0.7319624819624819 0.0005102040816326531 0.01948051948051948
24 0.38443877551020406 0.9583333333333334 0.010714285714285714 0.006132756132756133
41 0.3892857142857143 0.8623737373737373 0.0010204081632653062 0.0183982683982684
41 0.3892857142857143 0.9433621933621934 0.0010204081632653062 0.027417027417027416
41 0.3892857142857143 0.8093434343434344 0.0010204081632653062 0.0183982683982684
41 0.3892857142857143 0.73502886002886 0.0010204081632653062 0.013347763347763348
