134 0.4997448979591837 0.058982683982683984 0.9045918367346939 0.024170274170274172
134 0.4997448979591837 0.1185064935064935 0.9045918367346939 0.024170274170274172
1 0.6982142857142857 0.10064935064935066 0.015816326530612244 0.0007215007215007215
1 0.5413265306122449 0.13654401154401155 0.0163265306122449 0.0010822510822510823
1 0.27653061224489794 0.10064935064935066 0.0163265306122449 0.0007215007215007215
1 0.11964285714285715 0.13654401154401155 0.015816326530612244 0.0010822510822510823
1 0.8533163265306123 0.04112554112554113 0.015816326530612244 0.0007215007215007215
1 0.7538265306122449 0.04112554112554113 0.015816326530612244 0.0007215007215007215
1 0.6982142857142857 0.04112554112554113 0.015816326530612244 0.0007215007215007215
1 0.6438775510204081 0.035173160173160176 0.0163265306122449 0.0010822510822510823
1 0.6438775510204081 0.04112554112554113 0.0163265306122449 0.0007215007215007215
1 0.5956632653061225 0.04112554112554113 0.015816326530612244 0.0007215007215007215
1 0.4844387755102041 0.07683982683982683 0.015816326530612244 0.0007215007215007215
24 0.6711734693877551 0.1066017316017316 0.010714285714285714 0.006132756132756133
24 0.5413265306122449 0.13654401154401155 0.01020408163265306 0.006132756132756133
41 0.6933673469387756 0.055375180375180376 0.0010204081632653062 0.024891774891774892
24 0.6982142857142857 0.10082972582972582 0.010714285714285714 0.006132756132756133
24 0.6982142857142857 0.041305916305916304 0.010714285714285714 0.006132756132756133
24 0.6982142857142857 0.04707792207792208 0.010714285714285714 0.006132756132756133
41 0.6660714285714285 0.12193362193362194 0.0005102040816326531 0.02813852813852814
26 0.6438775510204081 0.1275252525252525 0.01020408163265306 0.006132756132756133
41 0.639030612244898 0.0496031746031746 0.0005102040816326531 0.024170274170274172
41 0.639030612244898 0.13437950937950938 0.0005102040816326531 0.011183261183261184
24 0.5413265306122449 0.07088744588744589 0.01020408163265306 0.006132756132756133
41 0.7487244897959183 0.05248917748917749 0.0005102040816326531 0.024891774891774892
24 0.7538265306122449 0.13041125541125542 0.010714285714285714 0.006132756132756133
26 0.7538265306122449 0.038059163059163056 0.010714285714285714 0.006132756132756133
26 0.7538265306122449 0.04419191919191919 0.010714285714285714 0.006132756132756133
41 0.7163265306122449 0.11886724386724387 0.0010204081632653062 0.021284271284271284
24 0.7211734693877551 0.1066017316017316 0.010714285714285714 0.006132756132756133
41 0.6933673469387756 0.11688311688311688 0.0010204081632653062 0.02958152958152958
121 0.16326530612244897 0.09054834054834054 0.07755102040816327 0.007936507936507936
24 0.6438775510204081 0.035173160173160176 0.01020408163265306 0.006132756132756133
24 0.5686224489795918 0.12463924963924963 0.010714285714285714 0.006132756132756133
41 0.5461734693877551 0.05988455988455989 0.0005102040816326531 0.01948051948051948
41 0.573469387755102 0.10804473304473304 0.0010204081632653062 0.030663780663780664
41 0.5461734693877551 0.11453823953823954 0.0005102040816326531 0.04148629148629149
41 0.6237244897959183 0.10515873015873016 0.0005102040816326531 0.03427128427128427
24 0.6188775510204082 0.12463924963924963 0.01020408163265306 0.006132756132756133
41 0.6007653061224489 0.09632034632034632 0.0005102040816326531 0.010822510822510822
24 0.6438775510204081 0.041305916305916304 0.01020408163265306 0.006132756132756133
41 0.5908163265306122 0.05230880230880231 0.0010204081632653062 0.025252525252525252
26 0.5956632653061225 0.10371572871572872 0.010714285714285714 0.006132756132756133
26 0.5956632653061225 0.038059163059163056 0.010714285714285714 0.006132756132756133
26 0.5956632653061225 0.04419191919191919 0.010714285714285714 0.006132756132756133
24 0.9076530612244897 0.04707792207792208 0.01020408163265306 0.006132756132756133
41 0.9354591836734694 0.10082972582972582 0.0005102040816326531 0.01911976911976912
24 0.9306122448979591 0.11273448773448773 0.01020408163265306 0.006132756132756133
41 0.9125 0.0992063492063492 0.0005102040816326531 0.010101010101010102
41 0.9028061224489796 0.06349206349206349 0.0005102040816326531 0.030303030303030304
24 0.9076530612244897 0.1066017316017316 0.01020408163265306 0.006132756132756133
24 0.9076530612244897 0.058982683982683984 0.01020408163265306 0.006132756132756133
41 0.8854591836734694 0.10407647907647907 0.0005102040816326531 0.013347763347763348
24 0.8803571428571428 0.11273448773448773 0.010714285714285714 0.006132756132756133
121 0.2558673469387755 0.13528138528138528 0.0770408163265306 0.013708513708513708
121 0.3645408163265306 0.1405122655122655 0.0770408163265306 0.011904761904761904
121 0.47372448979591836 0.09487734487734488 0.0770408163265306 0.011544011544011544
121 0.5849489795918368 0.09054834054834054 0.0770408163265306 0.007936507936507936
121 0.6775510204081633 0.13546176046176045 0.07755102040816327 0.01406926406926407
121 0.7875 0.1405122655122655 0.0770408163265306 0.011904761904761904
121 0.8969387755102041 0.0946969696969697 0.07755102040816327 0.011183261183261184
41 0.8581632653061224 0.11598124098124098 0.0010204081632653062 0.03282828282828283
26 0.8086734693877551 0.04996392496392496 0.009183673469387756 0.006132756132756133
41 0.7762755102040816 0.12987012987012986 0.0005102040816326531 0.023809523809523808
26 0.7811224489795918 0.11562049062049062 0.01020408163265306 0.006132756132756133
26 0.8081632653061225 0.04419191919191919 0.01020408163265306 0.006132756132756133
41 0.7487244897959183 0.1387085137085137 0.0005102040816326531 0.013347763347763348
41 0.8262755102040816 0.1266233766233766 0.0005102040816326531 0.017316017316017316
41 0.8482142857142857 0.05555555555555555 0.0005102040816326531 0.024531024531024532
26 0.8530612244897959 0.13365800865800867 0.01020408163265306 0.006132756132756133
24 0.8533163265306123 0.04112554112554113 0.010714285714285714 0.005772005772005772
24 0.8530612244897959 0.04707792207792208 0.01020408163265306 0.006132756132756133
26 0.8311224489795919 0.11562049062049062 0.01020408163265306 0.006132756132756133
41 0.8033163265306122 0.12211399711399712 0.0005102040816326531 0.032106782106782104
41 0.8033163265306122 0.05808080808080808 0.0005102040816326531 0.025252525252525252
26 0.8081632653061225 0.10371572871572872 0.01020408163265306 0.006132756132756133
26 0.22270408163265307 0.06186868686868687 0.009693877551020408 0.006132756132756133
24 0.249234693877551 0.1066017316017316 0.010714285714285714 0.006132756132756133
41 0.21709183673469387 0.13546176046176045 0.0005102040816326531 0.011183261183261184
41 0.21709183673469387 0.06944444444444445 0.0005102040816326531 0.022727272727272728
26 0.2221938775510204 0.1275252525252525 0.010714285714285714 0.006132756132756133
26 0.2221938775510204 0.056096681096681096 0.010714285714285714 0.006132756132756133
41 0.2441326530612245 0.12247474747474747 0.0005102040816326531 0.02922077922077922
41 0.2017857142857143 0.10515873015873016 0.0005102040816326531 0.03427128427128427
24 0.19693877551020408 0.12463924963924963 0.01020408163265306 0.006132756132756133
41 0.1788265306122449 0.09541847041847042 0.0005102040816326531 0.011904761904761904
41 0.27168367346938777 0.11796536796536797 0.0005102040816326531 0.02958152958152958
24 0.3306122448979592 0.13041125541125542 0.01020408163265306 0.006132756132756133
24 0.33010204081632655 0.058982683982683984 0.009183673469387756 0.006132756132756133
24 0.3306122448979592 0.06511544011544011 0.01020408163265306 0.006132756132756133
24 0.29948979591836733 0.1066017316017316 0.01020408163265306 0.006132756132756133
41 0.2813775510204082 0.05357142857142857 0.0005102040816326531 0.024170274170274172
24 0.27653061224489794 0.10082972582972582 0.01020408163265306 0.006132756132756133
26 0.27653061224489794 0.06186868686868687 0.01020408163265306 0.006132756132756133
26 0.27653061224489794 0.06800144300144301 0.01020408163265306 0.006132756132756133
69 0.08826530612244898 0.11273448773448773 0.009183673469387756 0.017676767676767676
8 0.06505102040816327 0.11562049062049062 0.02193877551020408 0.0183982683982684
69 0.08826530612244898 0.04707792207792208 0.009183673469387756 0.017676767676767676
5 0.06505102040816327 0.05844155844155844 0.020918367346938777 0.04329004329004329
0 0.04107142857142857 0.08874458874458875 0.007653061224489796 0.08441558441558442
24 0.14668367346938777 0.12463924963924963 0.010714285714285714 0.006132756132756133
41 0.1788265306122449 0.05104617604617605 0.0005102040816326531 0.023448773448773448
26 0.1739795918367347 0.10371572871572872 0.01020408163265306 0.006132756132756133
24 0.1739795918367347 0.058982683982683984 0.01020408163265306 0.006132756132756133
24 0.1739795918367347 0.06511544011544011 0.01020408163265306 0.006132756132756133
41 0.15178571428571427 0.1075036075036075 0.0005102040816326531 0.031746031746031744
41 0.29464285714285715 0.11868686868686869 0.0005102040816326531 0.021645021645021644
41 0.12448979591836734 0.11435786435786435 0.0010204081632653062 0.04112554112554113
41 0.12448979591836734 0.05988455988455989 0.0010204081632653062 0.01948051948051948
24 0.11964285714285715 0.13654401154401155 0.010714285714285714 0.006132756132756133
24 0.11964285714285715 0.07088744588744589 0.010714285714285714 0.006132756132756133
41 0.43494897959183676 0.11544011544011544 0.0005102040816326531 0.031746031746031744
41 0.43494897959183676 0.05357142857142857 0.0005102040816326531 0.024170274170274172
26 0.4301020408163265 0.13365800865800867 0.01020408163265306 0.006132756132756133
26 0.4301020408163265 0.06186868686868687 0.01020408163265306 0.006132756132756133
26 0.4301020408163265 0.06800144300144301 0.01020408163265306 0.006132756132756133
41 0.4033163265306122 0.1266233766233766 0.0005102040816326531 0.017316017316017316
26 0.40816326530612246 0.11562049062049062 0.01020408163265306 0.006132756132756133
41 0.38035714285714284 0.12211399711399712 0.0005102040816326531 0.032106782106782104
41 0.5125 0.10028860028860029 0.0005102040816326531 0.020202020202020204
24 0.5073979591836735 0.11273448773448773 0.010714285714285714 0.006132756132756133
41 0.4895408163265306 0.09884559884559885 0.0005102040816326531 0.011544011544011544
41 0.3354591836734694 0.051587301587301584 0.0005102040816326531 0.024531024531024532
41 0.4895408163265306 0.06259018759018758 0.0005102040816326531 0.030663780663780664
24 0.4844387755102041 0.1066017316017316 0.010714285714285714 0.006132756132756133
26 0.4844387755102041 0.06800144300144301 0.010714285714285714 0.006132756132756133
26 0.4844387755102041 0.07990620490620491 0.010714285714285714 0.006132756132756133
41 0.46224489795918366 0.10371572871572872 0.0010204081632653062 0.01479076479076479
24 0.4573979591836735 0.11273448773448773 0.010714285714285714 0.006132756132756133
41 0.3528061224489796 0.1296897546897547 0.0005102040816326531 0.024170274170274172
41 0.32576530612244897 0.1387085137085137 0.0005102040816326531 0.013347763347763348
26 0.3579081632653061 0.11562049062049062 0.010714285714285714 0.006132756132756133
41 0.39005102040816325 0.056457431457431456 0.0005102040816326531 0.024170274170274172
26 0.3852040816326531 0.10371572871572872 0.01020408163265306 0.006132756132756133
24 0.3852040816326531 0.06511544011544011 0.01020408163265306 0.006132756132756133
24 0.3852040816326531 0.07088744588744589 0.01020408163265306 0.006132756132756133
134 0.4997448979591837 0.26136363636363635 0.9045918367346939 0.024170274170274172
1 0.9293367346938776 0.2792207792207792 0.015816326530612244 0.0007215007215007215
1 0.9293367346938776 0.2851731601731602 0.015816326530612244 0.0010822510822510823
1 0.9063775510204082 0.2792207792207792 0.015816326530612244 0.0007215007215007215
1 0.7686224489795919 0.24332611832611833 0.015816326530612244 0.0010822510822510823
1 0.7436224489795918 0.23737373737373738 0.015816326530612244 0.0007215007215007215
1 0.7436224489795918 0.24332611832611833 0.015816326530612244 0.0010822510822510823
1 0.7165816326530612 0.24332611832611833 0.015816326530612244 0.0010822510822510823
1 0.502295918367347 0.2792207792207792 0.015816326530612244 0.0007215007215007215
1 0.3650510204081633 0.24332611832611833 0.015816326530612244 0.0010822510822510823
1 0.3420918367346939 0.23142135642135642 0.015816326530612244 0.0010822510822510823
1 0.3420918367346939 0.23737373737373738 0.015816326530612244 0.0007215007215007215
1 0.3420918367346939 0.24332611832611833 0.015816326530612244 0.0010822510822510823
1 0.31785714285714284 0.23737373737373738 0.014285714285714285 0.0007215007215007215
1 0.3170918367346939 0.24332611832611833 0.015816326530612244 0.0010822510822510823
1 0.28520408163265304 0.23737373737373738 0.0163265306122449 0.0007215007215007215
1 0.28520408163265304 0.24332611832611833 0.0163265306122449 0.0010822510822510823
1 0.25816326530612244 0.24332611832611833 0.0163265306122449 0.0010822510822510823
1 0.7686224489795919 0.33874458874458874 0.015816326530612244 0.0007215007215007215
1 0.23112244897959183 0.30303030303030304 0.0163265306122449 0.0007215007215007215
134 0.49948979591836734 0.3208874458874459 0.9040816326530612 0.024170274170274172
41 0.6676020408163266 0.30158730158730157 0.0005102040816326531 0.010101010101010102
24 0.6895408163265306 0.24945887445887446 0.010714285714285714 0.006132756132756133
41 0.684438775510204 0.2601010101010101 0.0005102040816326531 0.01875901875901876
41 0.6354591836734694 0.24891774891774893 0.0005102040816326531 0.01443001443001443
63 0.6494897959183673 0.25523088023088025 0.009183673469387756 0.017676767676767676
41 0.6576530612244897 0.26497113997113997 0.0010204081632653062 0.016233766233766232
24 0.6625 0.30898268398268397 0.010714285714285714 0.006132756132756133
24 0.6625 0.25523088023088025 0.010714285714285714 0.006132756132756133
24 0.7686224489795919 0.3389249639249639 0.010714285714285714 0.006132756132756133
26 0.5494897959183673 0.27615440115440115 0.01020408163265306 0.006132756132756133
26 0.7683673469387755 0.24044011544011545 0.01020408163265306 0.006132756132756133
41 0.7385204081632653 0.25216450216450215 0.0005102040816326531 0.025252525252525252
24 0.7436224489795918 0.23755411255411255 0.010714285714285714 0.006132756132756133
41 0.7216836734693878 0.30266955266955264 0.0005102040816326531 0.020202020202020204
41 0.7114795918367347 0.25613275613275616 0.0005102040816326531 0.021645021645021644
24 0.7165816326530612 0.31475468975468973 0.010714285714285714 0.006132756132756133
24 0.7165816326530612 0.24332611832611833 0.010714285714285714 0.006132756132756133
41 0.5543367346938776 0.31764069264069267 0.0005102040816326531 0.031385281385281384
63 0.5364795918367347 0.27615440115440115 0.008673469387755102 0.017676767676767676
41 0.5543367346938776 0.2628066378066378 0.0005102040816326531 0.024170274170274172
26 0.5494897959183673 0.3356782106782107 0.01020408163265306 0.006132756132756133
121 0.16760204081632654 0.23881673881673882 0.08622448979591837 0.010822510822510822
121 0.16760204081632654 0.24368686868686867 0.08418367346938775 0.010461760461760462
26 0.6035714285714285 0.26424963924963923 0.01020408163265306 0.006132756132756133
41 0.6084183673469388 0.30627705627705626 0.0005102040816326531 0.012265512265512266
41 0.6084183673469388 0.25396825396825395 0.0005102040816326531 0.018037518037518036
24 0.6035714285714285 0.31475468975468973 0.01020408163265306 0.006132756132756133
26 0.6306122448979592 0.25811688311688313 0.01020408163265306 0.006132756132756133
41 0.5813775510204081 0.25811688311688313 0.0005102040816326531 0.01911976911976912
26 0.576530612244898 0.2702020202020202 0.01020408163265306 0.005772005772005772
41 0.9114795918367347 0.31042568542568544 0.0005102040816326531 0.0284992784992785
41 0.9341836734693878 0.27146464646464646 0.0010204081632653062 0.029942279942279944
26 0.9293367346938776 0.28805916305916307 0.010714285714285714 0.006132756132756133
41 0.9114795918367347 0.2676767676767677 0.0005102040816326531 0.024531024531024532
24 0.9063775510204082 0.3268398268398268 0.010714285714285714 0.005772005772005772
26 0.9063775510204082 0.2822871572871573 0.010714285714285714 0.006132756132756133
121 0.19744897959183674 0.33766233766233766 0.1653061224489796 0.013708513708513708
121 0.2693877551020408 0.2588383838383838 0.08469387755102041 0.006854256854256854
121 0.2693877551020408 0.2637085137085137 0.08571428571428572 0.006493506493506494
121 0.3711734693877551 0.2593795093795094 0.06683673469387755 0.007936507936507936
121 0.37142857142857144 0.2644300144300144 0.06836734693877551 0.007936507936507936
121 0.4058673469387755 0.3427128427128427 0.13724489795918368 0.012265512265512266
121 0.4729591836734694 0.24981962481962483 0.06836734693877551 0.012626262626262626
121 0.4732142857142857 0.25487012987012986 0.06683673469387755 0.012626262626262626
121 0.5951530612244897 0.24549062049062048 0.08112244897959184 0.011904761904761904
121 0.5951530612244897 0.25018037518037517 0.08112244897959184 0.011904761904761904
121 0.6380102040816327 0.2968975468975469 0.16683673469387755 0.011544011544011544
121 0.6982142857142857 0.2647907647907648 0.08112244897959184 0.00937950937950938
121 0.6982142857142857 0.26966089466089466 0.08112244897959184 0.009018759018759018
121 0.797704081632653 0.26785714285714285 0.06683673469387755 0.012626262626262626
121 0.797704081632653 0.27254689754689754 0.06785714285714285 0.012626262626262626
121 0.8423469387755103 0.2987012987012987 0.1377551020408163 0.007936507936507936
121 0.9 0.2528860028860029 0.06836734693877551 0.00937950937950938
121 0.9005102040816326 0.25775613275613274 0.0673469387755102 0.009018759018759018
41 0.8885204081632653 0.26136363636363635 0.0005102040816326531 0.01911976911976912
41 0.8191326530612245 0.3125901875901876 0.0005102040816326531 0.024891774891774892
41 0.8089285714285714 0.26424963924963923 0.0005102040816326531 0.01984126984126984
24 0.8140306122448979 0.3268398268398268 0.010714285714285714 0.005772005772005772
26 0.8140306122448979 0.25234487734487737 0.010714285714285714 0.006132756132756133
41 0.7864795918367347 0.2597402597402597 0.0005102040816326531 0.021645021645021644
26 0.7913265306122449 0.24621212121212122 0.01020408163265306 0.006132756132756133
41 0.773469387755102 0.31962481962481964 0.0010204081632653062 0.03535353535353535
26 0.860969387755102 0.31186868686868685 0.010714285714285714 0.006132756132756133
24 0.8836734693877552 0.27326839826839827 0.01020408163265306 0.006132756132756133
41 0.8660714285714286 0.3042929292929293 0.0005102040816326531 0.012626262626262626
41 0.8660714285714286 0.25757575757575757 0.0005102040816326531 0.015873015873015872
41 0.7635204081632653 0.25432900432900435 0.0005102040816326531 0.025252525252525252
24 0.860969387755102 0.2671356421356421 0.010714285714285714 0.006132756132756133
41 0.8318877551020408 0.27074314574314573 0.0005102040816326531 0.01406926406926407
24 0.8367346938775511 0.26136363636363635 0.01020408163265306 0.006132756132756133
41 0.22627551020408163 0.25865800865800864 0.0005102040816326531 0.01443001443001443
24 0.23112244897959183 0.30284992784992787 0.01020408163265306 0.006132756132756133
24 0.23112244897959183 0.24945887445887446 0.01020408163265306 0.006132756132756133
63 0.19260204081632654 0.25523088023088025 0.008673469387755102 0.017676767676767676
41 0.22627551020408163 0.3198051948051948 0.0005102040816326531 0.031385281385281384
41 0.21045918367346939 0.24368686868686867 0.0005102040816326531 0.0183982683982684
24 0.20561224489795918 0.25523088023088025 0.01020408163265306 0.006132756132756133
41 0.16862244897959183 0.3253968253968254 0.0005102040816326531 0.02813852813852814
24 0.28520408163265304 0.30898268398268397 0.01020408163265306 0.006132756132756133
41 0.3125 0.2490981240981241 0.0005102040816326531 0.024170274170274172
26 0.3173469387755102 0.2343073593073593 0.01020408163265306 0.006132756132756133
41 0.28035714285714286 0.3208874458874459 0.0005102040816326531 0.021284271284271284
41 0.28035714285714286 0.25144300144300147 0.0005102040816326531 0.023088023088023088
24 0.28520408163265304 0.23755411255411255 0.01020408163265306 0.006132756132756133
41 0.25331632653061226 0.255050505050505 0.0005102040816326531 0.01875901875901876
24 0.25816326530612244 0.24332611832611833 0.01020408163265306 0.006132756132756133
69 0.08826530612244898 0.31493506493506496 0.009183673469387756 0.017316017316017316
8 0.06505102040816327 0.31782106782106784 0.02193877551020408 0.018037518037518036
69 0.08826530612244898 0.24927849927849927 0.009183673469387756 0.017316017316017316
5 0.06505102040816327 0.26046176046176045 0.020918367346938777 0.04329004329004329
0 0.04107142857142857 0.2911255411255411 0.007653061224489796 0.08441558441558442
41 0.17831632653061225 0.24693362193362192 0.0005102040816326531 0.017676767676767676
24 0.17346938775510204 0.30898268398268397 0.01020408163265306 0.006132756132756133
26 0.17346938775510204 0.25811688311688313 0.01020408163265306 0.006132756132756133
41 0.15127551020408164 0.25126262626262624 0.0005102040816326531 0.021284271284271284
26 0.14642857142857144 0.26424963924963923 0.01020408163265306 0.006132756132756133
41 0.11454081632653061 0.33766233766233766 0.0005102040816326531 0.011544011544011544
41 0.12448979591836734 0.25613275613275616 0.0010204081632653062 0.025252525252525252
26 0.11964285714285715 0.3299062049062049 0.010714285714285714 0.006132756132756133
26 0.11964285714285715 0.2702020202020202 0.010714285714285714 0.005772005772005772
24 0.43392857142857144 0.26136363636363635 0.010714285714285714 0.006132756132756133
41 0.4288265306122449 0.32431457431457433 0.0005102040816326531 0.03318903318903319
41 0.439030612244898 0.25234487734487737 0.0005102040816326531 0.015512265512265512
26 0.43392857142857144 0.3060966810966811 0.010714285714285714 0.006132756132756133
24 0.45663265306122447 0.2671356421356421 0.01020408163265306 0.006132756132756133
41 0.40535714285714286 0.2606421356421356 0.0005102040816326531 0.012626262626262626
26 0.4104591836734694 0.25234487734487737 0.010714285714285714 0.006132756132756133
41 0.38290816326530613 0.33225108225108224 0.0005102040816326531 0.023809523809523808
41 0.5073979591836735 0.26785714285714285 0.0005102040816326531 0.024891774891774892
26 0.502295918367347 0.2822871572871573 0.010714285714285714 0.006132756132756133
41 0.4747448979591837 0.329004329004329 0.0005102040816326531 0.017316017316017316
41 0.4844387755102041 0.26136363636363635 0.0005102040816326531 0.01911976911976912
26 0.47959183673469385 0.318001443001443 0.01020408163265306 0.006132756132756133
24 0.47959183673469385 0.27326839826839827 0.01020408163265306 0.006132756132756133
41 0.461734693877551 0.25703463203463206 0.0010204081632653062 0.017676767676767676
41 0.35994897959183675 0.2528860028860029 0.0005102040816326531 0.020202020202020204
26 0.3647959183673469 0.24044011544011545 0.01020408163265306 0.006132756132756133
24 0.3420918367346939 0.23142135642135642 0.010714285714285714 0.006132756132756133
24 0.3420918367346939 0.3327922077922078 0.010714285714285714 0.006132756132756133
41 0.33698979591836736 0.24693362193362192 0.0005102040816326531 0.0284992784992785
41 0.33698979591836736 0.3407287157287157 0.0005102040816326531 0.013347763347763348
63 0.30433673469387756 0.2344877344877345 0.008673469387755102 0.017316017316017316
26 0.3877551020408163 0.24621212121212122 0.01020408163265306 0.006132756132756133
26 0.3877551020408163 0.318001443001443 0.01020408163265306 0.006132756132756133
41 0.38290816326530613 0.2563131313131313 0.0005102040816326531 0.017676767676767676
134 0.4997448979591837 0.4633838383838384 0.9045918367346939 0.024170274170274172
1 0.9400510204081632 0.43975468975468973 0.015816326530612244 0.0007215007215007215
1 0.9400510204081632 0.44552669552669555 0.015816326530612244 0.0007215007215007215
1 0.9221938775510204 0.43975468975468973 0.015816326530612244 0.0007215007215007215
1 0.9221938775510204 0.44552669552669555 0.015816326530612244 0.0007215007215007215
1 0.9017857142857143 0.44552669552669555 0.015816326530612244 0.0007215007215007215
1 0.7581632653061224 0.43975468975468973 0.015306122448979591 0.0007215007215007215
1 0.7573979591836735 0.44552669552669555 0.01683673469387755 0.0007215007215007215
1 0.7221938775510204 0.43975468975468973 0.015816326530612244 0.0007215007215007215
1 0.7221938775510204 0.44552669552669555 0.015816326530612244 0.0007215007215007215
1 0.7020408163265306 0.44552669552669555 0.0163265306122449 0.0007215007215007215
1 0.6454081632653061 0.44552669552669555 0.0163265306122449 0.0007215007215007215
1 0.2839285714285714 0.44552669552669555 0.015816326530612244 0.0007215007215007215
1 0.26581632653061227 0.44552669552669555 0.0163265306122449 0.0007215007215007215
1 0.15994897959183674 0.4814213564213564 0.015816326530612244 0.0010822510822510823
1 0.13979591836734695 0.4814213564213564 0.0163265306122449 0.0010822510822510823
1 0.13979591836734695 0.48737373737373735 0.0163265306122449 0.0007215007215007215
1 0.11964285714285715 0.4814213564213564 0.015816326530612244 0.0010822510822510823
1 0.11964285714285715 0.48737373737373735 0.015816326530612244 0.0007215007215007215
1 0.1201530612244898 0.49332611832611833 0.01479591836734694 0.0010822510822510823
134 0.4997448979591837 0.523088023088023 0.9045918367346939 0.023809523809523808
24 0.6614795918367347 0.45761183261183264 0.010714285714285714 0.006132756132756133
24 0.6048469387755102 0.45761183261183264 0.010714285714285714 0.006132756132756133
41 0.6 0.4653679653679654 0.0010204081632653062 0.012987012987012988
41 0.6405612244897959 0.457972582972583 0.0005102040816326531 0.020562770562770564
24 0.6454081632653061 0.4457070707070707 0.01020408163265306 0.006132756132756133
41 0.6201530612244898 0.5295815295815296 0.0005102040816326531 0.020923520923520924
41 0.6201530612244898 0.4613997113997114 0.0005102040816326531 0.015873015873015872
24 0.6252551020408164 0.5171356421356421 0.010714285714285714 0.006132756132756133
24 0.6252551020408164 0.4514790764790765 0.010714285714285714 0.006132756132756133
41 0.6971938775510204 0.5277777777777778 0.0005102040816326531 0.016594516594516596
41 0.6971938775510204 0.4586940836940837 0.0005102040816326531 0.021284271284271284
24 0.7020408163265306 0.5171356421356421 0.01020408163265306 0.006132756132756133
24 0.7020408163265306 0.4457070707070707 0.01020408163265306 0.006132756132756133
24 0.6614795918367347 0.511002886002886 0.010714285714285714 0.006132756132756133
41 0.6767857142857143 0.46266233766233766 0.0005102040816326531 0.0183982683982684
24 0.6818877551020408 0.4514790764790765 0.010714285714285714 0.006132756132756133
41 0.6563775510204082 0.52507215007215 0.0005102040816326531 0.024891774891774892
41 0.6563775510204082 0.466991341991342 0.0005102040816326531 0.016233766233766232
41 0.5068877551020409 0.47619047619047616 0.0005102040816326531 0.015873015873015872
41 0.5272959183673469 0.47113997113997114 0.0005102040816326531 0.017316017316017316
26 0.5323979591836735 0.4604978354978355 0.010714285714285714 0.006132756132756133
41 0.5068877551020409 0.5266955266955267 0.0005102040816326531 0.027417027417027416
24 0.5119897959183674 0.511002886002886 0.010714285714285714 0.006132756132756133
26 0.5119897959183674 0.4666305916305916 0.010714285714285714 0.006132756132756133
63 0.48086734693877553 0.45761183261183264 0.008673469387755102 0.017676767676767676
41 0.4987244897959184 0.4466089466089466 0.0005102040816326531 0.017316017316017316
24 0.49387755102040815 0.45761183261183264 0.01020408163265306 0.006132756132756133
63 0.45433673469387753 0.523088023088023 0.008673469387755102 0.017316017316017316
121 0.15637755102040815 0.4556277056277056 0.06377551020408163 0.007936507936507936
121 0.15637755102040815 0.4604978354978355 0.06173469387755102 0.007575757575757576
41 0.5658163265306122 0.4642857142857143 0.0010204081632653062 0.022366522366522368
41 0.5818877551020408 0.536976911976912 0.0005102040816326531 0.011183261183261184
41 0.5818877551020408 0.4684343434343434 0.0005102040816326531 0.011183261183261184
24 0.5867346938775511 0.5290404040404041 0.01020408163265306 0.006132756132756133
26 0.5867346938775511 0.4604978354978355 0.01020408163265306 0.006132756132756133
24 0.5706632653061224 0.4514790764790765 0.010714285714285714 0.006132756132756133
41 0.5456632653061224 0.5326479076479076 0.0005102040816326531 0.01406926406926407
41 0.5456632653061224 0.4686147186147186 0.0005102040816326531 0.017316017316017316
24 0.5505102040816326 0.5232683982683982 0.01020408163265306 0.006132756132756133
24 0.5505102040816326 0.45761183261183264 0.01020408163265306 0.006132756132756133
24 0.9017857142857143 0.4457070707070707 0.010714285714285714 0.006132756132756133
41 0.9354591836734694 0.45111832611832614 0.0005102040816326531 0.024170274170274172
26 0.9403061224489796 0.4366883116883117 0.01020408163265306 0.006132756132756133
41 0.9170918367346939 0.4527417027417027 0.0005102040816326531 0.021645021645021644
24 0.9219387755102041 0.43957431457431456 0.01020408163265306 0.006132756132756133
41 0.8966836734693877 0.45616883116883117 0.0005102040816326531 0.0183982683982684
41 0.8765306122448979 0.4606782106782107 0.0010204081632653062 0.015151515151515152
24 0.8813775510204082 0.4514790764790765 0.010714285714285714 0.006132756132756133
63 0.8494897959183674 0.45761183261183264 0.009183673469387756 0.017676767676767676
41 0.8676020408163265 0.44606782106782106 0.0005102040816326531 0.0183982683982684
24 0.8625 0.45761183261183264 0.010714285714285714 0.006132756132756133
121 0.1778061224489796 0.5429292929292929 0.12602040816326532 0.007936507936507936
121 0.22908163265306122 0.47059884559884557 0.06224489795918367 0.013347763347763348
121 0.22908163265306122 0.4754689754689755 0.06326530612244897 0.013708513708513708
121 0.30331632653061225 0.47005772005772006 0.04642857142857143 0.012265512265512266
121 0.30306122448979594 0.4749278499278499 0.04795918367346939 0.012626262626262626
121 0.32933673469387753 0.5429292929292929 0.10051020408163265 0.007936507936507936
121 0.37168367346938774 0.4754689754689755 0.04642857142857143 0.013708513708513708
121 0.37142857142857144 0.48033910533910534 0.04795918367346939 0.013347763347763348
121 0.46530612244897956 0.4411976911976912 0.0673469387755102 0.010822510822510822
121 0.4658163265306122 0.4458874458874459 0.0663265306122449 0.010822510822510822
121 0.48367346938775513 0.5429292929292929 0.12346938775510204 0.007936507936507936
121 0.5364795918367347 0.4751082251082251 0.058673469387755105 0.010822510822510822
121 0.5364795918367347 0.4797979797979798 0.058673469387755105 0.010822510822510822
121 0.610969387755102 0.466991341991342 0.058673469387755105 0.009018759018759018
121 0.610969387755102 0.47204184704184704 0.058673469387755105 0.009018759018759018
121 0.6392857142857142 0.5402236652236653 0.11530612244897959 0.00974025974025974
121 0.686734693877551 0.466991341991342 0.06020408163265306 0.009018759018759018
121 0.6869897959183674 0.47204184704184704 0.060714285714285714 0.009018759018759018
121 0.8339285714285715 0.4411976911976912 0.06683673469387755 0.010822510822510822
121 0.8341836734693877 0.4458874458874459 0.0663265306122449 0.010822510822510822
121 0.9058673469387755 0.4612193362193362 0.058673469387755105 0.006854256854256854
121 0.9058673469387755 0.4659090909090909 0.058673469387755105 0.006854256854256854
41 0.7630102040816327 0.5174963924963925 0.0005102040816326531 0.0183982683982684
63 0.7441326530612244 0.4366883116883117 0.008673469387755102 0.017676767676767676
41 0.752295918367347 0.4556277056277056 0.0005102040816326531 0.03318903318903319
28 0.7576530612244898 0.5290404040404041 0.011224489795918367 0.006132756132756133
80 0.7573979591836735 0.42207792207792205 0.02193877551020408 0.008658008658008658
30 0.7576530612244898 0.4366883116883117 0.011224489795918367 0.006132756132756133
28 0.7576530612244898 0.4457070707070707 0.011224489795918367 0.006132756132756133
28 0.7576530612244898 0.4514790764790765 0.011224489795918367 0.006132756132756133
41 0.7176020408163265 0.4550865800865801 0.0005102040816326531 0.026334776334776336
41 0.8410714285714286 0.4494949494949495 0.0005102040816326531 0.018037518037518036
26 0.835969387755102 0.4604978354978355 0.010714285714285714 0.006132756132756133
41 0.8206632653061224 0.4536435786435786 0.0005102040816326531 0.021284271284271284
26 0.8158163265306122 0.4666305916305916 0.01020408163265306 0.006132756132756133
24 0.7224489795918367 0.43957431457431456 0.01020408163265306 0.006132756132756133
41 0.8002551020408163 0.457972582972583 0.0005102040816326531 0.024170274170274172
85 0.7964285714285714 0.5212842712842712 0.012244897959183673 0.0036075036075036075
26 0.7954081632653062 0.4724025974025974 0.01020408163265306 0.006132756132756133
41 0.24056122448979592 0.46320346320346323 0.0005102040816326531 0.01948051948051948
26 0.24566326530612245 0.5261544011544012 0.010714285714285714 0.006132756132756133
24 0.24566326530612245 0.4514790764790765 0.010714285714285714 0.006132756132756133
41 0.21760204081632653 0.47005772005772006 0.0005102040816326531 0.01443001443001443
26 0.22244897959183674 0.4604978354978355 0.01020408163265306 0.006132756132756133
41 0.1971938775510204 0.5275974025974026 0.0005102040816326531 0.0284992784992785
41 0.1971938775510204 0.4749278499278499 0.0005102040816326531 0.012626262626262626
24 0.20204081632653062 0.511002886002886 0.01020408163265306 0.006132756132756133
26 0.20204081632653062 0.4666305916305916 0.01020408163265306 0.006132756132756133
61 0.17168367346938776 0.4724025974025974 0.005612244897959183 0.017676767676767676
24 0.2839285714285714 0.5290404040404041 0.010714285714285714 0.006132756132756133
41 0.2951530612244898 0.46194083694083693 0.0005102040816326531 0.022005772005772004
26 0.3 0.4485930735930736 0.01020408163265306 0.006132756132756133
41 0.27908163265306124 0.5378787878787878 0.0010204081632653062 0.015151515151515152
41 0.27908163265306124 0.45670995670995673 0.0010204081632653062 0.025252525252525252
26 0.2839285714285714 0.44246031746031744 0.010714285714285714 0.006132756132756133
41 0.26096938775510203 0.4586940836940837 0.0005102040816326531 0.021284271284271284
24 0.26581632653061227 0.4457070707070707 0.01020408163265306 0.006132756132756133
41 0.24056122448979592 0.5335497835497836 0.0005102040816326531 0.012265512265512266
61 0.23392857142857143 0.4514790764790765 0.005612244897959183 0.017676767676767676
41 0.12448979591836734 0.4754689754689755 0.0010204081632653062 0.03318903318903319
26 0.11964285714285715 0.5319264069264069 0.010714285714285714 0.006132756132756133
24 0.11938775510204082 0.49332611832611833 0.01020408163265306 0.006132756132756133
69 0.08826530612244898 0.5171356421356421 0.009183673469387756 0.017676767676767676
8 0.06505102040816327 0.5202020202020202 0.02193877551020408 0.018037518037518036
69 0.08826530612244898 0.4514790764790765 0.009183673469387756 0.017676767676767676
5 0.06505102040816327 0.46284271284271283 0.020918367346938777 0.04329004329004329
0 0.04107142857142857 0.49314574314574317 0.007653061224489796 0.08441558441558442
41 0.18801020408163266 0.4615800865800866 0.0005102040816326531 0.016955266955266956
26 0.18316326530612245 0.4724025974025974 0.01020408163265306 0.006132756132756133
41 0.15510204081632653 0.5355339105339105 0.0010204081632653062 0.016233766233766232
41 0.16505102040816327 0.466991341991342 0.0005102040816326531 0.024170274170274172
26 0.15994897959183674 0.5261544011544012 0.010714285714285714 0.006132756132756133
24 0.15994897959183674 0.4814213564213564 0.010714285714285714 0.006132756132756133
41 0.14464285714285716 0.47095959595959597 0.0005102040816326531 0.027777777777777776
24 0.13979591836734695 0.4871933621933622 0.01020408163265306 0.006132756132756133
41 0.11454081632653061 0.5393217893217893 0.0005102040816326531 0.012265512265512266
61 0.10790816326530613 0.49332611832611833 0.005612244897959183 0.017676767676767676
41 0.42168367346938773 0.5382395382395382 0.0005102040816326531 0.01443001443001443
41 0.4318877551020408 0.4583333333333333 0.0005102040816326531 0.024891774891774892
24 0.42678571428571427 0.5290404040404041 0.010714285714285714 0.006132756132756133
26 0.42678571428571427 0.4724025974025974 0.010714285714285714 0.006132756132756133
41 0.39566326530612245 0.4788961038961039 0.0005102040816326531 0.01406926406926407
24 0.4005102040816326 0.4695165945165945 0.01020408163265306 0.006132756132756133
41 0.3795918367346939 0.5306637806637806 0.0010204081632653062 0.018037518037518036
41 0.3795918367346939 0.4734848484848485 0.0010204081632653062 0.016955266955266956
41 0.4517857142857143 0.45346320346320346 0.0005102040816326531 0.020923520923520924
41 0.4625 0.5346320346320347 0.0005102040816326531 0.018037518037518036
41 0.47219387755102044 0.44931457431457433 0.0005102040816326531 0.017676767676767676
24 0.4673469387755102 0.5232683982683982 0.01020408163265306 0.006132756132756133
26 0.4673469387755102 0.4604978354978355 0.01020408163265306 0.006132756132756133
26 0.44693877551020406 0.4666305916305916 0.01020408163265306 0.006132756132756133
24 0.33214285714285713 0.4633838383838384 0.01020408163265306 0.006132756132756133
41 0.34770408163265304 0.5290404040404041 0.0005102040816326531 0.024891774891774892
41 0.34770408163265304 0.46266233766233766 0.0005102040816326531 0.023448773448773448
26 0.3525510204081633 0.5142496392496393 0.01020408163265306 0.006132756132756133
26 0.3525510204081633 0.4485930735930736 0.01020408163265306 0.006132756132756133
41 0.32729591836734695 0.4722222222222222 0.0005102040816326531 0.015151515151515152
24 0.38443877551020406 0.4633838383838384 0.010714285714285714 0.006132756132756133
41 0.310969387755102 0.5328282828282829 0.0005102040816326531 0.021645021645021644
41 0.310969387755102 0.46645021645021645 0.0005102040816326531 0.020202020202020204
26 0.31607142857142856 0.520021645021645 0.010714285714285714 0.006132756132756133
26 0.31607142857142856 0.4547258297258297 0.010714285714285714 0.006132756132756133
41 0.3635204081632653 0.46735209235209235 0.0005102040816326531 0.021284271284271284
26 0.36862244897959184 0.45454545454545453 0.010714285714285714 0.005772005772005772
26 0.38443877551020406 0.520021645021645 0.010714285714285714 0.006132756132756133
134 0.4997448979591837 0.6657647907647908 0.9045918367346939 0.024170274170274172
1 0.8298469387755102 0.6479076479076479 0.015816326530612244 0.0007215007215007215
1 0.622704081632653 0.6479076479076479 0.015816326530612244 0.0007215007215007215
1 0.5091836734693878 0.6479076479076479 0.0163265306122449 0.0007215007215007215
1 0.40535714285714286 0.6417748917748918 0.015816326530612244 0.0007215007215007215
1 0.40535714285714286 0.6479076479076479 0.015816326530612244 0.0007215007215007215
1 0.30178571428571427 0.6479076479076479 0.015816326530612244 0.0007215007215007215
1 0.1982142857142857 0.636002886002886 0.015816326530612244 0.0007215007215007215
1 0.1982142857142857 0.6417748917748918 0.015816326530612244 0.0007215007215007215
1 0.1982142857142857 0.6479076479076479 0.015816326530612244 0.0007215007215007215
1 0.8816326530612245 0.7081529581529582 0.0163265306122449 0.0007215007215007215
1 0.8816326530612245 0.713924963924964 0.0163265306122449 0.0007215007215007215
1 0.7780612244897959 0.702020202020202 0.0163265306122449 0.0007215007215007215
1 0.7780612244897959 0.7081529581529582 0.0163265306122449 0.0007215007215007215
1 0.7780612244897959 0.713924963924964 0.0163265306122449 0.0007215007215007215
1 0.6744897959183673 0.702020202020202 0.0163265306122449 0.0007215007215007215
1 0.6744897959183673 0.7081529581529582 0.0163265306122449 0.0007215007215007215
1 0.6744897959183673 0.713924963924964 0.0163265306122449 0.0007215007215007215
1 0.5709183673469388 0.6960678210678211 0.0163265306122449 0.0010822510822510823
1 0.5709183673469388 0.702020202020202 0.0163265306122449 0.0007215007215007215
1 0.5709183673469388 0.7081529581529582 0.0163265306122449 0.0007215007215007215
1 0.5709183673469388 0.713924963924964 0.0163265306122449 0.0007215007215007215
1 0.4573979591836735 0.702020202020202 0.015816326530612244 0.0007215007215007215
1 0.4573979591836735 0.7081529581529582 0.015816326530612244 0.0007215007215007215
1 0.4573979591836735 0.713924963924964 0.015816326530612244 0.0007215007215007215
1 0.3538265306122449 0.6960678210678211 0.015816326530612244 0.0010822510822510823
1 0.3538265306122449 0.702020202020202 0.015816326530612244 0.0007215007215007215
1 0.3538265306122449 0.7081529581529582 0.015816326530612244 0.0007215007215007215
1 0.3538265306122449 0.713924963924964 0.015816326530612244 0.0007215007215007215
1 0.3267857142857143 0.713924963924964 0.015816326530612244 0.0007215007215007215
1 0.2502551020408163 0.6960678210678211 0.015816326530612244 0.0010822510822510823
1 0.2502551020408163 0.702020202020202 0.015816326530612244 0.0007215007215007215
1 0.2502551020408163 0.7081529581529582 0.015816326530612244 0.0007215007215007215
1 0.2502551020408163 0.713924963924964 0.015816326530612244 0.0007215007215007215
1 0.14642857142857144 0.6901154401154401 0.0163265306122449 0.0007215007215007215
1 0.14642857142857144 0.6960678210678211 0.0163265306122449 0.0010822510822510823
1 0.14642857142857144 0.702020202020202 0.0163265306122449 0.0007215007215007215
1 0.14642857142857144 0.7081529581529582 0.0163265306122449 0.0007215007215007215
1 0.14642857142857144 0.713924963924964 0.0163265306122449 0.0007215007215007215
1 0.11964285714285715 0.7081529581529582 0.015816326530612244 0.0007215007215007215
1 0.11964285714285715 0.713924963924964 0.015816326530612244 0.0007215007215007215
134 0.4997448979591837 0.7317821067821068 0.9045918367346939 0.024170274170274172
41 0.6943877551020409 0.6796536796536796 0.0010204081632653062 0.012987012987012988
87 0.6979591836734694 0.7325036075036075 0.00816326530612245 0.010461760461760462
24 0.699234693877551 0.6715367965367965 0.010714285714285714 0.006132756132756133
41 0.6696428571428571 0.7205988455988456 0.0005102040816326531 0.032106782106782104
24 0.6744897959183673 0.7022005772005772 0.01020408163265306 0.006132756132756133
41 0.6426020408163265 0.7337662337662337 0.0005102040816326531 0.017316017316017316
26 0.6474489795918368 0.7231240981240982 0.01020408163265306 0.006132756132756133
87 0.6461734693877551 0.6663059163059163 0.007653061224489796 0.010822510822510822
41 0.7461734693877551 0.7292568542568543 0.0005102040816326531 0.01406926406926407
24 0.7510204081632653 0.7198773448773449 0.01020408163265306 0.006132756132756133
87 0.7497448979591836 0.6663059163059163 0.007653061224489796 0.010822510822510822
41 0.7211734693877551 0.6645021645021645 0.0005102040816326531 0.023809523809523808
26 0.7262755102040817 0.650974025974026 0.010714285714285714 0.006132756132756133
0 0.04056122448979592 0.698953823953824 0.007653061224489796 0.09054834054834054
41 0.6176020408163265 0.6616161616161617 0.0005102040816326531 0.02958152958152958
26 0.622704081632653 0.6448412698412699 0.010714285714285714 0.006132756132756133
41 0.5905612244897959 0.6767676767676768 0.0005102040816326531 0.01875901875901876
87 0.5943877551020408 0.7325036075036075 0.00816326530612245 0.010461760461760462
24 0.5956632653061225 0.6657647907647908 0.010714285714285714 0.006132756132756133
41 0.5660714285714286 0.7151875901875901 0.0005102040816326531 0.03354978354978355
24 0.5709183673469388 0.6960678210678211 0.01020408163265306 0.006132756132756133
41 0.9285714285714286 0.6695526695526696 0.0010204081632653062 0.02813852813852814
24 0.9334183673469387 0.6538600288600288 0.010714285714285714 0.006132756132756133
121 0.6561224489795918 0.7348484848484849 0.026530612244897958 0.007936507936507936
121 0.6561224489795918 0.7397186147186147 0.026530612244897958 0.007575757575757576
121 0.12806122448979593 0.7265512265512265 0.025510204081632654 0.002886002886002886
121 0.12806122448979593 0.7314213564213564 0.026530612244897958 0.003246753246753247
121 0.1798469387755102 0.6686507936507936 0.025 0.007575757575757576
121 0.1798469387755102 0.6737012987012987 0.027040816326530614 0.007575757575757576
121 0.2316326530612245 0.7285353535353535 0.025510204081632654 0.00468975468975469
121 0.2316326530612245 0.7334054834054834 0.026530612244897958 0.005050505050505051
121 0.28341836734693876 0.6773088023088023 0.025 0.010461760461760462
121 0.28341836734693876 0.6823593073593074 0.027040816326530614 0.010461760461760462
121 0.3352040816326531 0.7265512265512265 0.025510204081632654 0.002886002886002886
121 0.3352040816326531 0.7314213564213564 0.026530612244897958 0.003246753246753247
121 0.38724489795918365 0.6691919191919192 0.025510204081632654 0.008658008658008658
121 0.38698979591836735 0.6742424242424242 0.027040816326530614 0.008658008658008658
121 0.4387755102040816 0.7294372294372294 0.025510204081632654 0.006493506493506494
121 0.439030612244898 0.7344877344877345 0.027040816326530614 0.006493506493506494
121 0.49081632653061225 0.6773088023088023 0.025510204081632654 0.010461760461760462
121 0.49056122448979594 0.6821789321789322 0.027040816326530614 0.010822510822510822
121 0.5528061224489796 0.7285353535353535 0.026020408163265306 0.00468975468975469
121 0.5522959183673469 0.7334054834054834 0.027040816326530614 0.005050505050505051
121 0.6043367346938775 0.6771284271284271 0.027040816326530614 0.010822510822510822
121 0.6043367346938775 0.6821789321789322 0.027040816326530614 0.010822510822510822
41 0.9017857142857143 0.6841630591630592 0.0005102040816326531 0.01406926406926407
121 0.7079081632653061 0.6771284271284271 0.027040816326530614 0.010822510822510822
121 0.7079081632653061 0.6821789321789322 0.027040816326530614 0.010822510822510822
121 0.7594387755102041 0.7294372294372294 0.026020408163265306 0.006493506493506494
121 0.7596938775510204 0.7343073593073594 0.026530612244897958 0.006854256854256854
121 0.8114795918367347 0.6773088023088023 0.025 0.010461760461760462
121 0.8114795918367347 0.6823593073593074 0.027040816326530614 0.010461760461760462
121 0.863265306122449 0.7355699855699855 0.025510204081632654 0.008658008658008658
121 0.863265306122449 0.7402597402597403 0.026530612244897958 0.008658008658008658
121 0.9150510204081632 0.6832611832611832 0.027040816326530614 0.010822510822510822
121 0.9150510204081632 0.687950937950938 0.027040816326530614 0.010822510822510822
41 0.8247448979591837 0.6636002886002886 0.0005102040816326531 0.027777777777777776
24 0.8298469387755102 0.6477272727272727 0.010714285714285714 0.006132756132756133
41 0.7979591836734694 0.678030303030303 0.0010204081632653062 0.016233766233766232
87 0.801530612244898 0.7325036075036075 0.00816326530612245 0.010461760461760462
26 0.8030612244897959 0.6686507936507936 0.01020408163265306 0.006132756132756133
41 0.7732142857142857 0.7166305916305916 0.0005102040816326531 0.030663780663780664
26 0.7780612244897959 0.698953823953824 0.01020408163265306 0.006132756132756133
41 0.539030612244898 0.726911976911977 0.0005102040816326531 0.015151515151515152
87 0.9051020408163265 0.7325036075036075 0.00816326530612245 0.010461760461760462
26 0.9066326530612245 0.6747835497835498 0.01020408163265306 0.006132756132756133
41 0.8767857142857143 0.722041847041847 0.0005102040816326531 0.02922077922077922
26 0.8816326530612245 0.7050865800865801 0.01020408163265306 0.006132756132756133
41 0.8497448979591836 0.7357503607503607 0.0005102040816326531 0.015512265512265512
24 0.8548469387755102 0.726010101010101 0.010714285714285714 0.006132756132756133
87 0.8533163265306123 0.6663059163059163 0.007653061224489796 0.010822510822510822
41 0.2181122448979592 0.7267316017316018 0.0005102040816326531 0.015512265512265512
26 0.22321428571428573 0.716991341991342 0.010714285714285714 0.006132756132756133
87 0.22168367346938775 0.6663059163059163 0.007653061224489796 0.010822510822510822
24 0.25 0.6960678210678211 0.01020408163265306 0.006132756132756133
41 0.1931122448979592 0.6542207792207793 0.0005102040816326531 0.03282828282828283
24 0.1982142857142857 0.6358225108225108 0.010714285714285714 0.006132756132756133
41 0.2969387755102041 0.661976911976912 0.0010204081632653062 0.031024531024531024
26 0.30178571428571427 0.6448412698412699 0.010714285714285714 0.006132756132756133
41 0.2701530612244898 0.6771284271284271 0.0005102040816326531 0.018037518037518036
87 0.27346938775510204 0.7326839826839827 0.00816326530612245 0.010822510822510822
24 0.275 0.6657647907647908 0.01020408163265306 0.006132756132756133
41 0.2451530612244898 0.7146464646464646 0.0005102040816326531 0.03463203463203463
69 0.08826530612244898 0.6538600288600288 0.009183673469387756 0.017676767676767676
69 0.08826530612244898 0.726010101010101 0.009183673469387756 0.017676767676767676
8 0.06505102040816327 0.7288961038961039 0.02193877551020408 0.0183982683982684
87 0.11811224489795918 0.6663059163059163 0.007653061224489796 0.010822510822510822
5 0.06505102040816327 0.6648629148629148 0.020918367346938777 0.04329004329004329
135 0.5721938775510204 0.6293290043290043 0.7607142857142857 0.00036075036075036075
26 0.14642857142857144 0.687049062049062 0.01020408163265306 0.006132756132756133
41 0.16658163265306122 0.6675685425685426 0.0005102040816326531 0.016955266955266956
87 0.16989795918367348 0.7325036075036075 0.00816326530612245 0.010461760461760462
26 0.17142857142857143 0.6567460317460317 0.01020408163265306 0.006132756132756133
41 0.14158163265306123 0.7094155844155844 0.0005102040816326531 0.04220779220779221
41 0.11454081632653061 0.7209595959595959 0.0005102040816326531 0.021284271284271284
24 0.11964285714285715 0.7079725829725829 0.010714285714285714 0.006132756132756133
41 0.45229591836734695 0.7166305916305916 0.0005102040816326531 0.030663780663780664
26 0.4573979591836735 0.698953823953824 0.010714285714285714 0.006132756132756133
41 0.42525510204081635 0.7290764790764791 0.0005102040816326531 0.01443001443001443
24 0.4303571428571429 0.7198773448773449 0.010714285714285714 0.006132756132756133
87 0.4290816326530612 0.6663059163059163 0.00816326530612245 0.010822510822510822
41 0.400765306122449 0.6574675324675324 0.0005102040816326531 0.026334776334776336
24 0.40561224489795916 0.641955266955267 0.01020408163265306 0.006132756132756133
26 0.5438775510204081 0.716991341991342 0.01020408163265306 0.006132756132756133
87 0.5426020408163266 0.6663059163059163 0.007653061224489796 0.010822510822510822
41 0.5043367346938775 0.6637806637806638 0.0005102040816326531 0.027417027417027416
24 0.5091836734693878 0.6477272727272727 0.01020408163265306 0.006132756132756133
41 0.4772959183673469 0.6785714285714286 0.0005102040816326531 0.015151515151515152
87 0.48086734693877553 0.7326839826839827 0.007653061224489796 0.010822510822510822
26 0.48214285714285715 0.6686507936507936 0.01020408163265306 0.006132756132756133
41 0.3737244897959184 0.6713564213564214 0.0005102040816326531 0.012265512265512266
26 0.37857142857142856 0.6628787878787878 0.01020408163265306 0.006132756132756133
41 0.32168367346938775 0.7238455988455988 0.0005102040816326531 0.015512265512265512
87 0.37704081632653064 0.7326839826839827 0.00816326530612245 0.010822510822510822
41 0.34872448979591836 0.7128427128427128 0.0005102040816326531 0.03535353535353535
26 0.3538265306122449 0.6931818181818182 0.010714285714285714 0.006132756132756133
24 0.3267857142857143 0.7141053391053391 0.010714285714285714 0.006132756132756133
87 0.32551020408163267 0.6663059163059163 0.00816326530612245 0.010822510822510822
134 0.4997448979591837 0.8746392496392497 0.9045918367346939 0.024170274170274172
134 0.4997448979591837 0.9384920634920635 0.9045918367346939 0.024170274170274172
1 0.6058673469387755 0.9204545454545454 0.015816326530612244 0.0010822510822510823
1 0.45510204081632655 0.9145021645021645 0.0163265306122449 0.0007215007215007215
1 0.45510204081632655 0.9204545454545454 0.0163265306122449 0.0010822510822510823
1 0.36403061224489797 0.9204545454545454 0.01479591836734694 0.0010822510822510823
1 0.2900510204081633 0.9145021645021645 0.015816326530612244 0.0007215007215007215
1 0.2900510204081633 0.9204545454545454 0.015816326530612244 0.0010822510822510823
1 0.21479591836734693 0.9145021645021645 0.0163265306122449 0.0007215007215007215
1 0.21479591836734693 0.9204545454545454 0.0163265306122449 0.0010822510822510823
1 0.13954081632653062 0.9085497835497836 0.015816326530612244 0.0010822510822510823
1 0.13954081632653062 0.9145021645021645 0.015816326530612244 0.0007215007215007215
1 0.13954081632653062 0.9204545454545454 0.015816326530612244 0.0010822510822510823
1 0.9410714285714286 0.8506493506493507 0.01479591836734694 0.0007215007215007215
1 0.940561224489796 0.8566017316017316 0.015816326530612244 0.0010822510822510823
1 0.914030612244898 0.8506493506493507 0.015816326530612244 0.0007215007215007215
1 0.914030612244898 0.8566017316017316 0.015816326530612244 0.0010822510822510823
1 0.8941326530612245 0.8566017316017316 0.015816326530612244 0.0010822510822510823
1 0.7622448979591837 0.8506493506493507 0.015306122448979591 0.0007215007215007215
1 0.7614795918367347 0.8566017316017316 0.01683673469387755 0.0010822510822510823
1 0.6989795918367347 0.8924963924963925 0.0163265306122449 0.0007215007215007215
1 0.6989795918367347 0.8984487734487735 0.0163265306122449 0.0010822510822510823
1 0.6237244897959183 0.8924963924963925 0.015816326530612244 0.0007215007215007215
1 0.5482142857142858 0.8924963924963925 0.015816326530612244 0.0007215007215007215
41 0.6660714285714285 0.9347041847041847 0.0005102040816326531 0.025974025974025976
24 0.6612244897959184 0.9503968253968254 0.01020408163265306 0.006132756132756133
87 0.6599489795918367 0.8751803751803752 0.007653061224489796 0.010822510822510822
28 0.7622448979591837 0.8627344877344877 0.01020408163265306 0.006132756132756133
24 0.6237244897959183 0.8923160173160173 0.010714285714285714 0.006132756132756133
87 0.6224489795918368 0.939033189033189 0.00816326530612245 0.010822510822510822
41 0.6285714285714286 0.8768037518037518 0.0010204081632653062 0.0284992784992785
26 0.6436224489795919 0.8713924963924964 0.010714285714285714 0.006132756132756133
41 0.648469387755102 0.862012987012987 0.0010204081632653062 0.016233766233766232
41 0.7237244897959184 0.871031746031746 0.0005102040816326531 0.01406926406926407
24 0.7188775510204082 0.8804112554112554 0.01020408163265306 0.006132756132756133
41 0.7038265306122449 0.8843795093795094 0.0005102040816326531 0.02922077922077922
87 0.6977040816326531 0.939033189033189 0.007653061224489796 0.010822510822510822
26 0.6989795918367347 0.9013347763347763 0.01020408163265306 0.006132756132756133
41 0.6859693877551021 0.920995670995671 0.0005102040816326531 0.012265512265512266
26 0.6811224489795918 0.9294733044733045 0.01020408163265306 0.006132756132756133
41 0.5056122448979592 0.9543650793650794 0.0010204081632653062 0.016955266955266956
41 0.5533163265306122 0.8793290043290043 0.0005102040816326531 0.0284992784992785
87 0.5469387755102041 0.939033189033189 0.00816326530612245 0.010822510822510822
26 0.5482142857142858 0.8955627705627706 0.010714285714285714 0.006132756132756133
41 0.5255102040816326 0.9401154401154401 0.0010204081632653062 0.030303030303030304
26 0.5303571428571429 0.9233405483405484 0.010714285714285714 0.006132756132756133
24 0.5104591836734694 0.9442640692640693 0.010714285714285714 0.006132756132756133
87 0.5091836734693878 0.8751803751803752 0.00816326530612245 0.010822510822510822
41 0.49770408163265306 0.8566017316017316 0.0005102040816326531 0.013347763347763348
26 0.4928571428571429 0.8656204906204906 0.01020408163265306 0.006132756132756133
121 0.12448979591836734 0.9413780663780664 0.018367346938775512 0.007575757575757576
121 0.12448979591836734 0.9464285714285714 0.019387755102040816 0.007575757575757576
26 0.585969387755102 0.9413780663780664 0.010714285714285714 0.006132756132756133
41 0.6007653061224489 0.9357864357864358 0.0005102040816326531 0.026695526695526696
24 0.6058673469387755 0.9204545454545454 0.010714285714285714 0.006132756132756133
41 0.5808673469387755 0.9507575757575758 0.0005102040816326531 0.016233766233766232
87 0.5846938775510204 0.8751803751803752 0.00816326530612245 0.010822510822510822
41 0.5732142857142857 0.86489898989899 0.0005102040816326531 0.015512265512265512
24 0.5681122448979592 0.8746392496392497 0.010714285714285714 0.006132756132756133
41 0.9089285714285714 0.863997113997114 0.0005102040816326531 0.022366522366522368
63 0.9272959183673469 0.8477633477633477 0.008673469387755102 0.017316017316017316
41 0.9354591836734694 0.8614718614718615 0.0005102040816326531 0.023809523809523808
26 0.940561224489796 0.8475829725829725 0.010714285714285714 0.006132756132756133
24 0.914030612244898 0.8508297258297258 0.010714285714285714 0.006132756132756133
41 0.889030612244898 0.8676046176046176 0.0005102040816326531 0.018037518037518036
24 0.8941326530612245 0.8566017316017316 0.010714285714285714 0.006132756132756133
41 0.8691326530612244 0.8719336219336219 0.0005102040816326531 0.01443001443001443
24 0.874234693877551 0.8627344877344877 0.010714285714285714 0.006132756132756133
121 0.6762755102040816 0.9173881673881674 0.01989795918367347 0.010101010101010102
121 0.6762755102040816 0.9224386724386724 0.01989795918367347 0.010101010101010102
121 0.16224489795918368 0.8906926406926406 0.018367346938775512 0.00937950937950938
121 0.16224489795918368 0.8955627705627706 0.019387755102040816 0.00974025974025974
121 0.2 0.9419191919191919 0.018367346938775512 0.008658008658008658
121 0.19974489795918368 0.946969696969697 0.01989795918367347 0.008658008658008658
121 0.24744897959183673 0.8537157287157288 0.019387755102040816 0.00974025974025974
121 0.24744897959183673 0.8585858585858586 0.018367346938775512 0.00937950937950938
121 0.2752551020408163 0.9419191919191919 0.017857142857142856 0.007936507936507936
121 0.2752551020408163 0.946969696969697 0.01989795918367347 0.008658008658008658
121 0.3127551020408163 0.8906926406926406 0.018367346938775512 0.00937950937950938
121 0.31301020408163266 0.8955627705627706 0.01989795918367347 0.00974025974025974
121 0.3494897959183674 0.9478715728715729 0.0163265306122449 0.008297258297258298
121 0.3497448979591837 0.9527417027417028 0.017857142857142856 0.008658008658008658
121 0.39948979591836736 0.8475829725829725 0.026530612244897958 0.00974025974025974
121 0.39948979591836736 0.8526334776334776 0.025510204081632654 0.00974025974025974
121 0.4403061224489796 0.9419191919191919 0.018367346938775512 0.008658008658008658
121 0.44005102040816324 0.946969696969697 0.01989795918367347 0.008658008658008658
121 0.48775510204081635 0.8535353535353535 0.019387755102040816 0.00937950937950938
121 0.48801020408163265 0.8584054834054834 0.018877551020408164 0.00974025974025974
121 0.5155612244897959 0.9545454545454546 0.01989795918367347 0.010101010101010102
121 0.5155612244897959 0.9592352092352092 0.01989795918367347 0.010101010101010102
121 0.5630102040816326 0.8602092352092352 0.01989795918367347 0.009018759018759018
121 0.5630102040816326 0.8650793650793651 0.01989795918367347 0.008658008658008658
121 0.5910714285714286 0.9498556998556998 0.01989795918367347 0.010822510822510822
121 0.5910714285714286 0.9545454545454546 0.01989795918367347 0.010822510822510822
121 0.6385204081632653 0.8582251082251082 0.01989795918367347 0.010822510822510822
121 0.6385204081632653 0.862914862914863 0.01989795918367347 0.010822510822510822
121 0.7140306122448979 0.865981240981241 0.01989795918367347 0.009018759018759018
121 0.7140306122448979 0.871031746031746 0.01989795918367347 0.009018759018759018
121 0.8318877551020408 0.8535353535353535 0.05765306122448979 0.010101010101010102
121 0.8316326530612245 0.8585858585858586 0.05612244897959184 0.010101010101010102
121 0.9025510204081633 0.8721139971139971 0.0663265306122449 0.006854256854256854
121 0.9025510204081633 0.8768037518037518 0.0663265306122449 0.006854256854256854
41 0.7670918367346938 0.9327200577200577 0.0005102040816326531 0.0183982683982684
26 0.7979591836734694 0.8834776334776335 0.01020408163265306 0.005772005772005772
63 0.7482142857142857 0.8477633477633477 0.008673469387755102 0.017316017316017316
41 0.7563775510204082 0.8668831168831169 0.0005102040816326531 0.03318903318903319
4 0.7357142857142858 0.8293650793650794 0.022448979591836733 0.020202020202020204
28 0.761734693877551 0.9442640692640693 0.011224489795918367 0.006132756132756133
80 0.7614795918367347 0.8329725829725829 0.02193877551020408 0.008658008658008658
30 0.761734693877551 0.8475829725829725 0.011224489795918367 0.006132756132756133
41 0.8604591836734694 0.858044733044733 0.0005102040816326531 0.016233766233766232
24 0.8556122448979592 0.8685064935064936 0.01020408163265306 0.006132756132756133
41 0.8426020408163265 0.8607503607503607 0.0005102040816326531 0.016594516594516596
26 0.8377551020408164 0.8713924963924964 0.01020408163265306 0.006132756132756133
28 0.761734693877551 0.8566017316017316 0.011224489795918367 0.006132756132756133
41 0.8227040816326531 0.8650793650793651 0.0005102040816326531 0.020202020202020204
26 0.8178571428571428 0.8775252525252525 0.01020408163265306 0.006132756132756133
41 0.8028061224489796 0.8699494949494949 0.0005102040816326531 0.024170274170274172
85 0.7989795918367347 0.9365079365079365 0.012244897959183673 0.0036075036075036075
24 0.21479591836734693 0.9145021645021645 0.01020408163265306 0.005772005772005772
41 0.2375 0.871031746031746 0.0005102040816326531 0.026334776334776336
87 0.23112244897959183 0.939033189033189 0.00816326530612245 0.010822510822510822
24 0.23265306122448978 0.8865440115440115 0.01020408163265306 0.006132756132756133
41 0.20994897959183673 0.9296536796536796 0.0005102040816326531 0.027417027417027416
41 0.19005102040816327 0.9437229437229437 0.0005102040816326531 0.012265512265512266
26 0.19489795918367347 0.9352453102453102 0.01020408163265306 0.006132756132756133
87 0.19362244897959183 0.8751803751803752 0.007653061224489796 0.010822510822510822
41 0.2653061224489796 0.9419191919191919 0.0010204081632653062 0.015873015873015872
41 0.3028061224489796 0.8921356421356421 0.0005102040816326531 0.013708513708513708
87 0.3066326530612245 0.939033189033189 0.00816326530612245 0.010822510822510822
26 0.3079081632653061 0.8836580086580087 0.010714285714285714 0.006132756132756133
26 0.2903061224489796 0.9114357864357865 0.01020408163265306 0.006132756132756133
24 0.2701530612244898 0.9323593073593074 0.010714285714285714 0.006132756132756133
87 0.26887755102040817 0.8751803751803752 0.00816326530612245 0.010822510822510822
41 0.2573979591836735 0.8566017316017316 0.0005102040816326531 0.013347763347763348
26 0.25255102040816324 0.8656204906204906 0.01020408163265306 0.006132756132756133
87 0.11836734693877551 0.8751803751803752 0.00816326530612245 0.010822510822510822
69 0.08826530612244898 0.9323593073593074 0.009183673469387756 0.017676767676767676
8 0.06505102040816327 0.9354256854256854 0.02193877551020408 0.018037518037518036
69 0.08826530612244898 0.8625541125541125 0.009183673469387756 0.017316017316017316
5 0.06505102040816327 0.8737373737373737 0.020918367346938777 0.04329004329004329
26 0.11964285714285715 0.9294733044733045 0.010714285714285714 0.006132756132756133
135 0.8854591836734694 0.8356782106782107 0.13418367346938775 0.00036075036075036075
135 0.4275510204081633 0.8412698412698413 0.6040816326530613 0.005050505050505051
0 0.04081632653061224 0.9063852813852814 0.007142857142857143 0.08838383838383838
41 0.17219387755102042 0.8766233766233766 0.0005102040816326531 0.02958152958152958
26 0.17704081632653063 0.8594877344877345 0.01020408163265306 0.006132756132756133
41 0.15229591836734693 0.8908730158730159 0.0005102040816326531 0.016233766233766232
87 0.15586734693877552 0.939033189033189 0.007653061224489796 0.010822510822510822
24 0.15714285714285714 0.8804112554112554 0.01020408163265306 0.006132756132756133
41 0.28520408163265304 0.928030303030303 0.0010204081632653062 0.030663780663780664
41 0.13443877551020408 0.9267676767676768 0.0005102040816326531 0.032467532467532464
24 0.13954081632653062 0.9085497835497836 0.010714285714285714 0.006132756132756133
41 0.11454081632653061 0.9397546897546898 0.0005102040816326531 0.018037518037518036
41 0.4303571428571429 0.9437229437229437 0.0005102040816326531 0.012265512265512266
26 0.43520408163265306 0.9352453102453102 0.01020408163265306 0.006132756132756133
87 0.43392857142857144 0.8751803751803752 0.007653061224489796 0.010822510822510822
63 0.39464285714285713 0.8685064935064936 0.008673469387755102 0.017676767676767676
41 0.41301020408163264 0.8553391053391053 0.0005102040816326531 0.023088023088023088
24 0.4079081632653061 0.8685064935064936 0.010714285714285714 0.006132756132756133
63 0.3681122448979592 0.8894300144300145 0.008673469387755102 0.017676767676767676
41 0.4502551020408163 0.9301948051948052 0.0005102040816326531 0.026334776334776336
41 0.4778061224489796 0.871031746031746 0.0005102040816326531 0.026334776334776336
87 0.4714285714285714 0.939033189033189 0.00816326530612245 0.010822510822510822
24 0.4729591836734694 0.8865440115440115 0.01020408163265306 0.006132756132756133
24 0.45510204081632655 0.9145021645021645 0.01020408163265306 0.005772005772005772
41 0.35841836734693877 0.9343434343434344 0.0005102040816326531 0.02958152958152958
26 0.3635204081632653 0.9175685425685426 0.010714285714285714 0.006132756132756133
41 0.3227040816326531 0.8778860028860029 0.0005102040816326531 0.027056277056277056
63 0.3323979591836735 0.9383116883116883 0.008673469387755102 0.017316017316017316
24 0.3278061224489796 0.8627344877344877 0.010714285714285714 0.006132756132756133
41 0.3405612244897959 0.9482323232323232 0.0005102040816326531 0.015512265512265512
87 0.34438775510204084 0.8751803751803752 0.00816326530612245 0.010822510822510822
24 0.34566326530612246 0.9384920634920635 0.010714285714285714 0.006132756132756133
63 0.35025510204081634 0.9173881673881674 0.008673469387755102 0.017316017316017316
41 0.38596938775510203 0.8694083694083694 0.0005102040816326531 0.03535353535353535
87 0.3798469387755102 0.939033189033189 0.007653061224489796 0.010822510822510822
26 0.38112244897959185 0.8894300144300145 0.01020408163265306 0.006132756132756133
