134 0.4997448979591837 0.07124819624819625 0.9045918367346939 0.024170274170274172
1 0.6665816326530613 0.05339105339105339 0.015816326530612244 0.0007215007215007215
1 0.6441326530612245 0.047619047619047616 0.015816326530612244 0.0007215007215007215
1 0.6441326530612245 0.05339105339105339 0.015816326530612244 0.0007215007215007215
1 0.627295918367347 0.04148629148629149 0.015816326530612244 0.0007215007215007215
1 0.627295918367347 0.047619047619047616 0.015816326530612244 0.0007215007215007215
1 0.627295918367347 0.05339105339105339 0.015816326530612244 0.0007215007215007215
1 0.599234693877551 0.04148629148629149 0.015816326530612244 0.0007215007215007215
1 0.599234693877551 0.047619047619047616 0.015816326530612244 0.0007215007215007215
1 0.599234693877551 0.05339105339105339 0.015816326530612244 0.0007215007215007215
1 0.5770408163265306 0.047619047619047616 0.015306122448979591 0.0007215007215007215
1 0.5770408163265306 0.05339105339105339 0.015306122448979591 0.0007215007215007215
1 0.5599489795918368 0.05339105339105339 0.015816326530612244 0.0007215007215007215
1 0.4630102040816326 0.047619047619047616 0.01683673469387755 0.0007215007215007215
1 0.4630102040816326 0.05339105339105339 0.01683673469387755 0.0007215007215007215
1 0.4405612244897959 0.047619047619047616 0.015816326530612244 0.0007215007215007215
1 0.4405612244897959 0.05339105339105339 0.015816326530612244 0.0007215007215007215
1 0.42397959183673467 0.05339105339105339 0.015306122448979591 0.0007215007215007215
1 0.4079081632653061 0.05339105339105339 0.013775510204081633 0.0007215007215007215
1 0.24285714285714285 0.08928571428571429 0.014285714285714285 0.0010822510822510823
1 0.22653061224489796 0.08928571428571429 0.015306122448979591 0.0010822510822510823
1 0.19464285714285715 0.08928571428571429 0.015816326530612244 0.0010822510822510823
1 0.1951530612244898 0.09523809523809523 0.01479591836734694 0.0007215007215007215
1 0.16785714285714284 0.08928571428571429 0.0163265306122449 0.0010822510822510823
134 0.4997448979591837 0.2141053391053391 0.9045918367346939 0.024170274170274172
134 0.4997448979591837 0.2775974025974026 0.9045918367346939 0.024170274170274172
134 0.4997448979591837 0.13474025974025974 0.9045918367346939 0.024170274170274172
1 0.9186224489795919 0.25955988455988455 0.015816326530612244 0.0010822510822510823
1 0.8971938775510204 0.25955988455988455 0.015816326530612244 0.0010822510822510823
1 0.8801020408163265 0.25955988455988455 0.015306122448979591 0.0010822510822510823
1 0.8584183673469388 0.25955988455988455 0.015816326530612244 0.0010822510822510823
1 0.8367346938775511 0.25955988455988455 0.0163265306122449 0.0010822510822510823
1 0.6920918367346939 0.25955988455988455 0.015816326530612244 0.0010822510822510823
1 0.6170918367346939 0.29545454545454547 0.015816326530612244 0.0007215007215007215
1 0.4630102040816326 0.29545454545454547 0.015816326530612244 0.0007215007215007215
1 0.42372448979591837 0.29545454545454547 0.015816326530612244 0.0007215007215007215
1 0.3936224489795918 0.1525974025974026 0.015816326530612244 0.0007215007215007215
1 0.3936224489795918 0.15873015873015872 0.015816326530612244 0.0007215007215007215
1 0.22678571428571428 0.1525974025974026 0.01683673469387755 0.0007215007215007215
1 0.22678571428571428 0.15873015873015872 0.01683673469387755 0.0007215007215007215
41 0.6869897959183674 0.22258297258297258 0.0005102040816326531 0.030303030303030304
41 0.6977040816326531 0.13203463203463203 0.0005102040816326531 0.030303030303030304
121 0.25357142857142856 0.0689033189033189 0.04387755102040816 0.006493506493506494
121 0.25357142857142856 0.07377344877344877 0.04183673469387755 0.006854256854256854
41 0.6869897959183674 0.268037518037518 0.0005102040816326531 0.01875901875901876
40 0.7030612244897959 0.056457431457431456 0.003061224489795918 0.0025252525252525255
24 0.6920918367346939 0.059343434343434344 0.010714285714285714 0.006132756132756133
30 0.6923469387755102 0.14953102453102454 0.011224489795918367 0.006132756132756133
30 0.6923469387755102 0.13762626262626262 0.011224489795918367 0.006132756132756133
28 0.6923469387755102 0.22005772005772006 0.011224489795918367 0.005772005772005772
30 0.6923469387755102 0.2050865800865801 0.011224489795918367 0.006132756132756133
26 0.6920918367346939 0.25667388167388167 0.010714285714285714 0.006132756132756133
72 0.6920918367346939 0.2509018759018759 0.002551020408163265 0.0018037518037518038
41 0.6869897959183674 0.07034632034632035 0.0005102040816326531 0.01948051948051948
24 0.738265306122449 0.06547619047619048 0.01020408163265306 0.006132756132756133
30 0.7387755102040816 0.14953102453102454 0.011224489795918367 0.006132756132756133
30 0.7380102040816326 0.13762626262626262 0.009693877551020408 0.006132756132756133
28 0.7392857142857143 0.22005772005772006 0.01020408163265306 0.005772005772005772
30 0.7387755102040816 0.2050865800865801 0.011224489795918367 0.006132756132756133
86 0.7364795918367347 0.2766955266955267 0.008673469387755102 0.016594516594516596
40 0.7494897959183674 0.06240981240981241 0.003061224489795918 0.0021645021645021645
41 0.7334183673469388 0.07647907647907648 0.0005102040816326531 0.01948051948051948
41 0.7438775510204082 0.1323953823953824 0.0010204081632653062 0.031024531024531024
41 0.7334183673469388 0.2222222222222222 0.0005102040816326531 0.031024531024531024
41 0.5941326530612245 0.055735930735930736 0.0005102040816326531 0.030663780663780664
24 0.7114795918367347 0.2775974025974026 0.010714285714285714 0.006132756132756133
72 0.7114795918367347 0.2685786435786436 0.002551020408163265 0.0018037518037518038
41 0.7066326530612245 0.28805916305916307 0.0010204081632653062 0.0183982683982684
26 0.7219387755102041 0.06240981240981241 0.01020408163265306 0.005772005772005772
41 0.7170918367346939 0.07341269841269842 0.0005102040816326531 0.01911976911976912
53 0.7219387755102041 0.07485569985569986 0.009183673469387756 0.016233766233766232
28 0.6 0.22005772005772006 0.01020408163265306 0.005772005772005772
24 0.599234693877551 0.2775974025974026 0.010714285714285714 0.006132756132756133
95 0.5936224489795918 0.24801587301587302 0.017857142857142856 0.01479076479076479
93 0.6025510204081632 0.25 0.0163265306122449 0.010101010101010102
41 0.5941326530612245 0.28805916305916307 0.0005102040816326531 0.0183982683982684
30 0.5994897959183674 0.2050865800865801 0.011224489795918367 0.006132756132756133
26 0.6170918367346939 0.2985209235209235 0.010714285714285714 0.006132756132756133
40 0.6104591836734694 0.0386002886002886 0.0035714285714285713 0.0021645021645021645
41 0.6048469387755102 0.13203463203463203 0.0005102040816326531 0.030303030303030304
73 0.6170918367346939 0.30393217893217894 0.002551020408163265 0.0018037518037518038
72 0.599234693877551 0.2685786435786436 0.002551020408163265 0.0018037518037518038
41 0.5941326530612245 0.2222222222222222 0.0005102040816326531 0.031024531024531024
95 0.5933673469387755 0.30735930735930733 0.017346938775510204 0.015151515151515152
93 0.602295918367347 0.30916305916305914 0.015816326530612244 0.010101010101010102
26 0.599234693877551 0.038419913419913417 0.010714285714285714 0.006132756132756133
41 0.6497448979591837 0.13203463203463203 0.0005102040816326531 0.030303030303030304
41 0.639030612244898 0.22276334776334777 0.0005102040816326531 0.029942279942279944
24 0.6665816326530613 0.05357142857142857 0.010714285714285714 0.006132756132756133
41 0.661734693877551 0.06457431457431458 0.0010204081632653062 0.01948051948051948
41 0.6221938775510204 0.28733766233766234 0.0005102040816326531 0.01911976911976912
24 0.6275510204081632 0.041666666666666664 0.01020408163265306 0.006132756132756133
41 0.622704081632653 0.056998556998557 0.0005102040816326531 0.02813852813852814
95 0.5936224489795918 0.1645021645021645 0.017857142857142856 0.015151515151515152
93 0.6028061224489796 0.16630591630591632 0.015816326530612244 0.010101010101010102
53 0.627295918367347 0.06277056277056277 0.008673469387755102 0.016594516594516596
53 0.6665816326530613 0.06583694083694083 0.008673469387755102 0.016233766233766232
26 0.6441326530612245 0.04455266955266955 0.010714285714285714 0.006132756132756133
30 0.6443877551020408 0.14953102453102454 0.011224489795918367 0.006132756132756133
30 0.6443877551020408 0.13762626262626262 0.011224489795918367 0.006132756132756133
30 0.5994897959183674 0.13762626262626262 0.011224489795918367 0.006132756132756133
28 0.6443877551020408 0.22005772005772006 0.011224489795918367 0.005772005772005772
30 0.5994897959183674 0.14953102453102454 0.011224489795918367 0.006132756132756133
30 0.6443877551020408 0.2050865800865801 0.011224489795918367 0.006132756132756133
85 0.6448979591836734 0.2756132756132756 0.012244897959183673 0.0036075036075036075
40 0.6551020408163265 0.04455266955266955 0.003061224489795918 0.0025252525252525255
41 0.639030612244898 0.05844155844155844 0.0005102040816326531 0.025252525252525252
41 0.8920918367346938 0.21681096681096682 0.0005102040816326531 0.018037518037518036
41 0.8920918367346938 0.26821789321789324 0.0005102040816326531 0.0183982683982684
26 0.9186224489795919 0.25667388167388167 0.010714285714285714 0.006132756132756133
41 0.9135204081632653 0.2676767676767677 0.0005102040816326531 0.01948051948051948
26 0.9290816326530612 0.07449494949494949 0.01020408163265306 0.006132756132756133
41 0.924234693877551 0.08423520923520923 0.0005102040816326531 0.016955266955266956
24 0.9426020408163265 0.07124819624819625 0.010714285714285714 0.006132756132756133
41 0.9375 0.0817099567099567 0.0005102040816326531 0.0183982683982684
30 0.8971938775510204 0.2050865800865801 0.010714285714285714 0.006132756132756133
41 0.8752551020408164 0.2671356421356421 0.0005102040816326531 0.017676767676767676
24 0.8969387755102041 0.07124819624819625 0.01020408163265306 0.006132756132756133
103 0.8961734693877551 0.05140692640692641 0.01989795918367347 0.012626262626262626
28 0.8971938775510204 0.14087301587301587 0.010714285714285714 0.006132756132756133
26 0.8969387755102041 0.25667388167388167 0.01020408163265306 0.006132756132756133
40 0.9081632653061225 0.06836219336219336 0.003061224489795918 0.0025252525252525255
41 0.8920918367346938 0.0817099567099567 0.0005102040816326531 0.0183982683982684
41 0.9022959183673469 0.12950937950937952 0.0005102040816326531 0.01875901875901876
121 0.4122448979591837 0.06800144300144301 0.044897959183673466 0.00468975468975469
121 0.4119897959183674 0.07287157287157287 0.04642857142857143 0.005050505050505051
121 0.8711734693877551 0.2727272727272727 0.008673469387755102 0.0021645021645021645
121 0.8645408163265306 0.2774170274170274 0.02193877551020408 0.0021645021645021645
121 0.8706632653061225 0.0873015873015873 0.007653061224489796 0.0021645021645021645
121 0.8645408163265306 0.09235209235209235 0.02193877551020408 0.0021645021645021645
120 0.7951530612244898 0.26497113997113997 0.07908163265306123 0.029942279942279944
121 0.775765306122449 0.2905844155844156 0.045408163265306126 0.013347763347763348
121 0.775765306122449 0.29545454545454547 0.047448979591836735 0.013708513708513708
120 0.5622448979591836 0.045093795093795096 0.07040816326530612 0.025974025974025976
121 0.547704081632653 0.07485569985569986 0.04642857142857143 0.009018759018759018
121 0.5479591836734694 0.07990620490620491 0.04795918367346939 0.009018759018759018
120 0.9196428571428571 0.06259018759018758 0.045408163265306126 0.003968253968253968
121 0.3862244897959184 0.2683982683982684 0.08469387755102041 0.010101010101010102
124 0.3875 0.09505772005772006 0.1086734693877551 0.008297258297258298
121 0.35459183673469385 0.08080808080808081 0.03979591836734694 0.006493506493506494
121 0.35459183673469385 0.08567821067821067 0.04081632653061224 0.006854256854256854
121 0.29285714285714287 0.29238816738816736 0.027551020408163266 0.005411255411255411
121 0.3096938775510204 0.056998556998557 0.04081632653061224 0.006493506493506494
121 0.3096938775510204 0.06186868686868687 0.03979591836734694 0.006854256854256854
121 0.9308673469387755 0.08838383838383838 0.013775510204081633 0.0036075036075036075
121 0.9308673469387755 0.09325396825396826 0.013775510204081633 0.003968253968253968
26 0.8367346938775511 0.25667388167388167 0.01020408163265306 0.006132756132756133
24 0.8043367346938776 0.2656926406926407 0.010714285714285714 0.006132756132756133
41 0.799234693877551 0.27813852813852813 0.0005102040816326531 0.022366522366522368
24 0.8367346938775511 0.07124819624819625 0.01020408163265306 0.006132756132756133
28 0.8372448979591837 0.14087301587301587 0.011224489795918367 0.006132756132756133
30 0.8372448979591837 0.2050865800865801 0.011224489795918367 0.006132756132756133
41 0.8318877551020408 0.0817099567099567 0.0005102040816326531 0.0183982683982684
41 0.8423469387755103 0.12950937950937952 0.0010204081632653062 0.01875901875901876
26 0.7568877551020409 0.28643578643578643 0.010714285714285714 0.005772005772005772
41 0.7520408163265306 0.2943722943722944 0.0010204081632653062 0.012987012987012988
24 0.772704081632653 0.2775974025974026 0.010714285714285714 0.006132756132756133
41 0.7678571428571429 0.28805916305916307 0.0010204081632653062 0.0183982683982684
26 0.7885204081632653 0.07449494949494949 0.010714285714285714 0.006132756132756133
24 0.7885204081632653 0.27146464646464646 0.010714285714285714 0.006132756132756133
41 0.7936224489795919 0.06349206349206349 0.0005102040816326531 0.01948051948051948
47 0.7974489795918367 0.06259018759018758 0.007142857142857143 0.017676767676767676
41 0.7834183673469388 0.283008658008658 0.0005102040816326531 0.020562770562770564
24 0.8584183673469388 0.07124819624819625 0.010714285714285714 0.006132756132756133
26 0.8584183673469388 0.25667388167388167 0.010714285714285714 0.006132756132756133
40 0.8696428571428572 0.06836219336219336 0.0035714285714285713 0.0025252525252525255
41 0.8533163265306123 0.08225108225108226 0.0005102040816326531 0.01948051948051948
40 0.8696428571428572 0.2564935064935065 0.0035714285714285713 0.0021645021645021645
41 0.8533163265306123 0.2676767676767677 0.0005102040816326531 0.01948051948051948
24 0.8803571428571428 0.07124819624819625 0.010714285714285714 0.006132756132756133
26 0.8803571428571428 0.25667388167388167 0.010714285714285714 0.006132756132756133
41 0.8752551020408164 0.08225108225108226 0.0005102040816326531 0.01948051948051948
63 0.8237244897959184 0.1406926406926407 0.008673469387755102 0.017316017316017316
41 0.8318877551020408 0.21626984126984128 0.0005102040816326531 0.01911976911976912
41 0.8318877551020408 0.2676767676767677 0.0005102040816326531 0.01948051948051948
72 0.2841836734693878 0.26262626262626265 0.003061224489795918 0.0021645021645021645
24 0.27040816326530615 0.08315295815295816 0.01020408163265306 0.006132756132756133
41 0.2755102040816326 0.07431457431457432 0.0010204081632653062 0.015151515151515152
26 0.2841836734693878 0.08026695526695526 0.01020408163265306 0.006132756132756133
26 0.2841836734693878 0.2685786435786436 0.01020408163265306 0.006132756132756133
41 0.28903061224489796 0.06926406926406926 0.0005102040816326531 0.01948051948051948
41 0.27933673469387754 0.2801226551226551 0.0005102040816326531 0.020562770562770564
41 0.22168367346938775 0.2768759018759019 0.0005102040816326531 0.0183982683982684
24 0.2979591836734694 0.07738095238095238 0.01020408163265306 0.006132756132756133
24 0.24311224489795918 0.08928571428571429 0.010714285714285714 0.006132756132756133
41 0.24821428571428572 0.07882395382395382 0.0005102040816326531 0.0183982683982684
26 0.2568877551020408 0.08639971139971139 0.010714285714285714 0.006132756132756133
41 0.26198979591836735 0.07665945165945166 0.0005102040816326531 0.016955266955266956
26 0.33903061224489794 0.06836219336219336 0.010714285714285714 0.006132756132756133
26 0.33903061224489794 0.2804834054834055 0.010714285714285714 0.006132756132756133
73 0.33903061224489794 0.28643578643578643 0.002551020408163265 0.0021645021645021645
41 0.3339285714285714 0.07882395382395382 0.0005102040816326531 0.0183982683982684
41 0.3441326530612245 0.27200577200577203 0.0005102040816326531 0.01443001443001443
41 0.5716836734693878 0.06132756132756133 0.0005102040816326531 0.02958152958152958
24 0.3528061224489796 0.06547619047619048 0.010714285714285714 0.006132756132756133
41 0.34770408163265304 0.07647907647907648 0.0005102040816326531 0.01948051948051948
26 0.3663265306122449 0.06240981240981241 0.01020408163265306 0.005772005772005772
26 0.3663265306122449 0.28643578643578643 0.01020408163265306 0.005772005772005772
41 0.3028061224489796 0.0670995670995671 0.0005102040816326531 0.018037518037518036
26 0.3114795918367347 0.07449494949494949 0.010714285714285714 0.006132756132756133
26 0.3114795918367347 0.27435064935064934 0.010714285714285714 0.006132756132756133
72 0.3114795918367347 0.2685786435786436 0.002551020408163265 0.0018037518037518038
41 0.3165816326530612 0.06475468975468976 0.0005102040816326531 0.016955266955266956
41 0.30637755102040815 0.284992784992785 0.0005102040816326531 0.018037518037518036
24 0.3252551020408163 0.07124819624819625 0.010714285714285714 0.006132756132756133
41 0.33035714285714285 0.06240981240981241 0.0005102040816326531 0.015151515151515152
41 0.13392857142857142 0.06601731601731602 0.0005102040816326531 0.01875901875901876
8 0.06505102040816327 0.2745310245310245 0.02193877551020408 0.018037518037518036
69 0.08826530612244898 0.27146464646464646 0.009183673469387756 0.017676767676767676
69 0.09770408163265307 0.2804834054834055 0.008673469387755102 0.017676767676767676
24 0.1288265306122449 0.07738095238095238 0.010714285714285714 0.006132756132756133
69 0.08826530612244898 0.2050865800865801 0.009183673469387756 0.017676767676767676
69 0.09770408163265307 0.2141053391053391 0.008673469387755102 0.017676767676767676
24 0.14846938775510204 0.08315295815295816 0.01020408163265306 0.006132756132756133
41 0.15331632653061225 0.07233044733044733 0.0005102040816326531 0.01911976911976912
24 0.16785714285714284 0.08928571428571429 0.01020408163265306 0.006132756132756133
41 0.17270408163265305 0.07828282828282829 0.0005102040816326531 0.01948051948051948
84 0.15714285714285714 0.13077200577200576 0.012244897959183673 0.003246753246753247
84 0.15714285714285714 0.204004329004329 0.012244897959183673 0.003246753246753247
84 0.15714285714285714 0.27326839826839827 0.012244897959183673 0.003246753246753247
5 0.06505102040816327 0.0707070707070707 0.020918367346938777 0.04329004329004329
69 0.08826530612244898 0.059343434343434344 0.009183673469387756 0.017676767676767676
69 0.09770408163265307 0.06836219336219336 0.008673469387755102 0.017676767676767676
5 0.06505102040816327 0.1341991341991342 0.020918367346938777 0.04329004329004329
69 0.08826530612244898 0.12283549783549784 0.009183673469387756 0.017676767676767676
69 0.09770408163265307 0.13185425685425686 0.008673469387755102 0.017676767676767676
6 0.06581632653061224 0.2141053391053391 0.022448979591836733 0.023448773448773448
40 0.2385204081632653 0.15566378066378067 0.0035714285714285713 0.0025252525252525255
41 0.23239795918367348 0.14556277056277056 0.0005102040816326531 0.021284271284271284
40 0.2385204081632653 0.21717171717171718 0.0035714285714285713 0.0021645021645021645
41 0.23239795918367348 0.20869408369408368 0.0005102040816326531 0.0183982683982684
95 0.22678571428571428 0.10696248196248197 0.017857142857142856 0.01479076479076479
24 0.19464285714285715 0.09505772005772006 0.010714285714285714 0.006132756132756133
41 0.19948979591836735 0.08261183261183261 0.0010204081632653062 0.022366522366522368
63 0.18137755102040817 0.09523809523809523 0.008673469387755102 0.017316017316017316
26 0.22678571428571428 0.09217171717171717 0.010714285714285714 0.006132756132756133
28 0.22704081632653061 0.15854978354978355 0.011224489795918367 0.006132756132756133
95 0.22729591836734694 0.1782106782106782 0.017857142857142856 0.015151515151515152
71 0.22704081632653061 0.16612554112554112 0.014285714285714285 0.005411255411255411
28 0.22704081632653061 0.22005772005772006 0.011224489795918367 0.005772005772005772
95 0.22729591836734694 0.23773448773448774 0.017857142857142856 0.015151515151515152
70 0.22704081632653061 0.19498556998556998 0.014285714285714285 0.005411255411255411
24 0.22678571428571428 0.2656926406926407 0.010714285714285714 0.006132756132756133
95 0.22678571428571428 0.30122655122655123 0.017857142857142856 0.015151515151515152
41 0.2316326530612245 0.08116883116883117 0.0010204081632653062 0.01948051948051948
41 0.45790816326530615 0.22276334776334777 0.0005102040816326531 0.029942279942279944
41 0.46785714285714286 0.28733766233766234 0.0010204081632653062 0.01911976911976912
24 0.488265306122449 0.2775974025974026 0.01020408163265306 0.006132756132756133
41 0.45790816326530615 0.05916305916305916 0.0005102040816326531 0.023809523809523808
30 0.463265306122449 0.04455266955266955 0.011224489795918367 0.006132756132756133
95 0.45790816326530615 0.09505772005772006 0.017857142857142856 0.01479076479076479
95 0.4688775510204082 0.09523809523809523 0.017346938775510204 0.015151515151515152
30 0.463265306122449 0.14953102453102454 0.011224489795918367 0.006132756132756133
30 0.4627551020408163 0.13762626262626262 0.01020408163265306 0.006132756132756133
95 0.4635204081632653 0.1645021645021645 0.017857142857142856 0.015151515151515152
28 0.463265306122449 0.22005772005772006 0.011224489795918367 0.005772005772005772
30 0.463265306122449 0.2050865800865801 0.011224489795918367 0.006132756132756133
95 0.4635204081632653 0.23773448773448774 0.017857142857142856 0.015151515151515152
26 0.4630102040816326 0.2985209235209235 0.010714285714285714 0.006132756132756133
73 0.3663265306122449 0.29238816738816736 0.003061224489795918 0.0018037518037518038
72 0.488265306122449 0.2685786435786436 0.003061224489795918 0.0018037518037518038
41 0.4686224489795918 0.1323953823953824 0.0005102040816326531 0.031024531024531024
24 0.5285714285714286 0.06547619047619048 0.01020408163265306 0.006132756132756133
41 0.5237244897959183 0.07485569985569986 0.0005102040816326531 0.016233766233766232
24 0.5443877551020408 0.059343434343434344 0.01020408163265306 0.006132756132756133
41 0.5395408163265306 0.0707070707070707 0.0005102040816326531 0.020202020202020204
24 0.560204081632653 0.05357142857142857 0.01020408163265306 0.006132756132756133
41 0.5553571428571429 0.06673881673881674 0.0005102040816326531 0.023809523809523808
26 0.5767857142857142 0.04455266955266955 0.010714285714285714 0.006132756132756133
41 0.48341836734693877 0.28805916305916307 0.0005102040816326531 0.0183982683982684
86 0.5081632653061224 0.07034632034632035 0.00816326530612245 0.016594516594516596
30 0.5102040816326531 0.14953102453102454 0.011224489795918367 0.006132756132756133
30 0.5096938775510204 0.13762626262626262 0.01020408163265306 0.006132756132756133
28 0.5107142857142857 0.22005772005772006 0.01020408163265306 0.005772005772005772
30 0.5102040816326531 0.2050865800865801 0.011224489795918367 0.006132756132756133
85 0.5107142857142857 0.2756132756132756 0.012244897959183673 0.0036075036075036075
73 0.4627551020408163 0.30393217893217894 0.003061224489795918 0.0018037518037518038
41 0.5155612244897959 0.1323953823953824 0.0005102040816326531 0.031024531024531024
41 0.5048469387755102 0.2222222222222222 0.0005102040816326531 0.031024531024531024
24 0.3936224489795918 0.20220057720057721 0.010714285714285714 0.006132756132756133
24 0.3936224489795918 0.2895021645021645 0.010714285714285714 0.006132756132756133
73 0.3936224489795918 0.2950937950937951 0.002551020408163265 0.0021645021645021645
41 0.38877551020408163 0.06601731601731602 0.0010204081632653062 0.015873015873015872
41 0.39872448979591835 0.13672438672438672 0.0005102040816326531 0.03968253968253968
24 0.3943877551020408 0.22005772005772006 0.009183673469387756 0.005772005772005772
41 0.38877551020408163 0.2205988455988456 0.0010204081632653062 0.03427128427128427
41 0.39872448979591835 0.27904040404040403 0.0005102040816326531 0.0183982683982684
41 0.36147959183673467 0.07431457431457432 0.0005102040816326531 0.020923520923520924
41 0.3711734693877551 0.27615440115440115 0.0005102040816326531 0.017676767676767676
24 0.38010204081632654 0.059343434343434344 0.01020408163265306 0.006132756132756133
41 0.3752551020408163 0.07196969696969698 0.0005102040816326531 0.022727272727272728
26 0.3936224489795918 0.056457431457431456 0.010714285714285714 0.006132756132756133
24 0.3936224489795918 0.15854978354978355 0.010714285714285714 0.006132756132756133
26 0.3936224489795918 0.13762626262626262 0.010714285714285714 0.006132756132756133
24 0.4403061224489796 0.04743867243867244 0.01020408163265306 0.006132756132756133
73 0.42397959183673467 0.30104617604617606 0.003061224489795918 0.0018037518037518038
24 0.42397959183673467 0.2952741702741703 0.01020408163265306 0.006132756132756133
41 0.4191326530612245 0.06259018759018758 0.0005102040816326531 0.01911976911976912
26 0.42397959183673467 0.05032467532467533 0.01020408163265306 0.006132756132756133
41 0.4288265306122449 0.2833694083694084 0.0005102040816326531 0.021284271284271284
41 0.43545918367346936 0.05988455988455989 0.0005102040816326531 0.022366522366522368
41 0.40229591836734696 0.06439393939393939 0.0005102040816326531 0.017676767676767676
24 0.4073979591836735 0.05357142857142857 0.010714285714285714 0.006132756132756133
134 0.4997448979591837 0.4137806637806638 0.9045918367346939 0.023809523809523808
134 0.4997448979591837 0.6116522366522367 0.9045918367346939 0.024170274170274172
1 0.7681122448979592 0.5937950937950938 0.015816326530612244 0.0007215007215007215
1 0.4229591836734694 0.5937950937950938 0.0163265306122449 0.0007215007215007215
1 0.1326530612244898 0.5937950937950938 0.0163265306122449 0.0007215007215007215
1 0.9426020408163265 0.3959235209235209 0.015816326530612244 0.0010822510822510823
1 0.686734693877551 0.4318181818181818 0.0163265306122449 0.0007215007215007215
1 0.5803571428571429 0.3959235209235209 0.015816326530612244 0.0010822510822510823
1 0.2686224489795918 0.3959235209235209 0.015816326530612244 0.0010822510822510823
1 0.9262755102040816 0.49512987012987014 0.015816326530612244 0.0010822510822510823
1 0.8938775510204081 0.49512987012987014 0.0163265306122449 0.0010822510822510823
1 0.8762755102040817 0.49512987012987014 0.015816326530612244 0.0010822510822510823
1 0.8589285714285714 0.49512987012987014 0.015816326530612244 0.0010822510822510823
1 0.8385204081632653 0.49512987012987014 0.015816326530612244 0.0010822510822510823
134 0.4997448979591837 0.5405844155844156 0.9045918367346939 0.024170274170274172
134 0.4997448979591837 0.47709235209235207 0.9045918367346939 0.024170274170274172
24 0.7681122448979592 0.4018759018759019 0.010714285714285714 0.005772005772005772
24 0.7678571428571429 0.4832251082251082 0.01020408163265306 0.006132756132756133
24 0.7673469387755102 0.47709235209235207 0.009183673469387756 0.006132756132756133
71 0.7681122448979592 0.4936868686868687 0.01479591836734694 0.005411255411255411
24 0.7678571428571429 0.5405844155844156 0.01020408163265306 0.006132756132756133
70 0.7681122448979592 0.5241702741702742 0.01479591836734694 0.005772005772005772
24 0.7678571428571429 0.5936147186147186 0.01020408163265306 0.006132756132756133
24 0.7354591836734694 0.5997474747474747 0.010714285714285714 0.006132756132756133
41 0.7630102040816327 0.4128787878787879 0.0005102040816326531 0.01911976911976912
40 0.7790816326530612 0.4801587301587302 0.003061224489795918 0.0021645021645021645
120 0.23061224489795917 0.4013347763347763 0.07142857142857142 0.029942279942279944
26 0.7030612244897959 0.6145382395382395 0.01020408163265306 0.006132756132756133
41 0.6982142857142857 0.623015873015873 0.0005102040816326531 0.01443001443001443
24 0.7191326530612245 0.4018759018759019 0.010714285714285714 0.005772005772005772
73 0.7193877551020408 0.41089466089466087 0.003061224489795918 0.0021645021645021645
24 0.7193877551020408 0.6055194805194806 0.01020408163265306 0.006132756132756133
41 0.724234693877551 0.39375901875901875 0.0005102040816326531 0.013347763347763348
41 0.7142857142857143 0.6165223665223665 0.0010204081632653062 0.01948051948051948
41 0.7306122448979592 0.6121933621933622 0.0010204081632653062 0.022366522366522368
26 0.7854591836734693 0.5965007215007215 0.010714285714285714 0.006132756132756133
41 0.7803571428571429 0.6075036075036075 0.0005102040816326531 0.01948051948051948
26 0.8119897959183674 0.40494227994227994 0.010714285714285714 0.006132756132756133
26 0.8119897959183674 0.6026334776334776 0.010714285714285714 0.006132756132756133
72 0.8119897959183674 0.5966810966810967 0.002551020408163265 0.0021645021645021645
41 0.8068877551020408 0.41594516594516595 0.0005102040816326531 0.01948051948051948
40 0.7790816326530612 0.5375180375180375 0.003061224489795918 0.0021645021645021645
40 0.7790816326530612 0.4742063492063492 0.003061224489795918 0.0025252525252525255
63 0.7548469387755102 0.4832251082251082 0.008673469387755102 0.017676767676767676
41 0.7729591836734694 0.4696969696969697 0.0010204081632653062 0.024531024531024532
41 0.7630102040816327 0.551046176046176 0.0005102040816326531 0.0183982683982684
41 0.7630102040816327 0.6055194805194806 0.0005102040816326531 0.021284271284271284
73 0.624234693877551 0.6320346320346321 0.002551020408163265 0.0021645021645021645
26 0.6068877551020408 0.39880952380952384 0.010714285714285714 0.006132756132756133
41 0.6020408163265306 0.41053391053391053 0.0010204081632653062 0.020923520923520924
63 0.5938775510204082 0.39880952380952384 0.009183673469387756 0.017676767676767676
24 0.624234693877551 0.4018759018759019 0.010714285714285714 0.005772005772005772
72 0.624234693877551 0.3962842712842713 0.002551020408163265 0.0018037518037518038
26 0.624234693877551 0.6264430014430015 0.010714285714285714 0.006132756132756133
41 0.6193877551020408 0.4134199134199134 0.0010204081632653062 0.020202020202020204
41 0.6293367346938775 0.6154401154401155 0.0005102040816326531 0.01948051948051948
26 0.6395408163265306 0.4107142857142857 0.010714285714285714 0.006132756132756133
72 0.6395408163265306 0.40494227994227994 0.002551020408163265 0.0018037518037518038
41 0.5752551020408163 0.6168831168831169 0.0005102040816326531 0.01875901875901876
121 0.2165816326530612 0.43217893217893216 0.047448979591836735 0.012265512265512266
121 0.2163265306122449 0.4370490620490621 0.04897959183673469 0.012626262626262626
41 0.5752551020408163 0.5515873015873016 0.0005102040816326531 0.017316017316017316
41 0.6344387755102041 0.41865079365079366 0.0005102040816326531 0.013347763347763348
24 0.686734693877551 0.43163780663780665 0.01020408163265306 0.006132756132756133
26 0.6714285714285714 0.4226190476190476 0.01020408163265306 0.006132756132756133
73 0.6714285714285714 0.4287518037518038 0.003061224489795918 0.0018037518037518038
41 0.6762755102040816 0.4081890331890332 0.0005102040816326531 0.026334776334776336
73 0.686734693877551 0.4374098124098124 0.003061224489795918 0.0018037518037518038
26 0.686734693877551 0.6206709956709957 0.01020408163265306 0.006132756132756133
41 0.6915816326530613 0.4116161616161616 0.0005102040816326531 0.03751803751803752
41 0.6818877551020408 0.6280663780663781 0.0005102040816326531 0.012265512265512266
26 0.6561224489795918 0.41684704184704185 0.01020408163265306 0.006132756132756133
73 0.6561224489795918 0.4227994227994228 0.003061224489795918 0.0021645021645021645
30 0.6566326530612245 0.4861111111111111 0.011224489795918367 0.006132756132756133
30 0.6558673469387755 0.48033910533910534 0.009693877551020408 0.006132756132756133
28 0.6566326530612245 0.5405844155844156 0.011224489795918367 0.006132756132756133
86 0.6543367346938775 0.6107503607503607 0.008673469387755102 0.016594516594516596
41 0.6609693877551021 0.40584415584415584 0.0005102040816326531 0.01948051948051948
41 0.661734693877551 0.47204184704184704 0.0010204081632653062 0.024891774891774892
41 0.6512755102040816 0.5512265512265512 0.0005102040816326531 0.018037518037518036
24 0.9262755102040816 0.4018759018759019 0.010714285714285714 0.005772005772005772
24 0.9262755102040816 0.49512987012987014 0.010714285714285714 0.006132756132756133
73 0.9262755102040816 0.5007215007215007 0.002551020408163265 0.0021645021645021645
26 0.9262755102040816 0.5434704184704184 0.010714285714285714 0.006132756132756133
72 0.9313775510204082 0.520021645021645 0.002551020408163265 0.0018037518037518038
24 0.9262755102040816 0.6235569985569985 0.010714285714285714 0.006132756132756133
73 0.9262755102040816 0.6291486291486291 0.002551020408163265 0.0021645021645021645
41 0.9214285714285714 0.4128787878787879 0.0010204081632653062 0.01911976911976912
41 0.9313775510204082 0.4855699855699856 0.0005102040816326531 0.016594516594516596
41 0.9313775510204082 0.5331890331890332 0.0005102040816326531 0.018037518037518036
41 0.9313775510204082 0.6134559884559885 0.0005102040816326531 0.017676767676767676
41 0.8987244897959183 0.48575036075036077 0.0005102040816326531 0.01406926406926407
41 0.8987244897959183 0.5317460317460317 0.0005102040816326531 0.012987012987012988
41 0.8987244897959183 0.6109307359307359 0.0005102040816326531 0.01479076479076479
26 0.9102040816326531 0.4107142857142857 0.01020408163265306 0.006132756132756133
41 0.9051020408163265 0.41919191919191917 0.0010204081632653062 0.01443001443001443
120 0.5563775510204082 0.400974025974026 0.09846938775510204 0.024891774891774892
121 0.9132653061224489 0.4208152958152958 0.04693877551020408 0.013347763347763348
121 0.9132653061224489 0.4258658008658009 0.04897959183673469 0.013347763347763348
121 0.897704081632653 0.601911976911977 0.06683673469387755 0.006854256854256854
121 0.897704081632653 0.5238095238095238 0.06683673469387755 0.0021645021645021645
121 0.897704081632653 0.4772727272727273 0.06683673469387755 0.0021645021645021645
121 0.798469387755102 0.6204906204906205 0.07040816326530612 0.010101010101010102
120 0.7903061224489796 0.3953823953823954 0.04387755102040816 0.006493506493506494
120 0.7346938775510204 0.6002886002886003 0.09795918367346938 0.027417027417027416
121 0.7061224489795919 0.6246392496392497 0.04897959183673469 0.01406926406926407
121 0.7061224489795919 0.6295093795093795 0.04897959183673469 0.013708513708513708
121 0.6926020408163265 0.39141414141414144 0.06275510204081633 0.010822510822510822
63 0.9132653061224489 0.6235569985569985 0.009183673469387756 0.017676767676767676
24 0.9426020408163265 0.3959235209235209 0.010714285714285714 0.006132756132756133
41 0.9375 0.4083694083694084 0.0005102040816326531 0.022366522366522368
41 0.889030612244898 0.4253246753246753 0.0005102040816326531 0.012265512265512266
121 0.5278061224489796 0.43217893217893216 0.047448979591836735 0.012265512265512266
121 0.5278061224489796 0.4370490620490621 0.04846938775510204 0.012626262626262626
47 0.8477040816326531 0.5328282828282829 0.0066326530612244895 0.015873015873015872
41 0.8334183673469387 0.6174242424242424 0.0005102040816326531 0.01406926406926407
63 0.8252551020408163 0.6085858585858586 0.008673469387755102 0.017316017316017316
41 0.8436224489795918 0.5321067821067821 0.0005102040816326531 0.01875901875901876
86 0.8573979591836735 0.4128787878787879 0.008673469387755102 0.016955266955266956
24 0.8591836734693877 0.49512987012987014 0.01020408163265306 0.006132756132756133
73 0.8591836734693877 0.5007215007215007 0.003061224489795918 0.0021645021645021645
26 0.8591836734693877 0.5434704184704184 0.01020408163265306 0.006132756132756133
72 0.864030612244898 0.520021645021645 0.002551020408163265 0.0018037518037518038
26 0.8591836734693877 0.6145382395382395 0.01020408163265306 0.006132756132756133
121 0.36096938775510207 0.6246392496392497 0.047448979591836735 0.013347763347763348
121 0.36122448979591837 0.6295093795093795 0.04897959183673469 0.013708513708513708
73 0.8591836734693877 0.6204906204906205 0.003061224489795918 0.0021645021645021645
63 0.7987244897959184 0.40494227994227994 0.008673469387755102 0.017676767676767676
41 0.8068877551020408 0.6125541125541125 0.0005102040816326531 0.017316017316017316
63 0.7987244897959184 0.6026334776334776 0.008673469387755102 0.017676767676767676
24 0.8385204081632653 0.49512987012987014 0.010714285714285714 0.006132756132756133
73 0.8385204081632653 0.5007215007215007 0.002551020408163265 0.0021645021645021645
26 0.8385204081632653 0.5434704184704184 0.010714285714285714 0.006132756132756133
72 0.8436224489795918 0.5203823953823954 0.002551020408163265 0.0018037518037518038
26 0.8385204081632653 0.6085858585858586 0.010714285714285714 0.005772005772005772
72 0.8385204081632653 0.6026334776334776 0.002551020408163265 0.0018037518037518038
41 0.8436224489795918 0.48412698412698413 0.0005102040816326531 0.01948051948051948
47 0.8474489795918367 0.4834054834054834 0.007142857142857143 0.017316017316017316
41 0.8813775510204082 0.48502886002886003 0.0005102040816326531 0.015512265512265512
41 0.8813775510204082 0.5328282828282829 0.0005102040816326531 0.017316017316017316
41 0.8813775510204082 0.6082251082251082 0.0005102040816326531 0.01443001443001443
73 0.8765306122448979 0.6264430014430015 0.003061224489795918 0.0018037518037518038
26 0.8938775510204081 0.41684704184704185 0.01020408163265306 0.006132756132756133
95 0.8941326530612245 0.44155844155844154 0.017857142857142856 0.015151515151515152
24 0.8938775510204081 0.49512987012987014 0.01020408163265306 0.006132756132756133
73 0.8938775510204081 0.5007215007215007 0.003061224489795918 0.0021645021645021645
24 0.8938775510204081 0.5405844155844156 0.01020408163265306 0.006132756132756133
72 0.8987244897959183 0.520021645021645 0.002551020408163265 0.0018037518037518038
26 0.8938775510204081 0.6206709956709957 0.01020408163265306 0.006132756132756133
73 0.8938775510204081 0.6264430014430015 0.003061224489795918 0.0018037518037518038
41 0.864030612244898 0.4855699855699856 0.0005102040816326531 0.016594516594516596
120 0.38035714285714284 0.599025974025974 0.08112244897959184 0.029942279942279944
41 0.864030612244898 0.5331890331890332 0.0005102040816326531 0.018037518037518036
120 0.43673469387755104 0.3961038961038961 0.026530612244897958 0.005050505050505051
121 0.6051020408163266 0.4227994227994228 0.05918367346938776 0.010101010101010102
41 0.864030612244898 0.6066017316017316 0.0005102040816326531 0.013347763347763348
24 0.8765306122448979 0.49512987012987014 0.01020408163265306 0.006132756132756133
73 0.8765306122448979 0.5007215007215007 0.003061224489795918 0.0021645021645021645
26 0.8765306122448979 0.5434704184704184 0.01020408163265306 0.006132756132756133
72 0.8813775510204082 0.520021645021645 0.002551020408163265 0.0018037518037518038
24 0.8765306122448979 0.6174242424242424 0.01020408163265306 0.006132756132756133
72 0.2683673469387755 0.5966810966810967 0.003061224489795918 0.0021645021645021645
40 0.2795918367346939 0.39285714285714285 0.003061224489795918 0.0021645021645021645
41 0.26352040816326533 0.4072871572871573 0.0005102040816326531 0.01875901875901876
41 0.274234693877551 0.4716810966810967 0.0005102040816326531 0.024170274170274172
95 0.2625 0.6365440115440115 0.017857142857142856 0.01479076479076479
93 0.27168367346938777 0.6385281385281385 0.015816326530612244 0.010101010101010102
41 0.26352040816326533 0.5517676767676768 0.0005102040816326531 0.016955266955266956
41 0.24107142857142858 0.41792929292929293 0.0005102040816326531 0.027056277056277056
26 0.22959183673469388 0.4107142857142857 0.01020408163265306 0.006132756132756133
41 0.22474489795918368 0.4235209235209235 0.0005102040816326531 0.023088023088023088
24 0.24591836734693878 0.4018759018759019 0.01020408163265306 0.005772005772005772
24 0.2683673469387755 0.3959235209235209 0.01020408163265306 0.006132756132756133
30 0.26887755102040817 0.4861111111111111 0.011224489795918367 0.006132756132756133
30 0.26887755102040817 0.48033910533910534 0.011224489795918367 0.006132756132756133
95 0.26301020408163267 0.5009018759018758 0.017857142857142856 0.01479076479076479
93 0.27193877551020407 0.5028860028860029 0.0163265306122449 0.010101010101010102
28 0.26887755102040817 0.5405844155844156 0.011224489795918367 0.006132756132756133
95 0.26301020408163267 0.5705266955266955 0.017857142857142856 0.01479076479076479
93 0.27193877551020407 0.5725108225108225 0.0163265306122449 0.010101010101010102
24 0.2686224489795918 0.6055194805194806 0.010714285714285714 0.006132756132756133
63 0.29056122448979593 0.39880952380952384 0.008673469387755102 0.017676767676767676
24 0.3209183673469388 0.4018759018759019 0.01020408163265306 0.005772005772005772
30 0.3211734693877551 0.4861111111111111 0.010714285714285714 0.006132756132756133
30 0.32066326530612244 0.48033910533910534 0.009693877551020408 0.006132756132756133
28 0.3211734693877551 0.5405844155844156 0.010714285714285714 0.006132756132756133
86 0.3191326530612245 0.6107503607503607 0.008673469387755102 0.016594516594516596
40 0.33214285714285713 0.398989898989899 0.003061224489795918 0.0021645021645021645
41 0.31607142857142856 0.4128787878787879 0.0005102040816326531 0.01911976911976912
41 0.31607142857142856 0.5512265512265512 0.0005102040816326531 0.018037518037518036
41 0.26352040816326533 0.6165223665223665 0.0005102040816326531 0.01948051948051948
41 0.20841836734693878 0.42893217893217894 0.0005102040816326531 0.01948051948051948
26 0.29081632653061223 0.6264430014430015 0.01020408163265306 0.006132756132756133
73 0.29081632653061223 0.6320346320346321 0.003061224489795918 0.0021645021645021645
41 0.29566326530612247 0.6154401154401155 0.0005102040816326531 0.01948051948051948
26 0.30357142857142855 0.39880952380952384 0.01020408163265306 0.006132756132756133
41 0.29872448979591837 0.4098124098124098 0.0005102040816326531 0.01948051948051948
53 0.30331632653061225 0.4110750360750361 0.008673469387755102 0.016233766233766232
72 0.1326530612244898 0.588023088023088 0.003061224489795918 0.0021645021645021645
69 0.08826530612244898 0.6055194805194806 0.009183673469387756 0.017676767676767676
69 0.09770408163265307 0.6145382395382395 0.008673469387755102 0.017676767676767676
30 0.13290816326530613 0.4107142857142857 0.010714285714285714 0.006132756132756133
28 0.13290816326530613 0.4832251082251082 0.010714285714285714 0.006132756132756133
28 0.13239795918367347 0.47709235209235207 0.009693877551020408 0.006132756132756133
28 0.13290816326530613 0.5346320346320347 0.010714285714285714 0.005772005772005772
24 0.1326530612244898 0.5936147186147186 0.01020408163265306 0.006132756132756133
8 0.06505102040816327 0.6085858585858586 0.02193877551020408 0.018037518037518036
41 0.1278061224489796 0.42207792207792205 0.0005102040816326531 0.01875901875901876
40 0.14438775510204083 0.4801587301587302 0.003061224489795918 0.0021645021645021645
41 0.13801020408163264 0.4695165945165945 0.0005102040816326531 0.024170274170274172
40 0.14438775510204083 0.4742063492063492 0.003061224489795918 0.0025252525252525255
5 0.06505102040816327 0.41305916305916307 0.020918367346938777 0.04329004329004329
120 0.9214285714285714 0.3998917748917749 0.058163265306122446 0.021284271284271284
63 0.11964285714285715 0.4832251082251082 0.008673469387755102 0.017676767676767676
69 0.08826530612244898 0.4018759018759019 0.009183673469387756 0.017316017316017316
69 0.09770408163265307 0.41089466089466087 0.008673469387755102 0.017316017316017316
5 0.06505102040816327 0.47655122655122656 0.020918367346938777 0.04329004329004329
69 0.08826530612244898 0.4651875901875902 0.009183673469387756 0.017676767676767676
69 0.09770408163265307 0.4742063492063492 0.008673469387755102 0.017676767676767676
6 0.06581632653061224 0.5405844155844156 0.022448979591836733 0.023448773448773448
69 0.08826530612244898 0.5315656565656566 0.009183673469387756 0.017676767676767676
69 0.09770408163265307 0.5405844155844156 0.008673469387755102 0.017676767676767676
26 0.19693877551020408 0.4226190476190476 0.01020408163265306 0.006132756132756133
26 0.19693877551020408 0.4861111111111111 0.01020408163265306 0.006132756132756133
26 0.19642857142857142 0.48033910533910534 0.009183673469387756 0.006132756132756133
24 0.19693877551020408 0.5405844155844156 0.01020408163265306 0.006132756132756133
41 0.19209183673469388 0.43308080808080807 0.0005102040816326531 0.0183982683982684
41 0.2017857142857143 0.4722222222222222 0.0005102040816326531 0.025252525252525252
41 0.19209183673469388 0.551046176046176 0.0005102040816326531 0.0183982683982684
26 0.21326530612244898 0.41684704184704185 0.01020408163265306 0.006132756132756133
40 0.14438775510204083 0.5317460317460317 0.003061224489795918 0.0021645021645021645
41 0.1278061224489796 0.5458152958152959 0.0005102040816326531 0.01875901875901876
63 0.11964285714285715 0.5346320346320347 0.008673469387755102 0.017316017316017316
41 0.1278061224489796 0.6046176046176046 0.0005102040816326531 0.01948051948051948
41 0.32627551020408163 0.47204184704184704 0.0005102040816326531 0.024891774891774892
26 0.15255102040816326 0.6145382395382395 0.01020408163265306 0.006132756132756133
73 0.15255102040816326 0.6204906204906205 0.003061224489795918 0.0021645021645021645
41 0.15739795918367347 0.6035353535353535 0.0005102040816326531 0.01948051948051948
86 0.17448979591836736 0.41305916305916307 0.00816326530612245 0.016594516594516596
85 0.17704081632653063 0.6096681096681097 0.012244897959183673 0.0036075036075036075
40 0.4987244897959184 0.6026334776334776 0.0035714285714285713 0.0025252525252525255
41 0.4931122448979592 0.468975468975469 0.0005102040816326531 0.023088023088023088
41 0.48239795918367345 0.5515873015873016 0.0005102040816326531 0.017316017316017316
41 0.48239795918367345 0.613997113997114 0.0005102040816326531 0.01875901875901876
63 0.4744897959183674 0.6026334776334776 0.009183673469387756 0.017676767676767676
26 0.5081632653061224 0.4226190476190476 0.01020408163265306 0.006132756132756133
41 0.5033163265306122 0.43308080808080807 0.0005102040816326531 0.0183982683982684
26 0.46096938775510204 0.5965007215007215 0.010714285714285714 0.006132756132756133
26 0.44948979591836735 0.40494227994227994 0.01020408163265306 0.006132756132756133
41 0.4446428571428571 0.41594516594516595 0.0005102040816326531 0.01948051948051948
63 0.4364795918367347 0.40476190476190477 0.008673469387755102 0.017316017316017316
41 0.4558673469387755 0.6075036075036075 0.0005102040816326531 0.01948051948051948
53 0.4607142857142857 0.6091269841269841 0.009183673469387756 0.016233766233766232
86 0.4857142857142857 0.41305916305916307 0.00816326530612245 0.016594516594516596
28 0.48775510204081635 0.4832251082251082 0.011224489795918367 0.006132756132756133
28 0.48775510204081635 0.47709235209235207 0.011224489795918367 0.006132756132756133
28 0.48775510204081635 0.5405844155844156 0.011224489795918367 0.006132756132756133
26 0.4875 0.6026334776334776 0.010714285714285714 0.006132756132756133
41 0.5752551020408163 0.4081890331890332 0.0005102040816326531 0.020562770562770564
24 0.5803571428571429 0.3959235209235209 0.010714285714285714 0.006132756132756133
30 0.5806122448979592 0.4861111111111111 0.011224489795918367 0.006132756132756133
30 0.5801020408163265 0.48033910533910534 0.01020408163265306 0.006132756132756133
95 0.5747448979591837 0.5009018759018758 0.017857142857142856 0.01479076479076479
93 0.5839285714285715 0.5028860028860029 0.015816326530612244 0.010101010101010102
28 0.5806122448979592 0.5405844155844156 0.011224489795918367 0.006132756132756133
95 0.5747448979591837 0.5705266955266955 0.017857142857142856 0.01479076479076479
93 0.5836734693877551 0.5725108225108225 0.0163265306122449 0.010101010101010102
24 0.5803571428571429 0.6055194805194806 0.010714285714285714 0.006132756132756133
72 0.5803571428571429 0.5966810966810967 0.002551020408163265 0.0021645021645021645
41 0.585969387755102 0.47204184704184704 0.0005102040816326531 0.024891774891774892
26 0.5244897959183673 0.41684704184704185 0.01020408163265306 0.006132756132756133
41 0.5196428571428572 0.4283910533910534 0.0005102040816326531 0.020562770562770564
26 0.5408163265306123 0.4107142857142857 0.01020408163265306 0.006132756132756133
26 0.5408163265306123 0.6145382395382395 0.01020408163265306 0.006132756132756133
41 0.5359693877551021 0.4235209235209235 0.0005102040816326531 0.023088023088023088
41 0.5456632653061224 0.6035353535353535 0.0005102040816326531 0.01948051948051948
47 0.5494897959183673 0.6028138528138528 0.007142857142857143 0.017316017316017316
24 0.5571428571428572 0.4018759018759019 0.01020408163265306 0.005772005772005772
41 0.5522959183673469 0.41738816738816736 0.0005102040816326531 0.02813852813852814
95 0.4173469387755102 0.5009018759018758 0.017346938775510204 0.01479076479076479
93 0.4262755102040816 0.5028860028860029 0.015816326530612244 0.010101010101010102
24 0.3905612244897959 0.5997474747474747 0.010714285714285714 0.006132756132756133
41 0.3854591836734694 0.6121933621933622 0.0005102040816326531 0.022366522366522368
24 0.4229591836734694 0.4018759018759019 0.01020408163265306 0.005772005772005772
28 0.4232142857142857 0.4832251082251082 0.010714285714285714 0.006132756132756133
28 0.42270408163265305 0.47709235209235207 0.009693877551020408 0.006132756132756133
95 0.4173469387755102 0.5705266955266955 0.017346938775510204 0.01479076479076479
93 0.4262755102040816 0.5725108225108225 0.015816326530612244 0.010101010101010102
24 0.4229591836734694 0.5936147186147186 0.01020408163265306 0.006132756132756133
96 0.41862244897959183 0.6352813852813853 0.0066326530612244895 0.006493506493506494
95 0.42653061224489797 0.6352813852813853 0.017346938775510204 0.015151515151515152
41 0.4181122448979592 0.4128787878787879 0.0005102040816326531 0.01911976911976912
26 0.34158163265306124 0.6206709956709957 0.010714285714285714 0.006132756132756133
41 0.3364795918367347 0.6286075036075036 0.0005102040816326531 0.013347763347763348
26 0.3579081632653061 0.6145382395382395 0.010714285714285714 0.006132756132756133
41 0.3528061224489796 0.6235569985569985 0.0005102040816326531 0.015512265512265512
28 0.4232142857142857 0.5405844155844156 0.010714285714285714 0.006132756132756133
26 0.37423469387755104 0.4107142857142857 0.010714285714285714 0.006132756132756133
24 0.37423469387755104 0.6055194805194806 0.010714285714285714 0.006132756132756133
41 0.3691326530612245 0.4217171717171717 0.0005102040816326531 0.01948051948051948
53 0.3739795918367347 0.4231601731601732 0.009183673469387756 0.016594516594516596
41 0.3691326530612245 0.6170634920634921 0.0005102040816326531 0.020562770562770564
41 0.4181122448979592 0.5512265512265512 0.0005102040816326531 0.018037518037518036
63 0.40994897959183674 0.4832251082251082 0.008673469387755102 0.017676767676767676
41 0.4181122448979592 0.6046176046176046 0.0005102040816326531 0.01948051948051948
40 0.43418367346938774 0.5907287157287158 0.003061224489795918 0.0025252525252525255
41 0.42831632653061225 0.4695165945165945 0.0005102040816326531 0.024170274170274172
134 0.4997448979591837 0.748015873015873 0.9045918367346939 0.024170274170274172
1 0.5821428571428572 0.8291847041847041 0.015306122448979591 0.0010822510822510823
1 0.5653061224489796 0.8291847041847041 0.015306122448979591 0.0010822510822510823
1 0.5303571428571429 0.8291847041847041 0.015816326530612244 0.0010822510822510823
1 0.5303571428571429 0.8351370851370852 0.015816326530612244 0.0007215007215007215
1 0.4997448979591837 0.8291847041847041 0.015816326530612244 0.0010822510822510823
1 0.5002551020408164 0.8351370851370852 0.01479591836734694 0.0007215007215007215
1 0.4729591836734694 0.8291847041847041 0.0163265306122449 0.0010822510822510823
1 0.24974489795918367 0.8291847041847041 0.015816326530612244 0.0010822510822510823
1 0.1288265306122449 0.8291847041847041 0.015816326530612244 0.0010822510822510823
1 0.7586734693877552 0.9202741702741702 0.0163265306122449 0.0007215007215007215
1 0.739030612244898 0.9202741702741702 0.015816326530612244 0.0007215007215007215
1 0.7140306122448979 0.9202741702741702 0.015816326530612244 0.0007215007215007215
134 0.4997448979591837 0.8746392496392497 0.9045918367346939 0.024170274170274172
134 0.4997448979591837 0.8111471861471862 0.9045918367346939 0.024170274170274172
134 0.4997448979591837 0.9381313131313131 0.9045918367346939 0.024170274170274172
1 0.9415816326530613 0.729978354978355 0.015816326530612244 0.0010822510822510823
1 0.6265306122448979 0.729978354978355 0.0163265306122449 0.0010822510822510823
1 0.6017857142857143 0.729978354978355 0.015816326530612244 0.0010822510822510823
1 0.5818877551020408 0.724025974025974 0.015816326530612244 0.0007215007215007215
1 0.5818877551020408 0.729978354978355 0.015816326530612244 0.0010822510822510823
1 0.5540816326530612 0.724025974025974 0.0163265306122449 0.0007215007215007215
1 0.5540816326530612 0.729978354978355 0.0163265306122449 0.0010822510822510823
1 0.5303571428571429 0.7180735930735931 0.015816326530612244 0.0010822510822510823
1 0.5303571428571429 0.724025974025974 0.015816326530612244 0.0007215007215007215
1 0.5303571428571429 0.729978354978355 0.015816326530612244 0.0010822510822510823
1 0.16811224489795917 0.729978354978355 0.015816326530612244 0.0010822510822510823
1 0.14846938775510204 0.729978354978355 0.0163265306122449 0.0010822510822510823
1 0.1288265306122449 0.724025974025974 0.015816326530612244 0.0007215007215007215
1 0.1288265306122449 0.729978354978355 0.015816326530612244 0.0010822510822510823
1 0.33596938775510204 0.8567821067821068 0.015816326530612244 0.0007215007215007215
24 0.7140306122448979 0.8688672438672439 0.010714285714285714 0.006132756132756133
41 0.6915816326530613 0.9374098124098124 0.0005102040816326531 0.0183982683982684
24 0.7140306122448979 0.9200937950937951 0.010714285714285714 0.006132756132756133
41 0.7191326530612245 0.8596681096681097 0.0005102040816326531 0.015151515151515152
41 0.7089285714285715 0.931998556998557 0.0005102040816326531 0.021284271284271284
24 0.739030612244898 0.748015873015873 0.010714285714285714 0.006132756132756133
85 0.7397959183673469 0.8093434343434344 0.012244897959183673 0.003246753246753247
26 0.739030612244898 0.8656204906204906 0.010714285714285714 0.006132756132756133
26 0.739030612244898 0.9172077922077922 0.010714285714285714 0.006132756132756133
40 0.75 0.7449494949494949 0.003061224489795918 0.0021645021645021645
41 0.7339285714285714 0.7573953823953824 0.0005102040816326531 0.016233766233766232
24 0.6790816326530612 0.8807720057720058 0.01020408163265306 0.006132756132756133
26 0.6790816326530612 0.9352453102453102 0.01020408163265306 0.006132756132756133
41 0.6839285714285714 0.8699494949494949 0.0005102040816326531 0.01911976911976912
41 0.674234693877551 0.9435425685425686 0.0005102040816326531 0.01406926406926407
26 0.6966836734693878 0.7509018759018758 0.010714285714285714 0.006132756132756133
72 0.6966836734693878 0.7449494949494949 0.002551020408163265 0.0021645021645021645
24 0.6966836734693878 0.8746392496392497 0.010714285714285714 0.006132756132756133
24 0.6966836734693878 0.9262265512265512 0.010714285714285714 0.006132756132756133
41 0.6915816326530613 0.7582972582972582 0.0005102040816326531 0.012265512265512266
41 0.701530612244898 0.8650793650793651 0.0010204081632653062 0.016594516594516596
24 0.7586734693877552 0.8688672438672439 0.01020408163265306 0.006132756132756133
121 0.1568877551020408 0.7483766233766234 0.06581632653061224 0.003246753246753247
24 0.7586734693877552 0.9200937950937951 0.01020408163265306 0.006132756132756133
41 0.7538265306122449 0.8784271284271284 0.0005102040816326531 0.016594516594516596
41 0.7538265306122449 0.9301948051948052 0.0005102040816326531 0.017676767676767676
41 0.549234693877551 0.7348484848484849 0.0005102040816326531 0.023088023088023088
41 0.7339285714285714 0.8766233766233766 0.0005102040816326531 0.01948051948051948
41 0.7339285714285714 0.9287518037518038 0.0005102040816326531 0.020562770562770564
72 0.6017857142857143 0.7213203463203464 0.002551020408163265 0.0018037518037518038
40 0.5931122448979592 0.8777056277056277 0.0035714285714285713 0.0021645021645021645
41 0.5869897959183673 0.8699494949494949 0.0005102040816326531 0.016955266955266956
26 0.6017857142857143 0.7270923520923521 0.010714285714285714 0.006132756132756133
41 0.5966836734693878 0.7373737373737373 0.0005102040816326531 0.018037518037518036
26 0.610969387755102 0.8262987012987013 0.010714285714285714 0.006132756132756133
26 0.610969387755102 0.8775252525252525 0.010714285714285714 0.006132756132756133
41 0.6160714285714286 0.8158369408369408 0.0005102040816326531 0.0183982683982684
41 0.6160714285714286 0.8672438672438673 0.0005102040816326531 0.018037518037518036
72 0.5818877551020408 0.7184343434343434 0.002551020408163265 0.0018037518037518038
41 0.5706632653061224 0.8201659451659452 0.0005102040816326531 0.020562770562770564
41 0.5706632653061224 0.8722943722943723 0.0005102040816326531 0.01948051948051948
63 0.5522959183673469 0.8836580086580087 0.008673469387755102 0.017676767676767676
26 0.565561224489796 0.8836580086580087 0.010714285714285714 0.006132756132756133
24 0.5818877551020408 0.724025974025974 0.010714285714285714 0.005772005772005772
24 0.5818877551020408 0.8291847041847041 0.010714285714285714 0.006132756132756133
24 0.5818877551020408 0.8807720057720058 0.010714285714285714 0.006132756132756133
41 0.5770408163265306 0.7359307359307359 0.0010204081632653062 0.020923520923520924
40 0.5931122448979592 0.8261183261183261 0.0035714285714285713 0.0021645021645021645
26 0.565561224489796 0.8320707070707071 0.010714285714285714 0.006132756132756133
41 0.5869897959183673 0.8185425685425686 0.0005102040816326531 0.01875901875901876
41 0.639030612244898 0.7487373737373737 0.0005102040816326531 0.015512265512265512
26 0.661734693877551 0.7447691197691197 0.01020408163265306 0.006132756132756133
72 0.661734693877551 0.738997113997114 0.003061224489795918 0.0018037518037518038
86 0.6599489795918367 0.8102453102453102 0.008673469387755102 0.016594516594516596
26 0.661734693877551 0.8894300144300145 0.01020408163265306 0.006132756132756133
26 0.661734693877551 0.941017316017316 0.01020408163265306 0.006132756132756133
95 0.6619897959183674 0.9660894660894661 0.017857142857142856 0.015151515151515152
41 0.6568877551020408 0.7525252525252525 0.0005102040816326531 0.012987012987012988
72 0.6441326530612245 0.733044733044733 0.002551020408163265 0.0021645021645021645
41 0.6665816326530613 0.8755411255411255 0.0005102040816326531 0.025252525252525252
41 0.6568877551020408 0.9484126984126984 0.0005102040816326531 0.012265512265512266
41 0.6313775510204082 0.8116883116883117 0.0005102040816326531 0.018037518037518036
24 0.6265306122448979 0.729978354978355 0.01020408163265306 0.006132756132756133
72 0.6265306122448979 0.7243867243867244 0.003061224489795918 0.0021645021645021645
24 0.6265306122448979 0.823051948051948 0.01020408163265306 0.006132756132756133
24 0.6265306122448979 0.8746392496392497 0.01020408163265306 0.006132756132756133
86 0.6247448979591836 0.9372294372294372 0.008673469387755102 0.016594516594516596
41 0.6216836734693878 0.7424242424242424 0.0005102040816326531 0.022366522366522368
41 0.6216836734693878 0.88510101010101 0.0005102040816326531 0.0183982683982684
26 0.6441326530612245 0.738997113997114 0.010714285714285714 0.006132756132756133
41 0.9091836734693878 0.8147546897546898 0.0010204081632653062 0.021284271284271284
41 0.9191326530612245 0.8692279942279942 0.0005102040816326531 0.024891774891774892
63 0.9010204081632653 0.8836580086580087 0.009183673469387756 0.017676767676767676
63 0.9010204081632653 0.7328643578643579 0.009183673469387756 0.017676767676767676
41 0.9091836734693878 0.9476911976911977 0.0010204081632653062 0.015873015873015872
26 0.9415816326530613 0.7270923520923521 0.010714285714285714 0.006132756132756133
26 0.9415816326530613 0.7963564213564214 0.010714285714285714 0.006132756132756133
41 0.936734693877551 0.740981240981241 0.0010204081632653062 0.025252525252525252
41 0.936734693877551 0.8098845598845599 0.0010204081632653062 0.024531024531024532
26 0.8864795918367347 0.738997113997114 0.010714285714285714 0.006132756132756133
24 0.8864795918367347 0.8111471861471862 0.010714285714285714 0.006132756132756133
41 0.8813775510204082 0.7505411255411255 0.0005102040816326531 0.020562770562770564
41 0.8813775510204082 0.8210678210678211 0.0005102040816326531 0.017316017316017316
26 0.914030612244898 0.7328643578643579 0.010714285714285714 0.006132756132756133
26 0.914030612244898 0.8024891774891775 0.010714285714285714 0.006132756132756133
26 0.914030612244898 0.8836580086580087 0.010714285714285714 0.006132756132756133
72 0.9191326530612245 0.852994227994228 0.002551020408163265 0.0018037518037518038
24 0.914030612244898 0.9381313131313131 0.010714285714285714 0.006132756132756133
72 0.914030612244898 0.9291125541125541 0.002551020408163265 0.0018037518037518038
41 0.9091836734693878 0.7453102453102453 0.0010204081632653062 0.022366522366522368
121 0.4691326530612245 0.8582251082251082 0.07091836734693878 0.010822510822510822
121 0.7660714285714286 0.941017316017316 0.06377551020408163 0.005411255411255411
121 0.7660714285714286 0.8890692640692641 0.06377551020408163 0.006854256854256854
121 0.8038265306122448 0.7554112554112554 0.007653061224489796 0.002886002886002886
121 0.7584183673469388 0.759018759018759 0.007653061224489796 0.002886002886002886
121 0.7711734693877551 0.7628066378066378 0.07397959183673469 0.007575757575757576
120 0.7091836734693877 0.9233405483405484 0.09693877551020408 0.022727272727272728
121 0.6829081632653061 0.9451659451659452 0.052551020408163264 0.013708513708513708
121 0.6829081632653061 0.950036075036075 0.052551020408163264 0.01406926406926407
120 0.7125 0.8526334776334776 0.0913265306122449 0.011183261183261184
121 0.6928571428571428 0.8573232323232324 0.05204081632653061 0.012626262626262626
121 0.6928571428571428 0.862012987012987 0.05204081632653061 0.012626262626262626
121 0.6566326530612245 0.7604617604617605 0.07040816326530612 0.012987012987012988
121 0.5755102040816327 0.8607503607503607 0.08061224489795918 0.007936507936507936
121 0.6114795918367347 0.8630952380952381 0.008673469387755102 0.0025252525252525255
121 0.5660714285714286 0.8665223665223665 0.008673469387755102 0.002886002886002886
121 0.5755102040816327 0.8082611832611832 0.08061224489795918 0.005411255411255411
121 0.6114795918367347 0.8115079365079365 0.008673469387755102 0.0025252525252525255
121 0.5660714285714286 0.8136724386724387 0.008673469387755102 0.0025252525252525255
121 0.5612244897959183 0.7478354978354979 0.07142857142857142 0.0021645021645021645
120 0.5122448979591837 0.7222222222222222 0.030612244897959183 0.020923520923520924
121 0.8767857142857143 0.8553391053391053 0.08418367346938775 0.005050505050505051
121 0.4691326530612245 0.8033910533910534 0.07091836734693878 0.007936507936507936
84 0.4142857142857143 0.933982683982684 0.012244897959183673 0.0036075036075036075
121 0.36403061224489797 0.8782467532467533 0.06581632653061224 0.006854256854256854
121 0.36403061224489797 0.8266594516594516 0.06581632653061224 0.006854256854256854
121 0.3788265306122449 0.727994227994228 0.0760204081632653 0.007936507936507936
121 0.4122448979591837 0.7303391053391053 0.00816326530612245 0.0025252525252525255
121 0.36607142857142855 0.7339466089466089 0.007653061224489796 0.0025252525252525255
120 0.30178571428571427 0.8621933621933622 0.10561224489795919 0.022366522366522368
121 0.2711734693877551 0.8865440115440115 0.050510204081632655 0.013347763347763348
121 0.2711734693877551 0.8914141414141414 0.052551020408163264 0.013708513708513708
120 0.3056122448979592 0.7927489177489178 0.10102040816326531 0.0183982683982684
121 0.2811224489795918 0.7938311688311688 0.05204081632653061 0.012626262626262626
121 0.2811224489795918 0.7987012987012987 0.05102040816326531 0.012265512265512266
121 0.24464285714285713 0.7653318903318903 0.06989795918367347 0.012626262626262626
63 0.9285714285714286 0.7963564213564214 0.009183673469387756 0.017676767676767676
41 0.864030612244898 0.941017316017316 0.0005102040816326531 0.01984126984126984
121 0.900765306122449 0.8232323232323232 0.07193877551020408 0.013708513708513708
121 0.9005102040816326 0.827922077922078 0.07244897959183673 0.013708513708513708
121 0.900765306122449 0.7545093795093795 0.07193877551020408 0.012626262626262626
121 0.9005102040816326 0.7591991341991342 0.07244897959183673 0.012626262626262626
121 0.8670918367346939 0.9525613275613276 0.08418367346938775 0.009018759018759018
26 0.8135204081632653 0.738997113997114 0.010714285714285714 0.006132756132756133
72 0.8030612244897959 0.8658008658008658 0.003061224489795918 0.0021645021645021645
24 0.8030612244897959 0.9262265512265512 0.01020408163265306 0.006132756132756133
72 0.8030612244897959 0.9204545454545454 0.003061224489795918 0.0018037518037518038
41 0.7982142857142858 0.884018759018759 0.0005102040816326531 0.01406926406926407
41 0.7982142857142858 0.935064935064935 0.0005102040816326531 0.015151515151515152
24 0.8030612244897959 0.8746392496392497 0.01020408163265306 0.006132756132756133
41 0.8084183673469387 0.75 0.0005102040816326531 0.01948051948051948
24 0.8295918367346938 0.7361111111111112 0.01020408163265306 0.006132756132756133
86 0.8278061224489796 0.8102453102453102 0.008673469387755102 0.016594516594516596
26 0.8295918367346938 0.8775252525252525 0.01020408163265306 0.006132756132756133
72 0.8346938775510204 0.84992784992785 0.003061224489795918 0.0021645021645021645
26 0.8295918367346938 0.9291125541125541 0.01020408163265306 0.006132756132756133
72 0.8295918367346938 0.9231601731601732 0.003061224489795918 0.0021645021645021645
41 0.8247448979591837 0.7469336219336219 0.0005102040816326531 0.01911976911976912
41 0.7630102040816327 0.7552308802308803 0.0005102040816326531 0.016233766233766232
24 0.7834183673469388 0.7418831168831169 0.010714285714285714 0.006132756132756133
26 0.7834183673469388 0.8717532467532467 0.010714285714285714 0.006132756132756133
72 0.7834183673469388 0.8658008658008658 0.002551020408163265 0.0021645021645021645
26 0.7834183673469388 0.9231601731601732 0.010714285714285714 0.005772005772005772
72 0.7834183673469388 0.9175685425685426 0.002551020408163265 0.0018037518037518038
40 0.7946428571428571 0.7388167388167388 0.0035714285714285713 0.0021645021645021645
41 0.7783163265306122 0.7525252525252525 0.0005102040816326531 0.01875901875901876
41 0.7783163265306122 0.8813131313131313 0.0005102040816326531 0.016594516594516596
41 0.7783163265306122 0.9330808080808081 0.0005102040816326531 0.016955266955266956
24 0.8691326530612244 0.748015873015873 0.010714285714285714 0.006132756132756133
24 0.8691326530612244 0.8172799422799423 0.010714285714285714 0.006132756132756133
26 0.8691326530612244 0.8775252525252525 0.010714285714285714 0.006132756132756133
72 0.8739795918367347 0.8513708513708513 0.003061224489795918 0.0021645021645021645
26 0.8691326530612244 0.9291125541125541 0.010714285714285714 0.006132756132756133
72 0.8691326530612244 0.9231601731601732 0.002551020408163265 0.0021645021645021645
41 0.864030612244898 0.7568542568542569 0.0005102040816326531 0.015151515151515152
41 0.8466836734693878 0.9381313131313131 0.0005102040816326531 0.024891774891774892
41 0.864030612244898 0.8261183261183261 0.0005102040816326531 0.015151515151515152
63 0.8558673469387755 0.8172799422799423 0.008673469387755102 0.017676767676767676
41 0.874234693877551 0.8658008658008658 0.0005102040816326531 0.020923520923520924
41 0.8344387755102041 0.8650793650793651 0.0005102040816326531 0.022366522366522368
41 0.8247448979591837 0.9395743145743146 0.0005102040816326531 0.0183982683982684
26 0.7681122448979592 0.7447691197691197 0.010714285714285714 0.006132756132756133
63 0.8165816326530613 0.9291125541125541 0.008673469387755102 0.017676767676767676
26 0.851530612244898 0.8717532467532467 0.01020408163265306 0.006132756132756133
72 0.8563775510204081 0.8508297258297258 0.002551020408163265 0.0018037518037518038
26 0.851530612244898 0.9231601731601732 0.01020408163265306 0.005772005772005772
72 0.851530612244898 0.9175685425685426 0.003061224489795918 0.0018037518037518038
41 0.8563775510204081 0.8625541125541125 0.0005102040816326531 0.015873015873015872
26 0.2673469387755102 0.8201659451659452 0.01020408163265306 0.006132756132756133
24 0.2673469387755102 0.8746392496392497 0.01020408163265306 0.006132756132756133
41 0.2721938775510204 0.8073593073593074 0.0005102040816326531 0.023088023088023088
41 0.2625 0.8845598845598845 0.0005102040816326531 0.017316017316017316
41 0.2451530612244898 0.8901515151515151 0.0005102040816326531 0.01406926406926407
26 0.28494897959183674 0.7566738816738817 0.010714285714285714 0.006132756132756133
72 0.28494897959183674 0.7509018759018758 0.002551020408163265 0.0018037518037518038
26 0.28469387755102044 0.8143939393939394 0.01020408163265306 0.006132756132756133
26 0.28469387755102044 0.8656204906204906 0.01020408163265306 0.006132756132756133
41 0.2798469387755102 0.7642496392496393 0.0005102040816326531 0.011904761904761904
41 0.2897959183673469 0.8026695526695526 0.0010204081632653062 0.020923520923520924
24 0.25 0.8291847041847041 0.01020408163265306 0.006132756132756133
26 0.23239795918367348 0.7447691197691197 0.010714285714285714 0.006132756132756133
72 0.23239795918367348 0.738997113997114 0.002551020408163265 0.0018037518037518038
41 0.22729591836734694 0.7541486291486291 0.0005102040816326531 0.016233766233766232
26 0.25 0.7509018759018758 0.01020408163265306 0.006132756132756133
72 0.25 0.7449494949494949 0.003061224489795918 0.0021645021645021645
95 0.2502551020408163 0.8439754689754689 0.017857142857142856 0.01479076479076479
24 0.25 0.8807720057720058 0.01020408163265306 0.006132756132756133
95 0.2502551020408163 0.9074675324675324 0.017857142857142856 0.01479076479076479
41 0.2451530612244898 0.7586580086580087 0.0005102040816326531 0.012987012987012988
41 0.2548469387755102 0.8136724386724387 0.0005102040816326531 0.0284992784992785
63 0.3227040816326531 0.7537878787878788 0.008673469387755102 0.017676767676767676
41 0.3308673469387755 0.8158369408369408 0.0005102040816326531 0.016955266955266956
41 0.3308673469387755 0.8672438672438673 0.0005102040816326531 0.016594516594516596
72 0.5540816326530612 0.7153679653679653 0.003061224489795918 0.0021645021645021645
41 0.2798469387755102 0.8780663780663781 0.0005102040816326531 0.022366522366522368
26 0.3022959183673469 0.8082611832611832 0.010714285714285714 0.006132756132756133
26 0.3022959183673469 0.8598484848484849 0.010714285714285714 0.006132756132756133
41 0.30739795918367346 0.797979797979798 0.0005102040816326531 0.018037518037518036
41 0.2971938775510204 0.8731962481962482 0.0005102040816326531 0.024170274170274172
24 0.33596938775510204 0.7537878787878788 0.010714285714285714 0.006132756132756133
24 0.33596938775510204 0.8053751803751804 0.010714285714285714 0.006132756132756133
24 0.33596938775510204 0.8566017316017316 0.010714285714285714 0.006132756132756133
40 0.3469387755102041 0.7509018759018758 0.003061224489795918 0.0025252525252525255
41 0.3408163265306122 0.7418831168831169 0.0010204081632653062 0.021284271284271284
24 0.1288265306122449 0.7238455988455988 0.010714285714285714 0.006132756132756133
24 0.1288265306122449 0.8291847041847041 0.010714285714285714 0.006132756132756133
24 0.1288265306122449 0.8807720057720058 0.010714285714285714 0.006132756132756133
26 0.1288265306122449 0.952922077922078 0.010714285714285714 0.006132756132756133
73 0.1288265306122449 0.9586940836940837 0.002551020408163265 0.0018037518037518038
41 0.12372448979591837 0.7366522366522367 0.0005102040816326531 0.022366522366522368
41 0.13392857142857142 0.8181818181818182 0.0005102040816326531 0.01948051948051948
41 0.13392857142857142 0.8697691197691197 0.0005102040816326531 0.01948051948051948
41 0.13392857142857142 0.9419191919191919 0.0005102040816326531 0.01948051948051948
5 0.06505102040816327 0.7471139971139971 0.020918367346938777 0.04329004329004329
120 0.12551020408163266 0.7175324675324676 0.04591836734693878 0.006493506493506494
120 0.9091836734693878 0.7296176046176046 0.0826530612244898 0.022005772005772004
120 0.9091836734693878 0.7994227994227994 0.0826530612244898 0.020923520923520924
26 0.14846938775510204 0.7270923520923521 0.01020408163265306 0.006132756132756133
69 0.08826530612244898 0.7359307359307359 0.009183673469387756 0.017316017316017316
69 0.09770408163265307 0.7449494949494949 0.008673469387755102 0.017316017316017316
5 0.06505102040816327 0.8106060606060606 0.020918367346938777 0.04329004329004329
69 0.08826530612244898 0.7992424242424242 0.009183673469387756 0.017676767676767676
69 0.09770408163265307 0.8082611832611832 0.008673469387755102 0.017676767676767676
6 0.06581632653061224 0.8746392496392497 0.022448979591836733 0.023448773448773448
69 0.08826530612244898 0.8656204906204906 0.009183673469387756 0.017676767676767676
69 0.09770408163265307 0.8746392496392497 0.008673469387755102 0.017676767676767676
8 0.06505102040816327 0.935064935064935 0.02193877551020408 0.018037518037518036
69 0.08826530612244898 0.931998556998557 0.009183673469387756 0.017676767676767676
69 0.09770408163265307 0.941017316017316 0.008673469387755102 0.017676767676767676
86 0.21301020408163265 0.8618326118326118 0.008673469387755102 0.016594516594516596
26 0.1951530612244898 0.7328643578643579 0.010714285714285714 0.006132756132756133
72 0.1951530612244898 0.7272727272727273 0.002551020408163265 0.0021645021645021645
41 0.19005102040816327 0.7415223665223665 0.0005102040816326531 0.01479076479076479
63 0.1818877551020408 0.733044733044733 0.008673469387755102 0.017316017316017316
24 0.21479591836734693 0.7361111111111112 0.01020408163265306 0.006132756132756133
72 0.21479591836734693 0.7303391053391053 0.003061224489795918 0.0018037518037518038
86 0.21301020408163265 0.8104256854256854 0.008673469387755102 0.016955266955266956
85 0.21556122448979592 0.9363275613275613 0.01173469387755102 0.003246753246753247
41 0.20994897959183673 0.7485569985569985 0.0005102040816326531 0.022366522366522368
41 0.14362244897959184 0.7382756132756133 0.0005102040816326531 0.01984126984126984
24 0.16811224489795917 0.729978354978355 0.010714285714285714 0.006132756132756133
72 0.16811224489795917 0.7243867243867244 0.002551020408163265 0.0021645021645021645
86 0.1663265306122449 0.8102453102453102 0.00816326530612245 0.016594516594516596
86 0.1663265306122449 0.8618326118326118 0.00816326530612245 0.016594516594516596
24 0.16811224489795917 0.931998556998557 0.010714285714285714 0.006132756132756133
72 0.16811224489795917 0.9231601731601732 0.002551020408163265 0.0021645021645021645
41 0.16301020408163266 0.7397186147186147 0.0005102040816326531 0.016955266955266956
41 0.16301020408163266 0.943001443001443 0.0005102040816326531 0.01948051948051948
26 0.4997448979591837 0.8382034632034632 0.010714285714285714 0.006132756132756133
41 0.4778061224489796 0.8704906204906205 0.0005102040816326531 0.021645021645021644
63 0.4599489795918367 0.8836580086580087 0.008673469387755102 0.017676767676767676
26 0.4997448979591837 0.738997113997114 0.010714285714285714 0.006132756132756133
41 0.4778061224489796 0.8170995670995671 0.0005102040816326531 0.025252525252525252
73 0.4997448979591837 0.8437950937950938 0.002551020408163265 0.0021645021645021645
26 0.4997448979591837 0.8836580086580087 0.010714285714285714 0.006132756132756133
72 0.5048469387755102 0.8589466089466089 0.002551020408163265 0.0021645021645021645
41 0.49464285714285716 0.75 0.0005102040816326531 0.01948051948051948
53 0.49948979591836734 0.7512626262626263 0.009183673469387756 0.016233766233766232
41 0.5048469387755102 0.8217893217893217 0.0005102040816326531 0.030303030303030304
41 0.45102040816326533 0.8661616161616161 0.0010204081632653062 0.020202020202020204
63 0.41556122448979593 0.8686868686868687 0.008673469387755102 0.017316017316017316
26 0.4459183673469388 0.8262987012987013 0.01020408163265306 0.006132756132756133
73 0.4459183673469388 0.8318903318903319 0.003061224489795918 0.0021645021645021645
26 0.4461734693877551 0.8775252525252525 0.010714285714285714 0.006132756132756133
72 0.45102040816326533 0.8522727272727273 0.003061224489795918 0.0018037518037518038
63 0.48647959183673467 0.8382034632034632 0.008673469387755102 0.017676767676767676
87 0.4714285714285714 0.7485569985569985 0.00816326530612245 0.010822510822510822
26 0.4729591836734694 0.8320707070707071 0.01020408163265306 0.006132756132756133
73 0.4729591836734694 0.8378427128427128 0.003061224489795918 0.0018037518037518038
26 0.4729591836734694 0.8836580086580087 0.01020408163265306 0.006132756132756133
72 0.4778061224489796 0.8555194805194806 0.002551020408163265 0.0018037518037518038
40 0.5415816326530613 0.8836580086580087 0.0035714285714285713 0.0025252525252525255
41 0.5354591836734693 0.8742784992784993 0.0005102040816326531 0.020562770562770564
26 0.5540816326530612 0.7209595959595959 0.01020408163265306 0.006132756132756133
41 0.5048469387755102 0.8726551226551227 0.0005102040816326531 0.01948051948051948
24 0.5303571428571429 0.7180735930735931 0.010714285714285714 0.006132756132756133
24 0.5303571428571429 0.8351370851370852 0.010714285714285714 0.005772005772005772
24 0.5303571428571429 0.8865440115440115 0.010714285714285714 0.006132756132756133
85 0.5311224489795918 0.9363275613275613 0.012244897959183673 0.003246753246753247
41 0.5255102040816326 0.7335858585858586 0.0010204081632653062 0.0284992784992785
41 0.45102040816326533 0.8136724386724387 0.0010204081632653062 0.022727272727272728
40 0.5415816326530613 0.8322510822510822 0.0035714285714285713 0.0021645021645021645
41 0.5354591836734693 0.821969696969697 0.0005102040816326531 0.023448773448773448
40 0.3933673469387755 0.7449494949494949 0.003061224489795918 0.0021645021645021645
41 0.38698979591836735 0.7366522366522367 0.0005102040816326531 0.018037518037518036
41 0.37729591836734694 0.8205266955266955 0.0005102040816326531 0.01406926406926407
41 0.37729591836734694 0.8721139971139971 0.0005102040816326531 0.01406926406926407
72 0.3821428571428571 0.8571428571428571 0.003061224489795918 0.0021645021645021645
63 0.3691326530612245 0.8627344877344877 0.008673469387755102 0.017676767676767676
26 0.4017857142857143 0.8143939393939394 0.010714285714285714 0.006132756132756133
72 0.4017857142857143 0.8082611832611832 0.002551020408163265 0.0018037518037518038
26 0.4017857142857143 0.8656204906204906 0.010714285714285714 0.006132756132756133
72 0.4017857142857143 0.8598484848484849 0.002551020408163265 0.0018037518037518038
41 0.39668367346938777 0.8223304473304474 0.0005102040816326531 0.013347763347763348
26 0.3556122448979592 0.8082611832611832 0.01020408163265306 0.006132756132756133
26 0.3556122448979592 0.8598484848484849 0.01020408163265306 0.006132756132756133
41 0.350765306122449 0.8176406926406926 0.0005102040816326531 0.016233766233766232
41 0.350765306122449 0.8690476190476191 0.0005102040816326531 0.015873015873015872
26 0.36581632653061225 0.7509018759018758 0.01020408163265306 0.006132756132756133
41 0.3706632653061224 0.7393578643578643 0.0005102040816326531 0.020562770562770564
24 0.3821428571428571 0.748015873015873 0.01020408163265306 0.006132756132756133
24 0.3821428571428571 0.8111471861471862 0.01020408163265306 0.006132756132756133
72 0.3821428571428571 0.8023088023088023 0.003061224489795918 0.0021645021645021645
24 0.3821428571428571 0.8627344877344877 0.01020408163265306 0.006132756132756133
24 0.42857142857142855 0.7418831168831169 0.01020408163265306 0.006132756132756133
24 0.42857142857142855 0.8172799422799423 0.01020408163265306 0.006132756132756133
73 0.42857142857142855 0.8261183261183261 0.003061224489795918 0.0021645021645021645
24 0.42857142857142855 0.8688672438672439 0.01020408163265306 0.006132756132756133
72 0.4334183673469388 0.8501082251082251 0.002551020408163265 0.0018037518037518038
41 0.42372448979591837 0.7528860028860029 0.0005102040816326531 0.01948051948051948
41 0.4334183673469388 0.8084415584415584 0.0005102040816326531 0.015151515151515152
63 0.41556122448979593 0.8172799422799423 0.008673469387755102 0.017676767676767676
41 0.4334183673469388 0.8605699855699855 0.0005102040816326531 0.013347763347763348
41 0.41709183673469385 0.7341269841269841 0.0005102040816326531 0.017316017316017316
41 0.39668367346938777 0.8737373737373737 0.0005102040816326531 0.013708513708513708
26 0.4119897959183674 0.7447691197691197 0.010714285714285714 0.006132756132756133
