134 0.4997448979591837 0.057900432900432904 0.9045918367346939 0.024170274170274172
134 0.49948979591836734 0.11634199134199134 0.9040816326530612 0.024170274170274172
41 0.7040816326530612 0.05194805194805195 0.0010204081632653062 0.027417027417027416
26 0.699234693877551 0.06673881673881674 0.009693877551020408 0.006493506493506494
41 0.6839285714285714 0.05303030303030303 0.0005102040816326531 0.02958152958152958
24 0.6790816326530612 0.0698051948051948 0.01020408163265306 0.006132756132756133
41 0.6543367346938775 0.12463924963924963 0.0005102040816326531 0.0183982683982684
26 0.7395408163265306 0.060786435786435784 0.009693877551020408 0.006132756132756133
41 0.7443877551020408 0.049062049062049064 0.0010204081632653062 0.021645021645021644
72 0.7395408163265306 0.10732323232323232 0.002551020408163265 0.0018037518037518038
95 0.7209183673469388 0.09325396825396826 0.018367346938775512 0.01406926406926407
95 0.7295918367346939 0.09325396825396826 0.018367346938775512 0.01406926406926407
95 0.738265306122449 0.09325396825396826 0.018367346938775512 0.01406926406926407
95 0.7466836734693878 0.09325396825396826 0.017857142857142856 0.01406926406926407
95 0.7553571428571428 0.09325396825396826 0.017857142857142856 0.01406926406926407
26 0.7395408163265306 0.11327561327561328 0.009693877551020408 0.006493506493506494
41 0.724234693877551 0.050144300144300144 0.0005102040816326531 0.023809523809523808
24 0.7193877551020408 0.06367243867243867 0.01020408163265306 0.006132756132756133
72 0.5619897959183674 0.10732323232323232 0.002551020408163265 0.0018037518037518038
95 0.5517857142857143 0.09325396825396826 0.017857142857142856 0.01406926406926407
95 0.5604591836734694 0.09325396825396826 0.017857142857142856 0.01406926406926407
95 0.5688775510204082 0.09325396825396826 0.018367346938775512 0.01406926406926407
26 0.561734693877551 0.11327561327561328 0.01020408163265306 0.006493506493506494
85 0.5619897959183674 0.04419191919191919 0.010714285714285714 0.003246753246753247
41 0.5466836734693877 0.056096681096681096 0.0005102040816326531 0.029942279942279944
26 0.5418367346938775 0.0726911976911977 0.01020408163265306 0.006132756132756133
41 0.6056122448979592 0.12427849927849928 0.0010204081632653062 0.01911976911976912
41 0.6637755102040817 0.054292929292929296 0.0010204081632653062 0.03427128427128427
72 0.6589285714285714 0.10732323232323232 0.002551020408163265 0.0018037518037518038
26 0.6589285714285714 0.11327561327561328 0.009693877551020408 0.006493506493506494
26 0.6591836734693878 0.0726911976911977 0.01020408163265306 0.006132756132756133
72 0.6104591836734694 0.10732323232323232 0.002551020408163265 0.0018037518037518038
26 0.610204081632653 0.11327561327561328 0.01020408163265306 0.006493506493506494
41 0.5568877551020408 0.1240981240981241 0.0005102040816326531 0.01948051948051948
41 0.9043367346938775 0.12463924963924963 0.0005102040816326531 0.0183982683982684
72 0.9089285714285714 0.10732323232323232 0.002551020408163265 0.0018037518037518038
26 0.9091836734693878 0.11327561327561328 0.01020408163265306 0.006493506493506494
41 0.8558673469387755 0.12481962481962482 0.0005102040816326531 0.018037518037518036
121 0.45102040816326533 0.038059163059163056 0.19081632653061226 0.008297258297258298
121 0.45127551020408163 0.04292929292929293 0.1903061224489796 0.007936507936507936
121 0.4987244897959184 0.04924242424242424 0.05969387755102041 0.003968253968253968
121 0.7497448979591836 0.036976911976911976 0.1719387755102041 0.0018037518037518038
121 0.7408163265306122 0.04184704184704185 0.1540816326530612 0.0021645021645021645
121 0.7811224489795918 0.046536796536796536 0.07346938775510205 0.0021645021645021645
72 0.8604591836734694 0.10732323232323232 0.002551020408163265 0.0018037518037518038
41 0.7915816326530613 0.046536796536796536 0.0005102040816326531 0.01875901875901876
24 0.786734693877551 0.057900432900432904 0.01020408163265306 0.006132756132756133
63 0.7568877551020409 0.06060606060606061 0.008673469387755102 0.017316017316017316
41 0.7744897959183673 0.048340548340548344 0.0010204081632653062 0.022366522366522368
26 0.7698979591836734 0.060786435786435784 0.01020408163265306 0.006132756132756133
26 0.8604591836734694 0.11327561327561328 0.009693877551020408 0.006493506493506494
85 0.8607142857142858 0.04419191919191919 0.01020408163265306 0.003246753246753247
41 0.8354591836734694 0.049422799422799424 0.0005102040816326531 0.024531024531024532
24 0.8306122448979592 0.06367243867243867 0.01020408163265306 0.006132756132756133
41 0.7349489795918367 0.1240981240981241 0.0005102040816326531 0.01948051948051948
61 0.8022959183673469 0.060786435786435784 0.005612244897959183 0.017676767676767676
41 0.8186224489795918 0.04816017316017316 0.0005102040816326531 0.022005772005772004
26 0.8137755102040817 0.060786435786435784 0.01020408163265306 0.006132756132756133
41 0.24872448979591838 0.12463924963924963 0.0005102040816326531 0.0183982683982684
72 0.25331632653061226 0.10732323232323232 0.002551020408163265 0.0018037518037518038
94 0.24693877551020407 0.09397546897546898 0.014285714285714285 0.006132756132756133
93 0.25892857142857145 0.09523809523809523 0.01479591836734694 0.010101010101010102
26 0.25357142857142856 0.11327561327561328 0.01020408163265306 0.006493506493506494
41 0.2002551020408163 0.12463924963924963 0.0005102040816326531 0.0183982683982684
72 0.20484693877551022 0.10732323232323232 0.002551020408163265 0.0018037518037518038
26 0.20510204081632652 0.11327561327561328 0.01020408163265306 0.006493506493506494
41 0.15178571428571427 0.12463924963924963 0.0005102040816326531 0.0183982683982684
95 0.3489795918367347 0.09325396825396826 0.018367346938775512 0.01406926406926407
41 0.34566326530612246 0.12445887445887446 0.0005102040816326531 0.01875901875901876
41 0.5293367346938775 0.054292929292929296 0.0005102040816326531 0.027056277056277056
41 0.35535714285714287 0.04563492063492063 0.0005102040816326531 0.020562770562770564
72 0.35051020408163264 0.10732323232323232 0.003061224489795918 0.0018037518037518038
26 0.35051020408163264 0.11327561327561328 0.01020408163265306 0.006493506493506494
24 0.35051020408163264 0.057900432900432904 0.01020408163265306 0.006132756132756133
41 0.2971938775510204 0.12463924963924963 0.0005102040816326531 0.0183982683982684
72 0.3020408163265306 0.10732323232323232 0.003061224489795918 0.0018037518037518038
26 0.3020408163265306 0.11327561327561328 0.01020408163265306 0.006493506493506494
5 0.06683673469387755 0.056457431457431456 0.022448979591836733 0.044372294372294376
13 0.11734693877551021 0.11020923520923522 0.00816326530612245 0.010461760461760462
14 0.12831632653061226 0.11020923520923522 0.010714285714285714 0.010461760461760462
16 0.12372448979591837 0.12247474747474747 0.01173469387755102 0.010461760461760462
69 0.08954081632653062 0.11038961038961038 0.008673469387755102 0.017316017316017316
69 0.09872448979591837 0.11922799422799422 0.008673469387755102 0.017676767676767676
13 0.11734693877551021 0.05176767676767677 0.00816326530612245 0.010461760461760462
14 0.12831632653061226 0.05176767676767677 0.010714285714285714 0.010461760461760462
16 0.12372448979591837 0.06403318903318904 0.01173469387755102 0.010461760461760462
69 0.08954081632653062 0.045815295815295816 0.008673469387755102 0.017316017316017316
69 0.09872448979591837 0.05483405483405483 0.008673469387755102 0.017316017316017316
0 0.0413265306122449 0.08694083694083694 0.007142857142857143 0.08225108225108226
72 0.15637755102040815 0.10732323232323232 0.002551020408163265 0.0018037518037518038
93 0.1548469387755102 0.09523809523809523 0.01479591836734694 0.010101010101010102
26 0.15663265306122448 0.11327561327561328 0.01020408163265306 0.006493506493506494
84 0.15663265306122448 0.047619047619047616 0.01020408163265306 0.002886002886002886
8 0.0663265306122449 0.11435786435786435 0.02346938775510204 0.020202020202020204
41 0.46811224489795916 0.048701298701298704 0.0005102040816326531 0.020202020202020204
26 0.463265306122449 0.060786435786435784 0.01020408163265306 0.006132756132756133
41 0.4385204081632653 0.12463924963924963 0.0005102040816326531 0.0183982683982684
72 0.4431122448979592 0.10732323232323232 0.002551020408163265 0.0018037518037518038
26 0.4433673469387755 0.11327561327561328 0.01020408163265306 0.006493506493506494
26 0.4433673469387755 0.060786435786435784 0.01020408163265306 0.006132756132756133
61 0.47908163265306125 0.06367243867243867 0.00510204081632653 0.017676767676767676
24 0.5244897959183673 0.0698051948051948 0.01020408163265306 0.006132756132756133
41 0.5125 0.05266955266955267 0.0005102040816326531 0.025252525252525252
26 0.5076530612244898 0.06673881673881674 0.01020408163265306 0.006493506493506494
41 0.44821428571428573 0.049062049062049064 0.0005102040816326531 0.021645021645021644
41 0.4951530612244898 0.05068542568542569 0.0005102040816326531 0.022005772005772004
24 0.4903061224489796 0.06367243867243867 0.01020408163265306 0.006132756132756133
41 0.39566326530612245 0.04924242424242424 0.0005102040816326531 0.025613275613275612
24 0.39081632653061227 0.06367243867243867 0.01020408163265306 0.006132756132756133
24 0.4229591836734694 0.06367243867243867 0.01020408163265306 0.006132756132756133
41 0.4278061224489796 0.050144300144300144 0.0005102040816326531 0.025252525252525252
63 0.4104591836734694 0.06367243867243867 0.008673469387755102 0.017676767676767676
41 0.37551020408163266 0.047619047619047616 0.0010204081632653062 0.023809523809523808
26 0.3709183673469388 0.060786435786435784 0.01020408163265306 0.006132756132756133
134 0.4997448979591837 0.24549062049062048 0.9045918367346939 0.024170274170274172
134 0.49948979591836734 0.30393217893217894 0.9040816326530612 0.024170274170274172
72 0.672704081632653 0.2949134199134199 0.002551020408163265 0.0018037518037518038
41 0.710969387755102 0.23917748917748918 0.0005102040816326531 0.032467532467532464
72 0.710969387755102 0.21771284271284272 0.002551020408163265 0.0018037518037518038
24 0.7061224489795919 0.2573953823953824 0.01020408163265306 0.006132756132756133
41 0.6681122448979592 0.31222943722943725 0.0005102040816326531 0.0183982683982684
41 0.6778061224489796 0.2288961038961039 0.0005102040816326531 0.011904761904761904
24 0.7770408163265307 0.2573953823953824 0.01020408163265306 0.006132756132756133
41 0.739030612244898 0.3124098124098124 0.0005102040816326531 0.018037518037518036
41 0.7484693877551021 0.22907647907647907 0.0010204081632653062 0.012265512265512266
72 0.7436224489795918 0.2949134199134199 0.002551020408163265 0.0018037518037518038
94 0.736734693877551 0.2815656565656566 0.014285714285714285 0.006132756132756133
93 0.749234693877551 0.283008658008658 0.01479591836734694 0.00974025974025974
26 0.7436224489795918 0.30104617604617606 0.009693877551020408 0.006132756132756133
72 0.7484693877551021 0.21771284271284272 0.003061224489795918 0.0018037518037518038
26 0.7438775510204082 0.23647186147186147 0.01020408163265306 0.006132756132756133
41 0.5125 0.26082251082251084 0.0005102040816326531 0.01443001443001443
72 0.5525510204081633 0.2949134199134199 0.003061224489795918 0.0018037518037518038
94 0.5474489795918367 0.28066378066378067 0.014285714285714285 0.006493506493506494
95 0.5584183673469387 0.28084415584415584 0.017857142857142856 0.01406926406926407
26 0.5525510204081633 0.3008658008658009 0.01020408163265306 0.006493506493506494
85 0.5528061224489796 0.23178210678210678 0.010714285714285714 0.003246753246753247
72 0.5170918367346938 0.24242424242424243 0.002551020408163265 0.0021645021645021645
24 0.5173469387755102 0.25126262626262624 0.01020408163265306 0.006132756132756133
41 0.47908163265306125 0.31186868686868685 0.0010204081632653062 0.01911976911976912
121 0.18775510204081633 0.22673160173160173 0.10612244897959183 0.006132756132756133
26 0.6729591836734694 0.30104617604617606 0.01020408163265306 0.006132756132756133
41 0.547704081632653 0.3116883116883117 0.0005102040816326531 0.01948051948051948
26 0.6127551020408163 0.3008658008658009 0.01020408163265306 0.006493506493506494
72 0.6127551020408163 0.2949134199134199 0.003061224489795918 0.0018037518037518038
41 0.6079081632653062 0.3116883116883117 0.0005102040816326531 0.01948051948051948
26 0.6729591836734694 0.23647186147186147 0.01020408163265306 0.006132756132756133
72 0.6775510204081633 0.21771284271284272 0.003061224489795918 0.0018037518037518038
72 0.9232142857142858 0.21771284271284272 0.002551020408163265 0.0018037518037518038
41 0.9232142857142858 0.23917748917748918 0.0005102040816326531 0.032467532467532464
24 0.9183673469387755 0.2573953823953824 0.01020408163265306 0.006132756132756133
41 0.8803571428571428 0.3120490620490621 0.0005102040816326531 0.01875901875901876
121 0.8005102040816326 0.2215007215007215 0.24591836734693878 0.0021645021645021645
121 0.42142857142857143 0.25901875901875904 0.0673469387755102 0.005050505050505051
121 0.44948979591836735 0.26515151515151514 0.12551020408163266 0.007936507936507936
41 0.7818877551020408 0.23899711399711399 0.0005102040816326531 0.03427128427128427
26 0.8142857142857143 0.23647186147186147 0.01020408163265306 0.006132756132756133
72 0.8191326530612245 0.21771284271284272 0.002551020408163265 0.0018037518037518038
26 0.8142857142857143 0.3008658008658009 0.01020408163265306 0.006493506493506494
72 0.8145408163265306 0.2949134199134199 0.002551020408163265 0.0018037518037518038
41 0.8191326530612245 0.22853535353535354 0.0005102040816326531 0.013347763347763348
41 0.8096938775510204 0.3116883116883117 0.0010204081632653062 0.01948051948051948
72 0.7818877551020408 0.21771284271284272 0.002551020408163265 0.0018037518037518038
24 0.8479591836734693 0.2573953823953824 0.01020408163265306 0.006132756132756133
72 0.8525510204081632 0.21771284271284272 0.003061224489795918 0.0018037518037518038
41 0.8525510204081632 0.23899711399711399 0.0010204081632653062 0.03427128427128427
26 0.8852040816326531 0.23647186147186147 0.01020408163265306 0.006132756132756133
72 0.8900510204081633 0.21771284271284272 0.002551020408163265 0.0018037518037518038
26 0.8852040816326531 0.3008658008658009 0.01020408163265306 0.006493506493506494
72 0.8852040816326531 0.2949134199134199 0.003061224489795918 0.0018037518037518038
41 0.8900510204081633 0.22853535353535354 0.0005102040816326531 0.013347763347763348
72 0.16785714285714284 0.22348484848484848 0.003061224489795918 0.0018037518037518038
26 0.19846938775510203 0.3008658008658009 0.01020408163265306 0.006493506493506494
72 0.20331632653061224 0.2222222222222222 0.002551020408163265 0.0021645021645021645
26 0.19846938775510203 0.2483766233766234 0.01020408163265306 0.006132756132756133
41 0.16811224489795917 0.23881673881673882 0.0005102040816326531 0.022366522366522368
72 0.19846938775510203 0.2949134199134199 0.003061224489795918 0.0018037518037518038
24 0.16326530612244897 0.25126262626262624 0.01020408163265306 0.006132756132756133
41 0.125 0.31186868686868685 0.0010204081632653062 0.01911976911976912
41 0.24081632653061225 0.23142135642135642 0.0010204081632653062 0.013347763347763348
72 0.24081632653061225 0.22077922077922077 0.003061224489795918 0.0021645021645021645
24 0.23622448979591837 0.23935786435786435 0.01020408163265306 0.006132756132756133
41 0.19362244897959183 0.3116883116883117 0.0005102040816326531 0.01948051948051948
41 0.20331632653061224 0.23683261183261184 0.0005102040816326531 0.021284271284271284
69 0.08954081632653062 0.2334054834054834 0.008673469387755102 0.017316017316017316
69 0.09872448979591837 0.24242424242424243 0.008673469387755102 0.017316017316017316
5 0.06683673469387755 0.24404761904761904 0.022448979591836733 0.044372294372294376
8 0.0663265306122449 0.30194805194805197 0.02346938775510204 0.020202020202020204
0 0.0413265306122449 0.2745310245310245 0.007142857142857143 0.08225108225108226
69 0.08954081632653062 0.29797979797979796 0.008673469387755102 0.017316017316017316
69 0.09872448979591837 0.3068181818181818 0.008673469387755102 0.017676767676767676
24 0.12959183673469388 0.24549062049062048 0.01020408163265306 0.006132756132756133
72 0.1346938775510204 0.22492784992784992 0.003061224489795918 0.0018037518037518038
26 0.12959183673469388 0.30104617604617606 0.01020408163265306 0.006132756132756133
95 0.1239795918367347 0.28084415584415584 0.018367346938775512 0.01406926406926407
95 0.1326530612244898 0.28084415584415584 0.018367346938775512 0.01406926406926407
72 0.1298469387755102 0.2949134199134199 0.002551020408163265 0.0018037518037518038
41 0.13443877551020408 0.23647186147186147 0.0005102040816326531 0.015512265512265512
26 0.4147959183673469 0.24242424242424243 0.01020408163265306 0.006493506493506494
41 0.4329081632653061 0.25577200577200576 0.0005102040816326531 0.016594516594516596
24 0.4377551020408163 0.24549062049062048 0.01020408163265306 0.006132756132756133
41 0.40994897959183674 0.2532467532467532 0.0005102040816326531 0.01948051948051948
85 0.2714285714285714 0.23178210678210678 0.01020408163265306 0.003246753246753247
41 0.38698979591836735 0.31222943722943725 0.0005102040816326531 0.0183982683982684
26 0.4607142857142857 0.2483766233766234 0.01020408163265306 0.006132756132756133
41 0.4558673469387755 0.25721500721500723 0.0005102040816326531 0.015873015873015872
24 0.48367346938775513 0.24549062049062048 0.01020408163265306 0.006132756132756133
72 0.48392857142857143 0.23647186147186147 0.002551020408163265 0.0018037518037518038
26 0.48367346938775513 0.30104617604617606 0.01020408163265306 0.006132756132756133
72 0.48392857142857143 0.2949134199134199 0.002551020408163265 0.0018037518037518038
41 0.47908163265306125 0.2563131313131313 0.0010204081632653062 0.01984126984126984
26 0.2714285714285714 0.3008658008658009 0.01020408163265306 0.006493506493506494
72 0.2714285714285714 0.2949134199134199 0.003061224489795918 0.0018037518037518038
41 0.26658163265306123 0.3116883116883117 0.0005102040816326531 0.01948051948051948
26 0.33163265306122447 0.3008658008658009 0.01020408163265306 0.006493506493506494
95 0.33010204081632655 0.28084415584415584 0.018367346938775512 0.01406926406926407
72 0.33137755102040817 0.2949134199134199 0.002551020408163265 0.0018037518037518038
41 0.3267857142857143 0.3116883116883117 0.0005102040816326531 0.01948051948051948
41 0.38698979591836735 0.2518037518037518 0.0005102040816326531 0.020202020202020204
72 0.39158163265306123 0.2949134199134199 0.002551020408163265 0.0018037518037518038
26 0.39183673469387753 0.30104617604617606 0.01020408163265306 0.006132756132756133
24 0.39183673469387753 0.23935786435786435 0.01020408163265306 0.006132756132756133
134 0.4997448979591837 0.43308080808080807 0.9045918367346939 0.024170274170274172
134 0.4997448979591837 0.49404761904761907 0.9045918367346939 0.024170274170274172
94 0.7275510204081632 0.455988455988456 0.014285714285714285 0.006493506493506494
95 0.7385204081632653 0.45616883116883117 0.017857142857142856 0.01406926406926407
26 0.7326530612244898 0.4240620490620491 0.01020408163265306 0.006132756132756133
41 0.7375 0.41684704184704185 0.0005102040816326531 0.012626262626262626
41 0.7017857142857142 0.42676767676767674 0.0005102040816326531 0.032467532467532464
24 0.6969387755102041 0.44498556998557 0.01020408163265306 0.006132756132756133
85 0.5316326530612245 0.4805194805194805 0.01020408163265306 0.002886002886002886
41 0.7767857142857143 0.42676767676767674 0.0005102040816326531 0.032467532467532464
24 0.7719387755102041 0.44498556998557 0.01020408163265306 0.006132756132756133
86 0.7540816326530613 0.4808802308802309 0.00816326530612245 0.017316017316017316
88 0.7331632653061224 0.48593073593073594 0.011224489795918367 0.016594516594516596
41 0.5678571428571428 0.42712842712842713 0.0010204081632653062 0.03318903318903319
24 0.563265306122449 0.44498556998557 0.01020408163265306 0.006132756132756133
26 0.5984693877551021 0.4240620490620491 0.01020408163265306 0.006132756132756133
41 0.5364795918367347 0.4163059163059163 0.0005102040816326531 0.011544011544011544
121 0.5262755102040816 0.4090909090909091 0.7831632653061225 0.0021645021645021645
41 0.6033163265306123 0.4163059163059163 0.0005102040816326531 0.013708513708513708
24 0.6301020408163265 0.44498556998557 0.01020408163265306 0.006132756132756133
41 0.6349489795918367 0.42658730158730157 0.0005102040816326531 0.03427128427128427
26 0.6658163265306123 0.4240620490620491 0.01020408163265306 0.006132756132756133
94 0.6589285714285714 0.4527417027417027 0.01479591836734694 0.006493506493506494
93 0.6711734693877551 0.454004329004329 0.01479591836734694 0.00974025974025974
86 0.6642857142857143 0.4808802308802309 0.00816326530612245 0.017316017316017316
41 0.6706632653061224 0.4163059163059163 0.0005102040816326531 0.013708513708513708
41 0.9176020408163266 0.42622655122655123 0.0005102040816326531 0.03354978354978355
81 0.9130102040816327 0.454004329004329 0.02193877551020408 0.009018759018759018
24 0.9127551020408163 0.44498556998557 0.01020408163265306 0.006132756132756133
87 0.8466836734693878 0.4828643578643579 0.009693877551020408 0.010461760461760462
24 0.8469387755102041 0.44498556998557 0.01020408163265306 0.006132756132756133
88 0.8247448979591837 0.48593073593073594 0.010714285714285714 0.016594516594516596
41 0.8517857142857143 0.42658730158730157 0.0005102040816326531 0.03427128427128427
41 0.8125 0.4157647907647908 0.0005102040816326531 0.012626262626262626
95 0.8063775510204082 0.45616883116883117 0.017857142857142856 0.01406926406926407
26 0.8076530612244898 0.4240620490620491 0.01020408163265306 0.006132756132756133
26 0.8816326530612245 0.4240620490620491 0.01020408163265306 0.006132756132756133
95 0.875765306122449 0.45616883116883117 0.017857142857142856 0.01406926406926407
95 0.8844387755102041 0.45616883116883117 0.017857142857142856 0.01406926406926407
86 0.8801020408163265 0.4806998556998557 0.00816326530612245 0.017676767676767676
41 0.8864795918367347 0.4163059163059163 0.0005102040816326531 0.013708513708513708
93 0.22066326530612246 0.4568903318903319 0.01479591836734694 0.00974025974025974
93 0.23239795918367348 0.4568903318903319 0.01479591836734694 0.00974025974025974
24 0.2280612244897959 0.44498556998557 0.01020408163265306 0.006132756132756133
41 0.2017857142857143 0.41594516594516595 0.0005102040816326531 0.012987012987012988
26 0.19693877551020408 0.4240620490620491 0.01020408163265306 0.006132756132756133
41 0.2329081632653061 0.42658730158730157 0.0005102040816326531 0.03427128427128427
41 0.16607142857142856 0.42622655122655123 0.0005102040816326531 0.03354978354978355
24 0.16122448979591836 0.44498556998557 0.01020408163265306 0.006132756132756133
41 0.30025510204081635 0.4264069264069264 0.0005102040816326531 0.03391053391053391
93 0.5298469387755103 0.454004329004329 0.01479591836734694 0.00974025974025974
41 0.2686224489795918 0.4157647907647908 0.0005102040816326531 0.012626262626262626
26 0.26377551020408163 0.4240620490620491 0.01020408163265306 0.006132756132756133
69 0.08954081632653062 0.420995670995671 0.008673469387755102 0.017316017316017316
69 0.09872448979591837 0.43001443001443 0.008673469387755102 0.017316017316017316
5 0.06683673469387755 0.4318181818181818 0.022448979591836733 0.044733044733044736
8 0.0663265306122449 0.49206349206349204 0.02346938775510204 0.020202020202020204
0 0.04107142857142857 0.46356421356421357 0.007653061224489796 0.08441558441558442
41 0.13443877551020408 0.4157647907647908 0.0005102040816326531 0.012626262626262626
84 0.1298469387755102 0.4837662337662338 0.010714285714285714 0.002886002886002886
93 0.1278061224489796 0.454004329004329 0.01479591836734694 0.00974025974025974
26 0.12959183673469388 0.4240620490620491 0.01020408163265306 0.006132756132756133
24 0.2954081632653061 0.44498556998557 0.01020408163265306 0.006132756132756133
69 0.08954081632653062 0.4880952380952381 0.008673469387755102 0.017316017316017316
69 0.09872448979591837 0.4971139971139971 0.008673469387755102 0.017316017316017316
41 0.46964285714285714 0.4157647907647908 0.0005102040816326531 0.012626262626262626
87 0.46479591836734696 0.4828643578643579 0.009183673469387756 0.010461760461760462
26 0.46505102040816326 0.4240620490620491 0.009693877551020408 0.006132756132756133
41 0.4344387755102041 0.4264069264069264 0.0005102040816326531 0.03391053391053391
93 0.42168367346938773 0.4568903318903319 0.01479591836734694 0.00974025974025974
93 0.4334183673469388 0.4568903318903319 0.01479591836734694 0.00974025974025974
26 0.5316326530612245 0.4240620490620491 0.01020408163265306 0.006132756132756133
24 0.42959183673469387 0.44498556998557 0.01020408163265306 0.006132756132756133
41 0.502295918367347 0.4264069264069264 0.0005102040816326531 0.03391053391053391
87 0.4971938775510204 0.48304473304473305 0.009693877551020408 0.010822510822510822
24 0.49744897959183676 0.44498556998557 0.01020408163265306 0.006132756132756133
26 0.3311224489795918 0.4240620490620491 0.01020408163265306 0.006132756132756133
93 0.31760204081632654 0.454004329004329 0.01479591836734694 0.00974025974025974
93 0.32933673469387753 0.454004329004329 0.01479591836734694 0.00974025974025974
93 0.3410714285714286 0.454004329004329 0.01479591836734694 0.00974025974025974
41 0.33596938775510204 0.4163059163059163 0.0005102040816326531 0.013708513708513708
24 0.3622448979591837 0.44498556998557 0.01020408163265306 0.006132756132756133
41 0.36709183673469387 0.42658730158730157 0.0005102040816326531 0.03427128427128427
26 0.3979591836734694 0.4240620490620491 0.01020408163265306 0.006132756132756133
41 0.40280612244897956 0.4163059163059163 0.0005102040816326531 0.013708513708513708
86 0.3964285714285714 0.4808802308802309 0.00816326530612245 0.017316017316017316
