1 0.6471949103528051 0.09775051124744376 0.013880855986119144 0.0008179959100204499
1 0.6168305378831694 0.09775051124744376 0.013302486986697512 0.0008179959100204499
1 0.21052631578947367 0.09775051124744376 0.013880855986119144 0.0008179959100204499
1 0.15905147484094853 0.09775051124744376 0.013880855986119144 0.0008179959100204499
1 0.15934065934065933 0.10449897750511247 0.013302486986697512 0.001226993865030675
134 0.4997108155002892 0.07750511247443763 0.9045691150954309 0.027402862985685072
24 0.6471949103528051 0.09775051124744376 0.009253903990746095 0.006543967280163599
41 0.6515326778484674 0.08732106339468303 0.000578368999421631 0.019222903885480574
24 0.680161943319838 0.09100204498977506 0.009253903990746095 0.006134969325153374
41 0.6844997108155003 0.08118609406952965 0.000578368999421631 0.017586912065439674
24 0.746096009253904 0.07750511247443763 0.009253903990746095 0.006134969325153374
24 0.713128976286871 0.08425357873210634 0.009253903990746095 0.006543967280163599
41 0.7171775592828225 0.0738241308793456 0.0 0.019222903885480574
41 0.7498554077501446 0.06830265848670757 0.000578368999421631 0.016359918200409
121 0.6069982648930017 0.07668711656441718 0.02834008097165992 0.0036809815950920245
26 0.5887796414112204 0.09427402862985686 0.009253903990746095 0.006134969325153374
41 0.5931174089068826 0.08486707566462168 0.000578368999421631 0.016768916155419224
26 0.6168305378831694 0.10102249488752556 0.008675534991324466 0.006543967280163599
41 0.6208791208791209 0.08895705521472393 0.000578368999421631 0.022494887525562373
41 0.8776749566223251 0.07157464212678936 0.000578368999421631 0.0212678936605317
26 0.924812030075188 0.08077709611451943 0.009253903990746095 0.006134969325153374
41 0.9291497975708503 0.06850715746421268 0.000578368999421631 0.022494887525562373
47 0.93262001156738 0.06094069529652352 0.007518796992481203 0.007361963190184049
24 0.8733371891266628 0.08425357873210634 0.009253903990746095 0.006543967280163599
121 0.7336610757663389 0.06053169734151329 0.03296703296703297 0.006543967280163599
121 0.667727009832273 0.07402862985685071 0.03296703296703297 0.006543967280163599
24 0.793233082706767 0.07075664621676891 0.008675534991324466 0.006543967280163599
41 0.7886061307113938 0.08282208588957055 0.000578368999421631 0.022494887525562373
53 0.7929438982070561 0.09038854805725971 0.008097165991902834 0.007361963190184049
26 0.8235974551764026 0.07402862985685071 0.009253903990746095 0.006543967280163599
41 0.8192596876807403 0.08609406952965235 0.000578368999421631 0.022494887525562373
41 0.2813765182186235 0.07137014314928425 0.000578368999421631 0.020858895705521473
63 0.14632735685367265 0.10429447852760736 0.008097165991902834 0.01717791411042945
26 0.21052631578947367 0.10102249488752556 0.009253903990746095 0.006543967280163599
41 0.21486408328513593 0.08895705521472393 0.000578368999421631 0.022494887525562373
24 0.27703875072296125 0.08425357873210634 0.009253903990746095 0.006543967280163599
40 0.28802776171197225 0.08098159509202454 0.003470213996529786 0.00245398773006135
59 0.5083863504916136 0.08875255623721881 0.008097165991902834 0.014723926380368098
5 0.06737998843262001 0.07811860940695296 0.02371312897628687 0.04008179959100205
26 0.10757663389242336 0.09427402862985686 0.009253903990746095 0.006134969325153374
41 0.1119144013880856 0.0820040899795501 0.000578368999421631 0.022494887525562373
24 0.15905147484094853 0.10449897750511247 0.009253903990746095 0.006134969325153374
41 0.16338924233661076 0.09059304703476483 0.000578368999421631 0.025766871165644172
41 0.4224985540775014 0.07157464212678936 0.000578368999421631 0.0212678936605317
26 0.46963562753036436 0.08752556237218814 0.009253903990746095 0.006543967280163599
41 0.4739733950260266 0.0754601226993865 0.000578368999421631 0.022494887525562373
24 0.5211104684788895 0.09100204498977506 0.009253903990746095 0.006134969325153374
41 0.5254482359745518 0.0787321063394683 0.000578368999421631 0.022494887525562373
59 0.329091960670908 0.0752556237218814 0.008097165991902834 0.014723926380368098
41 0.3374783111625217 0.08936605316973416 0.000578368999421631 0.020858895705521473
40 0.3528050896471949 0.07402862985685071 0.003470213996529786 0.00245398773006135
24 0.3418160786581839 0.07750511247443763 0.009253903990746095 0.006134969325153374
24 0.4181607865818392 0.08425357873210634 0.009253903990746095 0.006543967280163599
134 0.4997108155002892 0.19284253578732105 0.9045691150954309 0.027402862985685072
41 0.7215153267784846 0.18670756646216768 0.000578368999421631 0.020858895705521473
24 0.7171775592828225 0.19959100204498978 0.009253903990746095 0.006543967280163599
41 0.5694042799305957 0.18670756646216768 0.000578368999421631 0.020858895705521473
40 0.5760555234239445 0.19631901840490798 0.003470213996529786 0.00245398773006135
28 0.5630422209369578 0.19959100204498978 0.013302486986697512 0.006543967280163599
122 0.16657027183342973 0.18527607361963191 0.10989010989010989 0.0049079754601227
122 0.6402544823597455 0.20736196319018405 0.15037593984962405 0.0049079754601227
121 0.4699248120300752 0.17321063394683026 0.04337767495662233 0.0036809815950920245
122 0.38692886061307113 0.20633946830265848 0.10989010989010989 0.004498977505112475
121 0.24146905725853093 0.21247443762781187 0.04337767495662233 0.0036809815950920245
41 0.8753614806246385 0.1934560327198364 0.000578368999421631 0.0212678936605317
24 0.8710237131289763 0.20633946830265848 0.009253903990746095 0.006134969325153374
86 0.7941006362058993 0.18977505112474438 0.008097165991902834 0.01717791411042945
28 0.10989010989010989 0.19304703476482618 0.013880855986119144 0.006543967280163599
41 0.10323886639676114 0.20470347648261758 0.000578368999421631 0.020858895705521473
24 0.2238288027761712 0.19284253578732105 0.009253903990746095 0.006134969325153374
41 0.21949103528050898 0.2034764826175869 0.000578368999421631 0.019222903885480574
26 0.26720647773279355 0.18957055214723925 0.009253903990746095 0.006134969325153374
41 0.26286871023713126 0.20122699386503068 0.000578368999421631 0.0212678936605317
5 0.06737998843262001 0.1934560327198364 0.02371312897628687 0.04008179959100205
41 0.44794679005205323 0.18404907975460122 0.000578368999421631 0.0196319018404908
26 0.4441873915558126 0.19631901840490798 0.009253903990746095 0.006543967280163599
24 0.4875650665124349 0.19284253578732105 0.009253903990746095 0.006134969325153374
41 0.49190283400809715 0.18241308793456032 0.000578368999421631 0.01881390593047035
41 0.33632157316367844 0.18302658486707565 0.000578368999421631 0.020858895705521473
30 0.3302486986697513 0.19631901840490798 0.013880855986119144 0.006543967280163599
1 0.7758820127241179 0.2879345603271984 0.013302486986697512 0.0008179959100204499
1 0.7301908617698092 0.2879345603271984 0.013302486986697512 0.0008179959100204499
134 0.49942163100057835 0.3083844580777096 0.9039907460960093 0.026993865030674847
26 0.7299016772700984 0.2846625766871166 0.009253903990746095 0.006543967280163599
41 0.7255639097744361 0.2967280163599182 0.000578368999421631 0.022494887525562373
53 0.7299016772700984 0.3042944785276074 0.008097165991902834 0.007361963190184049
59 0.7171775592828225 0.2822085889570552 0.008097165991902834 0.014723926380368098
41 0.5855986119144014 0.31431492842535785 0.000578368999421631 0.021676891615541923
122 0.17813765182186234 0.3226993865030675 0.13302486986697512 0.0049079754601227
24 0.5309427414690573 0.3083844580777096 0.009253903990746095 0.006543967280163599
41 0.526604973973395 0.3198364008179959 0.000578368999421631 0.0212678936605317
24 0.5899363794100636 0.3016359918200409 0.009253903990746095 0.006134969325153374
26 0.64893001735107 0.29141104294478526 0.009253903990746095 0.006134969325153374
41 0.6445922498554078 0.30368098159509205 0.000578368999421631 0.022494887525562373
53 0.9161364950838635 0.31104294478527605 0.006940427993059572 0.007770961145194274
128 0.5552342394447658 0.3380368098159509 0.012724117987275883 0.008588957055214725
133 0.5566801619433198 0.33640081799591004 0.18102949681897051 0.004498977505112475
26 0.8449971081550028 0.298159509202454 0.009253903990746095 0.006543967280163599
24 0.7758820127241179 0.28813905930470346 0.008675534991324466 0.006134969325153374
41 0.7718334297281666 0.30040899795501025 0.000578368999421631 0.022494887525562373
59 0.7631578947368421 0.28588957055214725 0.008675534991324466 0.014723926380368098
41 0.8406593406593407 0.31022494887525565 0.000578368999421631 0.022494887525562373
59 0.8319838056680162 0.2959100204498977 0.008675534991324466 0.015132924335378323
26 0.9161364950838635 0.29141104294478526 0.009253903990746095 0.006134969325153374
41 0.9117987275882012 0.30368098159509205 0.000578368999421631 0.022494887525562373
41 0.11596298438403702 0.301840490797546 0.000578368999421631 0.02044989775051125
24 0.24696356275303644 0.3151329243353783 0.009253903990746095 0.006134969325153374
41 0.25130133024869866 0.3028629856850716 0.000578368999421631 0.022494887525562373
40 0.1229034123770966 0.3116564417177914 0.004048582995951417 0.00245398773006135
5 0.06737998843262001 0.30920245398773005 0.02371312897628687 0.04008179959100205
28 0.10989010989010989 0.3151329243353783 0.013880855986119144 0.006952965235173824
63 0.3724696356275304 0.3184049079754601 0.008097165991902834 0.016768916155419224
24 0.47310584152689417 0.3151329243353783 0.009253903990746095 0.006134969325153374
41 0.4774436090225564 0.3028629856850716 0.000578368999421631 0.022494887525562373
41 0.38895315211104686 0.30552147239263805 0.000578368999421631 0.0212678936605317
26 0.31607865818392133 0.3116564417177914 0.008675534991324466 0.006543967280163599
41 0.32012724117987273 0.2995910020449898 0.000578368999421631 0.022494887525562373
26 0.3849045691150954 0.3184049079754601 0.008675534991324466 0.006134969325153374
134 0.4997108155002892 0.423721881390593 0.9045691150954309 0.026993865030674847
26 0.681897050318103 0.4339468302658487 0.009253903990746095 0.006543967280163599
41 0.6862348178137652 0.421881390593047 0.000578368999421631 0.022494887525562373
63 0.6691729323308271 0.43374233128834355 0.008097165991902834 0.016768916155419224
26 0.5248698669751302 0.44069529652351735 0.008675534991324466 0.006134969325153374
121 0.20734528629265472 0.44314928425357875 0.04337767495662233 0.011042944785276074
26 0.44650086755349916 0.4204498977505112 0.009253903990746095 0.006543967280163599
41 0.4421631000578369 0.4325153374233129 0.000578368999421631 0.022494887525562373
47 0.6153846153846154 0.4175869120654397 0.006940427993059572 0.007361963190184049
41 0.5289184499710815 0.4284253578732106 0.000578368999421631 0.022494887525562373
24 0.6072874493927125 0.4372188139059305 0.009253903990746095 0.006543967280163599
41 0.6110468478889531 0.4251533742331288 0.000578368999421631 0.022494887525562373
128 0.788316946211683 0.39570552147239263 0.009253903990746095 0.008588957055214725
133 0.7880277617119722 0.3985685071574642 0.20994794679005205 0.006952965235173824
121 0.3097165991902834 0.4067484662576687 0.05263157894736842 0.006134969325153374
122 0.25650665124349337 0.43374233128834355 0.031810294968189705 0.0036809815950920245
24 0.7492770387507229 0.4372188139059305 0.008675534991324466 0.006543967280163599
41 0.7533256217466744 0.4251533742331288 0.000578368999421631 0.022494887525562373
26 0.8189705031810295 0.42719836400817995 0.009253903990746095 0.006134969325153374
41 0.8227299016772701 0.4149284253578732 0.000578368999421631 0.022494887525562373
24 0.8860613071139387 0.43047034764826175 0.009253903990746095 0.006134969325153374
41 0.8903990746096009 0.418200408997955 0.000578368999421631 0.022494887525562373
26 0.1899942163100058 0.41370143149284255 0.008675534991324466 0.006134969325153374
41 0.18594563331405436 0.4265848670756646 0.000578368999421631 0.023721881390593048
41 0.10323886639676114 0.4226993865030675 0.000578368999421631 0.021676891615541923
59 0.1772700983227299 0.4114519427402863 0.008675534991324466 0.014723926380368098
24 0.23366107576633893 0.43047034764826175 0.009253903990746095 0.006134969325153374
41 0.22932330827067668 0.4392638036809816 0.000578368999421631 0.015541922290388548
5 0.06737998843262001 0.4245398773006135 0.02371312897628687 0.04008179959100205
24 0.10757663389242336 0.4102249488752556 0.009253903990746095 0.006543967280163599
53 0.40052053209947946 0.43660531697341515 0.007518796992481203 0.007770961145194274
59 0.3192596876807403 0.4212678936605317 0.008097165991902834 0.014723926380368098
24 0.2793522267206478 0.43047034764826175 0.009253903990746095 0.006134969325153374
24 0.40052053209947946 0.41697341513292435 0.008675534991324466 0.006134969325153374
41 0.3958935801041064 0.4292433537832311 0.000578368999421631 0.022494887525562373
41 0.28368999421631 0.41922290388548056 0.000578368999421631 0.02044989775051125
41 0.33632157316367844 0.4132924335378323 0.000578368999421631 0.016768916155419224
24 0.3319838056680162 0.423721881390593 0.009253903990746095 0.006543967280163599
1 0.10960092539039908 0.5595092024539877 0.020242914979757085 0.0008179959100204499
134 0.49942163100057835 0.5392638036809816 0.9039907460960093 0.027402862985685072
30 0.582995951417004 0.5492842535787321 0.013880855986119144 0.006543967280163599
41 0.5890688259109311 0.5370143149284253 0.000578368999421631 0.022085889570552148
122 0.5069404279930596 0.5552147239263804 0.13360323886639677 0.005316973415132925
86 0.8024869866975131 0.5361963190184049 0.008675534991324466 0.01717791411042945
41 0.11596298438403702 0.5464212678936605 0.000578368999421631 0.02044989775051125
40 0.1231925968768074 0.556237218813906 0.003470213996529786 0.00245398773006135
28 0.10989010989010989 0.5595092024539877 0.013880855986119144 0.006543967280163599
40 0.4441873915558126 0.5492842535787321 0.003470213996529786 0.00245398773006135
5 0.06737998843262001 0.5398773006134969 0.02371312897628687 0.04008179959100205
41 0.4375361480624638 0.5361963190184049 0.000578368999421631 0.02044989775051125
30 0.43146327356853675 0.5492842535787321 0.013880855986119144 0.006543967280163599
30 0.2706766917293233 0.556237218813906 0.013880855986119144 0.006543967280163599
40 0.2834008097165992 0.556237218813906 0.003470213996529786 0.00245398773006135
41 0.2767495662232504 0.5435582822085889 0.000578368999421631 0.022085889570552148
1 0.10960092539039908 0.6748466257668712 0.020242914979757085 0.0008179959100204499
134 0.4997108155002892 0.654601226993865 0.9045691150954309 0.027402862985685072
41 0.7226720647773279 0.6519427402862986 0.000578368999421631 0.0212678936605317
30 0.7160208212839791 0.6648261758691206 0.013880855986119144 0.006952965235173824
41 0.526604973973395 0.6517382413087934 0.000578368999421631 0.020858895705521473
40 0.5332562174667438 0.6648261758691206 0.003470213996529786 0.002044989775051125
122 0.6179872758820127 0.6707566462167689 0.1775592828224407 0.0049079754601227
86 0.8582995951417004 0.6515337423312884 0.008097165991902834 0.01717791411042945
41 0.11596298438403702 0.661758691206544 0.000578368999421631 0.02044989775051125
40 0.1229034123770966 0.6715746421267894 0.004048582995951417 0.00245398773006135
28 0.10989010989010989 0.6748466257668712 0.013880855986119144 0.006543967280163599
5 0.06737998843262001 0.6552147239263804 0.02371312897628687 0.04008179959100205
4 0.07894736842105263 0.623517382413088 0.024869866975130134 0.023312883435582823
30 0.520242914979757 0.6648261758691206 0.013302486986697512 0.006952965235173824
41 0.32128397917871604 0.6586912065439673 0.000578368999421631 0.020858895705521473
40 0.32793522267206476 0.6715746421267894 0.003470213996529786 0.00245398773006135
30 0.3149219201850781 0.6715746421267894 0.013302486986697512 0.006543967280163599
1 0.10960092539039908 0.7903885480572597 0.020242914979757085 0.001226993865030675
134 0.4997108155002892 0.7699386503067485 0.9045691150954309 0.027402862985685072
40 0.5294968189705032 0.7803680981595092 0.004048582995951417 0.00245398773006135
41 0.7168883747831116 0.7670756646216769 0.000578368999421631 0.020858895705521473
30 0.7105263157894737 0.7803680981595092 0.013302486986697512 0.006543967280163599
122 0.6133603238866396 0.7860940695296523 0.17524580682475419 0.0049079754601227
41 0.5225563909774437 0.7670756646216769 0.000578368999421631 0.020858895705521473
86 0.8513591671486408 0.7670756646216769 0.008097165991902834 0.016768916155419224
41 0.11596298438403702 0.7770961145194274 0.000578368999421631 0.02044989775051125
40 0.1231925968768074 0.7869120654396728 0.003470213996529786 0.00245398773006135
28 0.10989010989010989 0.7903885480572597 0.013880855986119144 0.006952965235173824
5 0.06737998843262001 0.7709611451942741 0.02371312897628687 0.04008179959100205
30 0.5164835164835165 0.7803680981595092 0.013880855986119144 0.006543967280163599
41 0.31954887218045114 0.7740286298568507 0.000578368999421631 0.020858895705521473
40 0.32620011567379986 0.7869120654396728 0.003470213996529786 0.00245398773006135
30 0.31289762868710236 0.7869120654396728 0.013880855986119144 0.006543967280163599
