134 0.5 0.05026223776223776 0.9043693322341303 0.019522144522144524
1 0.47671063478977743 0.06453962703962704 0.019373454245671887 0.0008741258741258741
134 0.5 0.10037878787878787 0.9043693322341303 0.019522144522144524
1 0.47671063478977743 0.17074592074592074 0.019373454245671887 0.0005827505827505828
1 0.47671063478977743 0.17555361305361306 0.019373454245671887 0.0008741258741258741
134 0.5 0.1563228438228438 0.9043693322341303 0.019522144522144524
41 0.6780708985985161 0.09382284382284382 0.0008244023083264633 0.015151515151515152
40 0.6830173124484749 0.1587995337995338 0.00247320692497939 0.0017482517482517483
41 0.6780708985985161 0.14962121212121213 0.0008244023083264633 0.015442890442890442
41 0.7302143446001649 0.14932983682983683 0.00041220115416323167 0.01486013986013986
40 0.7353668590272052 0.047785547785547784 0.00247320692497939 0.0017482517482517483
41 0.7302143446001649 0.09120046620046621 0.00041220115416323167 0.009906759906759906
40 0.7353668590272052 0.1587995337995338 0.00247320692497939 0.0017482517482517483
26 0.7413437757625722 0.10285547785547786 0.008656224237427864 0.005244755244755245
41 0.7452596867271228 0.09411421911421912 0.0008244023083264633 0.015734265734265736
26 0.6927040395713108 0.09804778554778555 0.008656224237427864 0.004953379953379953
41 0.6966199505358615 0.09207459207459208 0.0008244023083264633 0.009906759906759906
26 0.7077493816982687 0.10285547785547786 0.008244023083264633 0.005244755244755245
41 0.7116652926628194 0.09455128205128205 0.00041220115416323167 0.01486013986013986
26 0.7267106347897774 0.052593240093240096 0.00741962077493817 0.004953379953379953
26 0.7262984336356142 0.047639860139860137 0.008244023083264633 0.004953379953379953
26 0.7262984336356142 0.09804778554778555 0.008244023083264633 0.004953379953379953
26 0.7262984336356142 0.15865384615384615 0.008244023083264633 0.004953379953379953
40 0.7353668590272052 0.05244755244755245 0.00247320692497939 0.0017482517482517483
41 0.7223825226710635 0.05812937062937063 0.00041220115416323167 0.01893939393939394
40 0.5900659521846661 0.1684149184149184 0.0028854080791426216 0.0017482517482517483
41 0.5851195383347073 0.043414918414918416 0.00041220115416323167 0.015151515151515152
41 0.5851195383347073 0.08886946386946387 0.00041220115416323167 0.01048951048951049
40 0.5900659521846661 0.05244755244755245 0.0028854080791426216 0.0017482517482517483
41 0.5851195383347073 0.1590909090909091 0.00041220115416323167 0.015151515151515152
26 0.5962489694971146 0.10285547785547786 0.008656224237427864 0.005244755244755245
41 0.6001648804616653 0.0928030303030303 0.0008244023083264633 0.018356643356643356
121 0.14117889530090685 0.11101398601398602 0.04905193734542457 0.0017482517482517483
24 0.5474031327287716 0.09571678321678322 0.008244023083264633 0.004953379953379953
41 0.5513190436933223 0.08974358974358974 0.00041220115416323167 0.009906759906759906
26 0.5626545754328112 0.10285547785547786 0.008244023083264633 0.005244755244755245
41 0.566570486397362 0.09338578088578088 0.00041220115416323167 0.017191142191142192
26 0.5812036273701566 0.052593240093240096 0.008244023083264633 0.004953379953379953
24 0.580997526793075 0.09571678321678322 0.008656224237427864 0.004953379953379953
26 0.5812036273701566 0.16826923076923078 0.008244023083264633 0.004953379953379953
111 0.6696207749381698 0.1199009324009324 0.010305028854080791 0.007284382284382284
24 0.6483924154987634 0.09571678321678322 0.008244023083264633 0.004953379953379953
41 0.652308326463314 0.08916083916083917 0.00041220115416323167 0.011072261072261072
26 0.6747732893652102 0.052593240093240096 0.00741962077493817 0.004953379953379953
26 0.6741549876339654 0.047639860139860137 0.008656224237427864 0.004953379953379953
26 0.6741549876339654 0.10285547785547786 0.008656224237427864 0.005244755244755245
26 0.6741549876339654 0.15865384615384615 0.008656224237427864 0.004953379953379953
40 0.6830173124484749 0.05244755244755245 0.00247320692497939 0.0017482517482517483
41 0.6702390766694146 0.05812937062937063 0.0008244023083264633 0.01893939393939394
40 0.6830173124484749 0.047785547785547784 0.00247320692497939 0.0017482517482517483
24 0.61479802143446 0.09571678321678322 0.008656224237427864 0.004953379953379953
41 0.6187139323990107 0.08974358974358974 0.0008244023083264633 0.009906759906759906
24 0.629843363561418 0.05011655011655012 0.008244023083264633 0.005244755244755245
26 0.629843363561418 0.10285547785547786 0.008244023083264633 0.005244755244755245
24 0.629843363561418 0.16593822843822845 0.008244023083264633 0.004953379953379953
41 0.6259274525968672 0.05856643356643357 0.00041220115416323167 0.015151515151515152
41 0.6337592745259687 0.09338578088578088 0.00041220115416323167 0.017191142191142192
41 0.6337592745259687 0.15705128205128205 0.00041220115416323167 0.015734265734265736
26 0.9192085737840066 0.052593240093240096 0.00741962077493817 0.004953379953379953
24 0.9043693322341303 0.09571678321678322 0.008244023083264633 0.004953379953379953
41 0.9084913437757626 0.08974358974358974 0.0008244023083264633 0.009906759906759906
26 0.9196207749381698 0.05725524475524475 0.008244023083264633 0.004953379953379953
26 0.9192085737840066 0.047639860139860137 0.00741962077493817 0.004953379953379953
26 0.9196207749381698 0.10766317016317016 0.008244023083264633 0.004953379953379953
26 0.9196207749381698 0.16826923076923078 0.008244023083264633 0.004953379953379953
41 0.9235366859027205 0.044580419580419584 0.00041220115416323167 0.023892773892773892
41 0.9235366859027205 0.09571678321678322 0.00041220115416323167 0.021853146853146852
40 0.8796372629843363 0.05244755244755245 0.00247320692497939 0.0017482517482517483
41 0.8668590272052762 0.057983682983682984 0.0008244023083264633 0.022727272727272728
40 0.8796372629843363 0.047785547785547784 0.00247320692497939 0.0017482517482517483
40 0.8796372629843363 0.04283216783216783 0.00247320692497939 0.0017482517482517483
41 0.8746908491343776 0.08886946386946387 0.0008244023083264633 0.01048951048951049
40 0.8796372629843363 0.16346153846153846 0.00247320692497939 0.0017482517482517483
41 0.8746908491343776 0.15675990675990675 0.0008244023083264633 0.015151515151515152
26 0.8860263808738664 0.10766317016317016 0.008656224237427864 0.004953379953379953
41 0.8899422918384171 0.09513403263403264 0.0008244023083264633 0.02301864801864802
121 0.9159109645507008 0.08362470862470862 0.05193734542456719 0.0017482517482517483
121 0.848722176422094 0.08362470862470862 0.05193734542456719 0.0017482517482517483
121 0.7714344600164881 0.08610139860139861 0.05234954657873042 0.001456876456876457
121 0.7040395713107996 0.08610139860139861 0.05193734542456719 0.001456876456876457
121 0.6261335531739489 0.08362470862470862 0.05193734542456719 0.0017482517482517483
121 0.5589447650453421 0.08362470862470862 0.05193734542456719 0.0017482517482517483
121 0.20032976092333057 0.14423076923076922 0.016488046166529265 0.004662004662004662
121 0.20877988458367683 0.11101398601398602 0.04905193734542457 0.0017482517482517483
41 0.9235366859027205 0.15938228438228438 0.00041220115416323167 0.015734265734265736
24 0.9381698268755152 0.09571678321678322 0.008244023083264633 0.004953379953379953
41 0.942085737840066 0.08916083916083917 0.00041220115416323167 0.011072261072261072
24 0.8707749381698269 0.16593822843822845 0.008656224237427864 0.004953379953379953
26 0.8186314921681781 0.10766317016317016 0.008244023083264633 0.004953379953379953
26 0.7934872217642209 0.09804778554778555 0.008244023083264633 0.004953379953379953
41 0.7976092333058532 0.09163752913752914 0.0008244023083264633 0.01078088578088578
26 0.8186314921681781 0.0574009324009324 0.008244023083264633 0.005244755244755245
26 0.8182192910140148 0.052593240093240096 0.00741962077493817 0.004953379953379953
26 0.8182192910140148 0.047639860139860137 0.00741962077493817 0.004953379953379953
110 0.8143033800494641 0.12092074592074592 0.023495465787304205 0.009324009324009324
26 0.8186314921681781 0.1636072261072261 0.008244023083264633 0.004953379953379953
40 0.8276999175597691 0.0574009324009324 0.00247320692497939 0.0017482517482517483
41 0.8225474031327288 0.044580419580419584 0.00041220115416323167 0.023892773892773892
40 0.8276999175597691 0.05244755244755245 0.00247320692497939 0.0017482517482517483
40 0.8276999175597691 0.047785547785547784 0.00247320692497939 0.0017482517482517483
41 0.7712283594394065 0.05842074592074592 0.0008244023083264633 0.018356643356643356
26 0.7598928276999175 0.09804778554778555 0.008656224237427864 0.004953379953379953
41 0.7638087386644683 0.09163752913752914 0.0008244023083264633 0.01078088578088578
26 0.7751442704039572 0.052593240093240096 0.008656224237427864 0.004953379953379953
26 0.7751442704039572 0.047639860139860137 0.008656224237427864 0.004953379953379953
26 0.7749381698268755 0.10285547785547786 0.008244023083264633 0.005244755244755245
26 0.7751442704039572 0.15865384615384615 0.008656224237427864 0.004953379953379953
41 0.7790601813685079 0.09411421911421912 0.0008244023083264633 0.015734265734265736
41 0.7790601813685079 0.14976689976689977 0.0008244023083264633 0.015734265734265736
24 0.8371805441055234 0.09571678321678322 0.008244023083264633 0.004953379953379953
41 0.8410964550700742 0.08916083916083917 0.00041220115416323167 0.011072261072261072
26 0.8522258862324814 0.10766317016317016 0.008656224237427864 0.004953379953379953
41 0.8561417971970322 0.09513403263403264 0.0008244023083264633 0.02301864801864802
24 0.8707749381698269 0.054924242424242424 0.008656224237427864 0.004953379953379953
24 0.8707749381698269 0.05011655011655012 0.008656224237427864 0.005244755244755245
24 0.8707749381698269 0.04530885780885781 0.008656224237427864 0.004953379953379953
24 0.8707749381698269 0.09571678321678322 0.008656224237427864 0.004953379953379953
41 0.8225474031327288 0.09513403263403264 0.00041220115416323167 0.02301864801864802
40 0.8276999175597691 0.16346153846153846 0.00247320692497939 0.0017482517482517483
41 0.8225474031327288 0.1547202797202797 0.00041220115416323167 0.015734265734265736
41 0.21826051112943115 0.056963869463869464 0.00041220115416323167 0.01486013986013986
41 0.20877988458367683 0.15005827505827507 0.00041220115416323167 0.013986013986013986
26 0.22217642209398186 0.047639860139860137 0.008244023083264633 0.004953379953379953
26 0.22217642209398186 0.09324009324009325 0.008244023083264633 0.005244755244755245
26 0.22217642209398186 0.15865384615384615 0.008244023083264633 0.004953379953379953
41 0.21826051112943115 0.10241841491841491 0.00041220115416323167 0.016608391608391608
41 0.22609233305853257 0.14976689976689977 0.00041220115416323167 0.015734265734265736
26 0.20486397361912614 0.047639860139860137 0.008244023083264633 0.004953379953379953
41 0.18404781533388292 0.10285547785547786 0.00041220115416323167 0.015734265734265736
41 0.19187963726298435 0.15384615384615385 0.00041220115416323167 0.015734265734265736
26 0.20486397361912614 0.09804778554778555 0.008244023083264633 0.004953379953379953
26 0.20486397361912614 0.15865384615384615 0.008244023083264633 0.004953379953379953
41 0.20094806265457543 0.05652680652680653 0.00041220115416323167 0.015734265734265736
53 0.20486397361912614 0.05754662004662005 0.00741962077493817 0.013111888111888112
41 0.20094806265457543 0.1048951048951049 0.00041220115416323167 0.011655011655011656
41 0.2582440230832646 0.10504079254079254 0.00041220115416323167 0.028846153846153848
26 0.2955482275350371 0.09324009324009325 0.008244023083264633 0.005244755244755245
30 0.2625721352019786 0.08843240093240093 0.009068425391591096 0.004953379953379953
26 0.23742786479802144 0.09804778554778555 0.008244023083264633 0.004953379953379953
41 0.23351195383347073 0.1048951048951049 0.00041220115416323167 0.011655011655011656
32 0.26442704039571313 0.05011655011655012 0.012778235779060182 0.005244755244755245
28 0.2625721352019786 0.10533216783216784 0.009068425391591096 0.004953379953379953
30 0.2625721352019786 0.09324009324009325 0.009068425391591096 0.005244755244755245
26 0.18796372629843364 0.1636072261072261 0.008244023083264633 0.004953379953379953
111 0.2576257213520198 0.13024475524475523 0.033800494641384994 0.009324009324009324
32 0.26442704039571313 0.16593822843822845 0.012778235779060182 0.004953379953379953
8 0.06162407254740313 0.15384615384615385 0.01772464962901896 0.014568764568764568
69 0.08058532563891178 0.15151515151515152 0.007007419620774938 0.013986013986013986
69 0.08800494641384995 0.15865384615384615 0.007007419620774938 0.014277389277389278
69 0.09542456718878813 0.14903846153846154 0.007007419620774938 0.014277389277389278
69 0.08058532563891178 0.09557109557109557 0.007007419620774938 0.013986013986013986
69 0.08800494641384995 0.10285547785547786 0.007007419620774938 0.013986013986013986
69 0.09542456718878813 0.09324009324009325 0.007007419620774938 0.013986013986013986
24 0.12077493816982687 0.054924242424242424 0.008244023083264633 0.004953379953379953
26 0.12036273701566365 0.047639860139860137 0.00741962077493817 0.004953379953379953
26 0.12077493816982687 0.09324009324009325 0.008244023083264633 0.005244755244755245
111 0.11624072547403133 0.12266899766899766 0.033800494641384994 0.009324009324009324
26 0.12077493816982687 0.1636072261072261 0.008244023083264633 0.004953379953379953
40 0.12963726298433637 0.05244755244755245 0.0028854080791426216 0.0017482517482517483
41 0.12469084913437757 0.04326923076923077 0.00041220115416323167 0.021270396270396272
0 0.03153338829348722 0.07532051282051282 0.006183017312448475 0.07022144522144522
0 0.04080791426215993 0.1032925407925408 0.009068425391591096 0.12616550116550115
40 0.12963726298433637 0.047785547785547784 0.0028854080791426216 0.0017482517482517483
5 0.06183017312448475 0.049533799533799536 0.01731244847485573 0.03496503496503497
69 0.08058532563891178 0.040501165501165504 0.007007419620774938 0.013986013986013986
69 0.08800494641384995 0.047785547785547784 0.007007419620774938 0.013986013986013986
69 0.09542456718878813 0.03817016317016317 0.007007419620774938 0.013986013986013986
8 0.06162407254740313 0.09804778554778555 0.01772464962901896 0.01486013986013986
41 0.17333058532563891 0.04283216783216783 0.00041220115416323167 0.020396270396270396
41 0.15828524319868095 0.15442890442890442 0.0008244023083264633 0.015151515151515152
24 0.1694146743610882 0.054924242424242424 0.008244023083264633 0.004953379953379953
26 0.1694146743610882 0.047639860139860137 0.008244023083264633 0.004953379953379953
26 0.1694146743610882 0.09804778554778555 0.008244023083264633 0.004953379953379953
41 0.16549876339653752 0.1048951048951049 0.00041220115416323167 0.011655011655011656
26 0.18796372629843364 0.09324009324009325 0.008244023083264633 0.005244755244755245
41 0.11685902720527618 0.10241841491841491 0.00041220115416323167 0.016608391608391608
41 0.12469084913437757 0.1547202797202797 0.00041220115416323167 0.015734265734265736
26 0.13582028029678483 0.09804778554778555 0.008656224237427864 0.004953379953379953
41 0.13190436933223412 0.1048951048951049 0.0008244023083264633 0.011655011655011656
26 0.15436933223413027 0.09324009324009325 0.008656224237427864 0.005244755244755245
26 0.15436933223413027 0.1636072261072261 0.008656224237427864 0.004953379953379953
41 0.15045342126957956 0.10241841491841491 0.0008244023083264633 0.016608391608391608
34 0.47671063478977743 0.10270979020979021 0.012778235779060182 0.004953379953379953
32 0.47671063478977743 0.17555361305361306 0.012778235779060182 0.004953379953379953
34 0.47671063478977743 0.10751748251748251 0.012778235779060182 0.004662004662004662
41 0.2914262159934048 0.10198135198135198 0.0008244023083264633 0.015734265734265736
32 0.47671063478977743 0.06468531468531469 0.012778235779060182 0.004662004662004662
32 0.47671063478977743 0.059877622377622376 0.012778235779060182 0.004953379953379953
34 0.47671063478977743 0.052593240093240096 0.012778235779060182 0.004953379953379953
34 0.47671063478977743 0.11261655011655011 0.012778235779060182 0.004953379953379953
41 0.532769991755977 0.09236596736596736 0.00041220115416323167 0.017482517482517484
40 0.5379225061830173 0.16346153846153846 0.00247320692497939 0.0017482517482517483
41 0.532769991755977 0.15428321678321677 0.00041220115416323167 0.01486013986013986
95 0.5245259686727123 0.0726981351981352 0.014427040395713108 0.011946386946386946
95 0.5335943940643034 0.0726981351981352 0.014427040395713108 0.011946386946386946
26 0.5288540807914263 0.047639860139860137 0.008244023083264633 0.004953379953379953
26 0.5288540807914263 0.10285547785547786 0.008244023083264633 0.005244755244755245
110 0.5245259686727123 0.12092074592074592 0.023495465787304205 0.009324009324009324
26 0.5288540807914263 0.1636072261072261 0.008244023083264633 0.004953379953379953
40 0.5379225061830173 0.047785547785547784 0.00247320692497939 0.0017482517482517483
41 0.5249381698268755 0.05652680652680653 0.00041220115416323167 0.015734265734265736
34 0.35840890354492994 0.0574009324009324 0.012778235779060182 0.004662004662004662
26 0.31863149216817804 0.09804778554778555 0.008244023083264633 0.004953379953379953
41 0.31450948062654577 0.10693473193473194 0.0008244023083264633 0.015734265734265736
34 0.35840890354492994 0.06220862470862471 0.012778235779060182 0.004953379953379953
34 0.35840890354492994 0.052593240093240096 0.012778235779060182 0.004953379953379953
34 0.35840890354492994 0.10766317016317016 0.012778235779060182 0.004953379953379953
32 0.35840890354492994 0.10052447552447552 0.012778235779060182 0.004662004662004662
32 0.35840890354492994 0.09571678321678322 0.012778235779060182 0.004953379953379953
111 0.35181368507831823 0.1199009324009324 0.010305028854080791 0.007284382284382284
34 0.35840890354492994 0.16826923076923078 0.012778235779060182 0.004953379953379953
34 0.4177658697444353 0.05244755244755245 0.012778235779060182 0.004662004662004662
34 0.4177658697444353 0.10766317016317016 0.012778235779060182 0.004953379953379953
34 0.4177658697444353 0.05725524475524475 0.012778235779060182 0.004953379953379953
34 0.4177658697444353 0.06220862470862471 0.012778235779060182 0.004953379953379953
34 0.4177658697444353 0.16826923076923078 0.012778235779060182 0.004953379953379953
32 0.4177658697444353 0.10052447552447552 0.012778235779060182 0.004662004662004662
32 0.4177658697444353 0.09571678321678322 0.012778235779060182 0.004953379953379953
134 0.5 0.24927156177156176 0.9043693322341303 0.019522144522144524
1 0.9165292662819456 0.23470279720279721 0.012778235779060182 0.0008741258741258741
1 0.7990519373454246 0.23470279720279721 0.013602638087386645 0.0008741258741258741
1 0.6731244847485574 0.23470279720279721 0.014014839241549877 0.0008741258741258741
1 0.12283594394064304 0.26354895104895104 0.018961253091508656 0.0008741258741258741
1 0.12283594394064304 0.36567599067599066 0.018961253091508656 0.0005827505827505828
1 0.12283594394064304 0.370483682983683 0.018961253091508656 0.0008741258741258741
134 0.5 0.2953088578088578 0.9043693322341303 0.019522144522144524
134 0.5 0.35125291375291373 0.9043693322341303 0.019522144522144524
1 0.937757625721352 0.2762237762237762 0.013190436933223413 0.0005827505827505828
1 0.937757625721352 0.28103146853146854 0.013190436933223413 0.0008741258741258741
1 0.9165292662819456 0.28103146853146854 0.012778235779060182 0.0008741258741258741
1 0.8971558120362737 0.28103146853146854 0.012778235779060182 0.0008741258741258741
1 0.8586150041220115 0.28103146853146854 0.013190436933223413 0.0008741258741258741
1 0.8198680956306678 0.28103146853146854 0.013190436933223413 0.0008741258741258741
1 0.7714344600164881 0.28103146853146854 0.012778235779060182 0.0008741258741258741
1 0.7326875515251443 0.28103146853146854 0.012778235779060182 0.0008741258741258741
1 0.6939406430338005 0.28103146853146854 0.012778235779060182 0.0008741258741258741
40 0.68239901071723 0.34411421911421913 0.0028854080791426216 0.0017482517482517483
41 0.669002473206925 0.3557692307692308 0.0008244023083264633 0.014568764568764568
26 0.6939406430338005 0.27855477855477856 0.008656224237427864 0.005244755244755245
41 0.6900247320692497 0.2893356643356643 0.0008244023083264633 0.019813519813519812
41 0.669002473206925 0.293997668997669 0.0008244023083264633 0.013403263403263404
41 0.669002473206925 0.24402680652680653 0.0008244023083264633 0.01486013986013986
40 0.6821929101401484 0.23222610722610723 0.00247320692497939 0.0017482517482517483
95 0.6733305853256389 0.370483682983683 0.014427040395713108 0.011946386946386946
28 0.6731244847485574 0.34644522144522144 0.009068425391591096 0.005244755244755245
24 0.6729183841714756 0.28583916083916083 0.008656224237427864 0.005244755244755245
28 0.6731244847485574 0.23470279720279721 0.009068425391591096 0.004953379953379953
41 0.7675185490519374 0.2902097902097902 0.0008244023083264633 0.019813519813519812
26 0.7714344600164881 0.27855477855477856 0.008656224237427864 0.005244755244755245
41 0.7462901896125309 0.2934149184149184 0.00041220115416323167 0.011655011655011656
24 0.7502061005770816 0.28583916083916083 0.008244023083264633 0.005244755244755245
121 0.15436933223413027 0.28496503496503495 0.05976916735366859 0.0017482517482517483
41 0.7287716405605935 0.2897727272727273 0.0008244023083264633 0.01893939393939394
26 0.7326875515251443 0.27855477855477856 0.008656224237427864 0.005244755244755245
41 0.7075432811211871 0.2938519813519814 0.00041220115416323167 0.01252913752913753
24 0.7114591920857378 0.28583916083916083 0.008244023083264633 0.005244755244755245
111 0.6279884583676835 0.3175990675990676 0.034212695795548226 0.009324009324009324
26 0.5661582852431987 0.2883158508158508 0.008656224237427864 0.004953379953379953
41 0.562242374278648 0.2969114219114219 0.0008244023083264633 0.015734265734265736
41 0.6284006595218466 0.2511655011655012 0.00041220115416323167 0.015151515151515152
86 0.6308738664468261 0.3505244755244755 0.007007419620774938 0.013403263403263404
41 0.6284006595218466 0.30011655011655014 0.00041220115416323167 0.011072261072261072
26 0.6323165704863973 0.2929778554778555 0.008244023083264633 0.004953379953379953
26 0.5838829348722177 0.2929778554778555 0.008656224237427864 0.004953379953379953
41 0.579967023907667 0.2993881118881119 0.0008244023083264633 0.01078088578088578
26 0.6323165704863973 0.2419871794871795 0.008244023083264633 0.004953379953379953
41 0.6009892827699918 0.2977855477855478 0.0008244023083264633 0.016317016317016316
26 0.6049051937345424 0.2883158508158508 0.008656224237427864 0.004953379953379953
41 0.5412201154163232 0.30026223776223776 0.0008244023083264633 0.011363636363636364
41 0.6496290189612531 0.29632867132867136 0.0008244023083264633 0.01282051282051282
26 0.6535449299258038 0.2883158508158508 0.008656224237427864 0.004953379953379953
26 0.5451360263808739 0.2929778554778555 0.008656224237427864 0.004953379953379953
41 0.9338417147568013 0.2859848484848485 0.00041220115416323167 0.020687645687645688
26 0.937757625721352 0.27374708624708627 0.008244023083264633 0.004953379953379953
41 0.9128194558944766 0.35824592074592077 0.00041220115416323167 0.01486013986013986
41 0.9128194558944766 0.2896270396270396 0.00041220115416323167 0.013403263403263404
41 0.9128194558944766 0.24402680652680653 0.00041220115416323167 0.01486013986013986
26 0.9167353668590272 0.3489219114219114 0.008244023083264633 0.004953379953379953
24 0.9167353668590272 0.28103146853146854 0.008244023083264633 0.004953379953379953
24 0.9167353668590272 0.23470279720279721 0.008244023083264633 0.004953379953379953
41 0.8934460016488046 0.2888986013986014 0.00041220115416323167 0.016608391608391608
121 0.8246084089035449 0.30026223776223776 0.05976916735366859 0.001456876456876457
121 0.2318631492168178 0.2867132867132867 0.05976916735366859 0.0017482517482517483
121 0.3328524319868096 0.28132284382284384 0.06141797197032152 0.010198135198135198
121 0.4049876339653751 0.3098776223776224 0.05976916735366859 0.001456876456876457
121 0.49278647980214346 0.30754662004662003 0.06141797197032152 0.004370629370629371
121 0.5711046990931574 0.30594405594405594 0.05976916735366859 0.0017482517482517483
121 0.659315746084089 0.30273892773892774 0.06141797197032152 0.008158508158508158
122 0.7361912613355317 0.2280011655011655 0.12283594394064304 0.003787878787878788
122 0.7359851607584501 0.3398892773892774 0.12324814509480626 0.003787878787878788
121 0.7376339653751031 0.30026223776223776 0.05976916735366859 0.001456876456876457
26 0.8973619126133553 0.27855477855477856 0.008244023083264633 0.005244755244755245
121 0.9029266281945589 0.2977855477855478 0.06141797197032152 0.004662004662004662
41 0.7949299258037923 0.2938519813519814 0.00041220115416323167 0.01252913752913753
41 0.7949299258037923 0.3559149184149184 0.00041220115416323167 0.014277389277389278
40 0.8083264633140973 0.34411421911421913 0.00247320692497939 0.0017482517482517483
41 0.7949299258037923 0.24417249417249418 0.00041220115416323167 0.014568764568764568
40 0.8083264633140973 0.23222610722610723 0.00247320692497939 0.0017482517482517483
28 0.7992580379225062 0.34644522144522144 0.009068425391591096 0.005244755244755245
111 0.7943116240725474 0.31585081585081587 0.033800494641384994 0.009324009324009324
24 0.798845836768343 0.2856934731934732 0.008244023083264633 0.004953379953379953
28 0.7990519373454246 0.23470279720279721 0.008656224237427864 0.004953379953379953
41 0.8724237427864798 0.2935606060606061 0.00041220115416323167 0.011363636363636364
24 0.8763396537510305 0.2856934731934732 0.008244023083264633 0.004953379953379953
41 0.8546990931574608 0.29035547785547783 0.00041220115416323167 0.019522144522144524
26 0.8586150041220115 0.27855477855477856 0.008244023083264633 0.005244755244755245
41 0.8336768342951361 0.2938519813519814 0.00041220115416323167 0.01252913752913753
24 0.8375927452596867 0.2856934731934732 0.008244023083264633 0.004953379953379953
41 0.8159521846661171 0.2902097902097902 0.00041220115416323167 0.019813519813519812
26 0.8198680956306678 0.27855477855477856 0.008244023083264633 0.005244755244755245
26 0.21929101401483925 0.29793123543123545 0.008244023083264633 0.004953379953379953
41 0.22320692497938993 0.2918123543123543 0.00041220115416323167 0.010198135198135198
26 0.23680956306677658 0.30754662004662003 0.008656224237427864 0.004953379953379953
41 0.2407254740313273 0.2966200466200466 0.0008244023083264633 0.019813519813519812
26 0.258037922506183 0.30259324009324007 0.008244023083264633 0.004953379953379953
41 0.2619538334707337 0.29414335664335667 0.00041220115416323167 0.01486013986013986
41 0.2019785655399835 0.29632867132867136 0.0008244023083264633 0.019230769230769232
26 0.19806265457543282 0.30754662004662003 0.008656224237427864 0.004953379953379953
41 0.18446001648804616 0.2905011655011655 0.00041220115416323167 0.011072261072261072
26 0.18054410552349548 0.29793123543123545 0.008244023083264633 0.004953379953379953
41 0.5234954657873042 0.29763986013986016 0.0008244023083264633 0.016608391608391608
41 0.16343775762572135 0.29545454545454547 0.00041220115416323167 0.02097902097902098
41 0.3019373454245672 0.29574592074592077 0.00041220115416323167 0.019813519813519812
41 0.3019373454245672 0.24723193473193472 0.00041220115416323167 0.01486013986013986
34 0.3002885408079143 0.36334498834498835 0.012778235779060182 0.005244755244755245
111 0.29348722176422093 0.3208041958041958 0.033800494641384994 0.009324009324009324
26 0.2980214344600165 0.30754662004662003 0.008244023083264633 0.004953379953379953
95 0.2848309975267931 0.26835664335664333 0.014014839241549877 0.012237762237762238
95 0.2936933223413026 0.26835664335664333 0.014427040395713108 0.012237762237762238
95 0.302555647155812 0.26835664335664333 0.014014839241549877 0.012237762237762238
95 0.3114179719703215 0.26835664335664333 0.014427040395713108 0.012237762237762238
26 0.2980214344600165 0.2564102564102564 0.008244023083264633 0.005244755244755245
69 0.08058532563891178 0.2906468531468531 0.007007419620774938 0.014277389277389278
69 0.08800494641384995 0.2977855477855478 0.007007419620774938 0.013986013986013986
69 0.09542456718878813 0.2881701631701632 0.007007419620774938 0.013986013986013986
5 0.06183017312448475 0.24854312354312355 0.01731244847485573 0.03496503496503497
69 0.08058532563891178 0.2395104895104895 0.007007419620774938 0.013986013986013986
69 0.08800494641384995 0.2467948717948718 0.007007419620774938 0.013986013986013986
69 0.09542456718878813 0.23717948717948717 0.007007419620774938 0.013986013986013986
8 0.06162407254740313 0.2929778554778555 0.01772464962901896 0.01486013986013986
8 0.06162407254740313 0.3489219114219114 0.01772464962901896 0.01486013986013986
69 0.08058532563891178 0.34644522144522144 0.007007419620774938 0.013986013986013986
69 0.08800494641384995 0.3537296037296037 0.007007419620774938 0.013986013986013986
69 0.09542456718878813 0.34411421911421913 0.007007419620774938 0.013986013986013986
122 0.9338417147568013 0.34396853146853146 0.031739488870568835 0.003205128205128205
122 0.9359027205276175 0.23076923076923078 0.02679307502061006 0.002913752913752914
0 0.04080791426215993 0.30026223776223776 0.009068425391591096 0.12208624708624709
0 0.031945589447650455 0.2722902097902098 0.006183017312448475 0.06614219114219114
41 0.12469084913437757 0.2953088578088578 0.00041220115416323167 0.020687645687645688
26 0.15952184666117064 0.30754662004662003 0.008244023083264633 0.004953379953379953
41 0.1457131079967024 0.2905011655011655 0.00041220115416323167 0.011072261072261072
26 0.14179719703215168 0.29793123543123545 0.008244023083264633 0.004953379953379953
32 0.12283594394064304 0.370483682983683 0.01236603462489695 0.004953379953379953
111 0.11624072547403133 0.3208041958041958 0.033800494641384994 0.009324009324009324
26 0.12077493816982687 0.30754662004662003 0.008244023083264633 0.004953379953379953
34 0.12283594394064304 0.24664918414918416 0.01236603462489695 0.004953379953379953
34 0.12283594394064304 0.2514568764568765 0.01236603462489695 0.004662004662004662
34 0.12283594394064304 0.2564102564102564 0.01236603462489695 0.005244755244755245
32 0.12283594394064304 0.26354895104895104 0.01236603462489695 0.004953379953379953
41 0.4620774938169827 0.25582750582750585 0.0008244023083264633 0.015151515151515152
41 0.4620774938169827 0.30288461538461536 0.0008244023083264633 0.011946386946386946
34 0.46805441055234953 0.35853729603729606 0.012778235779060182 0.004953379953379953
111 0.46166529266281947 0.3208041958041958 0.033800494641384994 0.009324009324009324
24 0.4659934047815334 0.29545454545454547 0.008656224237427864 0.005244755244755245
26 0.4659934047815334 0.24664918414918416 0.008656224237427864 0.004953379953379953
41 0.43466611706512776 0.30113636363636365 0.00041220115416323167 0.017191142191142192
24 0.4385820280296785 0.2906468531468531 0.008244023083264633 0.004953379953379953
26 0.5274113767518549 0.2883158508158508 0.008656224237427864 0.004953379953379953
41 0.5024732069249794 0.3006993006993007 0.0008244023083264633 0.012237762237762238
41 0.5024732069249794 0.2511655011655012 0.0008244023083264633 0.015151515151515152
40 0.516075845012366 0.24184149184149184 0.00247320692497939 0.0017482517482517483
26 0.5063891178895301 0.2929778554778555 0.008656224237427864 0.004953379953379953
30 0.5065952184666117 0.2419871794871795 0.009068425391591096 0.004953379953379953
41 0.4830997526793075 0.29982517482517484 0.0008244023083264633 0.015734265734265736
24 0.4870156636438582 0.2906468531468531 0.008656224237427864 0.004953379953379953
24 0.359439406430338 0.2906468531468531 0.008244023083264633 0.004953379953379953
41 0.3748969497114592 0.30346736596736595 0.00041220115416323167 0.01252913752913753
24 0.3788128606760099 0.29545454545454547 0.008244023083264633 0.005244755244755245
30 0.3388293487221764 0.24664918414918416 0.009068425391591096 0.004953379953379953
41 0.3633553173948887 0.2835081585081585 0.00041220115416323167 0.012237762237762238
24 0.33841714756801317 0.29545454545454547 0.008244023083264633 0.005244755244755245
40 0.34789777411376754 0.2467948717948718 0.00247320692497939 0.0017482517482517483
41 0.3345012366034625 0.2556818181818182 0.00041220115416323167 0.015442890442890442
41 0.3423330585325639 0.28744172494172493 0.00041220115416323167 0.014277389277389278
26 0.3190436933223413 0.29793123543123545 0.008244023083264633 0.004953379953379953
41 0.322959604286892 0.2899184149184149 0.00041220115416323167 0.013986013986013986
24 0.41755976916735366 0.29545454545454547 0.008244023083264633 0.005244755244755245
41 0.395919208573784 0.30099067599067597 0.00041220115416323167 0.017482517482517484
24 0.3998351195383347 0.2906468531468531 0.008244023083264633 0.004953379953379953
41 0.41364385820280297 0.30303030303030304 0.00041220115416323167 0.013403263403263404
134 0.5 0.4442016317016317 0.9043693322341303 0.019522144522144524
134 0.5 0.5461829836829837 0.9043693322341303 0.019522144522144524
1 0.8365622423742787 0.5607517482517482 0.013602638087386645 0.0008741258741258741
134 0.5 0.49053030303030304 0.9043693322341303 0.019522144522144524
1 0.14220939818631492 0.47115384615384615 0.013190436933223413 0.0005827505827505828
1 0.14220939818631492 0.47596153846153844 0.013190436933223413 0.0008741258741258741
1 0.12056883759274525 0.47596153846153844 0.012778235779060182 0.0008741258741258741
1 0.12056883759274525 0.42963286713286714 0.012778235779060182 0.0008741258741258741
41 0.7019785655399835 0.4951923076923077 0.0008244023083264633 0.011363636363636364
26 0.7058944765045342 0.4879079254079254 0.008656224237427864 0.004953379953379953
41 0.6838417147568013 0.4927156177156177 0.0008244023083264633 0.016317016317016316
26 0.687757625721352 0.48324592074592077 0.008656224237427864 0.004953379953379953
41 0.6622011541632317 0.4949009324009324 0.00041220115416323167 0.010198135198135198
26 0.6661170651277823 0.4879079254079254 0.008244023083264633 0.004953379953379953
41 0.6440643033800495 0.49242424242424243 0.00041220115416323167 0.015151515151515152
26 0.6479802143446002 0.48324592074592077 0.008244023083264633 0.004953379953379953
41 0.7417559769167353 0.4949009324009324 0.00041220115416323167 0.010198135198135198
41 0.7631904369332234 0.493006993006993 0.00041220115416323167 0.015734265734265736
26 0.7671063478977741 0.48324592074592077 0.008244023083264633 0.004953379953379953
41 0.7495877988458368 0.5466200466200466 0.00041220115416323167 0.015151515151515152
121 0.14736191261335532 0.4992715617715618 0.06141797197032152 0.001456876456876457
40 0.5074196207749382 0.5536130536130536 0.00247320692497939 0.0017482517482517483
26 0.7275350370981039 0.48324592074592077 0.008244023083264633 0.004953379953379953
41 0.5022671063478977 0.543997668997669 0.00041220115416323167 0.014568764568764568
41 0.7417559769167353 0.4530885780885781 0.00041220115416323167 0.013986013986013986
24 0.745671887881286 0.5557983682983683 0.008244023083264633 0.004953379953379953
26 0.745671887881286 0.4879079254079254 0.008244023083264633 0.004953379953379953
24 0.745671887881286 0.4442016317016317 0.008244023083264633 0.004953379953379953
41 0.7236191261335532 0.49213286713286714 0.00041220115416323167 0.015734265734265736
41 0.5335943940643034 0.49533799533799533 0.00041220115416323167 0.011072261072261072
26 0.5375103050288541 0.4879079254079254 0.008244023083264633 0.004953379953379953
41 0.5948062654575432 0.4927156177156177 0.0008244023083264633 0.016317016317016316
30 0.6269579554822754 0.4417249417249417 0.009068425391591096 0.005244755244755245
26 0.6265457543281121 0.4879079254079254 0.008244023083264633 0.004953379953379953
111 0.6220115416323165 0.5128205128205128 0.033800494641384994 0.009324009324009324
30 0.6269579554822754 0.553467365967366 0.009068425391591096 0.004953379953379953
40 0.6360263808738664 0.4417249417249417 0.00247320692497939 0.0017482517482517483
26 0.598722176422094 0.48324592074592077 0.008656224237427864 0.004953379953379953
41 0.5731657048639737 0.4949009324009324 0.00041220115416323167 0.010198135198135198
26 0.5770816158285244 0.4879079254079254 0.008244023083264633 0.004953379953379953
41 0.5550288540807914 0.49242424242424243 0.00041220115416323167 0.015151515151515152
26 0.5589447650453421 0.48324592074592077 0.008244023083264633 0.004953379953379953
41 0.6310799670239077 0.5444347319347319 0.0008244023083264633 0.015442890442890442
40 0.6360263808738664 0.553467365967366 0.00247320692497939 0.0020396270396270395
41 0.6226298433635614 0.49446386946386944 0.00041220115416323167 0.011072261072261072
26 0.5193734542456719 0.48324592074592077 0.008244023083264633 0.004953379953379953
41 0.5154575432811211 0.49213286713286714 0.00041220115416323167 0.015734265734265736
41 0.6226298433635614 0.45075757575757575 0.00041220115416323167 0.015151515151515152
41 0.933429513602638 0.48805361305361306 0.00041220115416323167 0.015734265734265736
26 0.9373454245671888 0.4782925407925408 0.008244023083264633 0.004953379953379953
26 0.8975680131904369 0.4782925407925408 0.008656224237427864 0.004953379953379953
41 0.8936521022258862 0.48717948717948717 0.0008244023083264633 0.015734265734265736
26 0.9157048639736192 0.48324592074592077 0.008656224237427864 0.004953379953379953
41 0.9117889530090684 0.48965617715617715 0.0008244023083264633 0.01078088578088578
122 0.5624484748557296 0.4345862470862471 0.12572135201978565 0.003787878787878788
121 0.48474855729596045 0.5001456876456877 0.06100577081615829 0.001456876456876457
122 0.43322341302555645 0.5409382284382285 0.04699093157460841 0.003205128205128205
122 0.4334295136026381 0.4291958041958042 0.04657873042044518 0.0034965034965034965
121 0.39550700741962075 0.5001456876456877 0.06141797197032152 0.001456876456876457
122 0.562242374278648 0.5576923076923077 0.11624072547403133 0.0034965034965034965
121 0.31615828524319867 0.5001456876456877 0.06100577081615829 0.001456876456876457
121 0.2267106347897774 0.5001456876456877 0.06100577081615829 0.001456876456876457
122 0.22506183017312448 0.5396270396270396 0.1261335531739489 0.0034965034965034965
122 0.22506183017312448 0.42788461538461536 0.1261335531739489 0.003787878787878788
122 0.7701978565539983 0.5611888111888111 0.04657873042044518 0.0034965034965034965
121 0.9027205276174773 0.49606643356643354 0.06100577081615829 0.001456876456876457
121 0.8225474031327288 0.4985431235431235 0.06306677658697445 0.00641025641025641
41 0.8720115416323165 0.49038461538461536 0.00041220115416323167 0.011072261072261072
122 0.77040395713108 0.4389568764568765 0.046166529266281946 0.003205128205128205
121 0.7324814509480626 0.5010198135198135 0.06100577081615829 0.001456876456876457
121 0.6531327287716405 0.5010198135198135 0.06141797197032152 0.001456876456876457
121 0.5643033800494641 0.5010198135198135 0.06100577081615829 0.001456876456876457
41 0.798845836768343 0.5467657342657343 0.0008244023083264633 0.015442890442890442
24 0.7949299258037923 0.4442016317016317 0.008656224237427864 0.004953379953379953
26 0.7949299258037923 0.4879079254079254 0.008656224237427864 0.004953379953379953
111 0.7903957131079967 0.5125291375291375 0.034212695795548226 0.009324009324009324
24 0.7949299258037923 0.5557983682983683 0.008656224237427864 0.004953379953379953
41 0.7910140148392415 0.45265151515151514 0.0008244023083264633 0.01486013986013986
41 0.7910140148392415 0.4949009324009324 0.0008244023083264633 0.011946386946386946
40 0.8458367683429514 0.5582750582750583 0.00247320692497939 0.0017482517482517483
41 0.8408903544929925 0.5515734265734266 0.0008244023083264633 0.015151515151515152
26 0.857790601813685 0.4782925407925408 0.008244023083264633 0.004953379953379953
41 0.8538746908491344 0.48761655011655014 0.00041220115416323167 0.016608391608391608
26 0.8759274525968672 0.48324592074592077 0.008244023083264633 0.004953379953379953
28 0.8367683429513603 0.5607517482517482 0.009068425391591096 0.004953379953379953
26 0.816570486397362 0.48324592074592077 0.008244023083264633 0.004953379953379953
41 0.8126545754328112 0.4916958041958042 0.00041220115416323167 0.01486013986013986
28 0.8367683429513603 0.44886363636363635 0.009068425391591096 0.004953379953379953
26 0.8363561417971971 0.48324592074592077 0.008244023083264633 0.004953379953379953
40 0.8458367683429514 0.44653263403263405 0.00247320692497939 0.0020396270396270395
41 0.8408903544929925 0.4398310023310023 0.0008244023083264633 0.015442890442890442
41 0.8324402308326463 0.49096736596736595 0.00041220115416323167 0.013403263403263404
24 0.20012366034624898 0.4855769230769231 0.008656224237427864 0.004953379953379953
41 0.19620774938169827 0.4932983682983683 0.0008244023083264633 0.013403263403263404
24 0.221558120362737 0.4807692307692308 0.008656224237427864 0.005244755244755245
41 0.21764220939818632 0.49082167832167833 0.0008244023083264633 0.018356643356643356
24 0.2396949711459192 0.4855769230769231 0.008656224237427864 0.004953379953379953
41 0.23577906018136852 0.4932983682983683 0.0008244023083264633 0.013403263403263404
40 0.16982687551525144 0.5438519813519813 0.00247320692497939 0.0020396270396270395
41 0.1564303380049464 0.4932983682983683 0.00041220115416323167 0.011655011655011656
41 0.1564303380049464 0.5552156177156177 0.00041220115416323167 0.013694638694638694
24 0.1819868095630668 0.4807692307692308 0.008656224237427864 0.005244755244755245
41 0.17807089859851608 0.49038461538461536 0.0008244023083264633 0.017482517482517484
41 0.2854492992580379 0.49373543123543123 0.00041220115416323167 0.01252913752913753
40 0.298845836768343 0.5438519813519813 0.00247320692497939 0.0020396270396270395
41 0.2854492992580379 0.5552156177156177 0.00041220115416323167 0.013694638694638694
24 0.26133553173948887 0.4807692307692308 0.008244023083264633 0.005244755244755245
41 0.2574196207749382 0.49082167832167833 0.00041220115416323167 0.018356643356643356
28 0.28977741137675184 0.4345862470862471 0.009068425391591096 0.004953379953379953
24 0.2893652102225886 0.4855769230769231 0.008244023083264633 0.004953379953379953
111 0.2848309975267931 0.5119463869463869 0.033800494641384994 0.009324009324009324
28 0.28977741137675184 0.5461829836829837 0.009068425391591096 0.004953379953379953
40 0.298845836768343 0.4321095571095571 0.00247320692497939 0.0017482517482517483
41 0.2854492992580379 0.4436188811188811 0.00041220115416323167 0.015442890442890442
122 0.8961253091508656 0.5649766899766899 0.10634789777411377 0.0034965034965034965
5 0.06183017312448475 0.44347319347319347 0.01731244847485573 0.03496503496503497
69 0.08058532563891178 0.4344405594405594 0.007007419620774938 0.013986013986013986
69 0.08800494641384995 0.4417249417249417 0.007007419620774938 0.013986013986013986
69 0.09542456718878813 0.4321095571095571 0.007007419620774938 0.013986013986013986
122 0.8936521022258862 0.45367132867132864 0.11129431162407255 0.0034965034965034965
8 0.06162407254740313 0.48805361305361306 0.01772464962901896 0.014568764568764568
69 0.08058532563891178 0.4855769230769231 0.007007419620774938 0.014277389277389278
69 0.08800494641384995 0.49286130536130535 0.007007419620774938 0.014277389277389278
69 0.09542456718878813 0.48324592074592077 0.007007419620774938 0.014277389277389278
8 0.06162407254740313 0.5438519813519813 0.01772464962901896 0.01486013986013986
69 0.08058532563891178 0.5415209790209791 0.007007419620774938 0.014277389277389278
69 0.08800494641384995 0.5486596736596736 0.007007419620774938 0.013986013986013986
69 0.09542456718878813 0.539044289044289 0.007007419620774938 0.013986013986013986
0 0.04101401483924155 0.4951923076923077 0.008656224237427864 0.12208624708624709
0 0.031945589447650455 0.46722027972027974 0.006183017312448475 0.06614219114219114
122 0.10779060181368508 0.42613636363636365 0.014427040395713108 0.0020396270396270395
122 0.11005770816158285 0.5391899766899767 0.018961253091508656 0.0026223776223776225
41 0.11685902720527618 0.5531759906759907 0.00041220115416323167 0.01486013986013986
26 0.14220939818631492 0.46867715617715616 0.008244023083264633 0.004953379953379953
41 0.1382934872217642 0.4844114219114219 0.00041220115416323167 0.029428904428904428
28 0.16075845012366036 0.4345862470862471 0.009068425391591096 0.004953379953379953
24 0.16034624896949712 0.4855769230769231 0.008244023083264633 0.004953379953379953
28 0.16075845012366036 0.5461829836829837 0.009068425391591096 0.004953379953379953
40 0.16982687551525144 0.4321095571095571 0.00247320692497939 0.0017482517482517483
41 0.1564303380049464 0.4436188811188811 0.00041220115416323167 0.015442890442890442
111 0.11624072547403133 0.5110722610722611 0.033800494641384994 0.009324009324009324
24 0.12077493816982687 0.42963286713286714 0.008244023083264633 0.004953379953379953
24 0.12077493816982687 0.47596153846153844 0.008244023083264633 0.004953379953379953
26 0.12077493816982687 0.5438519813519813 0.008244023083264633 0.004953379953379953
41 0.11685902720527618 0.4385198135198135 0.00041220115416323167 0.015734265734265736
41 0.11685902720527618 0.48805361305361306 0.00041220115416323167 0.022144522144522144
24 0.45816158285243197 0.4345862470862471 0.008656224237427864 0.004953379953379953
24 0.45816158285243197 0.4855769230769231 0.008656224237427864 0.004953379953379953
111 0.45362737015663646 0.5119463869463869 0.034212695795548226 0.009324009324009324
24 0.45816158285243197 0.5461829836829837 0.008656224237427864 0.004953379953379953
41 0.4542456718878813 0.44347319347319347 0.0008244023083264633 0.015734265734265736
41 0.4542456718878813 0.4932983682983683 0.0008244023083264633 0.013403263403263404
41 0.4045754328112119 0.5550699300699301 0.00041220115416323167 0.013986013986013986
41 0.4045754328112119 0.49373543123543123 0.00041220115416323167 0.01252913752913753
24 0.4299258037922506 0.4807692307692308 0.008244023083264633 0.005244755244755245
41 0.4260098928276999 0.49082167832167833 0.00041220115416323167 0.018356643356643356
40 0.5074196207749382 0.4417249417249417 0.00247320692497939 0.0017482517482517483
41 0.4756801319043693 0.49096736596736595 0.0008244023083264633 0.018065268065268064
30 0.49793899422918386 0.4417249417249417 0.009068425391591096 0.005244755244755245
26 0.4977328936521022 0.4879079254079254 0.008656224237427864 0.004953379953379953
30 0.49793899422918386 0.553467365967366 0.009068425391591096 0.004953379953379953
24 0.47959604286892005 0.4807692307692308 0.008656224237427864 0.005244755244755245
41 0.49381698268755153 0.45075757575757575 0.0008244023083264633 0.015151515151515152
41 0.49381698268755153 0.49446386946386944 0.0008244023083264633 0.011072261072261072
41 0.4542456718878813 0.5546328671328671 0.0008244023083264633 0.01486013986013986
41 0.36479802143446 0.49344405594405594 0.0008244023083264633 0.013111888111888112
24 0.36871393239901074 0.4855769230769231 0.008656224237427864 0.004953379953379953
41 0.4045754328112119 0.4439102564102564 0.00041220115416323167 0.01486013986013986
24 0.3505770816158285 0.4807692307692308 0.008656224237427864 0.005244755244755245
41 0.32522671063478975 0.4935897435897436 0.0008244023083264633 0.01282051282051282
24 0.3291426215993405 0.4855769230769231 0.008656224237427864 0.004953379953379953
41 0.34666117065127783 0.49082167832167833 0.0008244023083264633 0.018356643356643356
41 0.3070898598516076 0.49125874125874125 0.0008244023083264633 0.017482517482517484
24 0.31100577081615827 0.4807692307692308 0.008656224237427864 0.005244755244755245
24 0.40849134377576257 0.5461829836829837 0.008244023083264633 0.004953379953379953
41 0.38643858202802966 0.4914044289044289 0.00041220115416323167 0.017191142191142192
24 0.3903544929925804 0.4807692307692308 0.008244023083264633 0.005244755244755245
24 0.40849134377576257 0.4345862470862471 0.008244023083264633 0.004953379953379953
24 0.40849134377576257 0.4855769230769231 0.008244023083264633 0.004953379953379953
134 0.5 0.6391317016317016 0.9043693322341303 0.019522144522144524
1 0.12098103874690849 0.7556818181818182 0.013602638087386645 0.0008741258741258741
134 0.5 0.685460372960373 0.9043693322341303 0.019522144522144524
1 0.6310799670239077 0.6247086247086248 0.013190436933223413 0.0005827505827505828
1 0.5805853256389117 0.6247086247086248 0.012778235779060182 0.0005827505827505828
1 0.4614591920857378 0.6199009324009324 0.013602638087386645 0.0008741258741258741
1 0.4614591920857378 0.6247086247086248 0.013602638087386645 0.0005827505827505828
1 0.33161582852431987 0.6199009324009324 0.013602638087386645 0.0008741258741258741
1 0.33161582852431987 0.6247086247086248 0.013602638087386645 0.0005827505827505828
134 0.5 0.7411130536130536 0.9043693322341303 0.019522144522144524
1 0.6527205276174773 0.666083916083916 0.012778235779060182 0.0005827505827505828
1 0.6527205276174773 0.6708916083916084 0.012778235779060182 0.0008741258741258741
1 0.6310799670239077 0.6708916083916084 0.013190436933223413 0.0008741258741258741
1 0.6020197856553998 0.666083916083916 0.012778235779060182 0.0005827505827505828
1 0.6020197856553998 0.6708916083916084 0.012778235779060182 0.0008741258741258741
1 0.5805853256389117 0.6708916083916084 0.012778235779060182 0.0008741258741258741
1 0.5624484748557296 0.666083916083916 0.012778235779060182 0.0005827505827505828
1 0.5624484748557296 0.6708916083916084 0.012778235779060182 0.0008741258741258741
1 0.5406018136850783 0.6708916083916084 0.012778235779060182 0.0008741258741258741
1 0.5224649629018961 0.666083916083916 0.012778235779060182 0.0005827505827505828
1 0.5224649629018961 0.6708916083916084 0.012778235779060182 0.0008741258741258741
1 0.5010305028854081 0.6708916083916084 0.012778235779060182 0.0008741258741258741
1 0.48268755152514425 0.666083916083916 0.013190436933223413 0.0005827505827505828
1 0.48268755152514425 0.6708916083916084 0.013190436933223413 0.0008741258741258741
1 0.4610469909315746 0.6708916083916084 0.012778235779060182 0.0008741258741258741
1 0.4326051112943116 0.666083916083916 0.012778235779060182 0.0005827505827505828
1 0.4326051112943116 0.6708916083916084 0.012778235779060182 0.0008741258741258741
1 0.41096455070074195 0.6708916083916084 0.013190436933223413 0.0008741258741258741
1 0.39262159934047813 0.666083916083916 0.012778235779060182 0.0005827505827505828
1 0.39262159934047813 0.6708916083916084 0.012778235779060182 0.0008741258741258741
1 0.3711871393239901 0.6708916083916084 0.012778235779060182 0.0008741258741258741
1 0.3530502885408079 0.666083916083916 0.012778235779060182 0.0005827505827505828
1 0.3530502885408079 0.6708916083916084 0.012778235779060182 0.0008741258741258741
1 0.33120362737015663 0.6708916083916084 0.012778235779060182 0.0008741258741258741
41 0.6669414674361088 0.7481060606060606 0.0008244023083264633 0.01486013986013986
41 0.6669414674361088 0.6860431235431236 0.0008244023083264633 0.017773892773892772
41 0.6669414674361088 0.6388403263403264 0.0008244023083264633 0.01486013986013986
40 0.6803380049464138 0.627039627039627 0.0028854080791426216 0.0017482517482517483
30 0.6710634789777411 0.7387820512820513 0.009068425391591096 0.004953379953379953
24 0.6708573784006595 0.6758449883449883 0.008656224237427864 0.004953379953379953
28 0.6710634789777411 0.629516317016317 0.009068425391591096 0.004953379953379953
41 0.6488046166529267 0.6799242424242424 0.0008244023083264633 0.024184149184149184
24 0.6527205276174773 0.6662296037296037 0.008656224237427864 0.004953379953379953
26 0.7271228359439407 0.6877913752913752 0.008244023083264633 0.004953379953379953
41 0.7310387469084914 0.6778846153846154 0.00041220115416323167 0.017773892773892772
24 0.7487633965375103 0.680506993006993 0.008656224237427864 0.004953379953379953
41 0.752679307502061 0.6748251748251748 0.0008244023083264633 0.009324009324009324
26 0.7669002473206925 0.6877913752913752 0.008656224237427864 0.004953379953379953
41 0.7708161582852432 0.678467365967366 0.0008244023083264633 0.016608391608391608
26 0.6889942291838417 0.6877913752913752 0.008656224237427864 0.004953379953379953
41 0.685078318219291 0.6937645687645687 0.0008244023083264633 0.009906759906759906
40 0.6803380049464138 0.7389277389277389 0.0028854080791426216 0.0017482517482517483
26 0.7089859851607585 0.6781759906759907 0.008244023083264633 0.004953379953379953
41 0.7129018961253092 0.6726398601398601 0.00041220115416323167 0.009032634032634032
24 0.5805853256389117 0.736451048951049 0.008656224237427864 0.004953379953379953
24 0.6022258862324814 0.6662296037296037 0.008244023083264633 0.004953379953379953
41 0.5766694146743611 0.7453379953379954 0.0008244023083264633 0.015734265734265736
121 0.14736191261335532 0.6911421911421911 0.06141797197032152 0.0017482517482517483
41 0.5766694146743611 0.678467365967366 0.0008244023083264633 0.011946386946386946
41 0.5766694146743611 0.6337412587412588 0.0008244023083264633 0.015151515151515152
41 0.5981038746908491 0.6761363636363636 0.0008244023083264633 0.018356643356643356
24 0.5805853256389117 0.6708916083916084 0.008656224237427864 0.004953379953379953
24 0.5805853256389117 0.6245629370629371 0.008656224237427864 0.004953379953379953
41 0.5583264633140973 0.6761363636363636 0.00041220115416323167 0.016608391608391608
24 0.562242374278648 0.6662296037296037 0.008244023083264633 0.004953379953379953
41 0.5368920032976092 0.6786130536130536 0.00041220115416323167 0.011655011655011656
24 0.5408079142621599 0.6708916083916084 0.008244023083264633 0.004953379953379953
121 0.22691673536685902 0.6911421911421911 0.06141797197032152 0.0017482517482517483
121 0.31760098928277 0.6873543123543123 0.06306677658697445 0.005244755244755245
41 0.627164056059357 0.7457750582750583 0.00041220115416323167 0.01486013986013986
122 0.26504534212695796 0.7488344988344988 0.04699093157460841 0.0034965034965034965
122 0.26504534212695796 0.6277680652680653 0.03792250618301731 0.003205128205128205
41 0.627164056059357 0.680506993006993 0.00041220115416323167 0.015442890442890442
41 0.627164056059357 0.6338869463869464 0.00041220115416323167 0.01486013986013986
24 0.6310799670239077 0.736451048951049 0.008244023083264633 0.004953379953379953
111 0.6265457543281121 0.706002331002331 0.033800494641384994 0.009324009324009324
24 0.6310799670239077 0.6708916083916084 0.008244023083264633 0.004953379953379953
24 0.6310799670239077 0.6245629370629371 0.008244023083264633 0.004953379953379953
41 0.9194146743610883 0.7415501165501166 0.00041220115416323167 0.014568764568764568
41 0.9194146743610883 0.6840034965034965 0.00041220115416323167 0.00844988344988345
41 0.9194146743610883 0.6346153846153846 0.00041220115416323167 0.014568764568764568
24 0.9338417147568013 0.6950757575757576 0.008656224237427864 0.004953379953379953
41 0.937757625721352 0.6869172494172494 0.0008244023083264633 0.014277389277389278
24 0.9154987633965375 0.7508741258741258 0.008244023083264633 0.005244755244755245
24 0.9154987633965375 0.6901223776223776 0.008244023083264633 0.004953379953379953
24 0.9154987633965375 0.6439393939393939 0.008244023083264633 0.005244755244755245
41 0.8996290189612531 0.6847319347319347 0.00041220115416323167 0.012237762237762238
26 0.8957131079967023 0.6925990675990676 0.008244023083264633 0.005244755244755245
41 0.8814921681780709 0.6819638694638694 0.00041220115416323167 0.00844988344988345
26 0.8775762572135202 0.6877913752913752 0.008244023083264633 0.004953379953379953
121 0.9095218466611706 0.6781759906759907 0.05647155812036274 0.004370629370629371
121 0.6560181368507831 0.6940559440559441 0.058120362737015666 0.011072261072261072
121 0.8307914262159934 0.6733682983682984 0.058120362737015666 0.004662004662004662
121 0.7417559769167353 0.6685606060606061 0.058120362737015666 0.004370629370629371
122 0.7347485572959604 0.7317890442890443 0.12407254740313273 0.003787878787878788
122 0.7347485572959604 0.6228146853146853 0.12407254740313273 0.003787878787878788
122 0.6057295960428689 0.7312062937062938 0.04740313272877164 0.003205128205128205
122 0.6057295960428689 0.6193181818181818 0.04740313272877164 0.003205128205128205
121 0.5673948887056883 0.685460372960373 0.06141797197032152 0.001456876456876457
41 0.8019373454245672 0.6765734265734266 0.00041220115416323167 0.009324009324009324
122 0.3965375103050289 0.7249417249417249 0.12695795548227534 0.0034965034965034965
122 0.3965375103050289 0.6131993006993007 0.12695795548227534 0.003787878787878788
121 0.3979802143446002 0.685460372960373 0.06141797197032152 0.001456876456876457
121 0.48784006595218465 0.685460372960373 0.06141797197032152 0.001456876456876457
40 0.8075020610057708 0.7389277389277389 0.00247320692497939 0.0017482517482517483
41 0.7941055234954658 0.7482517482517482 0.00041220115416323167 0.014568764568764568
41 0.7941055234954658 0.638986013986014 0.00041220115416323167 0.014568764568764568
40 0.8075020610057708 0.627039627039627 0.00247320692497939 0.0017482517482517483
30 0.7982275350370981 0.7387820512820513 0.008656224237427864 0.004953379953379953
111 0.7934872217642209 0.706002331002331 0.033800494641384994 0.009324009324009324
26 0.7980214344600165 0.682983682983683 0.008244023083264633 0.005244755244755245
28 0.7982275350370981 0.629516317016317 0.008656224237427864 0.004953379953379953
41 0.8200741962077494 0.6819638694638694 0.00041220115416323167 0.017773892773892772
24 0.8375927452596867 0.685460372960373 0.008244023083264633 0.004953379953379953
41 0.841714756801319 0.6791958041958042 0.0008244023083264633 0.01048951048951049
26 0.8161582852431987 0.6925990675990676 0.008244023083264633 0.005244755244755245
26 0.8559356966199505 0.6925990675990676 0.008656224237427864 0.005244755244755245
41 0.8598516075845012 0.683420745920746 0.0008244023083264633 0.016608391608391608
26 0.24010717230008244 0.6318473193473193 0.008656224237427864 0.004953379953379953
26 0.24010717230008244 0.6781759906759907 0.008656224237427864 0.004953379953379953
26 0.24010717230008244 0.7437354312354313 0.008656224237427864 0.004953379953379953
41 0.23619126133553173 0.6407342657342657 0.0008244023083264633 0.015734265734265736
41 0.23619126133553173 0.6850233100233101 0.0008244023083264633 0.011655011655011656
41 0.24402308326463315 0.7348484848484849 0.0008244023083264633 0.015734265734265736
41 0.1964138499587799 0.685460372960373 0.00041220115416323167 0.01078088578088578
26 0.18219291014014838 0.6733682983682984 0.008244023083264633 0.005244755244755245
41 0.17807089859851608 0.68254662004662 0.0008244023083264633 0.016608391608391608
26 0.20032976092333057 0.6781759906759907 0.008244023083264633 0.004953379953379953
26 0.22197032151690024 0.6733682983682984 0.008656224237427864 0.005244755244755245
41 0.21805441055234956 0.68254662004662 0.0008244023083264633 0.016608391608391608
41 0.28586150041220115 0.6844405594405595 0.00041220115416323167 0.009324009324009324
111 0.2854492992580379 0.706002331002331 0.034212695795548226 0.009324009324009324
26 0.2617477328936521 0.6733682983682984 0.008244023083264633 0.005244755244755245
41 0.2578318219291014 0.68254662004662 0.00041220115416323167 0.016608391608391608
26 0.28977741137675184 0.6318473193473193 0.008244023083264633 0.004953379953379953
26 0.28977741137675184 0.6781759906759907 0.008244023083264633 0.004953379953379953
26 0.28977741137675184 0.7437354312354313 0.008244023083264633 0.004953379953379953
41 0.28586150041220115 0.6407342657342657 0.00041220115416323167 0.015734265734265736
5 0.06183017312448475 0.6386946386946387 0.01731244847485573 0.03496503496503497
69 0.08058532563891178 0.629516317016317 0.007007419620774938 0.014277389277389278
69 0.08800494641384995 0.6366550116550117 0.007007419620774938 0.013986013986013986
69 0.09542456718878813 0.627039627039627 0.007007419620774938 0.013986013986013986
8 0.06162407254740313 0.682983682983683 0.01772464962901896 0.014568764568764568
69 0.08058532563891178 0.6806526806526807 0.007007419620774938 0.013986013986013986
69 0.08800494641384995 0.6877913752913752 0.007007419620774938 0.014277389277389278
69 0.09542456718878813 0.6781759906759907 0.007007419620774938 0.014277389277389278
8 0.06162407254740313 0.7387820512820513 0.01772464962901896 0.01486013986013986
69 0.08058532563891178 0.736451048951049 0.007007419620774938 0.014277389277389278
69 0.08800494641384995 0.7435897435897436 0.007007419620774938 0.013986013986013986
69 0.09542456718878813 0.7339743589743589 0.007007419620774938 0.013986013986013986
0 0.04080791426215993 0.6901223776223776 0.009068425391591096 0.12208624708624709
0 0.031945589447650455 0.6621503496503497 0.006183017312448475 0.06614219114219114
122 0.10779060181368508 0.646416083916084 0.014427040395713108 0.0020396270396270395
122 0.10758450123660346 0.7593240093240093 0.014014839241549877 0.002331002331002331
40 0.1302555647155812 0.7532051282051282 0.00247320692497939 0.0017482517482517483
41 0.1251030502885408 0.7462121212121212 0.00041220115416323167 0.014568764568764568
26 0.14220939818631492 0.6733682983682984 0.008244023083264633 0.005244755244755245
41 0.1382934872217642 0.68254662004662 0.00041220115416323167 0.016608391608391608
26 0.16055234954657874 0.6781759906759907 0.008656224237427864 0.004953379953379953
41 0.15663643858202803 0.6850233100233101 0.0008244023083264633 0.011655011655011656
28 0.12098103874690849 0.6439393939393939 0.008656224237427864 0.005244755244755245
26 0.12077493816982687 0.6781759906759907 0.008244023083264633 0.004953379953379953
111 0.11624072547403133 0.706002331002331 0.033800494641384994 0.009324009324009324
28 0.12098103874690849 0.7556818181818182 0.008656224237427864 0.004953379953379953
40 0.1302555647155812 0.6416083916083916 0.00247320692497939 0.0017482517482517483
41 0.1251030502885408 0.6349067599067599 0.00041220115416323167 0.015151515151515152
41 0.2936933223413026 0.7348484848484849 0.00041220115416323167 0.015734265734265736
41 0.11685902720527618 0.6850233100233101 0.00041220115416323167 0.011655011655011656
28 0.4614591920857378 0.7316433566433567 0.008656224237427864 0.005244755244755245
40 0.47073371805441055 0.6174242424242424 0.00247320692497939 0.0017482517482517483
41 0.4571310799670239 0.6300990675990676 0.0008244023083264633 0.017773892773892772
111 0.45671887881286066 0.706002331002331 0.033800494641384994 0.009324009324009324
41 0.4571310799670239 0.6786130536130536 0.0008244023083264633 0.013403263403263404
24 0.4326051112943116 0.6662296037296037 0.008656224237427864 0.004953379953379953
24 0.41096455070074195 0.6708916083916084 0.008244023083264633 0.004953379953379953
41 0.40704863973619126 0.6786130536130536 0.00041220115416323167 0.013403263403263404
41 0.42868920032976093 0.6761363636363636 0.0008244023083264633 0.018356643356643356
28 0.4614591920857378 0.6199009324009324 0.008656224237427864 0.004953379953379953
24 0.46125309150865623 0.6708916083916084 0.008244023083264633 0.004953379953379953
24 0.48268755152514425 0.6662296037296037 0.008244023083264633 0.004953379953379953
41 0.47877164056059357 0.6761363636363636 0.00041220115416323167 0.018356643356643356
24 0.5008244023083265 0.6708916083916084 0.008244023083264633 0.004953379953379953
41 0.49690849134377574 0.6786130536130536 0.00041220115416323167 0.013403263403263404
24 0.5224649629018961 0.6662296037296037 0.008656224237427864 0.004953379953379953
41 0.5185490519373455 0.6761363636363636 0.0008244023083264633 0.018356643356643356
40 0.47073371805441055 0.7293123543123543 0.00247320692497939 0.0017482517482517483
41 0.4571310799670239 0.740530303030303 0.0008244023083264633 0.015442890442890442
41 0.3489282769991756 0.6765734265734266 0.00041220115416323167 0.017482517482517484
24 0.3528441879637263 0.6662296037296037 0.008244023083264633 0.004953379953379953
28 0.33161582852431987 0.6199009324009324 0.008656224237427864 0.004953379953379953
41 0.32749381698268754 0.740967365967366 0.00041220115416323167 0.014568764568764568
40 0.3408903544929926 0.7293123543123543 0.00247320692497939 0.0017482517482517483
24 0.3314097279472383 0.6708916083916084 0.008244023083264633 0.004953379953379953
28 0.33161582852431987 0.7316433566433567 0.008656224237427864 0.005244755244755245
40 0.3408903544929926 0.6174242424242424 0.00247320692497939 0.0017482517482517483
41 0.32749381698268754 0.6300990675990676 0.00041220115416323167 0.017773892773892772
41 0.32749381698268754 0.6791958041958042 0.00041220115416323167 0.014568764568764568
26 0.3114179719703215 0.6733682983682984 0.008656224237427864 0.005244755244755245
41 0.38891178895300904 0.6767191142191142 0.00041220115416323167 0.017191142191142192
24 0.3928276999175598 0.6662296037296037 0.008244023083264633 0.004953379953379953
41 0.3075020610057708 0.6810897435897436 0.0008244023083264633 0.013694638694638694
24 0.3711871393239901 0.6708916083916084 0.008656224237427864 0.004953379953379953
41 0.36727122835943943 0.6786130536130536 0.0008244023083264633 0.013403263403263404
134 0.5 0.8340617715617715 0.9043693322341303 0.019522144522144524
134 0.5 0.8803904428904429 0.9043693322341303 0.019522144522144524
134 0.5 0.9363344988344988 0.9043693322341303 0.019522144522144524
1 0.8377988458367683 0.8948135198135199 0.019373454245671887 0.0005827505827505828
1 0.8377988458367683 0.8996212121212122 0.019373454245671887 0.0008741258741258741
1 0.7042456718878813 0.8948135198135199 0.019373454245671887 0.0005827505827505828
1 0.8377988458367683 0.8486305361305362 0.019373454245671887 0.0008741258741258741
1 0.8377988458367683 0.9506118881118881 0.019373454245671887 0.0008741258741258741
1 0.8377988458367683 0.9555652680652681 0.019373454245671887 0.0008741258741258741
1 0.7042456718878813 0.9506118881118881 0.019373454245671887 0.0008741258741258741
93 0.7023907666941468 0.8537296037296037 0.013190436933223413 0.008158508158508158
32 0.7042456718878813 0.8949592074592074 0.012778235779060182 0.004953379953379953
32 0.7042456718878813 0.8438228438228438 0.012778235779060182 0.004662004662004662
32 0.7042456718878813 0.833916083916084 0.012778235779060182 0.004662004662004662
32 0.7042456718878813 0.8900058275058275 0.012778235779060182 0.004953379953379953
32 0.7042456718878813 0.9506118881118881 0.012778235779060182 0.004953379953379953
121 0.1760098928276999 0.8747086247086248 0.10305028854080792 0.0017482517482517483
26 0.6106760098928277 0.8923368298368298 0.008656224237427864 0.004953379953379953
41 0.515045342126958 0.8803904428904429 0.00041220115416323167 0.011363636363636364
26 0.5430750206100577 0.8923368298368298 0.008656224237427864 0.004953379953379953
41 0.5824402308326463 0.8809731934731935 0.0008244023083264633 0.010198135198135198
26 0.5785243198680956 0.8876748251748252 0.008656224237427864 0.004953379953379953
41 0.5469909315746084 0.8830128205128205 0.0008244023083264633 0.016608391608391608
32 0.7042456718878813 0.8390151515151515 0.012778235779060182 0.004953379953379953
41 0.6145919208573783 0.8835955710955711 0.0008244023083264633 0.015442890442890442
26 0.5111294311624073 0.8876748251748252 0.008244023083264633 0.004953379953379953
26 0.6461253091508656 0.8876748251748252 0.008656224237427864 0.004953379953379953
41 0.6500412201154163 0.8806818181818182 0.0008244023083264633 0.011946386946386946
121 0.5985160758450123 0.8747086247086248 0.10305028854080792 0.0017482517482517483
122 0.26669414674361086 0.8457167832167832 0.27122835943940643 0.003787878787878788
122 0.26648804616652927 0.9526515151515151 0.2708161582852432 0.003787878787878788
121 0.3112118713932399 0.8747086247086248 0.10305028854080792 0.0017482517482517483
121 0.46331409727947237 0.8747086247086248 0.10305028854080792 0.0017482517482517483
32 0.8377988458367683 0.9555652680652681 0.012778235779060182 0.004953379953379953
34 0.8377988458367683 0.8923368298368298 0.012778235779060182 0.004953379953379953
32 0.8377988458367683 0.8996212121212122 0.012778235779060182 0.004953379953379953
34 0.8489282769991756 0.8413461538461539 0.012778235779060182 0.004953379953379953
32 0.8377988458367683 0.8435314685314685 0.012778235779060182 0.004662004662004662
32 0.8377988458367683 0.8486305361305362 0.012778235779060182 0.004953379953379953
41 0.1601401483924155 0.8802447552447552 0.00041220115416323167 0.011072261072261072
26 0.1562242374278648 0.8876748251748252 0.008244023083264633 0.004953379953379953
41 0.12469084913437757 0.8827214452214452 0.00041220115416323167 0.016025641025641024
41 0.25968672712283597 0.8828671328671329 0.0008244023083264633 0.016317016317016316
41 0.4793899422918384 0.8827214452214452 0.0008244023083264633 0.016025641025641024
34 0.12283594394064304 0.9482808857808858 0.01236603462489695 0.004953379953379953
41 0.22753503709810388 0.8803904428904429 0.0008244023083264633 0.011363636363636364
26 0.22361912613355317 0.8876748251748252 0.008656224237427864 0.004953379953379953
41 0.19208573784006594 0.8827214452214452 0.0008244023083264633 0.016025641025641024
26 0.18816982687551526 0.8923368298368298 0.008656224237427864 0.004953379953379953
0 0.04060181368507832 0.8850524475524476 0.008656224237427864 0.12208624708624709
69 0.08058532563891178 0.8244463869463869 0.007007419620774938 0.014277389277389278
69 0.08800494641384995 0.8317307692307693 0.007007419620774938 0.014277389277389278
69 0.09542456718878813 0.8221153846153846 0.007007419620774938 0.014277389277389278
5 0.06183017312448475 0.8336247086247086 0.01731244847485573 0.03496503496503497
0 0.031945589447650455 0.8572261072261073 0.006183017312448475 0.06643356643356643
111 0.11624072547403133 0.9055944055944056 0.033800494641384994 0.009324009324009324
26 0.12077493816982687 0.8923368298368298 0.008244023083264633 0.004953379953379953
34 0.12283594394064304 0.8413461538461539 0.01236603462489695 0.004953379953379953
26 0.25577081615828523 0.8923368298368298 0.008656224237427864 0.004953379953379953
69 0.08058532563891178 0.9313811188811189 0.007007419620774938 0.014277389277389278
69 0.08800494641384995 0.9386655011655012 0.007007419620774938 0.014277389277389278
69 0.09542456718878813 0.9290501165501166 0.007007419620774938 0.014277389277389278
8 0.06162407254740313 0.9338578088578089 0.01772464962901896 0.014568764568764568
69 0.08058532563891178 0.8755827505827506 0.007007419620774938 0.013986013986013986
69 0.08800494641384995 0.8828671328671329 0.007007419620774938 0.013986013986013986
69 0.09542456718878813 0.8731060606060606 0.007007419620774938 0.014277389277389278
8 0.06162407254740313 0.877913752913753 0.01772464962901896 0.014568764568764568
41 0.41199505358615 0.8827214452214452 0.00041220115416323167 0.016025641025641024
26 0.4754740313272877 0.8923368298368298 0.008656224237427864 0.004953379953379953
41 0.447444352844188 0.8802447552447552 0.00041220115416323167 0.011072261072261072
26 0.44352844187963725 0.8876748251748252 0.008244023083264633 0.004953379953379953
26 0.29122011541632314 0.8876748251748252 0.008656224237427864 0.004953379953379953
41 0.2951360263808739 0.8806818181818182 0.0008244023083264633 0.011946386946386946
26 0.32337180544105526 0.8923368298368298 0.008656224237427864 0.004953379953379953
41 0.32728771640560594 0.8830128205128205 0.0008244023083264633 0.016608391608391608
26 0.3588211046990932 0.8876748251748252 0.008656224237427864 0.004953379953379953
41 0.36273701566364386 0.8806818181818182 0.0008244023083264633 0.011946386946386946
26 0.40807914262159933 0.8923368298368298 0.008244023083264633 0.004953379953379953
34 0.41014014839241547 0.9482808857808858 0.01236603462489695 0.004953379953379953
111 0.4035449299258038 0.9045745920745921 0.00989282769991756 0.007284382284382284
34 0.41014014839241547 0.8413461538461539 0.01236603462489695 0.004953379953379953
