134 0.4997465788139889 0.9736559139784946 0.9042067916877851 0.024014336917562724
134 0.4997465788139889 0.5381720430107527 0.9042067916877851 0.024014336917562724
134 0.4997465788139889 0.5064516129032258 0.9042067916877851 0.023655913978494623
134 0.4997465788139889 0.46720430107526884 0.9042067916877851 0.024014336917562724
134 0.4997465788139889 0.4281362007168459 0.9042067916877851 0.024014336917562724
134 0.4997465788139889 0.38906810035842293 0.9042067916877851 0.024014336917562724
134 0.4997465788139889 0.5700716845878137 0.9042067916877851 0.024014336917562724
134 0.4997465788139889 0.6019713261648746 0.9042067916877851 0.024014336917562724
134 0.4997465788139889 0.6336917562724015 0.9042067916877851 0.023655913978494623
134 0.4997465788139889 0.6654121863799283 0.9042067916877851 0.024014336917562724
134 0.4997465788139889 0.7044802867383513 0.9042067916877851 0.024014336917562724
134 0.4997465788139889 0.13172043010752688 0.9042067916877851 0.024014336917562724
134 0.4997465788139889 0.2060931899641577 0.9042067916877851 0.023655913978494623
134 0.4997465788139889 0.16684587813620072 0.9042067916877851 0.024014336917562724
134 0.4997465788139889 0.09623655913978495 0.9042067916877851 0.024014336917562724
134 0.4997465788139889 0.05716845878136201 0.9042067916877851 0.024014336917562724
134 0.4997465788139889 0.2453405017921147 0.9042067916877851 0.024014336917562724
1 0.7303598580841358 0.26666666666666666 0.016218955904713634 0.0007168458781362007
134 0.4997465788139889 0.28440860215053765 0.9042067916877851 0.024014336917562724
134 0.4997465788139889 0.32526881720430106 0.9042067916877851 0.024014336917562724
134 0.4997465788139889 0.357168458781362 0.9042067916877851 0.024014336917562724
1 0.7303598580841358 0.37132616487455194 0.016218955904713634 0.0007168458781362007
1 0.4974657881398885 0.36523297491039425 0.015712113532691332 0.0007168458781362007
1 0.4974657881398885 0.37132616487455194 0.015712113532691332 0.0007168458781362007
1 0.46604156107450584 0.37132616487455194 0.015712113532691332 0.0007168458781362007
1 0.3355296502787633 0.37132616487455194 0.017232640648758235 0.0007168458781362007
1 0.2002027369488089 0.37132616487455194 0.016218955904713634 0.0007168458781362007
134 0.4997465788139889 0.7437275985663082 0.9042067916877851 0.023655913978494623
134 0.4997465788139889 0.7829749103942653 0.9042067916877851 0.024014336917562724
134 0.4997465788139889 0.8439068100358423 0.9042067916877851 0.024014336917562724
134 0.4997465788139889 0.8121863799283154 0.9042067916877851 0.023655913978494623
134 0.4997465788139889 0.8831541218637993 0.9042067916877851 0.023655913978494623
134 0.4997465788139889 0.9123655913978495 0.9042067916877851 0.024014336917562724
134 0.4997465788139889 0.9442652329749104 0.9042067916877851 0.024014336917562724
41 0.809680689305626 0.3960573476702509 0.0005068423720223011 0.02078853046594982
41 0.809680689305626 0.2913978494623656 0.0005068423720223011 0.02078853046594982
41 0.6768879878357831 0.06917562724014337 0.0005068423720223011 0.013620071684587814
26 0.6819564115560061 0.060215053763440864 0.010643689812468323 0.005734767025089606
85 0.6606690319310694 0.28279569892473116 0.012671059300557527 0.002867383512544803
24 0.722250380131779 0.05716845878136201 0.01013684744044602 0.0060931899641577065
41 0.725544855549924 0.28261648745519713 0.0005068423720223011 0.026881720430107527
24 0.7303598580841358 0.3711469534050179 0.01013684744044602 0.0060931899641577065
94 0.7268119614799797 0.3161290322580645 0.008109477952356817 0.007885304659498209
95 0.73568170299037 0.3148745519713262 0.008616320324379118 0.015412186379928316
24 0.7303598580841358 0.2664874551971326 0.01013684744044602 0.0060931899641577065
41 0.7174353775975671 0.06469534050179211 0.0005068423720223011 0.012544802867383513
41 0.6996958945767866 0.06469534050179211 0.0005068423720223011 0.016129032258064516
26 0.7047643182970096 0.0543010752688172 0.010643689812468323 0.0060931899641577065
122 0.151545869234668 0.08297491039426523 0.017232640648758235 0.0025089605734767025
19 0.7853522554485555 0.421326164874552 0.00963000506842372 0.013261648745519713
20 0.7853522554485555 0.4351254480286738 0.010643689812468323 0.013620071684587814
19 0.7853522554485555 0.7370967741935484 0.00963000506842372 0.013261648745519713
20 0.7853522554485555 0.7507168458781363 0.010643689812468323 0.013261648745519713
19 0.7853522554485555 0.6978494623655914 0.00963000506842372 0.013620071684587814
20 0.7853522554485555 0.7116487455197132 0.010643689812468323 0.013261648745519713
19 0.7853522554485555 0.6586021505376344 0.00963000506842372 0.013261648745519713
20 0.7853522554485555 0.6725806451612903 0.010643689812468323 0.013261648745519713
19 0.7853522554485555 0.6270609318996416 0.00963000506842372 0.013261648745519713
20 0.7853522554485555 0.6406810035842294 0.010643689812468323 0.013261648745519713
19 0.7853522554485555 0.5951612903225807 0.00963000506842372 0.013261648745519713
20 0.7853522554485555 0.6087813620071685 0.010643689812468323 0.013261648745519713
19 0.7853522554485555 0.5632616487455198 0.00963000506842372 0.013261648745519713
20 0.7853522554485555 0.5770609318996416 0.010643689812468323 0.013620071684587814
19 0.7853522554485555 0.5313620071684588 0.00963000506842372 0.013261648745519713
20 0.7853522554485555 0.5453405017921147 0.010643689812468323 0.013261648745519713
19 0.7853522554485555 0.49982078853046596 0.00963000506842372 0.013261648745519713
20 0.7853522554485555 0.5134408602150538 0.010643689812468323 0.013261648745519713
19 0.7853522554485555 0.4603942652329749 0.00963000506842372 0.013261648745519713
20 0.7853522554485555 0.4743727598566308 0.010643689812468323 0.013261648745519713
19 0.7853522554485555 0.7761648745519714 0.00963000506842372 0.013261648745519713
20 0.7853522554485555 0.7897849462365591 0.010643689812468323 0.013261648745519713
19 0.7853522554485555 0.38225806451612904 0.00963000506842372 0.013261648745519713
20 0.7853522554485555 0.3958781362007168 0.010643689812468323 0.013261648745519713
24 0.8144956918398378 0.38297491039426523 0.01013684744044602 0.0060931899641577065
26 0.8144956918398378 0.3919354838709677 0.01013684744044602 0.0060931899641577065
19 0.7853522554485555 0.3503584229390681 0.00963000506842372 0.013261648745519713
20 0.7853522554485555 0.36415770609319 0.010643689812468323 0.013620071684587814
19 0.7853522554485555 0.3186379928315412 0.00963000506842372 0.013620071684587814
20 0.7853522554485555 0.3324372759856631 0.010643689812468323 0.013261648745519713
19 0.7853522554485555 0.27759856630824375 0.00963000506842372 0.013261648745519713
20 0.7853522554485555 0.2913978494623656 0.010643689812468323 0.013620071684587814
24 0.8144956918398378 0.27831541218637995 0.01013684744044602 0.0060931899641577065
26 0.8144956918398378 0.28727598566308243 0.01013684744044602 0.0060931899641577065
19 0.7853522554485555 0.23853046594982077 0.00963000506842372 0.013261648745519713
20 0.7853522554485555 0.2521505376344086 0.010643689812468323 0.013261648745519713
19 0.7853522554485555 0.19946236559139785 0.00963000506842372 0.013261648745519713
20 0.7853522554485555 0.21308243727598566 0.010643689812468323 0.013261648745519713
41 0.809680689305626 0.05985663082437276 0.0005068423720223011 0.017921146953405017
19 0.7853522554485555 0.9668458781362007 0.00963000506842372 0.013261648745519713
20 0.7853522554485555 0.9804659498207885 0.010643689812468323 0.013261648745519713
19 0.7853522554485555 0.9374551971326165 0.00963000506842372 0.013261648745519713
20 0.7853522554485555 0.9512544802867383 0.010643689812468323 0.013620071684587814
19 0.7853522554485555 0.9057347670250896 0.00963000506842372 0.013620071684587814
20 0.7853522554485555 0.9195340501792114 0.010643689812468323 0.013261648745519713
19 0.7853522554485555 0.8765232974910394 0.00963000506842372 0.013261648745519713
20 0.7853522554485555 0.8901433691756272 0.010643689812468323 0.013261648745519713
19 0.7853522554485555 0.8372759856630825 0.00963000506842372 0.013620071684587814
20 0.7853522554485555 0.8510752688172043 0.010643689812468323 0.013261648745519713
19 0.7853522554485555 0.8055555555555556 0.00963000506842372 0.013261648745519713
20 0.7853522554485555 0.8191756272401434 0.010643689812468323 0.013261648745519713
41 0.7336543335022808 0.06164874551971326 0.0005068423720223011 0.015770609318996417
24 0.7582361885453623 0.38297491039426523 0.01013684744044602 0.0060931899641577065
24 0.7587430309173847 0.39480286738351256 0.00912316269640142 0.0060931899641577065
24 0.7582361885453623 0.27831541218637995 0.01013684744044602 0.0060931899641577065
24 0.7587430309173847 0.2903225806451613 0.00912316269640142 0.005734767025089606
24 0.7582361885453623 0.0453405017921147 0.01013684744044602 0.0060931899641577065
41 0.7531677648251394 0.057706093189964155 0.0010136847440446021 0.022222222222222223
24 0.7387227572225038 0.0514336917562724 0.010643689812468323 0.0060931899641577065
41 0.725544855549924 0.3865591397849462 0.0005068423720223011 0.028315412186379927
41 0.7531677648251394 0.3982078853046595 0.0010136847440446021 0.02795698924731183
19 0.7853522554485555 0.16021505376344086 0.00963000506842372 0.013620071684587814
20 0.7853522554485555 0.1740143369175627 0.010643689812468323 0.013261648745519713
19 0.7853522554485555 0.12491039426523297 0.00963000506842372 0.013261648745519713
20 0.7853522554485555 0.13870967741935483 0.010643689812468323 0.013620071684587814
19 0.7853522554485555 0.08978494623655914 0.00963000506842372 0.013261648745519713
20 0.7853522554485555 0.10340501792114695 0.010643689812468323 0.013261648745519713
19 0.7853522554485555 0.0503584229390681 0.00963000506842372 0.013261648745519713
20 0.7853522554485555 0.06433691756272401 0.010643689812468323 0.013261648745519713
26 0.8144956918398378 0.0482078853046595 0.01013684744044602 0.0060931899641577065
41 0.7531677648251394 0.29354838709677417 0.0010136847440446021 0.02795698924731183
84 0.5299036999493157 0.9697132616487455 0.015712113532691332 0.003942652329749104
122 0.48175367460719715 0.04390681003584229 0.016725798276735936 0.0025089605734767025
121 0.501773948302078 0.4032258064516129 0.01824632539280284 0.008602150537634409
121 0.5646224024328433 0.4007168458781362 0.06183476938672073 0.004301075268817204
84 0.6910795742524075 0.09265232974910394 0.015712113532691332 0.003942652329749104
84 0.6910795742524075 0.12777777777777777 0.015712113532691332 0.003942652329749104
84 0.6910795742524075 0.16308243727598568 0.015712113532691332 0.0035842293906810036
84 0.6910795742524075 0.20232974910394266 0.015712113532691332 0.003942652329749104
84 0.6910795742524075 0.2413978494623656 0.015712113532691332 0.003942652329749104
84 0.6910795742524075 0.32150537634408605 0.015712113532691332 0.0035842293906810036
84 0.6910795742524075 0.3532258064516129 0.015712113532691332 0.003942652329749104
84 0.5299036999493157 0.6299283154121864 0.015712113532691332 0.003942652329749104
84 0.5299036999493157 0.6616487455197133 0.015712113532691332 0.0035842293906810036
84 0.5299036999493157 0.7008960573476702 0.015712113532691332 0.003942652329749104
84 0.5299036999493157 0.7399641577060931 0.015712113532691332 0.003942652329749104
84 0.5299036999493157 0.7790322580645161 0.015712113532691332 0.003942652329749104
84 0.6910795742524075 0.4241935483870968 0.015712113532691332 0.003942652329749104
84 0.5299036999493157 0.8084229390681004 0.015712113532691332 0.003942652329749104
84 0.5299036999493157 0.8401433691756273 0.015712113532691332 0.0035842293906810036
84 0.5299036999493157 0.8793906810035842 0.015712113532691332 0.003942652329749104
84 0.5299036999493157 0.9086021505376344 0.015712113532691332 0.0035842293906810036
84 0.5299036999493157 0.9403225806451613 0.015712113532691332 0.003942652329749104
84 0.6910795742524075 0.9697132616487455 0.015712113532691332 0.003942652329749104
84 0.6910795742524075 0.8084229390681004 0.015712113532691332 0.003942652329749104
84 0.6910795742524075 0.8401433691756273 0.015712113532691332 0.0035842293906810036
84 0.6910795742524075 0.8793906810035842 0.015712113532691332 0.003942652329749104
84 0.6910795742524075 0.9086021505376344 0.015712113532691332 0.0035842293906810036
84 0.6910795742524075 0.9403225806451613 0.015712113532691332 0.003942652329749104
121 0.7151545869234668 0.07258064516129033 0.07602635580334516 0.008960573476702509
112 0.7176887987835783 0.08010752688172043 0.007095793208312215 0.007526881720430108
121 0.739229599594526 0.30268817204301074 0.027876330461226558 0.012544802867383513
121 0.739229599594526 0.4073476702508961 0.027876330461226558 0.012544802867383513
121 0.829954384186518 0.29982078853046595 0.041054232133806386 0.008960573476702509
121 0.829954384186518 0.40448028673835124 0.041054232133806386 0.008960573476702509
122 0.835022807906741 0.04372759856630824 0.026862645717181957 0.002867383512544803
84 0.6910795742524075 0.46344086021505376 0.015712113532691332 0.0035842293906810036
84 0.6910795742524075 0.5026881720430108 0.015712113532691332 0.003942652329749104
84 0.6910795742524075 0.5344086021505376 0.015712113532691332 0.0035842293906810036
84 0.6910795742524075 0.5661290322580645 0.015712113532691332 0.003942652329749104
84 0.6910795742524075 0.5980286738351255 0.015712113532691332 0.003942652329749104
84 0.5299036999493157 0.5980286738351255 0.015712113532691332 0.003942652329749104
84 0.6910795742524075 0.6299283154121864 0.015712113532691332 0.003942652329749104
84 0.6910795742524075 0.6616487455197133 0.015712113532691332 0.0035842293906810036
84 0.6910795742524075 0.7007168458781362 0.015712113532691332 0.0035842293906810036
84 0.6910795742524075 0.7399641577060931 0.015712113532691332 0.003942652329749104
84 0.6910795742524075 0.7790322580645161 0.015712113532691332 0.003942652329749104
84 0.3611251900658895 0.5980286738351255 0.015712113532691332 0.003942652329749104
84 0.3611251900658895 0.4241935483870968 0.015712113532691332 0.003942652329749104
84 0.3611251900658895 0.46344086021505376 0.015712113532691332 0.0035842293906810036
84 0.3611251900658895 0.5026881720430108 0.015712113532691332 0.003942652329749104
84 0.3611251900658895 0.5344086021505376 0.015712113532691332 0.0035842293906810036
84 0.3611251900658895 0.5661290322580645 0.015712113532691332 0.003942652329749104
121 0.2972630511910796 0.4003584229390681 0.020780537252914344 0.002867383512544803
84 0.3611251900658895 0.6299283154121864 0.015712113532691332 0.003942652329749104
84 0.3611251900658895 0.6616487455197133 0.015712113532691332 0.0035842293906810036
84 0.3611251900658895 0.7007168458781362 0.015712113532691332 0.0035842293906810036
84 0.3611251900658895 0.7399641577060931 0.015712113532691332 0.003942652329749104
84 0.3611251900658895 0.7790322580645161 0.015712113532691332 0.003942652329749104
84 0.3611251900658895 0.20232974910394266 0.015712113532691332 0.003942652329749104
122 0.151545869234668 0.3711469534050179 0.02838317283324886 0.0032258064516129032
121 0.22605169792194627 0.4096774193548387 0.06183476938672073 0.002150537634408602
84 0.3611251900658895 0.09247311827956989 0.015712113532691332 0.0035842293906810036
84 0.3611251900658895 0.12777777777777777 0.015712113532691332 0.003942652329749104
84 0.3611251900658895 0.16308243727598568 0.015712113532691332 0.0035842293906810036
84 0.3611251900658895 0.2413978494623656 0.015712113532691332 0.003942652329749104
84 0.3611251900658895 0.28046594982078854 0.015712113532691332 0.003942652329749104
84 0.3611251900658895 0.32150537634408605 0.015712113532691332 0.0035842293906810036
84 0.3611251900658895 0.3532258064516129 0.015712113532691332 0.003942652329749104
84 0.5299036999493157 0.20232974910394266 0.015712113532691332 0.003942652329749104
84 0.5299036999493157 0.2413978494623656 0.015712113532691332 0.003942652329749104
84 0.5299036999493157 0.28046594982078854 0.015712113532691332 0.003942652329749104
84 0.5299036999493157 0.32150537634408605 0.015712113532691332 0.0035842293906810036
84 0.5299036999493157 0.3532258064516129 0.015712113532691332 0.003942652329749104
84 0.5299036999493157 0.16308243727598568 0.015712113532691332 0.0035842293906810036
84 0.5299036999493157 0.4241935483870968 0.015712113532691332 0.003942652329749104
84 0.5299036999493157 0.46344086021505376 0.015712113532691332 0.0035842293906810036
84 0.5299036999493157 0.5026881720430108 0.015712113532691332 0.003942652329749104
84 0.5299036999493157 0.5344086021505376 0.015712113532691332 0.0035842293906810036
84 0.5299036999493157 0.5661290322580645 0.015712113532691332 0.003942652329749104
84 0.3611251900658895 0.9697132616487455 0.015712113532691332 0.003942652329749104
84 0.3611251900658895 0.8084229390681004 0.015712113532691332 0.003942652329749104
84 0.3611251900658895 0.8401433691756273 0.015712113532691332 0.0035842293906810036
84 0.3611251900658895 0.8793906810035842 0.015712113532691332 0.003942652329749104
84 0.3611251900658895 0.9086021505376344 0.015712113532691332 0.0035842293906810036
84 0.3611251900658895 0.9403225806451613 0.015712113532691332 0.003942652329749104
122 0.40091231626964013 0.36308243727598566 0.11556006082108464 0.004301075268817204
121 0.39229599594526104 0.07258064516129033 0.07906741003547897 0.008960573476702509
112 0.3943233654333502 0.08010752688172043 0.007095793208312215 0.007526881720430108
84 0.5299036999493157 0.09265232974910394 0.015712113532691332 0.003942652329749104
84 0.5299036999493157 0.12777777777777777 0.015712113532691332 0.003942652329749104
16 0.9406994424733908 0.05053763440860215 0.012164216928535226 0.013620071684587814
16 0.9406994424733908 0.06469534050179211 0.012164216928535226 0.013261648745519713
16 0.9406994424733908 0.421326164874552 0.012164216928535226 0.013261648745519713
16 0.9406994424733908 0.43548387096774194 0.012164216928535226 0.013620071684587814
16 0.9406994424733908 0.38225806451612904 0.012164216928535226 0.013261648745519713
16 0.9406994424733908 0.396415770609319 0.012164216928535226 0.013620071684587814
16 0.9406994424733908 0.3503584229390681 0.012164216928535226 0.013261648745519713
16 0.9406994424733908 0.36451612903225805 0.012164216928535226 0.013620071684587814
16 0.9406994424733908 0.3186379928315412 0.012164216928535226 0.013620071684587814
16 0.9406994424733908 0.3327956989247312 0.012164216928535226 0.013261648745519713
16 0.9406994424733908 0.27759856630824375 0.012164216928535226 0.013261648745519713
16 0.9406994424733908 0.2917562724014337 0.012164216928535226 0.013620071684587814
16 0.9406994424733908 0.23853046594982077 0.012164216928535226 0.013261648745519713
16 0.9406994424733908 0.2525089605734767 0.012164216928535226 0.013261648745519713
16 0.9406994424733908 0.1992831541218638 0.012164216928535226 0.013620071684587814
16 0.9406994424733908 0.21344086021505376 0.012164216928535226 0.013261648745519713
16 0.9406994424733908 0.16021505376344086 0.012164216928535226 0.013620071684587814
16 0.9406994424733908 0.17437275985663084 0.012164216928535226 0.013261648745519713
16 0.9406994424733908 0.12491039426523297 0.012164216928535226 0.013261648745519713
16 0.9406994424733908 0.13906810035842293 0.012164216928535226 0.013620071684587814
16 0.9406994424733908 0.08960573476702509 0.012164216928535226 0.013620071684587814
16 0.9406994424733908 0.10376344086021505 0.012164216928535226 0.013261648745519713
16 0.9406994424733908 0.460573476702509 0.012164216928535226 0.013620071684587814
16 0.9406994424733908 0.4747311827956989 0.012164216928535226 0.013261648745519713
87 0.9110491637100862 0.05734767025089606 0.010643689812468323 0.011469534050179211
41 0.8735428281804359 0.38584229390681 0.0005068423720223011 0.01756272401433692
16 0.9406994424733908 0.8053763440860215 0.012164216928535226 0.013620071684587814
16 0.9406994424733908 0.8195340501792114 0.012164216928535226 0.013261648745519713
16 0.9406994424733908 0.9668458781362007 0.012164216928535226 0.013261648745519713
16 0.9406994424733908 0.9810035842293907 0.012164216928535226 0.013620071684587814
16 0.9406994424733908 0.9374551971326165 0.012164216928535226 0.013261648745519713
16 0.9406994424733908 0.9516129032258065 0.012164216928535226 0.013620071684587814
16 0.9406994424733908 0.9057347670250896 0.012164216928535226 0.013620071684587814
16 0.9406994424733908 0.9198924731182796 0.012164216928535226 0.013261648745519713
16 0.9406994424733908 0.8763440860215054 0.012164216928535226 0.013620071684587814
16 0.9406994424733908 0.8905017921146954 0.012164216928535226 0.013261648745519713
16 0.9406994424733908 0.8372759856630825 0.012164216928535226 0.013620071684587814
16 0.9406994424733908 0.8514336917562724 0.012164216928535226 0.013261648745519713
16 0.9406994424733908 0.7761648745519714 0.012164216928535226 0.013261648745519713
16 0.9406994424733908 0.7903225806451613 0.012164216928535226 0.013620071684587814
16 0.9406994424733908 0.7369175627240143 0.012164216928535226 0.013620071684587814
16 0.9406994424733908 0.7510752688172043 0.012164216928535226 0.013261648745519713
16 0.9406994424733908 0.6978494623655914 0.012164216928535226 0.013620071684587814
16 0.9406994424733908 0.7120071684587813 0.012164216928535226 0.013261648745519713
16 0.9406994424733908 0.6587813620071684 0.012164216928535226 0.013620071684587814
16 0.9406994424733908 0.6729390681003584 0.012164216928535226 0.013261648745519713
16 0.9406994424733908 0.6268817204301075 0.012164216928535226 0.013620071684587814
16 0.9406994424733908 0.6410394265232975 0.012164216928535226 0.013261648745519713
16 0.9406994424733908 0.5951612903225807 0.012164216928535226 0.013261648745519713
16 0.9406994424733908 0.6091397849462366 0.012164216928535226 0.013261648745519713
16 0.9406994424733908 0.5632616487455198 0.012164216928535226 0.013261648745519713
16 0.9406994424733908 0.5774193548387097 0.012164216928535226 0.013620071684587814
16 0.9406994424733908 0.5315412186379929 0.012164216928535226 0.013620071684587814
16 0.9406994424733908 0.5456989247311828 0.012164216928535226 0.013261648745519713
16 0.9406994424733908 0.4996415770609319 0.012164216928535226 0.013620071684587814
16 0.9406994424733908 0.5137992831541218 0.012164216928535226 0.013261648745519713
26 0.835022807906741 0.38010752688172045 0.010643689812468323 0.0060931899641577065
41 0.829954384186518 0.392831541218638 0.0005068423720223011 0.022939068100358423
41 0.829954384186518 0.2887096774193548 0.0005068423720223011 0.02186379928315412
30 0.8560567663456665 0.04838709677419355 0.011150532184490624 0.0064516129032258064
26 0.835022807906741 0.3860215053763441 0.010643689812468323 0.005734767025089606
26 0.835022807906741 0.2754480286738351 0.010643689812468323 0.0060931899641577065
26 0.835022807906741 0.2815412186379928 0.010643689812468323 0.0060931899641577065
41 0.8735428281804359 0.28118279569892474 0.0005068423720223011 0.01756272401433692
30 0.87886467308667 0.3741935483870968 0.011150532184490624 0.0064516129032258064
30 0.87886467308667 0.26953405017921145 0.011150532184490624 0.0064516129032258064
41 0.8507349214394323 0.39157706093189965 0.0005068423720223011 0.01827956989247312
41 0.8507349214394323 0.28691756272401436 0.0005068423720223011 0.01827956989247312
41 0.8507349214394323 0.05913978494623656 0.0005068423720223011 0.01935483870967742
26 0.8558033451596554 0.38010752688172045 0.010643689812468323 0.0060931899641577065
26 0.8558033451596554 0.2754480286738351 0.010643689812468323 0.0060931899641577065
5 0.06588950836289914 0.9446236559139785 0.02331474911302585 0.05053763440860215
67 0.09148504815002534 0.9763440860215054 0.007602635580334516 0.02007168458781362
67 0.099341104916371 0.9673835125448028 0.007095793208312215 0.01935483870967742
67 0.10719716168271667 0.9793906810035843 0.007602635580334516 0.01971326164874552
8 0.0691839837810441 0.9740143369175627 0.029903699949315764 0.026881720430107527
67 0.09148504815002534 0.9412186379928316 0.007602635580334516 0.02007168458781362
67 0.099341104916371 0.932078853046595 0.007095793208312215 0.01971326164874552
67 0.10719716168271667 0.9440860215053763 0.007602635580334516 0.02007168458781362
67 0.09148504815002534 0.9152329749103942 0.007602635580334516 0.01971326164874552
67 0.099341104916371 0.9062724014336918 0.007095793208312215 0.01971326164874552
67 0.10719716168271667 0.9182795698924732 0.007602635580334516 0.02007168458781362
8 0.0691839837810441 0.9130824372759857 0.029903699949315764 0.026881720430107527
67 0.09148504815002534 0.8801075268817204 0.007602635580334516 0.01971326164874552
67 0.099341104916371 0.8711469534050179 0.007095793208312215 0.01971326164874552
67 0.10719716168271667 0.8829749103942652 0.007602635580334516 0.01971326164874552
5 0.06588950836289914 0.8845878136200717 0.02331474911302585 0.04874551971326165
40 0.1819564115560061 0.04247311827956989 0.00506842372022301 0.0025089605734767025
24 0.16776482513938165 0.3772401433691756 0.01013684744044602 0.0060931899641577065
26 0.16776482513938165 0.08763440860215053 0.01013684744044602 0.0060931899641577065
30 0.16827166751140396 0.04229390681003584 0.011150532184490624 0.0064516129032258064
41 0.13076533198175366 0.38853046594982077 0.0010136847440446021 0.01863799283154122
41 0.13076533198175366 0.09874551971326165 0.0010136847440446021 0.01827956989247312
41 0.13076533198175366 0.05967741935483871 0.0010136847440446021 0.01827956989247312
24 0.13558033451596554 0.3772401433691756 0.010643689812468323 0.0060931899641577065
26 0.13558033451596554 0.08763440860215053 0.010643689812468323 0.0060931899641577065
26 0.13558033451596554 0.0482078853046595 0.010643689812468323 0.0060931899641577065
8 0.0691839837810441 0.6023297491039427 0.029903699949315764 0.026881720430107527
67 0.09148504815002534 0.6623655913978495 0.007602635580334516 0.02007168458781362
67 0.099341104916371 0.6532258064516129 0.007095793208312215 0.01971326164874552
67 0.10719716168271667 0.6654121863799283 0.007602635580334516 0.01971326164874552
5 0.06588950836289914 0.6659498207885305 0.02331474911302585 0.05089605734767025
67 0.09148504815002534 0.6363799283154122 0.007602635580334516 0.01971326164874552
67 0.099341104916371 0.6274193548387097 0.007095793208312215 0.01971326164874552
67 0.10719716168271667 0.6394265232974911 0.007602635580334516 0.02007168458781362
8 0.0691839837810441 0.6342293906810036 0.029903699949315764 0.026881720430107527
67 0.09148504815002534 0.6046594982078853 0.007602635580334516 0.02007168458781362
67 0.099341104916371 0.5955197132616488 0.007095793208312215 0.01971326164874552
67 0.10719716168271667 0.6077060931899642 0.007602635580334516 0.01971326164874552
67 0.09148504815002534 0.5729390681003584 0.007602635580334516 0.01971326164874552
67 0.099341104916371 0.5639784946236559 0.007095793208312215 0.01971326164874552
67 0.10719716168271667 0.5758064516129032 0.007602635580334516 0.01971326164874552
8 0.0691839837810441 0.5706093189964158 0.029903699949315764 0.026523297491039426
67 0.09148504815002534 0.5410394265232975 0.007602635580334516 0.01971326164874552
67 0.099341104916371 0.532078853046595 0.007095793208312215 0.01971326164874552
67 0.10719716168271667 0.5439068100358423 0.007602635580334516 0.01971326164874552
8 0.0691839837810441 0.5388888888888889 0.029903699949315764 0.026881720430107527
67 0.09148504815002534 0.7797491039426523 0.007602635580334516 0.01971326164874552
67 0.099341104916371 0.7707885304659499 0.007095793208312215 0.01971326164874552
67 0.10719716168271667 0.7827956989247312 0.007602635580334516 0.02007168458781362
67 0.09148504815002534 0.8408602150537634 0.007602635580334516 0.02007168458781362
67 0.099341104916371 0.831899641577061 0.007095793208312215 0.01935483870967742
67 0.10719716168271667 0.8439068100358423 0.007602635580334516 0.01971326164874552
5 0.06588950836289914 0.8444444444444444 0.02331474911302585 0.05089605734767025
67 0.09148504815002534 0.8150537634408602 0.007602635580334516 0.02007168458781362
67 0.099341104916371 0.8059139784946237 0.007095793208312215 0.01971326164874552
67 0.10719716168271667 0.817921146953405 0.007602635580334516 0.02007168458781362
8 0.0691839837810441 0.8127240143369175 0.029903699949315764 0.026881720430107527
41 0.1629498226051698 0.053405017921146956 0.0005068423720223011 0.01935483870967742
5 0.06588950836289914 0.7842293906810036 0.02331474911302585 0.04874551971326165
67 0.09148504815002534 0.7406810035842294 0.007602635580334516 0.01971326164874552
67 0.099341104916371 0.7317204301075269 0.007095793208312215 0.01971326164874552
67 0.10719716168271667 0.7435483870967742 0.007602635580334516 0.01971326164874552
5 0.06588950836289914 0.7451612903225806 0.02331474911302585 0.04874551971326165
67 0.09148504815002534 0.7016129032258065 0.007602635580334516 0.01971326164874552
67 0.099341104916371 0.692652329749104 0.007095793208312215 0.01971326164874552
67 0.10719716168271667 0.7044802867383513 0.007602635580334516 0.01971326164874552
5 0.06588950836289914 0.7050179211469534 0.02331474911302585 0.05089605734767025
24 0.29194120628484543 0.38297491039426523 0.01013684744044602 0.0060931899641577065
85 0.29295489102889 0.05555555555555555 0.013177901672579827 0.002867383512544803
41 0.2868727825646224 0.3924731182795699 0.0010136847440446021 0.016487455197132617
41 0.2572225038013178 0.39767025089605734 0.0005068423720223011 0.024014336917562724
41 0.19538773441459706 0.3917562724014337 0.0005068423720223011 0.035842293906810034
24 0.2002027369488089 0.3711469534050179 0.01013684744044602 0.0060931899641577065
86 0.198682209832742 0.09659498207885304 0.01013684744044602 0.01827956989247312
41 0.1629498226051698 0.3881720430107527 0.0005068423720223011 0.01935483870967742
41 0.1629498226051698 0.0982078853046595 0.0005068423720223011 0.01935483870967742
26 0.24151039026862645 0.3860215053763441 0.010643689812468323 0.005734767025089606
24 0.26203750633552964 0.38297491039426523 0.01013684744044602 0.0060931899641577065
41 0.23644196654840344 0.39838709677419354 0.0005068423720223011 0.02258064516129032
86 0.23998986315255955 0.09659498207885304 0.00963000506842372 0.01827956989247312
41 0.2136340598073999 0.40340501792114697 0.0005068423720223011 0.012544802867383513
24 0.21870248352762292 0.39480286738351256 0.010643689812468323 0.0060931899641577065
0 0.041814495691839836 0.8978494623655914 0.006588950836289914 0.05304659498207885
0 0.041814495691839836 0.9589605734767025 0.006588950836289914 0.053405017921146956
0 0.041814495691839836 0.7974910394265233 0.006588950836289914 0.05304659498207885
84 0.19082615306639636 0.5026881720430108 0.015712113532691332 0.003942652329749104
84 0.19082615306639636 0.8401433691756273 0.015712113532691332 0.0035842293906810036
84 0.19082615306639636 0.8084229390681004 0.015712113532691332 0.003942652329749104
84 0.19082615306639636 0.7790322580645161 0.015712113532691332 0.003942652329749104
84 0.19082615306639636 0.7399641577060931 0.015712113532691332 0.003942652329749104
84 0.19082615306639636 0.7008960573476702 0.015712113532691332 0.003942652329749104
84 0.19082615306639636 0.6616487455197133 0.015712113532691332 0.0035842293906810036
84 0.19082615306639636 0.6299283154121864 0.015712113532691332 0.003942652329749104
84 0.19082615306639636 0.5980286738351255 0.015712113532691332 0.003942652329749104
84 0.19082615306639636 0.5661290322580645 0.015712113532691332 0.003942652329749104
84 0.19082615306639636 0.5344086021505376 0.015712113532691332 0.0035842293906810036
84 0.19082615306639636 0.46344086021505376 0.015712113532691332 0.0035842293906810036
84 0.19082615306639636 0.4241935483870968 0.015712113532691332 0.003942652329749104
84 0.19082615306639636 0.3532258064516129 0.015712113532691332 0.003942652329749104
84 0.19082615306639636 0.32150537634408605 0.015712113532691332 0.0035842293906810036
84 0.19082615306639636 0.28046594982078854 0.015712113532691332 0.003942652329749104
84 0.19082615306639636 0.2413978494623656 0.015712113532691332 0.003942652329749104
84 0.19082615306639636 0.20232974910394266 0.015712113532691332 0.003942652329749104
84 0.19082615306639636 0.16308243727598568 0.015712113532691332 0.0035842293906810036
84 0.19082615306639636 0.12777777777777777 0.015712113532691332 0.003942652329749104
84 0.19082615306639636 0.8793906810035842 0.015712113532691332 0.003942652329749104
5 0.06588950836289914 0.3258064516129032 0.02331474911302585 0.05089605734767025
67 0.09148504815002534 0.28118279569892474 0.007602635580334516 0.01971326164874552
67 0.099341104916371 0.2722222222222222 0.007095793208312215 0.01971326164874552
5 0.06588950836289914 0.285663082437276 0.02331474911302585 0.04874551971326165
67 0.09148504815002534 0.24211469534050178 0.007602635580334516 0.01971326164874552
67 0.099341104916371 0.23315412186379927 0.007095793208312215 0.01971326164874552
67 0.10719716168271667 0.2449820788530466 0.007602635580334516 0.01971326164874552
5 0.06588950836289914 0.24659498207885305 0.02331474911302585 0.04874551971326165
67 0.09148504815002534 0.32222222222222224 0.007602635580334516 0.02007168458781362
67 0.09148504815002534 0.20304659498207886 0.007602635580334516 0.01971326164874552
67 0.099341104916371 0.19408602150537635 0.007095793208312215 0.01971326164874552
67 0.10719716168271667 0.20591397849462365 0.007602635580334516 0.01971326164874552
5 0.06588950836289914 0.2075268817204301 0.02331474911302585 0.04874551971326165
67 0.09148504815002534 0.16379928315412187 0.007602635580334516 0.02007168458781362
67 0.099341104916371 0.1546594982078853 0.007095793208312215 0.01971326164874552
67 0.10719716168271667 0.16684587813620072 0.007602635580334516 0.01971326164874552
10 0.0676634566649772 0.1388888888888889 0.005575266092245312 0.005376344086021506
5 0.06588950836289914 0.1682795698924731 0.02331474911302585 0.04910394265232975
67 0.09148504815002534 0.503405017921147 0.007602635580334516 0.01971326164874552
5 0.06588950836289914 0.5078853046594982 0.02331474911302585 0.04874551971326165
67 0.09148504815002534 0.46415770609318996 0.007602635580334516 0.02007168458781362
5 0.06588950836289914 0.46863799283154123 0.02331474911302585 0.04910394265232975
67 0.09148504815002534 0.425089605734767 0.007602635580334516 0.02007168458781362
67 0.099341104916371 0.4159498207885305 0.007095793208312215 0.01971326164874552
5 0.06588950836289914 0.42939068100358424 0.02331474911302585 0.04874551971326165
67 0.09148504815002534 0.1345878136200717 0.007602635580334516 0.01971326164874552
67 0.099341104916371 0.12562724014336918 0.007095793208312215 0.01971326164874552
67 0.10719716168271667 0.13745519713261647 0.007602635580334516 0.01971326164874552
67 0.09148504815002534 0.38584229390681 0.007602635580334516 0.01971326164874552
67 0.099341104916371 0.37688172043010754 0.007095793208312215 0.01971326164874552
5 0.06588950836289914 0.38924731182795697 0.02331474911302585 0.05089605734767025
67 0.09148504815002534 0.3600358422939068 0.007602635580334516 0.01971326164874552
67 0.099341104916371 0.3510752688172043 0.007095793208312215 0.01971326164874552
67 0.10719716168271667 0.3629032258064516 0.007602635580334516 0.01971326164874552
8 0.0691839837810441 0.3578853046594982 0.029903699949315764 0.026881720430107527
84 0.8568170299036999 0.3532258064516129 0.015712113532691332 0.003942652329749104
84 0.8568170299036999 0.7399641577060931 0.015712113532691332 0.003942652329749104
84 0.8568170299036999 0.7008960573476702 0.015712113532691332 0.003942652329749104
84 0.8568170299036999 0.6616487455197133 0.015712113532691332 0.0035842293906810036
84 0.8568170299036999 0.6299283154121864 0.015712113532691332 0.003942652329749104
84 0.8568170299036999 0.5980286738351255 0.015712113532691332 0.003942652329749104
84 0.8568170299036999 0.5661290322580645 0.015712113532691332 0.003942652329749104
84 0.8568170299036999 0.5344086021505376 0.015712113532691332 0.0035842293906810036
84 0.8568170299036999 0.5026881720430108 0.015712113532691332 0.003942652329749104
84 0.8568170299036999 0.46344086021505376 0.015712113532691332 0.0035842293906810036
84 0.8568170299036999 0.4241935483870968 0.015712113532691332 0.003942652329749104
84 0.8568170299036999 0.7790322580645161 0.015712113532691332 0.003942652329749104
84 0.8568170299036999 0.32150537634408605 0.015712113532691332 0.0035842293906810036
84 0.8568170299036999 0.2413978494623656 0.015712113532691332 0.003942652329749104
84 0.8568170299036999 0.20232974910394266 0.015712113532691332 0.003942652329749104
84 0.8568170299036999 0.16308243727598568 0.015712113532691332 0.0035842293906810036
84 0.8568170299036999 0.12777777777777777 0.015712113532691332 0.003942652329749104
84 0.8568170299036999 0.09265232974910394 0.015712113532691332 0.003942652329749104
84 0.19082615306639636 0.9697132616487455 0.015712113532691332 0.003942652329749104
84 0.19082615306639636 0.9403225806451613 0.015712113532691332 0.003942652329749104
84 0.19082615306639636 0.9086021505376344 0.015712113532691332 0.0035842293906810036
5 0.06588950836289914 0.057706093189964155 0.02331474911302585 0.05089605734767025
8 0.0691839837810441 0.13243727598566307 0.029903699949315764 0.026881720430107527
67 0.09148504815002534 0.09336917562724015 0.007602635580334516 0.01971326164874552
67 0.099341104916371 0.08440860215053764 0.007095793208312215 0.01971326164874552
67 0.10719716168271667 0.09623655913978495 0.007602635580334516 0.01971326164874552
10 0.06411556006082109 0.12526881720430108 0.005575266092245312 0.005376344086021506
5 0.06588950836289914 0.0967741935483871 0.02331474911302585 0.05089605734767025
67 0.09148504815002534 0.05412186379928315 0.007602635580334516 0.02007168458781362
67 0.099341104916371 0.04498207885304659 0.007095793208312215 0.01971326164874552
67 0.10719716168271667 0.05716845878136201 0.007602635580334516 0.01971326164874552
84 0.8568170299036999 0.9697132616487455 0.015712113532691332 0.003942652329749104
84 0.8568170299036999 0.9403225806451613 0.015712113532691332 0.003942652329749104
84 0.8568170299036999 0.9086021505376344 0.015712113532691332 0.0035842293906810036
84 0.8568170299036999 0.8793906810035842 0.015712113532691332 0.003942652329749104
84 0.8568170299036999 0.8401433691756273 0.015712113532691332 0.0035842293906810036
84 0.8568170299036999 0.8084229390681004 0.015712113532691332 0.003942652329749104
41 0.5111505321844906 0.40053763440860213 0.0005068423720223011 0.011827956989247311
26 0.5159655347187024 0.3919354838709677 0.01013684744044602 0.0060931899641577065
41 0.4923973644196655 0.3835125448028674 0.0005068423720223011 0.03225806451612903
41 0.4923973644196655 0.05985663082437276 0.0005068423720223011 0.017921146953405017
24 0.4974657881398885 0.36541218637992834 0.010643689812468323 0.0060931899641577065
30 0.49771920932589964 0.04838709677419355 0.011150532184490624 0.0064516129032258064
41 0.4609731373542828 0.3795698924731183 0.0005068423720223011 0.01863799283154122
26 0.5387734414597061 0.3860215053763441 0.01013684744044602 0.005734767025089606
41 0.6251900658895083 0.3888888888888889 0.0005068423720223011 0.017921146953405017
40 0.6441966548403446 0.3741935483870968 0.00506842372022301 0.002867383512544803
41 0.5750126710593005 0.39301075268817204 0.0005068423720223011 0.014695340501792114
24 0.5800810947795235 0.38297491039426523 0.010643689812468323 0.0060931899641577065
86 0.5785605676634566 0.05734767025089606 0.00963000506842372 0.01863799283154122
41 0.5542321338063863 0.3931899641577061 0.0005068423720223011 0.015770609318996417
24 0.5593005575266092 0.38297491039426523 0.010643689812468323 0.0060931899641577065
41 0.533705017739483 0.39444444444444443 0.0010136847440446021 0.014695340501792114
28 0.6305119107957425 0.37706093189964157 0.011150532184490624 0.0064516129032258064
86 0.6287379624936644 0.2845878136200717 0.00963000506842372 0.017921146953405017
85 0.631272174353776 0.05555555555555555 0.012671059300557527 0.002867383512544803
41 0.5957932083122149 0.3912186379928315 0.0005068423720223011 0.016845878136200716
26 0.6006082108464268 0.38010752688172045 0.01013684744044602 0.0060931899641577065
26 0.3575772934617334 0.060215053763440864 0.010643689812468323 0.005734767025089606
41 0.33020780537252914 0.37992831541218636 0.0005068423720223011 0.017921146953405017
40 0.34921439432336543 0.3682795698924731 0.00506842372022301 0.0025089605734767025
30 0.3355296502787633 0.3682795698924731 0.011150532184490624 0.006810035842293907
41 0.3073998986315256 0.3910394265232975 0.0005068423720223011 0.017204301075268817
26 0.3124683223517486 0.38010752688172045 0.010643689812468323 0.0060931899641577065
26 0.46604156107450584 0.3682795698924731 0.010643689812468323 0.0060931899641577065
41 0.4609731373542828 0.05967741935483871 0.0005068423720223011 0.01827956989247312
26 0.46604156107450584 0.0482078853046595 0.010643689812468323 0.0060931899641577065
41 0.3525088697415104 0.06863799283154122 0.0005068423720223011 0.014695340501792114
24 0.43664470349721235 0.0453405017921147 0.010643689812468323 0.0060931899641577065
41 0.43157627977698937 0.057706093189964155 0.0005068423720223011 0.022222222222222223
26 0.380385200202737 0.0543010752688172 0.010643689812468323 0.0060931899641577065
41 0.37531677648251394 0.06469534050179211 0.0005068423720223011 0.01827956989247312
24 0.3976178408514952 0.05716845878136201 0.010643689812468323 0.0060931899641577065
41 0.39254941713127217 0.06541218637992832 0.0005068423720223011 0.013978494623655914
24 0.41713127217435375 0.0514336917562724 0.01013684744044602 0.0060931899641577065
41 0.4123162696401419 0.061469534050179214 0.0005068423720223011 0.01827956989247312
