134 0.5346938775510204 0.113997113997114 0.8316326530612245 0.023809523809523808
1 0.8051020408163265 0.09613997113997114 0.015306122448979591 0.0010822510822510823
1 0.5864795918367347 0.09613997113997114 0.015816326530612244 0.0010822510822510823
1 0.5650510204081632 0.09613997113997114 0.015816326530612244 0.0010822510822510823
1 0.5438775510204081 0.09018759018759019 0.015306122448979591 0.0007215007215007215
1 0.5438775510204081 0.09613997113997114 0.015306122448979591 0.0010822510822510823
1 0.522704081632653 0.09018759018759019 0.015816326530612244 0.0007215007215007215
1 0.522704081632653 0.09613997113997114 0.015816326530612244 0.0010822510822510823
1 0.5012755102040817 0.09018759018759019 0.015816326530612244 0.0007215007215007215
1 0.5012755102040817 0.09613997113997114 0.015816326530612244 0.0010822510822510823
1 0.4801020408163265 0.09613997113997114 0.015306122448979591 0.0010822510822510823
1 0.4357142857142857 0.09018759018759019 0.015306122448979591 0.0007215007215007215
1 0.4357142857142857 0.09613997113997114 0.015306122448979591 0.0010822510822510823
24 0.6831632653061225 0.10804473304473304 0.01020408163265306 0.006132756132756133
108 0.6831632653061225 0.09036796536796536 0.009183673469387756 0.011904761904761904
41 0.6471938775510204 0.11038961038961038 0.0005102040816326531 0.01875901875901876
41 0.6783163265306122 0.11742424242424243 0.0005102040816326531 0.016955266955266956
26 0.6520408163265307 0.09902597402597403 0.01020408163265306 0.006132756132756133
41 0.7318877551020408 0.11345598845598845 0.0005102040816326531 0.0183982683982684
24 0.5438775510204081 0.09000721500721501 0.01020408163265306 0.006132756132756133
26 0.7045918367346938 0.10515873015873016 0.01020408163265306 0.006132756132756133
24 0.736734693877551 0.1020923520923521 0.01020408163265306 0.006493506493506494
41 0.6997448979591837 0.11544011544011544 0.0005102040816326531 0.01875901875901876
41 0.5604591836734694 0.10443722943722944 0.0005102040816326531 0.0183982683982684
41 0.5816326530612245 0.10624098124098125 0.0010204081632653062 0.017676767676767676
24 0.5862244897959183 0.09613997113997114 0.01020408163265306 0.006132756132756133
26 0.5653061224489796 0.09325396825396826 0.01020408163265306 0.006132756132756133
41 0.539030612244898 0.10227272727272728 0.0005102040816326531 0.022005772005772004
121 0.20255102040816325 0.1204906204906205 0.02142857142857143 0.002886002886002886
26 0.6188775510204082 0.09902597402597403 0.01020408163265306 0.006132756132756133
41 0.614030612244898 0.11002886002886003 0.0005102040816326531 0.01948051948051948
24 0.925 0.1020923520923521 0.01020408163265306 0.006493506493506494
41 0.9201530612244898 0.11291486291486291 0.0005102040816326531 0.01948051948051948
108 0.925 0.09145021645021645 0.009183673469387756 0.011904761904761904
41 0.8869897959183674 0.11345598845598845 0.0005102040816326531 0.0183982683982684
24 0.8918367346938776 0.1020923520923521 0.01020408163265306 0.006493506493506494
121 0.8107142857142857 0.11453823953823954 0.02142857142857143 0.003246753246753247
120 0.22270408163265307 0.09433621933621934 0.052551020408163264 0.009018759018759018
121 0.3198979591836735 0.12067099567099566 0.02142857142857143 0.003246753246753247
120 0.34005102040816326 0.09433621933621934 0.052551020408163264 0.009018759018759018
121 0.5285714285714286 0.11453823953823954 0.10612244897959183 0.003246753246753247
120 0.55 0.08621933621933622 0.13877551020408163 0.012987012987012988
121 0.6890306122448979 0.12536075036075037 0.020918367346938777 0.003246753246753247
120 0.7094387755102041 0.09668109668109669 0.05357142857142857 0.007936507936507936
120 0.8323979591836734 0.09126984126984126 0.05357142857142857 0.008658008658008658
41 0.8214285714285714 0.10768398268398269 0.0010204081632653062 0.01479076479076479
26 0.8260204081632653 0.09902597402597403 0.01020408163265306 0.006132756132756133
41 0.8002551020408163 0.10624098124098125 0.0005102040816326531 0.015512265512265512
24 0.8051020408163265 0.09613997113997114 0.01020408163265306 0.006132756132756133
41 0.7650510204081633 0.11345598845598845 0.0005102040816326531 0.0183982683982684
24 0.7698979591836734 0.1020923520923521 0.01020408163265306 0.006493506493506494
24 0.8586734693877551 0.1020923520923521 0.01020408163265306 0.006493506493506494
41 0.8538265306122449 0.11291486291486291 0.0005102040816326531 0.01948051948051948
41 0.2783163265306122 0.11056998556998557 0.0005102040816326531 0.0183982683982684
26 0.28316326530612246 0.09902597402597403 0.01020408163265306 0.006132756132756133
41 0.2451530612244898 0.11056998556998557 0.0005102040816326531 0.0183982683982684
26 0.25 0.09902597402597403 0.01020408163265306 0.006132756132756133
26 0.314030612244898 0.10515873015873016 0.009693877551020408 0.006132756132756133
41 0.30918367346938774 0.11345598845598845 0.0010204081632653062 0.01479076479076479
24 0.3352040816326531 0.1020923520923521 0.01020408163265306 0.006493506493506494
26 0.3673469387755102 0.09902597402597403 0.01020408163265306 0.006132756132756133
41 0.19183673469387755 0.11363636363636363 0.0010204081632653062 0.01443001443001443
3 0.14846938775510204 0.07593795093795094 0.02040816326530612 0.022005772005772004
15 0.16785714285714284 0.10804473304473304 0.009183673469387756 0.010461760461760462
16 0.16785714285714284 0.11994949494949494 0.011224489795918367 0.010461760461760462
5 0.13698979591836735 0.11255411255411256 0.02193877551020408 0.044733044733044736
95 0.1951530612244898 0.1370851370851371 0.017857142857142856 0.013708513708513708
26 0.19642857142857142 0.10515873015873016 0.01020408163265306 0.006132756132756133
41 0.33035714285714285 0.11147186147186147 0.0005102040816326531 0.016594516594516596
24 0.21785714285714286 0.1020923520923521 0.01020408163265306 0.006493506493506494
41 0.21301020408163265 0.11147186147186147 0.0005102040816326531 0.016594516594516596
41 0.47525510204081634 0.10461760461760462 0.0005102040816326531 0.01875901875901876
26 0.4801020408163265 0.09325396825396826 0.01020408163265306 0.006132756132756133
41 0.4308673469387755 0.10317460317460317 0.0005102040816326531 0.021645021645021644
24 0.4357142857142857 0.09000721500721501 0.01020408163265306 0.006132756132756133
41 0.5176020408163265 0.10155122655122654 0.0005102040816326531 0.025613275613275612
26 0.5224489795918368 0.08712121212121213 0.01020408163265306 0.006132756132756133
41 0.49668367346938774 0.10317460317460317 0.0005102040816326531 0.021645021645021644
24 0.5015306122448979 0.09000721500721501 0.01020408163265306 0.006132756132756133
41 0.3625 0.11002886002886003 0.0005102040816326531 0.01948051948051948
26 0.4005102040816326 0.09902597402597403 0.01020408163265306 0.006132756132756133
41 0.39566326530612245 0.11002886002886003 0.0005102040816326531 0.01948051948051948
134 0.4997448979591837 0.1856060606060606 0.9045918367346939 0.024170274170274172
2 0.3808673469387755 0.18272005772005773 0.0035714285714285713 0.0025252525252525255
2 0.3808673469387755 0.1884920634920635 0.0035714285714285713 0.0025252525252525255
2 0.2910714285714286 0.18272005772005773 0.0035714285714285713 0.0025252525252525255
2 0.2910714285714286 0.1884920634920635 0.0035714285714285713 0.0025252525252525255
1 0.8369897959183673 0.16774891774891776 0.015816326530612244 0.0007215007215007215
1 0.8168367346938775 0.16774891774891776 0.015306122448979591 0.0007215007215007215
1 0.7966836734693877 0.16161616161616163 0.015816326530612244 0.0007215007215007215
1 0.7966836734693877 0.16774891774891776 0.015816326530612244 0.0007215007215007215
1 0.6642857142857143 0.16774891774891776 0.015306122448979591 0.0007215007215007215
1 0.6334183673469388 0.16774891774891776 0.015816326530612244 0.0007215007215007215
1 0.6033163265306123 0.16774891774891776 0.015816326530612244 0.0007215007215007215
1 0.5831632653061225 0.16161616161616163 0.015306122448979591 0.0007215007215007215
1 0.5831632653061225 0.16774891774891776 0.015306122448979591 0.0007215007215007215
1 0.5630102040816326 0.16161616161616163 0.015816326530612244 0.0007215007215007215
1 0.5630102040816326 0.16774891774891776 0.015816326530612244 0.0007215007215007215
24 0.7341836734693877 0.17965367965367965 0.01020408163265306 0.006493506493506494
41 0.749234693877551 0.18686868686868688 0.0005102040816326531 0.016594516594516596
24 0.6642857142857143 0.16756854256854256 0.01020408163265306 0.006132756132756133
41 0.6594387755102041 0.17857142857142858 0.0005102040816326531 0.01948051948051948
24 0.6928571428571428 0.17965367965367965 0.01020408163265306 0.006493506493506494
108 0.6928571428571428 0.16558441558441558 0.009183673469387756 0.011544011544011544
41 0.6880102040816326 0.19047619047619047 0.0005102040816326531 0.01948051948051948
26 0.7540816326530613 0.1765873015873016 0.01020408163265306 0.006132756132756133
41 0.7293367346938775 0.18795093795093795 0.0005102040816326531 0.01443001443001443
41 0.5987244897959184 0.1791125541125541 0.0005102040816326531 0.024170274170274172
26 0.6035714285714285 0.16468253968253968 0.01020408163265306 0.006132756132756133
41 0.5783163265306123 0.17676767676767677 0.0005102040816326531 0.026695526695526696
24 0.5831632653061225 0.1617965367965368 0.01020408163265306 0.006132756132756133
41 0.5584183673469387 0.1755050505050505 0.0005102040816326531 0.02922077922077922
26 0.563265306122449 0.15873015873015872 0.01020408163265306 0.006493506493506494
121 0.1471938775510204 0.1975108225108225 0.10051020408163265 0.003968253968253968
41 0.6285714285714286 0.17857142857142858 0.0010204081632653062 0.01948051948051948
24 0.6331632653061224 0.16756854256854256 0.01020408163265306 0.006132756132756133
41 0.8931122448979592 0.181998556998557 0.0005102040816326531 0.0183982683982684
41 0.9216836734693877 0.1939033189033189 0.0005102040816326531 0.01911976911976912
108 0.926530612244898 0.16540404040404041 0.009183673469387756 0.011183261183261184
26 0.926530612244898 0.18272005772005773 0.01020408163265306 0.006132756132756133
26 0.8979591836734694 0.1708152958152958 0.01020408163265306 0.006132756132756133
120 0.1673469387755102 0.16973304473304474 0.1306122448979592 0.012626262626262626
121 0.5471938775510204 0.19155844155844157 0.10255102040816326 0.0021645021645021645
120 0.5668367346938775 0.15674603174603174 0.1326530612244898 0.009018759018759018
121 0.7806122448979592 0.19642857142857142 0.10306122448979592 0.0018037518037518038
120 0.8005102040816326 0.1590909090909091 0.1326530612244898 0.008658008658008658
41 0.8119897959183674 0.18145743145743146 0.0005102040816326531 0.02958152958152958
26 0.8168367346938775 0.16468253968253968 0.01020408163265306 0.006132756132756133
41 0.7918367346938775 0.17965367965367965 0.0010204081632653062 0.03318903318903319
24 0.7964285714285714 0.1617965367965368 0.01020408163265306 0.006132756132756133
41 0.7696428571428572 0.18903318903318903 0.0005102040816326531 0.01443001443001443
24 0.7744897959183673 0.17965367965367965 0.01020408163265306 0.006493506493506494
41 0.8625 0.181998556998557 0.0005102040816326531 0.0183982683982684
26 0.8673469387755102 0.1708152958152958 0.01020408163265306 0.006132756132756133
41 0.8321428571428572 0.18253968253968253 0.0010204081632653062 0.027417027417027416
24 0.8367346938775511 0.16756854256854256 0.01020408163265306 0.006132756132756133
41 0.19770408163265307 0.19011544011544013 0.0005102040816326531 0.016594516594516596
24 0.20255102040816325 0.17965367965367965 0.01020408163265306 0.006493506493506494
26 0.23265306122448978 0.18272005772005773 0.01020408163265306 0.006132756132756133
41 0.17729591836734693 0.18813131313131312 0.0005102040816326531 0.01984126984126984
26 0.18214285714285713 0.1765873015873016 0.01020408163265306 0.006132756132756133
41 0.15739795918367347 0.18668831168831168 0.0005102040816326531 0.022005772005772004
108 0.26352040816326533 0.16558441558441558 0.009693877551020408 0.011544011544011544
26 0.26377551020408163 0.18272005772005773 0.01020408163265306 0.006132756132756133
24 0.16224489795918368 0.1737012987012987 0.01020408163265306 0.006132756132756133
41 0.2278061224489796 0.19354256854256854 0.0005102040816326531 0.01984126984126984
5 0.06556122448979591 0.18416305916305917 0.02193877551020408 0.045093795093795096
26 0.10153061224489796 0.1765873015873016 0.01020408163265306 0.006132756132756133
41 0.09668367346938775 0.18704906204906205 0.0005102040816326531 0.0183982683982684
41 0.13698979591836735 0.1847041847041847 0.0005102040816326531 0.024531024531024532
26 0.14183673469387756 0.1708152958152958 0.01020408163265306 0.006132756132756133
41 0.11709183673469388 0.18614718614718614 0.0005102040816326531 0.020923520923520924
24 0.12193877551020409 0.1737012987012987 0.01020408163265306 0.006132756132756133
41 0.4956632653061224 0.18488455988455987 0.0005102040816326531 0.012626262626262626
26 0.5005102040816326 0.1765873015873016 0.01020408163265306 0.006132756132756133
41 0.25892857142857145 0.19354256854256854 0.0005102040816326531 0.01984126984126984
41 0.5359693877551021 0.18488455988455987 0.0005102040816326531 0.012626262626262626
26 0.5408163265306123 0.1765873015873016 0.01020408163265306 0.006132756132756133
41 0.5158163265306123 0.1830808080808081 0.0010204081632653062 0.016233766233766232
24 0.5204081632653061 0.1737012987012987 0.01020408163265306 0.006132756132756133
26 0.3989795918367347 0.1765873015873016 0.01020408163265306 0.006132756132756133
41 0.39413265306122447 0.18759018759018758 0.0005102040816326531 0.01948051948051948
93 0.3971938775510204 0.20652958152958154 0.01479591836734694 0.00974025974025974
134 0.4997448979591837 0.25703463203463206 0.9045918367346939 0.024170274170274172
2 0.8829081632653061 0.2541486291486291 0.0035714285714285713 0.0025252525252525255
2 0.8829081632653061 0.2602813852813853 0.0035714285714285713 0.0025252525252525255
1 0.42525510204081635 0.23917748917748918 0.015816326530612244 0.0007215007215007215
1 0.3931122448979592 0.2334054834054834 0.015816326530612244 0.0007215007215007215
1 0.3931122448979592 0.23917748917748918 0.015816326530612244 0.0007215007215007215
1 0.35892857142857143 0.23917748917748918 0.015816326530612244 0.0007215007215007215
1 0.32474489795918365 0.23917748917748918 0.015816326530612244 0.0007215007215007215
1 0.23826530612244898 0.23917748917748918 0.015306122448979591 0.0007215007215007215
1 0.2045918367346939 0.23917748917748918 0.014285714285714285 0.0007215007215007215
26 0.6142857142857143 0.2481962481962482 0.01020408163265306 0.006493506493506494
41 0.6094387755102041 0.2591991341991342 0.0005102040816326531 0.01984126984126984
24 0.7125 0.25703463203463206 0.009693877551020408 0.006132756132756133
26 0.6464285714285715 0.2541486291486291 0.01020408163265306 0.006132756132756133
41 0.6415816326530612 0.2628066378066378 0.0005102040816326531 0.01479076479076479
24 0.6806122448979591 0.25126262626262624 0.01020408163265306 0.006132756132756133
41 0.675765306122449 0.26172438672438675 0.0005102040816326531 0.01911976911976912
121 0.18239795918367346 0.2691197691197691 0.17091836734693877 0.0021645021645021645
24 0.4933673469387755 0.24512987012987014 0.01020408163265306 0.006132756132756133
41 0.4885204081632653 0.25342712842712845 0.0005102040816326531 0.01406926406926407
26 0.5459183673469388 0.2481962481962482 0.01020408163265306 0.006493506493506494
41 0.5410714285714285 0.2584776334776335 0.0005102040816326531 0.0183982683982684
41 0.577295918367347 0.25613275613275616 0.0005102040816326531 0.023809523809523808
26 0.5821428571428572 0.24224386724386723 0.01020408163265306 0.006132756132756133
120 0.6295918367346939 0.2426046176046176 0.1663265306122449 0.01479076479076479
121 0.6244897959183674 0.2709235209235209 0.1663265306122449 0.007936507936507936
120 0.4094387755102041 0.23214285714285715 0.16887755102040816 0.013347763347763348
121 0.40433673469387754 0.2601010101010101 0.16887755102040816 0.005772005772005772
120 0.186734693877551 0.2362914862914863 0.1704081632653061 0.023088023088023088
26 0.7653061224489796 0.2541486291486291 0.01020408163265306 0.006132756132756133
41 0.7604591836734694 0.26515151515151514 0.0005102040816326531 0.01948051948051948
41 0.7076530612244898 0.26605339105339104 0.0010204081632653062 0.015512265512265512
26 0.825765306122449 0.2541486291486291 0.009693877551020408 0.006132756132756133
108 0.825765306122449 0.23737373737373738 0.009693877551020408 0.011544011544011544
41 0.8211734693877552 0.26515151515151514 0.0005102040816326531 0.01948051948051948
26 0.16989795918367348 0.2541486291486291 0.01020408163265306 0.006132756132756133
41 0.16505102040816327 0.2620851370851371 0.0005102040816326531 0.013347763347763348
26 0.20408163265306123 0.2362914862914863 0.01020408163265306 0.006493506493506494
41 0.19923469387755102 0.25306637806637805 0.0005102040816326531 0.031385281385281384
59 0.19183673469387755 0.23304473304473305 0.007142857142857143 0.015151515151515152
24 0.23826530612244898 0.23935786435786435 0.01020408163265306 0.006132756132756133
41 0.23341836734693877 0.2545093795093795 0.0005102040816326531 0.0284992784992785
26 0.2724489795918367 0.24224386724386723 0.01020408163265306 0.006132756132756133
41 0.26760204081632655 0.25595238095238093 0.0005102040816326531 0.025613275613275612
5 0.06556122448979591 0.25577200577200576 0.02193877551020408 0.044733044733044736
26 0.10153061224489796 0.2541486291486291 0.01020408163265306 0.006132756132756133
95 0.10025510204081632 0.2804834054834055 0.017857142857142856 0.01406926406926407
41 0.09668367346938775 0.2620851370851371 0.0005102040816326531 0.013347763347763348
24 0.1357142857142857 0.25126262626262624 0.01020408163265306 0.006132756132756133
41 0.1308673469387755 0.26046176046176045 0.0005102040816326531 0.016594516594516596
26 0.35918367346938773 0.2362914862914863 0.01020408163265306 0.006493506493506494
41 0.35433673469387755 0.2481962481962482 0.0005102040816326531 0.021645021645021644
24 0.3931122448979592 0.23322510822510822 0.009693877551020408 0.006132756132756133
41 0.38852040816326533 0.24711399711399712 0.0005102040816326531 0.025252525252525252
24 0.425 0.23935786435786435 0.01020408163265306 0.006132756132756133
41 0.4204081632653061 0.25036075036075034 0.0010204081632653062 0.020202020202020204
26 0.45918367346938777 0.24224386724386723 0.01020408163265306 0.006132756132756133
41 0.4545918367346939 0.25216450216450215 0.0010204081632653062 0.018037518037518036
24 0.325 0.23935786435786435 0.01020408163265306 0.006132756132756133
41 0.3201530612244898 0.24927849927849927 0.0005102040816326531 0.018037518037518036
134 0.4997448979591837 0.3288239538239538 0.9045918367346939 0.024170274170274172
2 0.8885204081632653 0.3259379509379509 0.0035714285714285713 0.0025252525252525255
2 0.8885204081632653 0.33170995670995673 0.0035714285714285713 0.0025252525252525255
1 0.7193877551020408 0.31096681096681095 0.015306122448979591 0.0007215007215007215
1 0.33698979591836736 0.31096681096681095 0.01479591836734694 0.0007215007215007215
1 0.3227040816326531 0.31096681096681095 0.010714285714285714 0.0007215007215007215
41 0.6964285714285714 0.31006493506493504 0.0010204081632653062 0.011904761904761904
24 0.6931122448979592 0.31673881673881676 0.0066326530612244895 0.004329004329004329
72 0.7191326530612245 0.3051948051948052 0.002551020408163265 0.0021645021645021645
26 0.5193877551020408 0.33170995670995673 0.01020408163265306 0.006132756132756133
41 0.7589285714285714 0.32305194805194803 0.0005102040816326531 0.0183982683982684
108 0.7538265306122449 0.30627705627705626 0.009693877551020408 0.011544011544011544
28 0.7538265306122449 0.3345959595959596 0.010714285714285714 0.006132756132756133
41 0.7145408163265307 0.32233044733044736 0.0005102040816326531 0.0183982683982684
24 0.7191326530612245 0.3107864357864358 0.009693877551020408 0.006132756132756133
41 0.7084183673469387 0.3077200577200577 0.0005102040816326531 0.00937950937950938
26 0.7051020408163265 0.31385281385281383 0.007142857142857143 0.004329004329004329
41 0.5711734693877552 0.3371212121212121 0.0005102040816326531 0.0183982683982684
108 0.5760204081632653 0.3088023088023088 0.009183673469387756 0.011544011544011544
26 0.5760204081632653 0.32575757575757575 0.01020408163265306 0.006493506493506494
41 0.5420918367346939 0.32323232323232326 0.0005102040816326531 0.01875901875901876
24 0.5372448979591836 0.3345959595959596 0.01020408163265306 0.006132756132756133
41 0.5242346938775511 0.3244949494949495 0.0005102040816326531 0.012626262626262626
28 0.664795918367347 0.3226911976911977 0.011224489795918367 0.006132756132756133
41 0.6237244897959183 0.3371212121212121 0.0005102040816326531 0.0183982683982684
26 0.6285714285714286 0.32575757575757575 0.01020408163265306 0.006493506493506494
41 0.6594387755102041 0.3336940836940837 0.0005102040816326531 0.01948051948051948
41 0.5974489795918367 0.3392857142857143 0.0010204081632653062 0.0183982683982684
24 0.6020408163265306 0.3288239538239538 0.01020408163265306 0.006132756132756133
121 0.7025510204081633 0.30303030303030304 0.012244897959183673 0.0036075036075036075
121 0.7025510204081633 0.3068181818181818 0.012244897959183673 0.003246753246753247
120 0.23545918367346938 0.31493506493506496 0.08826530612244898 0.008658008658008658
121 0.3191326530612245 0.29978354978354976 0.013775510204081633 0.005050505050505051
121 0.3191326530612245 0.30393217893217894 0.012755102040816327 0.00468975468975469
120 0.3191326530612245 0.32196969696969696 0.018877551020408164 0.006132756132756133
121 0.4107142857142857 0.30898268398268397 0.012244897959183673 0.003246753246753247
121 0.4107142857142857 0.3129509379509379 0.01020408163265306 0.003246753246753247
120 0.41096938775510206 0.3281024531024531 0.01683673469387755 0.006132756132756133
121 0.49489795918367346 0.3198051948051948 0.058163265306122446 0.005411255411255411
120 0.6201530612244898 0.3151154401154401 0.08826530612244898 0.009018759018759018
120 0.7025510204081633 0.32196969696969696 0.017346938775510204 0.006132756132756133
121 0.7933673469387755 0.3125901875901876 0.012244897959183673 0.003246753246753247
121 0.7933673469387755 0.31655844155844154 0.01020408163265306 0.003246753246753247
120 0.7933673469387755 0.3338744588744589 0.017346938775510204 0.006132756132756133
41 0.799234693877551 0.3181818181818182 0.0005102040816326531 0.012265512265512266
26 0.7961734693877551 0.32575757575757575 0.0066326530612244895 0.004329004329004329
41 0.7875 0.3208874458874459 0.0005102040816326531 0.01406926406926407
24 0.7839285714285714 0.3286435786435786 0.0066326530612244895 0.004329004329004329
30 0.8540816326530613 0.32575757575757575 0.011224489795918367 0.006493506493506494
41 0.8487244897959184 0.3365800865800866 0.0005102040816326531 0.01948051948051948
108 0.8540816326530613 0.3088023088023088 0.009183673469387756 0.011544011544011544
41 0.8053571428571429 0.3342352092352092 0.0005102040816326531 0.0183982683982684
72 0.8099489795918368 0.31385281385281383 0.002551020408163265 0.0021645021645021645
24 0.8099489795918368 0.3226911976911977 0.009693877551020408 0.006132756132756133
41 0.275 0.3338744588744589 0.0010204081632653062 0.01911976911976912
28 0.2801020408163265 0.3226911976911977 0.011224489795918367 0.006132756132756133
41 0.2392857142857143 0.33676046176046176 0.0010204081632653062 0.01911976911976912
26 0.24387755102040817 0.32575757575757575 0.01020408163265306 0.006493506493506494
41 0.3318877551020408 0.32233044733044736 0.0005102040816326531 0.0183982683982684
72 0.3364795918367347 0.3051948051948052 0.002551020408163265 0.0021645021645021645
24 0.336734693877551 0.3107864357864358 0.01020408163265306 0.006132756132756133
41 0.32627551020408163 0.3041125541125541 0.0005102040816326531 0.011544011544011544
24 0.3227040816326531 0.31096681096681095 0.0066326530612244895 0.004329004329004329
41 0.31198979591836734 0.3088023088023088 0.0005102040816326531 0.013708513708513708
24 0.3086734693877551 0.31673881673881676 0.007142857142857143 0.004329004329004329
41 0.10637755102040816 0.32323232323232326 0.0005102040816326531 0.01875901875901876
95 0.10025510204081632 0.3519119769119769 0.017857142857142856 0.01406926406926407
24 0.10153061224489796 0.3345959595959596 0.01020408163265306 0.006132756132756133
5 0.06556122448979591 0.3273809523809524 0.02193877551020408 0.045093795093795096
41 0.21301020408163265 0.33964646464646464 0.0005102040816326531 0.017676767676767676
24 0.21785714285714286 0.3288239538239538 0.01020408163265306 0.006132756132756133
41 0.18698979591836734 0.3371212121212121 0.0005102040816326531 0.0183982683982684
26 0.19158163265306122 0.32575757575757575 0.009693877551020408 0.006493506493506494
41 0.42270408163265305 0.32846320346320346 0.0005102040816326531 0.0183982683982684
72 0.4272959183673469 0.31114718614718617 0.002551020408163265 0.0018037518037518038
24 0.4275510204081633 0.31691919191919193 0.01020408163265306 0.006132756132756133
24 0.48112244897959183 0.3345959595959596 0.01020408163265306 0.006132756132756133
41 0.41683673469387755 0.3134920634920635 0.0010204081632653062 0.010822510822510822
26 0.4135204081632653 0.3198051948051948 0.0066326530612244895 0.003968253968253968
41 0.48596938775510207 0.3272005772005772 0.0005102040816326531 0.012987012987012988
24 0.46122448979591835 0.3407287157287157 0.01020408163265306 0.006132756132756133
41 0.4660714285714286 0.3306277056277056 0.0005102040816326531 0.017676767676767676
26 0.49923469387755104 0.33784271284271283 0.009693877551020408 0.006132756132756133
41 0.5040816326530613 0.32792207792207795 0.0010204081632653062 0.017316017316017316
41 0.3762755102040816 0.32305194805194803 0.0005102040816326531 0.0183982683982684
108 0.3711734693877551 0.3064574314574315 0.009693877551020408 0.011904761904761904
28 0.3711734693877551 0.3345959595959596 0.010714285714285714 0.006132756132756133
41 0.4048469387755102 0.3161976911976912 0.0005102040816326531 0.011904761904761904
24 0.40127551020408164 0.32287157287157287 0.0066326530612244895 0.004329004329004329
2 0.9385204081632653 0.39736652236652237 0.0035714285714285713 0.0025252525252525255
2 0.9385204081632653 0.4033189033189033 0.0035714285714285713 0.0021645021645021645
134 0.4997448979591837 0.40025252525252525 0.9045918367346939 0.024170274170274172
1 0.7484693877551021 0.3823953823953824 0.015306122448979591 0.0007215007215007215
41 0.724234693877551 0.3814935064935065 0.0005102040816326531 0.011183261183261184
24 0.7209183673469388 0.38852813852813856 0.007142857142857143 0.004329004329004329
24 0.7484693877551021 0.38257575757575757 0.01020408163265306 0.006132756132756133
108 0.5451530612244898 0.37806637806637805 0.009693877551020408 0.011544011544011544
108 0.7877551020408163 0.37806637806637805 0.009183673469387756 0.011544011544011544
28 0.7875 0.4063852813852814 0.010714285714285714 0.006132756132756133
41 0.7436224489795918 0.39321789321789324 0.0005102040816326531 0.01948051948051948
72 0.7487244897959183 0.3768037518037518 0.002551020408163265 0.0018037518037518038
41 0.7372448979591837 0.3791486291486291 0.0010204081632653062 0.010822510822510822
26 0.7339285714285714 0.38546176046176045 0.0066326530612244895 0.003968253968253968
41 0.5834183673469387 0.4089105339105339 0.0005102040816326531 0.0183982683982684
26 0.588265306122449 0.39736652236652237 0.01020408163265306 0.006132756132756133
41 0.5497448979591837 0.3948412698412698 0.0005102040816326531 0.0183982683982684
26 0.6474489795918368 0.39736652236652237 0.01020408163265306 0.006132756132756133
41 0.6823979591836735 0.40566378066378067 0.0005102040816326531 0.01911976911976912
28 0.6877551020408164 0.3944805194805195 0.011224489795918367 0.006132756132756133
41 0.6426020408163265 0.4081890331890332 0.0005102040816326531 0.01984126984126984
41 0.6130102040816326 0.41125541125541126 0.0005102040816326531 0.017316017316017316
24 0.6178571428571429 0.40025252525252525 0.01020408163265306 0.006132756132756133
120 0.7313775510204081 0.39375901875901875 0.018877551020408164 0.006132756132756133
120 0.24948979591836734 0.38221500721500723 0.09897959183673469 0.00974025974025974
121 0.3410714285714286 0.3865440115440115 0.012755102040816327 0.003246753246753247
121 0.3408163265306122 0.39051226551226553 0.011224489795918367 0.003246753246753247
120 0.3436224489795918 0.4101731601731602 0.027040816326530614 0.008658008658008658
120 0.45357142857142857 0.37987012987012986 0.10204081632653061 0.010101010101010102
120 0.6380102040816327 0.3865440115440115 0.09948979591836735 0.009018759018759018
121 0.7308673469387755 0.37445887445887444 0.012755102040816327 0.0036075036075036075
121 0.7308673469387755 0.37842712842712845 0.012755102040816327 0.0036075036075036075
41 0.8931122448979592 0.4087301587301587 0.0005102040816326531 0.01875901875901876
121 0.8323979591836734 0.3843795093795094 0.012755102040816327 0.003246753246753247
121 0.8321428571428572 0.38834776334776333 0.011224489795918367 0.003246753246753247
120 0.8326530612244898 0.4054834054834055 0.018367346938775512 0.006493506493506494
41 0.825765306122449 0.39231601731601734 0.0005102040816326531 0.013347763347763348
24 0.8224489795918367 0.4004329004329004 0.007142857142857143 0.004329004329004329
72 0.85 0.38546176046176045 0.003061224489795918 0.0018037518037518038
3 0.8734693877551021 0.3721139971139971 0.02040816326530612 0.022005772005772004
108 0.8982142857142857 0.3804112554112554 0.009693877551020408 0.011904761904761904
30 0.898469387755102 0.39736652236652237 0.011224489795918367 0.006132756132756133
41 0.8451530612244897 0.40584415584415584 0.0005102040816326531 0.01875901875901876
41 0.7928571428571428 0.3953823953823954 0.0010204081632653062 0.01948051948051948
24 0.85 0.3944805194805195 0.01020408163265306 0.006132756132756133
41 0.8385204081632653 0.38961038961038963 0.0005102040816326531 0.012265512265512266
26 0.835204081632653 0.39736652236652237 0.007142857142857143 0.003968253968253968
41 0.2538265306122449 0.3995310245310245 0.0005102040816326531 0.01911976911976912
41 0.29362244897959183 0.406024531024531 0.0005102040816326531 0.0183982683982684
28 0.29872448979591837 0.3944805194805195 0.010714285714285714 0.006132756132756133
24 0.2586734693877551 0.38834776334776333 0.01020408163265306 0.006132756132756133
41 0.22423469387755102 0.4025974025974026 0.0005102040816326531 0.01875901875901876
26 0.22908163265306122 0.39141414141414144 0.01020408163265306 0.006493506493506494
41 0.34719387755102044 0.3948412698412698 0.0005102040816326531 0.01406926406926407
26 0.3438775510204082 0.4033189033189033 0.007142857142857143 0.004329004329004329
95 0.5436224489795919 0.42334054834054835 0.017857142857142856 0.01406926406926407
41 0.33443877551020407 0.39231601731601734 0.0005102040816326531 0.013347763347763348
24 0.3311224489795918 0.4004329004329004 0.007142857142857143 0.004329004329004329
5 0.06556122448979591 0.398989898989899 0.02193877551020408 0.044733044733044736
26 0.10153061224489796 0.39141414141414144 0.01020408163265306 0.006493506493506494
93 0.09974489795918368 0.4213564213564214 0.01479591836734694 0.010101010101010102
41 0.19464285714285715 0.3997113997113997 0.0005102040816326531 0.01875901875901876
24 0.19948979591836735 0.38834776334776333 0.01020408163265306 0.006132756132756133
41 0.09668367346938775 0.4022366522366522 0.0005102040816326531 0.01948051948051948
41 0.45918367346938777 0.39646464646464646 0.0010204081632653062 0.01948051948051948
26 0.46377551020408164 0.38546176046176045 0.01020408163265306 0.006132756132756133
63 0.42168367346938773 0.38834776334776333 0.008673469387755102 0.017676767676767676
41 0.42933673469387756 0.3995310245310245 0.0005102040816326531 0.01911976911976912
24 0.43418367346938774 0.38834776334776333 0.01020408163265306 0.006132756132756133
24 0.5451530612244898 0.4063852813852814 0.009693877551020408 0.006132756132756133
41 0.49923469387755104 0.4027777777777778 0.0005102040816326531 0.0183982683982684
30 0.5043367346938775 0.39141414141414144 0.010714285714285714 0.006493506493506494
24 0.35867346938775513 0.4063852813852814 0.01020408163265306 0.006132756132756133
41 0.3635204081632653 0.3953823953823954 0.0005102040816326531 0.01948051948051948
26 0.4020408163265306 0.38546176046176045 0.01020408163265306 0.006132756132756133
108 0.4017857142857143 0.37012987012987014 0.009693877551020408 0.011544011544011544
41 0.3971938775510204 0.3962842712842713 0.0005102040816326531 0.01984126984126984
