134 0.5353585657370518 0.17482394366197182 0.8326693227091634 0.023591549295774648
134 0.5353585657370518 0.22869718309859155 0.8326693227091634 0.023591549295774648
1 0.6695717131474104 0.2461267605633803 0.015438247011952191 0.0007042253521126761
1 0.6695717131474104 0.2519366197183099 0.015438247011952191 0.001056338028169014
1 0.5923804780876494 0.2461267605633803 0.01643426294820717 0.0007042253521126761
1 0.5923804780876494 0.2519366197183099 0.01643426294820717 0.001056338028169014
1 0.5923804780876494 0.2577464788732394 0.01643426294820717 0.0007042253521126761
1 0.4658864541832669 0.2461267605633803 0.01643426294820717 0.0007042253521126761
1 0.3413844621513944 0.2461267605633803 0.01643426294820717 0.0007042253521126761
1 0.2726593625498008 0.2461267605633803 0.01643426294820717 0.0007042253521126761
1 0.2726593625498008 0.2519366197183099 0.01643426294820717 0.001056338028169014
87 0.7166334661354582 0.16338028169014085 0.0099601593625498 0.011267605633802818
41 0.6989541832669323 0.1693661971830986 0.00049800796812749 0.018309859154929577
86 0.6924800796812749 0.22869718309859155 0.009462151394422311 0.01795774647887324
24 0.6939741035856574 0.18045774647887325 0.01045816733067729 0.005985915492957746
0 0.11205179282868526 0.2017605633802817 0.008964143426294821 0.07746478873239436
41 0.6745517928286853 0.23943661971830985 0.00049800796812749 0.02112676056338028
41 0.7831175298804781 0.1709507042253521 0.00049800796812749 0.015140845070422536
24 0.7781374501992032 0.18045774647887325 0.01045816733067729 0.005985915492957746
63 0.7477589641434262 0.18274647887323944 0.00846613545816733 0.023943661971830985
41 0.7654382470119522 0.17306338028169013 0.00099601593625498 0.017253521126760565
26 0.7607071713147411 0.18345070422535212 0.01045816733067729 0.005633802816901409
30 0.7181274900398407 0.23151408450704225 0.010956175298804782 0.006690140845070422
41 0.7392928286852589 0.1714788732394366 0.00049800796812749 0.014084507042253521
117 0.734312749003984 0.15492957746478872 0.005478087649402391 0.007042253521126761
24 0.734312749003984 0.18045774647887325 0.01045816733067729 0.005985915492957746
41 0.7231075697211156 0.22077464788732395 0.00099601593625498 0.019014084507042252
41 0.6048306772908366 0.18257042253521127 0.00049800796812749 0.016549295774647886
26 0.6098107569721115 0.17183098591549295 0.01045816733067729 0.005633802816901409
41 0.5973605577689243 0.24348591549295776 0.00049800796812749 0.029225352112676056
41 0.5871513944223108 0.18433098591549296 0.00099601593625498 0.015140845070422536
30 0.5921314741035857 0.2605633802816901 0.010956175298804782 0.006338028169014085
24 0.5918824701195219 0.17482394366197182 0.01045816733067729 0.005985915492957746
23 0.17181274900398405 0.17482394366197182 0.022908366533864542 0.02992957746478873
24 0.5674800796812749 0.17482394366197182 0.01045816733067729 0.005985915492957746
41 0.6745517928286853 0.1665492957746479 0.00049800796812749 0.018309859154929577
24 0.6695717131474104 0.2519366197183099 0.01045816733067729 0.005985915492957746
26 0.6695717131474104 0.17764084507042255 0.01045816733067729 0.005985915492957746
41 0.6401892430278885 0.18450704225352113 0.00049800796812749 0.014788732394366197
24 0.6449203187250996 0.17482394366197182 0.0099601593625498 0.005985915492957746
41 0.6222609561752988 0.1823943661971831 0.00049800796812749 0.016901408450704224
26 0.6272410358565738 0.17183098591549295 0.01045816733067729 0.005633802816901409
41 0.9414840637450199 0.17077464788732394 0.00049800796812749 0.014788732394366197
24 0.9367529880478087 0.18045774647887325 0.0099601593625498 0.005985915492957746
41 0.9240537848605578 0.17183098591549295 0.00049800796812749 0.01971830985915493
26 0.9190737051792829 0.18345070422535212 0.01045816733067729 0.005633802816901409
41 0.9061254980079682 0.16954225352112676 0.00049800796812749 0.017253521126760565
24 0.901394422310757 0.18045774647887325 0.0099601593625498 0.005985915492957746
59 0.8735059760956175 0.2227112676056338 0.0069721115537848604 0.01936619718309859
41 0.8807270916334662 0.23697183098591548 0.00049800796812749 0.017605633802816902
121 0.22808764940239043 0.1630281690140845 0.0348605577689243 0.002112676056338028
121 0.29282868525896416 0.1875 0.05079681274900399 0.0017605633802816902
121 0.3615537848605578 0.19225352112676056 0.05079681274900399 0.002112676056338028
121 0.49526892430278885 0.1869718309859155 0.035358565737051796 0.0028169014084507044
122 0.5796812749003984 0.1721830985915493 0.0099601593625498 0.002112676056338028
121 0.6135458167330677 0.19225352112676056 0.052788844621513946 0.002112676056338028
121 0.7609561752988048 0.1630281690140845 0.043824701195219126 0.002112676056338028
121 0.8411354581673307 0.16073943661971832 0.05976095617529881 0.006690140845070422
121 0.916085657370518 0.1602112676056338 0.05129482071713148 0.005633802816901409
41 0.890687250996016 0.16549295774647887 0.00049800796812749 0.014084507042253521
41 0.8015438247011952 0.23697183098591548 0.00049800796812749 0.017605633802816902
41 0.811503984063745 0.16408450704225352 0.00049800796812749 0.011267605633802818
30 0.8067729083665338 0.22570422535211268 0.010956175298804782 0.006338028169014085
26 0.8065239043824701 0.17183098591549295 0.01045816733067729 0.005633802816901409
41 0.5625 0.18503521126760564 0.00049800796812749 0.01795774647887324
30 0.8859561752988048 0.22570422535211268 0.010956175298804782 0.006338028169014085
24 0.8857071713147411 0.17482394366197182 0.01045816733067729 0.005985915492957746
41 0.8707669322709163 0.17077464788732394 0.00049800796812749 0.014788732394366197
24 0.8660358565737052 0.18045774647887325 0.0099601593625498 0.005985915492957746
63 0.8354083665338645 0.18274647887323944 0.00846613545816733 0.023943661971830985
41 0.8533366533864541 0.17165492957746478 0.00049800796812749 0.01936619718309859
26 0.8483565737051793 0.18345070422535212 0.01045816733067729 0.005633802816901409
41 0.8269422310756972 0.16901408450704225 0.00049800796812749 0.018309859154929577
24 0.8222111553784861 0.18045774647887325 0.0099601593625498 0.005985915492957746
41 0.30104581673306774 0.1808098591549296 0.00049800796812749 0.013028169014084507
26 0.3057768924302789 0.17183098591549295 0.0099601593625498 0.005633802816901409
41 0.2831175298804781 0.18063380281690142 0.00049800796812749 0.013380281690140845
26 0.288097609561753 0.17183098591549295 0.01045816733067729 0.005633802816901409
117 0.20542828685258965 0.15492957746478872 0.005478087649402391 0.007042253521126761
5 0.13695219123505975 0.175 0.022908366533864542 0.05
41 0.2778884462151394 0.23943661971830985 0.00099601593625498 0.02112676056338028
41 0.36927290836653387 0.18433098591549296 0.00049800796812749 0.015140845070422536
24 0.37425298804780877 0.17482394366197182 0.01045816733067729 0.005985915492957746
24 0.35682270916334663 0.17482394366197182 0.01045816733067729 0.005985915492957746
41 0.34636454183266935 0.2346830985915493 0.00049800796812749 0.017253521126760565
41 0.33615537848605576 0.18098591549295776 0.00099601593625498 0.021830985915492956
28 0.34113545816733065 0.2461267605633803 0.010956175298804782 0.006338028169014085
24 0.3408864541832669 0.16883802816901408 0.01045816733067729 0.005985915492957746
41 0.3184760956175299 0.1808098591549296 0.00049800796812749 0.013028169014084507
26 0.32345617529880477 0.17183098591549295 0.01045816733067729 0.005633802816901409
41 0.22833665338645417 0.17112676056338028 0.00049800796812749 0.015492957746478873
116 0.2228585657370518 0.15492957746478872 0.005478087649402391 0.007042253521126761
24 0.22335657370517928 0.18045774647887325 0.01045816733067729 0.005985915492957746
41 0.21040836653386455 0.1709507042253521 0.00049800796812749 0.015140845070422536
23 0.17181274900398405 0.22869718309859155 0.022908366533864542 0.02992957746478873
8 0.14018924302788843 0.22922535211267606 0.029382470119521914 0.026056338028169014
86 0.20418326693227093 0.22869718309859155 0.0099601593625498 0.01795774647887324
41 0.2676792828685259 0.17799295774647889 0.00049800796812749 0.018661971830985915
3 0.25647410358565736 0.1295774647887324 0.0398406374501992 0.036619718309859155
28 0.2729083665338645 0.2519366197183099 0.010956175298804782 0.006690140845070422
119 0.2721613545816733 0.15598591549295773 0.005478087649402391 0.007042253521126761
26 0.27241035856573703 0.16602112676056338 0.0099601593625498 0.005985915492957746
41 0.35184262948207173 0.18397887323943662 0.00049800796812749 0.01584507042253521
41 0.24576693227091634 0.1709507042253521 0.00049800796812749 0.015140845070422536
87 0.2400398406374502 0.22887323943661972 0.0099601593625498 0.011267605633802818
115 0.2405378486055777 0.15492957746478872 0.00398406374501992 0.007042253521126761
24 0.24078685258964144 0.18045774647887325 0.01045816733067729 0.005985915492957746
41 0.49526892430278885 0.1790492957746479 0.00049800796812749 0.015140845070422536
24 0.5002490039840638 0.16883802816901408 0.01045816733067729 0.005985915492957746
41 0.47758964143426297 0.1785211267605634 0.00099601593625498 0.015492957746478873
119 0.4820717131474104 0.15598591549295773 0.0049800796812749 0.007042253521126761
24 0.4823207171314741 0.16883802816901408 0.01045816733067729 0.005985915492957746
41 0.47136454183266935 0.2380281690140845 0.00049800796812749 0.018309859154929577
30 0.46613545816733065 0.248943661971831 0.010956175298804782 0.006338028169014085
87 0.46489043824701193 0.16320422535211268 0.01045816733067729 0.010915492957746478
41 0.4459661354581673 0.16637323943661972 0.00049800796812749 0.01795774647887324
26 0.44123505976095617 0.17764084507042255 0.0099601593625498 0.005985915492957746
41 0.5485557768924303 0.2290492957746479 0.00049800796812749 0.01795774647887324
41 0.538097609561753 0.18309859154929578 0.00049800796812749 0.017605633802816902
28 0.5433266932270916 0.24031690140845072 0.010956175298804782 0.006690140845070422
26 0.5430776892430279 0.17183098591549295 0.01045816733067729 0.005633802816901409
41 0.512699203187251 0.18063380281690142 0.00049800796812749 0.013380281690140845
26 0.5176792828685259 0.17183098591549295 0.01045816733067729 0.005633802816901409
24 0.20542828685258965 0.18045774647887325 0.01045816733067729 0.005985915492957746
41 0.4230577689243028 0.2318661971830986 0.00049800796812749 0.01795774647887324
26 0.4175796812749004 0.17183098591549295 0.01045816733067729 0.005633802816901409
30 0.41782868525896416 0.2433098591549296 0.010956175298804782 0.006338028169014085
41 0.4125996015936255 0.1823943661971831 0.00049800796812749 0.019014084507042252
24 0.39193227091633465 0.17482394366197182 0.0099601593625498 0.005985915492957746
41 0.3872011952191235 0.18397887323943662 0.00049800796812749 0.01584507042253521
134 0.49975099601593626 0.3163732394366197 0.9038844621513944 0.023591549295774648
1 0.8767430278884463 0.38767605633802815 0.01643426294820717 0.0007042253521126761
1 0.790089641434263 0.38767605633802815 0.015438247011952191 0.0007042253521126761
1 0.773406374501992 0.38767605633802815 0.014940239043824702 0.0007042253521126761
1 0.712898406374502 0.38767605633802815 0.015438247011952191 0.0007042253521126761
1 0.6967131474103586 0.38767605633802815 0.013944223107569721 0.0007042253521126761
1 0.6685756972111554 0.38767605633802815 0.015438247011952191 0.0007042253521126761
1 0.6075697211155379 0.38767605633802815 0.01593625498007968 0.0007042253521126761
1 0.6075697211155379 0.3936619718309859 0.01593625498007968 0.0007042253521126761
1 0.5804282868525896 0.38767605633802815 0.015438247011952191 0.0007042253521126761
1 0.5804282868525896 0.3936619718309859 0.015438247011952191 0.0007042253521126761
1 0.563496015936255 0.38767605633802815 0.015438247011952191 0.0007042253521126761
1 0.563496015936255 0.3936619718309859 0.015438247011952191 0.0007042253521126761
1 0.5642430278884463 0.39929577464788735 0.013944223107569721 0.0007042253521126761
1 0.44223107569721115 0.38767605633802815 0.01593625498007968 0.0007042253521126761
1 0.44223107569721115 0.3936619718309859 0.01593625498007968 0.0007042253521126761
1 0.3451195219123506 0.38767605633802815 0.01693227091633466 0.0007042253521126761
1 0.3451195219123506 0.3936619718309859 0.01693227091633466 0.0007042253521126761
1 0.3451195219123506 0.39929577464788735 0.01693227091633466 0.0007042253521126761
1 0.15911354581673307 0.38767605633802815 0.01643426294820717 0.0007042253521126761
134 0.49975099601593626 0.3702464788732394 0.9038844621513944 0.023591549295774648
41 0.701195219123506 0.37746478873239436 0.00099601593625498 0.02323943661971831
41 0.7283366533864541 0.3272887323943662 0.00049800796812749 0.016549295774647886
26 0.6964641434262948 0.39066901408450705 0.01045816733067729 0.005985915492957746
41 0.6735557768924303 0.3778169014084507 0.00049800796812749 0.021830985915492956
41 0.6635956175298805 0.3257042253521127 0.00049800796812749 0.01971830985915493
41 0.5687250996015937 0.3845070422535211 0.00099601593625498 0.026056338028169014
26 0.6685756972111554 0.39066901408450705 0.01045816733067729 0.005985915492957746
26 0.6685756972111554 0.313556338028169 0.01045816733067729 0.005985915492957746
116 0.7121513944223108 0.2975352112676056 0.0049800796812749 0.007042253521126761
63 0.6997011952191236 0.32147887323943664 0.008964143426294821 0.023943661971830985
41 0.7173804780876494 0.37658450704225355 0.00049800796812749 0.01795774647887324
41 0.7076693227091634 0.32411971830985914 0.00099601593625498 0.025
24 0.7124003984063745 0.38785211267605635 0.01045816733067729 0.005985915492957746
117 0.7124003984063745 0.2869718309859155 0.005478087649402391 0.007042253521126761
119 0.7121513944223108 0.2764084507042254 0.0049800796812749 0.007042253521126761
24 0.7124003984063745 0.3105633802816901 0.01045816733067729 0.005633802816901409
24 0.7124003984063745 0.3163732394366197 0.01045816733067729 0.005985915492957746
24 0.7124003984063745 0.3221830985915493 0.01045816733067729 0.005633802816901409
24 0.7330677290836654 0.3163732394366197 0.0099601593625498 0.005985915492957746
63 0.6835159362549801 0.3897887323943662 0.00846613545816733 0.023943661971830985
26 0.6080677290836654 0.313556338028169 0.008964143426294821 0.005985915492957746
41 0.602589641434263 0.3230633802816901 0.00099601593625498 0.027112676056338027
24 0.6073207171314741 0.39348591549295775 0.01045816733067729 0.005985915492957746
115 0.6070717131474104 0.2975352112676056 0.00398406374501992 0.007042253521126761
117 0.6073207171314741 0.2869718309859155 0.005478087649402391 0.007042253521126761
119 0.6070717131474104 0.2764084507042254 0.0049800796812749 0.007042253521126761
26 0.6073207171314741 0.3075704225352113 0.01045816733067729 0.005985915492957746
24 0.6073207171314741 0.3221830985915493 0.01045816733067729 0.005633802816901409
41 0.584910358565737 0.3829225352112676 0.00049800796812749 0.022887323943661973
26 0.5801792828685259 0.39647887323943665 0.0099601593625498 0.005633802816901409
63 0.5510458167330677 0.39859154929577467 0.00846613545816733 0.023943661971830985
121 0.2074203187250996 0.3047535211267606 0.04830677290836653 0.0017605633802816902
41 0.6436752988047809 0.3257042253521127 0.00049800796812749 0.01971830985915493
87 0.6476593625498008 0.3704225352112676 0.01045816733067729 0.011267605633802818
26 0.6486553784860558 0.313556338028169 0.01045816733067729 0.005985915492957746
41 0.6232569721115537 0.3257042253521127 0.00049800796812749 0.01971830985915493
26 0.6279880478087649 0.313556338028169 0.0099601593625498 0.005985915492957746
41 0.612300796812749 0.3813380281690141 0.00049800796812749 0.021830985915492956
41 0.9116035856573705 0.3200704225352113 0.00049800796812749 0.014084507042253521
24 0.9165836653386454 0.3105633802816901 0.01045816733067729 0.005633802816901409
41 0.8911852589641435 0.3198943661971831 0.00049800796812749 0.013732394366197184
119 0.8956673306772909 0.2975352112676056 0.005478087649402391 0.007042253521126761
24 0.8959163346613546 0.3105633802816901 0.0099601593625498 0.005633802816901409
41 0.8817231075697212 0.37922535211267605 0.00049800796812749 0.017605633802816902
30 0.8764940239043825 0.39066901408450705 0.010956175298804782 0.006690140845070422
87 0.8754980079681275 0.3049295774647887 0.0099601593625498 0.011267605633802818
41 0.8508466135458167 0.3079225352112676 0.00049800796812749 0.01795774647887324
116 0.8458665338645418 0.2975352112676056 0.005478087649402391 0.007042253521126761
26 0.8461155378486056 0.3191901408450704 0.0099601593625498 0.005985915492957746
121 0.2958167330677291 0.3017605633802817 0.06673306772908366 0.005633802816901409
121 0.3827191235059761 0.3075704225352113 0.06623505976095617 0.00528169014084507
121 0.5485557768924303 0.3047535211267606 0.04033864541832669 0.0017605633802816902
121 0.5769422310756972 0.37077464788732395 0.01643426294820717 0.0028169014084507044
121 0.5769422310756972 0.37552816901408453 0.01643426294820717 0.0031690140845070424
121 0.6332171314741036 0.33679577464788735 0.061254980079681276 0.0017605633802816902
121 0.6872509960159362 0.3654929577464789 0.027888446215139442 0.002112676056338028
121 0.6872509960159362 0.3702464788732394 0.027888446215139442 0.0017605633802816902
121 0.7382968127490039 0.33679577464788735 0.061254980079681276 0.0017605633802816902
121 0.7866035856573705 0.37077464788732395 0.01643426294820717 0.0028169014084507044
121 0.7866035856573705 0.37552816901408453 0.01444223107569721 0.0031690140845070424
121 0.9113545816733067 0.3285211267605634 0.04083665338645418 0.0028169014084507044
41 0.9320219123505976 0.32235915492957745 0.00049800796812749 0.013028169014084507
26 0.9370019920318725 0.313556338028169 0.01045816733067729 0.005985915492957746
26 0.8159860557768924 0.32517605633802815 0.01045816733067729 0.005985915492957746
41 0.7945717131474104 0.3778169014084507 0.00049800796812749 0.014788732394366197
24 0.7898406374501992 0.38785211267605635 0.0099601593625498 0.005985915492957746
41 0.7786354581673307 0.3801056338028169 0.00049800796812749 0.017253521126760565
26 0.8154880478087649 0.3191901408450704 0.009462151394422311 0.005985915492957746
41 0.7686752988047809 0.3276408450704225 0.00049800796812749 0.01795774647887324
26 0.7736553784860558 0.39066901408450705 0.01045816733067729 0.005985915492957746
24 0.7736553784860558 0.3163732394366197 0.01045816733067729 0.005985915492957746
41 0.7487549800796812 0.3276408450704225 0.00049800796812749 0.01795774647887324
87 0.7527390438247012 0.3704225352112676 0.01045816733067729 0.011267605633802818
41 0.8214641434262948 0.37359154929577465 0.00049800796812749 0.017605633802816902
24 0.7537350597609562 0.3163732394366197 0.01045816733067729 0.005985915492957746
41 0.8209661354581673 0.3095070422535211 0.00049800796812749 0.028873239436619718
30 0.8162350597609562 0.38485915492957745 0.010956175298804782 0.006338028169014085
115 0.8157370517928287 0.2975352112676056 0.00398406374501992 0.007042253521126761
116 0.8157370517928287 0.28661971830985916 0.0049800796812749 0.007042253521126761
118 0.8157370517928287 0.27605633802816903 0.00597609561752988 0.007042253521126761
26 0.8159860557768924 0.313556338028169 0.01045816733067729 0.005985915492957746
41 0.2631972111553785 0.37059859154929575 0.00049800796812749 0.01795774647887324
41 0.262699203187251 0.3073943661971831 0.00049800796812749 0.014084507042253521
28 0.25796812749003983 0.38204225352112675 0.010956175298804782 0.006338028169014085
24 0.2577191235059761 0.3163732394366197 0.01045816733067729 0.005985915492957746
41 0.2313247011952191 0.3123239436619718 0.00049800796812749 0.014788732394366197
24 0.22659362549800796 0.3221830985915493 0.0099601593625498 0.005633802816901409
63 0.19322709163346613 0.32429577464788734 0.008964143426294821 0.023943661971830985
41 0.30876494023904383 0.31338028169014087 0.00099601593625498 0.02112676056338028
30 0.3451195219123506 0.4022887323943662 0.010956175298804782 0.006690140845070422
26 0.3448705179282869 0.3191901408450704 0.01045816733067729 0.005985915492957746
41 0.32943227091633465 0.31214788732394366 0.00049800796812749 0.016549295774647886
24 0.32445219123505975 0.3221830985915493 0.01045816733067729 0.005633802816901409
63 0.2908366533864542 0.32429577464788734 0.008964143426294821 0.023943661971830985
41 0.21090637450199204 0.31390845070422535 0.00049800796812749 0.01795774647887324
26 0.30378486055776893 0.32517605633802815 0.0099601593625498 0.005985915492957746
41 0.2811254980079681 0.3105633802816901 0.00049800796812749 0.019014084507042252
24 0.2761454183266932 0.3221830985915493 0.01045816733067729 0.005633802816901409
41 0.10532868525896415 0.3079225352112676 0.00049800796812749 0.01795774647887324
28 0.10084661354581673 0.3702464788732394 0.01045816733067729 0.006690140845070422
26 0.10059760956175298 0.3191901408450704 0.0099601593625498 0.005985915492957746
8 0.06897410358565736 0.3709507042253521 0.029382470119521914 0.02640845070422535
5 0.06573705179282868 0.31672535211267605 0.022908366533864542 0.049647887323943665
0 0.04083665338645418 0.34330985915492956 0.008964143426294821 0.07746478873239436
26 0.20592629482071714 0.32517605633802815 0.01045816733067729 0.005985915492957746
41 0.18326693227091634 0.3126760563380282 0.00099601593625498 0.015492957746478873
117 0.17828685258964144 0.2964788732394366 0.0049800796812749 0.007042253521126761
24 0.1785358565737052 0.3221830985915493 0.01045816733067729 0.005633802816901409
41 0.1643426294820717 0.3797535211267606 0.00099601593625498 0.018661971830985915
30 0.1593625498007968 0.39066901408450705 0.010956175298804782 0.006690140845070422
87 0.15786852589641434 0.3049295774647887 0.0099601593625498 0.011267605633802818
41 0.13371513944223107 0.31408450704225355 0.00049800796812749 0.018309859154929577
26 0.12873505976095617 0.32517605633802815 0.01045816733067729 0.005985915492957746
41 0.09586653386454183 0.38045774647887326 0.00049800796812749 0.01795774647887324
24 0.47260956175298807 0.32799295774647885 0.0099601593625498 0.005985915492957746
24 0.5438247011952191 0.3221830985915493 0.0099601593625498 0.005633802816901409
116 0.5435756972111554 0.2964788732394366 0.005478087649402391 0.007042253521126761
87 0.5428286852589641 0.3704225352112676 0.0099601593625498 0.011267605633802818
41 0.3498505976095618 0.31197183098591547 0.00049800796812749 0.011971830985915493
24 0.47260956175298807 0.3818661971830986 0.0099601593625498 0.005985915492957746
41 0.5485557768924303 0.31302816901408453 0.00049800796812749 0.01619718309859155
41 0.44721115537848605 0.38116197183098594 0.00099601593625498 0.02147887323943662
24 0.5231573705179283 0.3221830985915493 0.01045816733067729 0.005633802816901409
117 0.5231573705179283 0.2964788732394366 0.005478087649402391 0.007042253521126761
41 0.5281374501992032 0.31302816901408453 0.00049800796812749 0.01619718309859155
41 0.5087151394422311 0.3619718309859155 0.00049800796812749 0.018309859154929577
26 0.5037350597609562 0.3730633802816901 0.01045816733067729 0.005985915492957746
87 0.5029880478087649 0.3049295774647887 0.0099601593625498 0.011267605633802818
41 0.4773406374501992 0.3711267605633803 0.00049800796812749 0.019014084507042252
41 0.4773406374501992 0.3172535211267606 0.00049800796812749 0.019014084507042252
41 0.39516932270916333 0.3170774647887324 0.00049800796812749 0.017253521126760565
24 0.3904382470119522 0.32799295774647885 0.0099601593625498 0.005985915492957746
24 0.5639940239043825 0.3221830985915493 0.01045816733067729 0.005633802816901409
61 0.3583167330677291 0.32517605633802815 0.006474103585657371 0.025704225352112677
115 0.5637450199203188 0.2964788732394366 0.00398406374501992 0.007042253521126761
41 0.35034860557768926 0.3857394366197183 0.00049800796812749 0.03063380281690141
41 0.37475099601593626 0.31514084507042256 0.00049800796812749 0.015492957746478873
26 0.36977091633466136 0.32517605633802815 0.01045816733067729 0.005985915492957746
24 0.5639940239043825 0.3994718309859155 0.01045816733067729 0.005985915492957746
41 0.5687250996015937 0.31302816901408453 0.00099601593625498 0.01619718309859155
41 0.44721115537848605 0.3112676056338028 0.00099601593625498 0.018309859154929577
24 0.4424800796812749 0.39348591549295775 0.01045816733067729 0.005985915492957746
24 0.4424800796812749 0.3221830985915493 0.01045816733067729 0.005633802816901409
41 0.4158366533864542 0.3165492957746479 0.00099601593625498 0.014084507042253521
26 0.41110557768924305 0.32517605633802815 0.01045816733067729 0.005985915492957746
134 0.49975099601593626 0.4579225352112676 0.9038844621513944 0.023591549295774648
134 0.49975099601593626 0.5117957746478873 0.9038844621513944 0.023591549295774648
1 0.8854581673306773 0.5294014084507043 0.01593625498007968 0.001056338028169014
1 0.2671812749003984 0.5294014084507043 0.015438247011952191 0.001056338028169014
1 0.2671812749003984 0.5352112676056338 0.015438247011952191 0.0007042253521126761
1 0.16857569721115537 0.5294014084507043 0.01643426294820717 0.001056338028169014
1 0.16857569721115537 0.5352112676056338 0.01643426294820717 0.0007042253521126761
1 0.16857569721115537 0.5410211267605634 0.01643426294820717 0.001056338028169014
1 0.8610557768924303 0.4753521126760563 0.01593625498007968 0.0007042253521126761
1 0.8386454183266933 0.4753521126760563 0.01593625498007968 0.0007042253521126761
1 0.8164840637450199 0.4753521126760563 0.015438247011952191 0.0007042253521126761
1 0.5908864541832669 0.4753521126760563 0.015438247011952191 0.0007042253521126761
119 0.6245019920318725 0.4394366197183099 0.0049800796812749 0.007042253521126761
41 0.6302290836653387 0.5091549295774648 0.00049800796812749 0.017605633802816902
41 0.6297310756972112 0.4526408450704225 0.00049800796812749 0.01795774647887324
30 0.625 0.5205985915492958 0.010956175298804782 0.006690140845070422
118 0.7193725099601593 0.4373239436619718 0.006474103585657371 0.007042253521126761
26 0.4569223107569721 0.4667253521126761 0.01045816733067729 0.005985915492957746
26 0.7193725099601593 0.4609154929577465 0.01045816733067729 0.005633802816901409
59 0.6802788844621513 0.5174295774647887 0.0069721115537848604 0.01936619718309859
41 0.6979581673306773 0.509330985915493 0.00049800796812749 0.01795774647887324
30 0.6927290836653387 0.5205985915492958 0.010956175298804782 0.006690140845070422
87 0.6917330677290837 0.44647887323943664 0.0099601593625498 0.011267605633802818
41 0.6635956175298805 0.4556338028169014 0.00049800796812749 0.018309859154929577
26 0.6586155378486056 0.4667253521126761 0.01045816733067729 0.005985915492957746
24 0.5014940239043825 0.4695422535211268 0.0099601593625498 0.005985915492957746
41 0.5286354581673307 0.460387323943662 0.00049800796812749 0.013732394366197184
28 0.5241533864541833 0.5176056338028169 0.01045816733067729 0.006338028169014085
117 0.5236553784860558 0.4394366197183099 0.005478087649402391 0.007042253521126761
24 0.5239043824701195 0.4695422535211268 0.0099601593625498 0.005985915492957746
41 0.5062250996015937 0.460387323943662 0.00049800796812749 0.01584507042253521
41 0.48406374501992033 0.4580985915492958 0.00099601593625498 0.014084507042253521
26 0.4793326693227092 0.4667253521126761 0.01045816733067729 0.005985915492957746
41 0.461902390438247 0.45774647887323944 0.00049800796812749 0.015492957746478873
121 0.21688247011952191 0.4410211267605634 0.044322709163346616 0.0031690140845070424
41 0.5958665338645418 0.4653169014084507 0.00049800796812749 0.016549295774647886
24 0.5908864541832669 0.4755281690140845 0.01045816733067729 0.005985915492957746
41 0.5734561752988048 0.4637323943661972 0.00049800796812749 0.013380281690140845
26 0.5684760956175299 0.4725352112676056 0.01045816733067729 0.005633802816901409
24 0.6247509960159362 0.4639084507042254 0.01045816733067729 0.005985915492957746
41 0.5510458167330677 0.4632042253521127 0.00049800796812749 0.014436619718309859
26 0.5460657370517928 0.4725352112676056 0.01045816733067729 0.005633802816901409
59 0.5117031872509961 0.514612676056338 0.007470119521912351 0.01936619718309859
41 0.5293824701195219 0.5070422535211268 0.00099601593625498 0.019014084507042252
24 0.8854581673306773 0.4695422535211268 0.0099601593625498 0.005985915492957746
41 0.9250498007968128 0.4612676056338028 0.00049800796812749 0.017605633802816902
24 0.9203187250996016 0.5234154929577465 0.0099601593625498 0.005985915492957746
26 0.9203187250996016 0.4725352112676056 0.0099601593625498 0.005633802816901409
41 0.8901892430278885 0.5209507042253522 0.00049800796812749 0.01795774647887324
41 0.8901892430278885 0.45880281690140845 0.00049800796812749 0.019014084507042252
26 0.8854581673306773 0.532218309859155 0.0099601593625498 0.005985915492957746
41 0.8657868525896414 0.46637323943661974 0.00049800796812749 0.013732394366197184
24 0.8610557768924303 0.4755281690140845 0.0099601593625498 0.005985915492957746
41 0.8436254980079682 0.4677816901408451 0.00099601593625498 0.01795774647887324
26 0.838894422310757 0.4783450704225352 0.01045816733067729 0.005985915492957746
121 0.3844621513944223 0.439612676056338 0.04282868525896414 0.005985915492957746
121 0.4728585657370518 0.44929577464788734 0.06723107569721115 0.005633802816901409
121 0.5622509960159362 0.4551056338028169 0.06673306772908366 0.00528169014084507
121 0.7447709163346613 0.44859154929577466 0.04033864541832669 0.008450704225352112
121 0.8324203187250996 0.45757042253521124 0.06723107569721115 0.0031690140845070424
41 0.9250498007968128 0.5128521126760563 0.00049800796812749 0.01936619718309859
41 0.7990537848605578 0.4637323943661972 0.00049800796812749 0.013380281690140845
28 0.7943227091633466 0.5235915492957747 0.010956175298804782 0.006338028169014085
26 0.7940737051792829 0.4725352112676056 0.01045816733067729 0.005633802816901409
41 0.7649402390438247 0.461443661971831 0.00099601593625498 0.018661971830985915
116 0.7597111553784861 0.43908450704225355 0.005478087649402391 0.007042253521126761
26 0.7602091633466136 0.4725352112676056 0.01045816733067729 0.005633802816901409
41 0.7447709163346613 0.45686619718309857 0.00049800796812749 0.01584507042253521
117 0.7397908366533864 0.4394366197183099 0.005478087649402391 0.007042253521126761
26 0.7397908366533864 0.4667253521126761 0.01045816733067729 0.005985915492957746
59 0.7074203187250996 0.4579225352112676 0.007470119521912351 0.01936619718309859
41 0.8214641434262948 0.46549295774647886 0.00049800796812749 0.01619718309859155
24 0.8164840637450199 0.4755281690140845 0.01045816733067729 0.005985915492957746
41 0.7243525896414342 0.4526408450704225 0.00049800796812749 0.014436619718309859
41 0.7995517928286853 0.5126760563380282 0.00049800796812749 0.019014084507042252
41 0.1735557768924303 0.5265845070422536 0.00049800796812749 0.029225352112676056
41 0.21688247011952191 0.4471830985915493 0.00049800796812749 0.011971830985915493
26 0.21190239043824702 0.4551056338028169 0.01045816733067729 0.005985915492957746
41 0.19447211155378485 0.446830985915493 0.00049800796812749 0.011971830985915493
119 0.1892430278884462 0.4323943661971831 0.0049800796812749 0.007042253521126761
26 0.18949203187250996 0.4551056338028169 0.01045816733067729 0.005985915492957746
41 0.16334661354581673 0.476056338028169 0.00099601593625498 0.014084507042253521
30 0.16832669322709162 0.5440140845070423 0.010956175298804782 0.006338028169014085
115 0.16832669322709162 0.477112676056338 0.00398406374501992 0.007042253521126761
30 0.16832669322709162 0.4667253521126761 0.010956175298804782 0.006690140845070422
115 0.26743027888446214 0.47992957746478876 0.00398406374501992 0.007042253521126761
41 0.2622011952191235 0.4783450704225352 0.00049800796812749 0.013028169014084507
41 0.2721613545816733 0.4498239436619718 0.00049800796812749 0.01795774647887324
24 0.2671812749003984 0.5352112676056338 0.01045816733067729 0.005633802816901409
87 0.16733067729083664 0.44647887323943664 0.0099601593625498 0.011267605633802818
28 0.26743027888446214 0.4697183098591549 0.010956175298804782 0.006338028169014085
117 0.2671812749003984 0.4394366197183099 0.005478087649402391 0.007042253521126761
26 0.2671812749003984 0.4609154929577465 0.01045816733067729 0.005633802816901409
41 0.23929282868525897 0.44911971830985914 0.00049800796812749 0.014436619718309859
24 0.23431274900398405 0.4579225352112676 0.01045816733067729 0.005985915492957746
5 0.06573705179282868 0.4584507042253521 0.022908366533864542 0.05
8 0.06897410358565736 0.5125 0.029382470119521914 0.02640845070422535
26 0.10059760956175298 0.4551056338028169 0.0099601593625498 0.005985915492957746
0 0.04083665338645418 0.4848591549295775 0.008964143426294821 0.07746478873239436
41 0.13919322709163345 0.4471830985915493 0.00049800796812749 0.016901408450704224
24 0.1344621513944223 0.4579225352112676 0.0099601593625498 0.005985915492957746
41 0.10582669322709164 0.5119718309859155 0.00049800796812749 0.017605633802816902
41 0.09586653386454183 0.4737676056338028 0.00049800796812749 0.014436619718309859
41 0.10532868525896415 0.4454225352112676 0.00049800796812749 0.016901408450704224
28 0.10084661354581673 0.5235915492957747 0.01045816733067729 0.006338028169014085
115 0.10059760956175298 0.47676056338028167 0.00398406374501992 0.007042253521126761
28 0.10084661354581673 0.4637323943661972 0.01045816733067729 0.006338028169014085
118 0.10034860557768924 0.4394366197183099 0.006474103585657371 0.007042253521126761
41 0.4056274900398406 0.4515845070422535 0.00049800796812749 0.01936619718309859
24 0.40089641434262946 0.4639084507042254 0.0099601593625498 0.005985915492957746
41 0.385707171314741 0.44647887323943664 0.00049800796812749 0.013380281690140845
26 0.38072709163346613 0.4551056338028169 0.01045816733067729 0.005985915492957746
41 0.363296812749004 0.4454225352112676 0.00049800796812749 0.015492957746478873
26 0.3583167330677291 0.4551056338028169 0.01045816733067729 0.005985915492957746
41 0.3423804780876494 0.5035211267605634 0.00049800796812749 0.017605633802816902
41 0.43999003984063745 0.5035211267605634 0.00049800796812749 0.017605633802816902
41 0.43949203187250996 0.4545774647887324 0.00049800796812749 0.014084507042253521
30 0.4347609561752988 0.5147887323943662 0.010956175298804782 0.006338028169014085
117 0.43451195219123506 0.4394366197183099 0.005478087649402391 0.007042253521126761
24 0.43451195219123506 0.4639084507042254 0.01045816733067729 0.005985915492957746
41 0.3070219123505976 0.5123239436619719 0.00049800796812749 0.018309859154929577
41 0.3070219123505976 0.4526408450704225 0.00049800796812749 0.01795774647887324
24 0.3020418326693227 0.5234154929577465 0.01045816733067729 0.005985915492957746
24 0.3020418326693227 0.4639084507042254 0.01045816733067729 0.005985915492957746
41 0.2721613545816733 0.5230633802816902 0.00049800796812749 0.022183098591549297
87 0.33615537848605576 0.44647887323943664 0.0099601593625498 0.011267605633802818
85 0.33789840637450197 0.4679577464788732 0.01245019920318725 0.0028169014084507044
30 0.33715139442231074 0.5147887323943662 0.010956175298804782 0.006338028169014085
134 0.499003984063745 0.5996478873239437 0.9023904382470119 0.02323943661971831
2 0.27639442231075695 0.596830985915493 0.0049800796812749 0.0028169014084507044
2 0.27639442231075695 0.6024647887323944 0.0049800796812749 0.0028169014084507044
2 0.27639442231075695 0.6528169014084507 0.0049800796812749 0.0028169014084507044
2 0.27639442231075695 0.6586267605633803 0.0049800796812749 0.0024647887323943664
134 0.49975099601593626 0.6558098591549296 0.9038844621513944 0.023591549295774648
1 0.5079681274900398 0.6732394366197183 0.021912350597609563 0.0007042253521126761
1 0.5079681274900398 0.6788732394366197 0.021912350597609563 0.0007042253521126761
1 0.1339641434262948 0.6732394366197183 0.021912350597609563 0.0007042253521126761
1 0.1339641434262948 0.6788732394366197 0.021912350597609563 0.0007042253521126761
1 0.10059760956175298 0.6732394366197183 0.01593625498007968 0.0007042253521126761
1 0.10059760956175298 0.6788732394366197 0.01593625498007968 0.0007042253521126761
1 0.10059760956175298 0.6170774647887324 0.01593625498007968 0.001056338028169014
115 0.6972111553784861 0.5809859154929577 0.00398406374501992 0.007042253521126761
24 0.6974601593625498 0.6054577464788733 0.01045816733067729 0.005985915492957746
121 0.21439243027888447 0.5938380281690141 0.07021912350597609 0.0038732394366197184
41 0.662101593625498 0.6105633802816901 0.00049800796812749 0.016901408450704224
24 0.6670816733067729 0.5996478873239437 0.01045816733067729 0.005633802816901409
41 0.7360557768924303 0.6079225352112676 0.00099601593625498 0.01232394366197183
117 0.7407868525896414 0.5809859154929577 0.005478087649402391 0.007042253521126761
24 0.7407868525896414 0.5996478873239437 0.01045816733067729 0.005633802816901409
41 0.7148904382470119 0.6107394366197183 0.00049800796812749 0.01232394366197183
116 0.7196215139442231 0.5806338028169014 0.0049800796812749 0.007042253521126761
26 0.7198705179282868 0.6026408450704225 0.01045816733067729 0.005985915492957746
47 0.7066733067729084 0.5950704225352113 0.0069721115537848604 0.019014084507042252
41 0.7024402390438247 0.594718309859155 0.00049800796812749 0.019014084507042252
24 0.56449203187251 0.6054577464788733 0.01045816733067729 0.005985915492957746
41 0.5973605577689243 0.597887323943662 0.00049800796812749 0.01619718309859155
116 0.5921314741035857 0.5799295774647887 0.0049800796812749 0.007042253521126761
26 0.5926294820717132 0.608274647887324 0.0099601593625498 0.005985915492957746
41 0.5256474103585658 0.5941901408450704 0.00049800796812749 0.01795774647887324
41 0.5692231075697212 0.5964788732394366 0.00099601593625498 0.015492957746478873
47 0.5298804780876494 0.5950704225352113 0.00796812749003984 0.019014084507042252
41 0.5480577689243028 0.5936619718309859 0.00049800796812749 0.013380281690140845
26 0.5433266932270916 0.6026408450704225 0.0099601593625498 0.005985915492957746
24 0.5209163346613546 0.6054577464788733 0.0099601593625498 0.005985915492957746
53 0.6471613545816733 0.6073943661971831 0.01045816733067729 0.018309859154929577
41 0.6411852589641435 0.6080985915492958 0.00049800796812749 0.017605633802816902
118 0.6456673306772909 0.5809859154929577 0.006474103585657371 0.007042253521126761
26 0.6459163346613546 0.5966549295774648 0.0099601593625498 0.005985915492957746
41 0.6182768924302788 0.596830985915493 0.00049800796812749 0.01267605633802817
115 0.6132968127490039 0.5809859154929577 0.004482071713147411 0.007042253521126761
24 0.6135458167330677 0.6054577464788733 0.0099601593625498 0.005985915492957746
63 0.5796812749003984 0.6075704225352113 0.008964143426294821 0.023591549295774648
26 0.8944223107569721 0.5966549295774648 0.0099601593625498 0.005985915492957746
41 0.9106075697211156 0.6088028169014085 0.00049800796812749 0.013380281690140845
24 0.9153386454183267 0.5996478873239437 0.0099601593625498 0.005633802816901409
41 0.8894422310756972 0.6065140845070423 0.00099601593625498 0.017253521126760565
26 0.936503984063745 0.5966549295774648 0.01045816733067729 0.005985915492957746
41 0.8682768924302788 0.6058098591549296 0.00049800796812749 0.02007042253521127
85 0.8742529880478087 0.6540492957746479 0.01245019920318725 0.0031690140845070424
118 0.87300796812749 0.5809859154929577 0.00597609561752988 0.007042253521126761
121 0.4061254980079681 0.5938380281690141 0.07021912350597609 0.0038732394366197184
121 0.5834163346613546 0.5880281690140845 0.07021912350597609 0.004225352112676056
121 0.7465139442231076 0.6147887323943662 0.06274900398406374 0.006338028169014085
121 0.8999003984063745 0.6165492957746479 0.06274900398406374 0.0028169014084507044
24 0.8732569721115537 0.5938380281690141 0.01045816733067729 0.005985915492957746
41 0.9315239043824701 0.6073943661971831 0.00049800796812749 0.019014084507042252
41 0.8080179282868526 0.602112676056338 0.00049800796812749 0.018309859154929577
40 0.826195219123506 0.5908450704225352 0.0049800796812749 0.0028169014084507044
119 0.8127490039840638 0.5809859154929577 0.0049800796812749 0.007042253521126761
26 0.8129980079681275 0.5910211267605634 0.01045816733067729 0.005985915492957746
41 0.7781374501992032 0.604225352112676 0.00049800796812749 0.01619718309859155
118 0.7828685258964143 0.5809859154929577 0.00597609561752988 0.007042253521126761
24 0.7831175298804781 0.5938380281690141 0.01045816733067729 0.005985915492957746
41 0.7572211155378487 0.6065140845070423 0.00049800796812749 0.014436619718309859
115 0.7614541832669323 0.5809859154929577 0.00398406374501992 0.007042253521126761
53 0.8533366533864541 0.6073943661971831 0.01045816733067729 0.018309859154929577
41 0.8473605577689243 0.6079225352112676 0.00049800796812749 0.01795774647887324
26 0.8523406374501992 0.5966549295774648 0.01045816733067729 0.005985915492957746
86 0.8356573705179283 0.6558098591549296 0.0099601593625498 0.01795774647887324
26 0.7619521912350598 0.5966549295774648 0.0099601593625498 0.005985915492957746
41 0.22833665338645417 0.6031690140845071 0.00049800796812749 0.017605633802816902
116 0.22310756972111553 0.5806338028169014 0.0049800796812749 0.007042253521126761
26 0.22335657370517928 0.6142605633802817 0.01045816733067729 0.005985915492957746
41 0.20019920318725098 0.6017605633802817 0.00099601593625498 0.01619718309859155
24 0.19546812749003983 0.6112676056338028 0.01045816733067729 0.005633802816901409
41 0.17903386454183268 0.5994718309859155 0.00049800796812749 0.013028169014084507
26 0.17430278884462153 0.608274647887324 0.0099601593625498 0.005985915492957746
47 0.16110557768924302 0.6007042253521127 0.007470119521912351 0.019014084507042252
41 0.15662350597609562 0.6001760563380282 0.00049800796812749 0.01795774647887324
117 0.15164342629482072 0.5809859154929577 0.005478087649402391 0.007042253521126761
26 0.2925796812749004 0.5966549295774648 0.01045816733067729 0.005985915492957746
53 0.2935756972111554 0.6073943661971831 0.01045816733067729 0.018309859154929577
32 0.5077191235059761 0.6788732394366197 0.01444223107569721 0.006338028169014085
119 0.29233067729083667 0.5809859154929577 0.0049800796812749 0.007042253521126761
24 0.15189243027888447 0.6112676056338028 0.0099601593625498 0.005633802816901409
41 0.24925298804780877 0.6019366197183098 0.00049800796812749 0.013732394366197184
115 0.24427290836653387 0.5809859154929577 0.004482071713147411 0.007042253521126761
24 0.24452191235059761 0.6112676056338028 0.0099601593625498 0.005633802816901409
63 0.2106573705179283 0.6133802816901408 0.008964143426294821 0.023943661971830985
8 0.06897410358565736 0.6561619718309859 0.029382470119521914 0.02640845070422535
5 0.06573705179282868 0.6 0.022908366533864542 0.05
0 0.04058764940239044 0.6278169014084507 0.009462151394422311 0.0795774647887324
32 0.13371513944223107 0.6788732394366197 0.01444223107569721 0.006338028169014085
87 0.13097609561752988 0.5880281690140845 0.0099601593625498 0.011267605633802818
41 0.2875996015936255 0.6073943661971831 0.00049800796812749 0.019014084507042252
41 0.10532868525896415 0.6663732394366197 0.00049800796812749 0.020774647887323944
41 0.10532868525896415 0.6058098591549296 0.00049800796812749 0.01795774647887324
24 0.10059760956175298 0.6790492957746479 0.0099601593625498 0.005985915492957746
24 0.10059760956175298 0.6170774647887324 0.0099601593625498 0.005985915492957746
119 0.4693725099601594 0.5809859154929577 0.005478087649402391 0.007042253521126761
24 0.46962151394422313 0.5996478873239437 0.0099601593625498 0.005633802816901409
41 0.4414840637450199 0.602112676056338 0.00049800796812749 0.014084507042253521
115 0.4362549800796813 0.5809859154929577 0.00398406374501992 0.007042253521126761
24 0.436503984063745 0.6112676056338028 0.01045816733067729 0.005633802816901409
63 0.4026394422310757 0.6133802816901408 0.00846613545816733 0.023943661971830985
41 0.42056772908366535 0.6033450704225352 0.00049800796812749 0.01795774647887324
26 0.41558764940239046 0.6142605633802817 0.01045816733067729 0.005985915492957746
41 0.3921812749003984 0.6014084507042253 0.00049800796812749 0.015492957746478873
41 0.4955179282868526 0.5917253521126761 0.00099601593625498 0.018661971830985915
26 0.49078685258964144 0.6026408450704225 0.01045816733067729 0.005985915492957746
53 0.4706175298804781 0.6095070422535211 0.0099601593625498 0.018309859154929577
41 0.46489043824701193 0.6098591549295774 0.00049800796812749 0.018309859154929577
41 0.3085159362549801 0.610387323943662 0.00049800796812749 0.017253521126760565
24 0.3438745019920319 0.6112676056338028 0.01045816733067729 0.005633802816901409
41 0.3488545816733068 0.6007042253521127 0.00049800796812749 0.019014084507042252
24 0.313496015936255 0.5996478873239437 0.01045816733067729 0.005633802816901409
24 0.3872011952191235 0.6112676056338028 0.01045816733067729 0.005633802816901409
47 0.3528386454183267 0.6007042253521127 0.007470119521912351 0.019014084507042252
26 0.36628486055776893 0.608274647887324 0.01045816733067729 0.005985915492957746
118 0.3660358565737052 0.5809859154929577 0.00597609561752988 0.007042253521126761
41 0.37126494023904383 0.6 0.00049800796812749 0.014084507042253521
2 0.10682270916334662 0.7943661971830986 0.004482071713147411 0.0028169014084507044
2 0.10682270916334662 0.8003521126760563 0.004482071713147411 0.0028169014084507044
2 0.10682270916334662 0.7404929577464788 0.004482071713147411 0.0028169014084507044
2 0.10682270916334662 0.7464788732394366 0.004482071713147411 0.0028169014084507044
134 0.49975099601593626 0.7973591549295774 0.9038844621513944 0.023591549295774648
1 0.1272410358565737 0.8147887323943662 0.015438247011952191 0.0007042253521126761
134 0.5 0.7434859154929577 0.9043824701195219 0.023591549295774648
41 0.5659860557768924 0.7998239436619718 0.00049800796812749 0.01795774647887324
59 0.5587649402390438 0.7431338028169014 0.0069721115537848604 0.01936619718309859
41 0.5759462151394422 0.7352112676056338 0.00049800796812749 0.018309859154929577
40 0.5844123505976095 0.7464788732394366 0.004482071713147411 0.0028169014084507044
115 0.5712151394422311 0.7785211267605634 0.00398406374501992 0.007042253521126761
30 0.5712151394422311 0.788556338028169 0.010956175298804782 0.006690140845070422
26 0.5709661354581673 0.7463028169014084 0.01045816733067729 0.005985915492957746
53 0.45343625498007967 0.7514084507042254 0.01045816733067729 0.018309859154929577
41 0.4474601593625498 0.7515845070422535 0.00049800796812749 0.01795774647887324
26 0.4524402390438247 0.7404929577464788 0.01045816733067729 0.005633802816901409
47 0.851593625498008 0.7419014084507042 0.0069721115537848604 0.019014084507042252
41 0.8471115537848606 0.7411971830985915 0.00099601593625498 0.018309859154929577
26 0.8423804780876494 0.7522887323943662 0.01045816733067729 0.005985915492957746
63 0.5580179282868526 0.7878521126760564 0.00846613545816733 0.023591549295774648
5 0.06573705179282868 0.7438380281690141 0.022908366533864542 0.049647887323943665
26 0.1272410358565737 0.7346830985915493 0.01045816733067729 0.005985915492957746
8 0.06897410358565736 0.7980633802816901 0.029382470119521914 0.02640845070422535
0 0.04083665338645418 0.7704225352112676 0.008964143426294821 0.07746478873239436
119 0.12699203187250996 0.7785211267605634 0.0049800796812749 0.007042253521126761
41 0.35084661354581675 0.7920774647887324 0.00049800796812749 0.01795774647887324
116 0.3456175298804781 0.7785211267605634 0.0049800796812749 0.007042253521126761
24 0.34586653386454186 0.803169014084507 0.01045816733067729 0.005633802816901409
41 0.23481075697211157 0.7489436619718309 0.00049800796812749 0.017605633802816902
24 0.23954183266932272 0.7375 0.0099601593625498 0.005985915492957746
41 0.1322211155378486 0.8038732394366197 0.00049800796812749 0.018309859154929577
53 0.12823705179282868 0.7454225352112676 0.01045816733067729 0.018309859154929577
41 0.12226095617529881 0.7454225352112676 0.00049800796812749 0.019014084507042252
24 0.1272410358565737 0.8147887323943662 0.01045816733067729 0.005633802816901409
134 0.49975099601593626 0.8850352112676056 0.9038844621513944 0.023591549295774648
2 0.7482569721115537 0.9394366197183098 0.004482071713147411 0.0028169014084507044
2 0.7482569721115537 0.9452464788732394 0.004482071713147411 0.0024647887323943664
2 0.7482569721115537 0.882218309859155 0.004482071713147411 0.0024647887323943664
2 0.7482569721115537 0.8880281690140845 0.004482071713147411 0.0028169014084507044
1 0.5522908366533864 0.9248239436619718 0.01593625498007968 0.001056338028169014
1 0.2079183266932271 0.9248239436619718 0.01643426294820717 0.001056338028169014
134 0.49975099601593626 0.9424295774647887 0.9038844621513944 0.023591549295774648
41 0.586902390438247 0.9448943661971831 0.00049800796812749 0.01795774647887324
115 0.724601593625498 0.8663732394366197 0.00398406374501992 0.007394366197183098
41 0.6441733067729084 0.8848591549295775 0.00049800796812749 0.013380281690140845
30 0.639691235059761 0.9452464788732394 0.01045816733067729 0.006690140845070422
118 0.6391932270916335 0.8663732394366197 0.006474103585657371 0.007394366197183098
26 0.6394422310756972 0.893838028169014 0.0099601593625498 0.005985915492957746
24 0.6118027888446215 0.8966549295774648 0.01045816733067729 0.005985915492957746
115 0.6115537848605578 0.8663732394366197 0.00398406374501992 0.007394366197183098
41 0.6167828685258964 0.8859154929577465 0.00049800796812749 0.019014084507042252
47 0.6210159362549801 0.8862676056338028 0.00796812749003984 0.019014084507042252
24 0.7248505976095617 0.8966549295774648 0.01045816733067729 0.005985915492957746
63 0.6860059760956175 0.8987676056338029 0.00846613545816733 0.023591549295774648
41 0.7036852589641435 0.8894366197183099 0.00099601593625498 0.016901408450704224
26 0.6989541832669323 0.8996478873239436 0.01045816733067729 0.005633802816901409
41 0.6705677290836654 0.8875 0.00049800796812749 0.014436619718309859
24 0.6655876494023905 0.8966549295774648 0.01045816733067729 0.005985915492957746
41 0.6449203187250996 0.9345070422535211 0.00099601593625498 0.019014084507042252
40 0.5654880478087649 0.8880281690140845 0.004482071713147411 0.0028169014084507044
115 0.5520418326693227 0.9149647887323944 0.004482071713147411 0.006690140845070422
24 0.5522908366533864 0.9248239436619718 0.0099601593625498 0.005985915492957746
24 0.5522908366533864 0.8910211267605633 0.0099601593625498 0.005985915492957746
41 0.5094621513944223 0.9387323943661972 0.00099601593625498 0.018309859154929577
41 0.5570219123505976 0.8802816901408451 0.00049800796812749 0.019014084507042252
41 0.5191733067729084 0.8779929577464789 0.00049800796812749 0.01584507042253521
116 0.5139442231075697 0.9176056338028169 0.0049800796812749 0.007042253521126761
26 0.5141932270916335 0.9276408450704225 0.01045816733067729 0.005985915492957746
26 0.5141932270916335 0.8878521126760563 0.01045816733067729 0.005985915492957746
121 0.2527390438247012 0.8704225352112676 0.0801792828685259 0.005633802816901409
26 0.5916334661354582 0.9336267605633802 0.0099601593625498 0.005985915492957746
116 0.5913844621513944 0.9234154929577465 0.005478087649402391 0.006690140845070422
41 0.5475597609561753 0.9355633802816902 0.00049800796812749 0.019014084507042252
59 0.859312749003984 0.9276408450704225 0.007470119521912351 0.01936619718309859
41 0.8665338645418327 0.9441901408450705 0.00099601593625498 0.025
26 0.9128486055776892 0.8996478873239436 0.0099601593625498 0.005633802816901409
41 0.8762450199203188 0.8853873239436619 0.00049800796812749 0.01795774647887324
118 0.8715139442231076 0.9204225352112676 0.00597609561752988 0.007042253521126761
116 0.8715139442231076 0.9095070422535211 0.0049800796812749 0.007042253521126761
28 0.8715139442231076 0.9306338028169014 0.010956175298804782 0.006338028169014085
28 0.8715139442231076 0.9364436619718309 0.010956175298804782 0.006690140845070422
117 0.8712649402390438 0.8665492957746479 0.005478087649402391 0.007042253521126761
24 0.8712649402390438 0.8966549295774648 0.01045816733067729 0.005985915492957746
121 0.4795816733067729 0.8704225352112676 0.0796812749003984 0.005633802816901409
121 0.4698705179282869 0.9505281690140845 0.07918326693227092 0.006690140845070422
121 0.6870019920318725 0.879225352112676 0.08515936254980079 0.004225352112676056
47 0.8545816733067729 0.8774647887323944 0.0069721115537848604 0.019014084507042252
41 0.9175796812749004 0.8890845070422535 0.00049800796812749 0.019014084507042252
47 0.7866035856573705 0.8804577464788732 0.007470119521912351 0.01936619718309859
41 0.7821215139442231 0.9455985915492958 0.00049800796812749 0.01795774647887324
41 0.7821215139442231 0.8797535211267605 0.00049800796812749 0.01795774647887324
26 0.7773904382470119 0.9568661971830986 0.0099601593625498 0.005985915492957746
116 0.7768924302788844 0.8661971830985915 0.0049800796812749 0.007042253521126761
24 0.7773904382470119 0.8910211267605633 0.0099601593625498 0.005985915492957746
41 0.8503486055776892 0.8769366197183098 0.00049800796812749 0.018661971830985915
119 0.8451195219123506 0.8665492957746479 0.0049800796812749 0.007042253521126761
26 0.8453685258964143 0.8878521126760563 0.01045816733067729 0.005985915492957746
41 0.8299302788844621 0.9339788732394366 0.00049800796812749 0.01795774647887324
26 0.8249501992031872 0.9452464788732394 0.01045816733067729 0.005985915492957746
41 0.7298306772908366 0.8880281690140845 0.00049800796812749 0.014788732394366197
41 0.8097609561752988 0.8830985915492958 0.00099601593625498 0.019014084507042252
115 0.8047808764940239 0.8665492957746479 0.00398406374501992 0.007042253521126761
26 0.8047808764940239 0.893838028169014 0.0099601593625498 0.005985915492957746
26 0.2074203187250996 0.893838028169014 0.01045816733067729 0.005985915492957746
41 0.20268924302788843 0.9359154929577465 0.00099601593625498 0.018309859154929577
63 0.1947211155378486 0.8929577464788733 0.008964143426294821 0.023943661971830985
41 0.2124003984063745 0.8825704225352112 0.00049800796812749 0.02007042253521127
28 0.20766932270916336 0.9248239436619718 0.010956175298804782 0.006690140845070422
116 0.20717131474103587 0.8640845070422535 0.0049800796812749 0.007042253521126761
47 0.17629482071713148 0.8806338028169014 0.0069721115537848604 0.019014084507042252
41 0.17206175298804782 0.8797535211267605 0.00049800796812749 0.01795774647887324
115 0.16683266932270915 0.8663732394366197 0.00398406374501992 0.007394366197183098
24 0.1670816733067729 0.8910211267605633 0.01045816733067729 0.005985915492957746
118 0.261703187250996 0.8616197183098592 0.006474103585657371 0.007042253521126761
41 0.2930776892430279 0.8776408450704225 0.00049800796812749 0.017253521126760565
26 0.288097609561753 0.8878521126760563 0.01045816733067729 0.005985915492957746
41 0.2666832669322709 0.8764084507042254 0.00049800796812749 0.01267605633802817
41 0.14218127490039842 0.9507042253521126 0.00049800796812749 0.017605633802816902
24 0.26195219123505975 0.8850352112676056 0.0099601593625498 0.005985915492957746
41 0.23854581673306774 0.8802816901408451 0.00099601593625498 0.017605633802816902
115 0.23356573705179282 0.8630281690140845 0.00398406374501992 0.007042253521126761
24 0.23381474103585656 0.8910211267605633 0.01045816733067729 0.005985915492957746
8 0.06897410358565736 0.9427816901408451 0.029382470119521914 0.02640845070422535
5 0.06573705179282868 0.8853873239436619 0.022908366533864542 0.049647887323943665
0 0.04058764940239044 0.9137323943661971 0.009462151394422311 0.08098591549295775
26 0.14691235059760957 0.9392605633802817 0.0099601593625498 0.005985915492957746
41 0.12176294820717132 0.8934859154929577 0.00049800796812749 0.01795774647887324
26 0.1267430278884462 0.882218309859155 0.01045816733067729 0.005985915492957746
41 0.10532868525896415 0.9397887323943662 0.00049800796812749 0.017605633802816902
53 0.10159362549800798 0.8897887323943662 0.0099601593625498 0.018309859154929577
41 0.09586653386454183 0.8904929577464789 0.00049800796812749 0.017605633802816902
26 0.10059760956175298 0.951056338028169 0.0099601593625498 0.005633802816901409
24 0.10059760956175298 0.879225352112676 0.0099601593625498 0.005633802816901409
24 0.43500996015936255 0.9364436619718309 0.01045816733067729 0.005985915492957746
41 0.43002988047808766 0.9450704225352112 0.00049800796812749 0.014788732394366197
63 0.4220617529880478 0.8929577464788733 0.00846613545816733 0.023943661971830985
41 0.43999003984063745 0.882218309859155 0.00049800796812749 0.01936619718309859
115 0.4347609561752988 0.9235915492957747 0.00398406374501992 0.007042253521126761
26 0.43500996015936255 0.893838028169014 0.01045816733067729 0.005985915492957746
47 0.4038844621513944 0.8806338028169014 0.0069721115537848604 0.019014084507042252
41 0.399402390438247 0.8802816901408451 0.00099601593625498 0.019014084507042252
41 0.36927290836653387 0.9529929577464789 0.00049800796812749 0.017253521126760565
41 0.4833167330677291 0.9413732394366198 0.00049800796812749 0.016549295774647886
41 0.4932768924302789 0.8767605633802817 0.00049800796812749 0.013380281690140845
117 0.48804780876494025 0.920774647887324 0.0049800796812749 0.007042253521126761
24 0.488296812749004 0.9306338028169014 0.01045816733067729 0.005633802816901409
24 0.488296812749004 0.8850352112676056 0.01045816733067729 0.005985915492957746
24 0.3944223107569721 0.8910211267605633 0.0099601593625498 0.005985915492957746
41 0.45617529880478086 0.9431338028169014 0.00099601593625498 0.01584507042253521
41 0.4658864541832669 0.8799295774647887 0.00049800796812749 0.017605633802816902
118 0.460906374501992 0.9235915492957747 0.006474103585657371 0.007042253521126761
26 0.460906374501992 0.9336267605633802 0.01045816733067729 0.005985915492957746
24 0.460906374501992 0.8910211267605633 0.01045816733067729 0.005985915492957746
41 0.3314243027888446 0.9427816901408451 0.00049800796812749 0.01795774647887324
47 0.335906374501992 0.8774647887323944 0.007470119521912351 0.019014084507042252
24 0.37425298804780877 0.9424295774647887 0.01045816733067729 0.005985915492957746
26 0.3264442231075697 0.8878521126760563 0.01045816733067729 0.005985915492957746
24 0.3264442231075697 0.9540492957746479 0.01045816733067729 0.005985915492957746
41 0.3314243027888446 0.8772887323943662 0.00049800796812749 0.01936619718309859
24 0.35408366533864544 0.8910211267605633 0.0099601593625498 0.005985915492957746
41 0.3588147410358566 0.8802816901408451 0.00049800796812749 0.019014084507042252
