134 0.4997448979591837 0.057900432900432904 0.9045918367346939 0.024170274170274172
134 0.4997448979591837 0.17965367965367965 0.9045918367346939 0.023809523809523808
1 0.7122448979591837 0.04004329004329004 0.012244897959183673 0.0007215007215007215
1 0.6168367346938776 0.04004329004329004 0.012244897959183673 0.0007215007215007215
1 0.5926020408163265 0.04004329004329004 0.01173469387755102 0.0007215007215007215
1 0.11683673469387755 0.04004329004329004 0.012244897959183673 0.0007215007215007215
134 0.4997448979591837 0.12085137085137085 0.9045918367346939 0.023809523809523808
1 0.5923469387755103 0.102994227994228 0.012244897959183673 0.0010822510822510823
1 0.1433673469387755 0.102994227994228 0.012244897959183673 0.0010822510822510823
26 0.6877551020408164 0.10588023088023088 0.00816326530612245 0.005411255411255411
26 0.6877551020408164 0.17676767676767677 0.00816326530612245 0.005772005772005772
41 0.6839285714285714 0.05230880230880231 0.0005102040816326531 0.015151515151515152
41 0.6839285714285714 0.1167027417027417 0.0005102040816326531 0.01984126984126984
26 0.6877551020408164 0.04310966810966811 0.00816326530612245 0.005411255411255411
41 0.6596938775510204 0.05447330447330447 0.0010204081632653062 0.01443001443001443
24 0.6632653061224489 0.04599567099567099 0.00816326530612245 0.005411255411255411
41 0.6354591836734694 0.13185425685425686 0.0005102040816326531 0.017676767676767676
41 0.6354591836734694 0.057539682539682536 0.0005102040816326531 0.012626262626262626
26 0.7471938775510204 0.12391774891774891 0.007653061224489796 0.005411255411255411
41 0.7436224489795918 0.13113275613275613 0.0005102040816326531 0.012626262626262626
41 0.7436224489795918 0.06349206349206349 0.0005102040816326531 0.01875901875901876
26 0.7471938775510204 0.17676767676767677 0.007653061224489796 0.005772005772005772
24 0.7471938775510204 0.05194805194805195 0.007653061224489796 0.005772005772005772
41 0.7084183673469387 0.049783549783549784 0.0005102040816326531 0.015873015873015872
24 0.7122448979591837 0.04004329004329004 0.00816326530612245 0.005772005772005772
41 0.6839285714285714 0.18740981240981242 0.0005102040816326531 0.01984126984126984
41 0.5339285714285714 0.18181818181818182 0.0005102040816326531 0.01948051948051948
63 0.5265306122448979 0.11778499278499278 0.007142857142857143 0.01479076479076479
26 0.5622448979591836 0.04310966810966811 0.00816326530612245 0.005411255411255411
41 0.5339285714285714 0.12878787878787878 0.0005102040816326531 0.01948051948051948
41 0.5339285714285714 0.055014430014430016 0.0005102040816326531 0.015512265512265512
121 0.15076530612244898 0.1268037518037518 0.075 0.0018037518037518038
26 0.639030612244898 0.049062049062049064 0.007653061224489796 0.005772005772005772
41 0.6130102040816326 0.04888167388167388 0.0005102040816326531 0.01984126984126984
26 0.6168367346938776 0.03715728715728716 0.00816326530612245 0.005772005772005772
41 0.5885204081632653 0.18506493506493507 0.0005102040816326531 0.01875901875901876
41 0.5885204081632653 0.11417748917748918 0.0005102040816326531 0.01911976911976912
24 0.639030612244898 0.12085137085137085 0.007653061224489796 0.005772005772005772
63 0.5811224489795919 0.04004329004329004 0.007142857142857143 0.015151515151515152
41 0.5885204081632653 0.05032467532467533 0.0005102040816326531 0.016955266955266956
28 0.5943877551020408 0.1737012987012987 0.012244897959183673 0.006132756132756133
24 0.5923469387755103 0.102994227994228 0.00816326530612245 0.005411255411255411
24 0.5923469387755103 0.04004329004329004 0.00816326530612245 0.005772005772005772
41 0.5584183673469387 0.05212842712842713 0.0005102040816326531 0.016233766233766232
41 0.9329081632653061 0.1737012987012987 0.0005102040816326531 0.01406926406926407
26 0.9290816326530612 0.18272005772005773 0.00816326530612245 0.005411255411255411
41 0.9084183673469388 0.17622655122655123 0.0005102040816326531 0.01479076479076479
41 0.9010204081632653 0.1167027417027417 0.0010204081632653062 0.01984126984126984
41 0.9010204081632653 0.056818181818181816 0.0010204081632653062 0.01984126984126984
24 0.9048469387755103 0.1856060606060606 0.007653061224489796 0.005411255411255411
26 0.9048469387755103 0.10588023088023088 0.007653061224489796 0.005411255411255411
24 0.9048469387755103 0.04599567099567099 0.007653061224489796 0.005411255411255411
41 0.8841836734693878 0.17857142857142858 0.0010204081632653062 0.018037518037518036
26 0.8806122448979592 0.18867243867243869 0.00816326530612245 0.005772005772005772
41 0.8599489795918367 0.17712842712842713 0.0005102040816326531 0.013708513708513708
121 0.1836734693877551 0.1682900432900433 0.024489795918367346 0.003246753246753247
121 0.24948979591836734 0.1332972582972583 0.07346938775510205 0.003246753246753247
121 0.23239795918367348 0.1672077922077922 0.023979591836734693 0.003246753246753247
121 0.35816326530612247 0.13816738816738816 0.07346938775510205 0.002886002886002886
121 0.4558673469387755 0.12932900432900432 0.07295918367346939 0.006854256854256854
122 0.5048469387755102 0.16576479076479075 0.05357142857142857 0.003968253968253968
121 0.573469387755102 0.06096681096681097 0.07857142857142857 0.005772005772005772
121 0.6719387755102041 0.06204906204906205 0.07346938775510205 0.007936507936507936
122 0.7176020408163265 0.17045454545454544 0.055612244897959184 0.003968253968253968
121 0.7857142857142857 0.1387085137085137 0.08469387755102041 0.0018037518037518038
121 0.8206632653061224 0.16233766233766234 0.03010204081632653 0.002886002886002886
121 0.8961734693877551 0.16774891774891776 0.07295918367346939 0.004329004329004329
41 0.7979591836734694 0.13023088023088022 0.0010204081632653062 0.016594516594516596
41 0.7979591836734694 0.054292929292929296 0.0010204081632653062 0.01911976911976912
24 0.801530612244898 0.17965367965367965 0.00816326530612245 0.005772005772005772
24 0.801530612244898 0.12085137085137085 0.00816326530612245 0.005772005772005772
7 0.7826530612244897 0.05212842712842713 0.017346938775510204 0.0183982683982684
30 0.8035714285714286 0.04310966810966811 0.012244897959183673 0.006132756132756133
63 0.7663265306122449 0.11778499278499278 0.007142857142857143 0.01479076479076479
41 0.7737244897959183 0.12932900432900432 0.0005102040816326531 0.0183982683982684
26 0.7772959183673469 0.11796536796536797 0.007653061224489796 0.005772005772005772
41 0.7436224489795918 0.18740981240981242 0.0005102040816326531 0.01984126984126984
41 0.8599489795918367 0.11562049062049062 0.0005102040816326531 0.01911976911976912
24 0.8561224489795919 0.1856060606060606 0.00816326530612245 0.005411255411255411
24 0.8561224489795919 0.1268037518037518 0.00816326530612245 0.005411255411255411
63 0.8204081632653061 0.18253968253968253 0.007142857142857143 0.015151515151515152
41 0.8354591836734694 0.1718975468975469 0.0005102040816326531 0.017676767676767676
41 0.8280612244897959 0.13185425685425686 0.0010204081632653062 0.013347763347763348
26 0.8316326530612245 0.18272005772005773 0.00816326530612245 0.005411255411255411
26 0.8316326530612245 0.12391774891774891 0.00816326530612245 0.005411255411255411
41 0.8053571428571429 0.17045454545454544 0.0005102040816326531 0.016955266955266956
41 0.2125 0.06836219336219336 0.0005102040816326531 0.0183982683982684
41 0.19566326530612244 0.17784992784992784 0.0005102040816326531 0.017316017316017316
24 0.2163265306122449 0.05808080808080808 0.00816326530612245 0.005772005772005772
26 0.2163265306122449 0.11183261183261184 0.00816326530612245 0.005772005772005772
24 0.2163265306122449 0.1856060606060606 0.00816326530612245 0.005411255411255411
41 0.2125 0.12283549783549784 0.0005102040816326531 0.01984126984126984
41 0.18852040816326532 0.11886724386724387 0.0005102040816326531 0.015512265512265512
26 0.19209183673469388 0.18867243867243869 0.007653061224489796 0.005772005772005772
24 0.19209183673469388 0.10894660894660894 0.007653061224489796 0.005772005772005772
41 0.17142857142857143 0.17622655122655123 0.0010204081632653062 0.016233766233766232
41 0.2614795918367347 0.1902958152958153 0.0005102040816326531 0.0183982683982684
41 0.2614795918367347 0.12644300144300144 0.0005102040816326531 0.01406926406926407
26 0.5377551020408163 0.17063492063492064 0.00816326530612245 0.005772005772005772
41 0.2614795918367347 0.06313131313131314 0.0005102040816326531 0.01948051948051948
24 0.2653061224489796 0.17965367965367965 0.00816326530612245 0.005772005772005772
26 0.2653061224489796 0.11796536796536797 0.00816326530612245 0.005772005772005772
24 0.2653061224489796 0.05194805194805195 0.00816326530612245 0.005772005772005772
41 0.16403061224489796 0.11724386724386725 0.0005102040816326531 0.01875901875901876
41 0.24464285714285713 0.1737012987012987 0.0005102040816326531 0.01406926406926407
41 0.23698979591836736 0.12481962481962482 0.0005102040816326531 0.016594516594516596
26 0.24081632653061225 0.18272005772005773 0.00816326530612245 0.005411255411255411
24 0.24081632653061225 0.1148989898989899 0.00816326530612245 0.005411255411255411
41 0.2201530612244898 0.17622655122655123 0.0005102040816326531 0.016955266955266956
8 0.06505102040816327 0.05483405483405483 0.020918367346938777 0.015151515151515152
69 0.0875 0.05194805194805195 0.007653061224489796 0.015151515151515152
5 0.06505102040816327 0.12157287157287157 0.020918367346938777 0.03535353535353535
69 0.08775510204081632 0.10876623376623376 0.007142857142857143 0.01479076479076479
8 0.06505102040816327 0.1764069264069264 0.020918367346938777 0.015151515151515152
69 0.0875 0.17352092352092352 0.007653061224489796 0.015151515151515152
122 0.9298469387755102 0.04112554112554113 0.03826530612244898 0.0036075036075036075
122 0.10408163265306122 0.1884920634920635 0.02142857142857143 0.003246753246753247
0 0.04030612244897959 0.15025252525252525 0.00816326530612245 0.08261183261183261
41 0.16403061224489796 0.06872294372294373 0.0005102040816326531 0.017676767676767676
24 0.16785714285714284 0.1856060606060606 0.00816326530612245 0.005411255411255411
26 0.16785714285714284 0.10588023088023088 0.00816326530612245 0.005411255411255411
24 0.16785714285714284 0.05808080808080808 0.00816326530612245 0.005772005772005772
41 0.13954081632653062 0.11580086580086581 0.0005102040816326531 0.021645021645021644
24 0.1433673469387755 0.102994227994228 0.00816326530612245 0.005411255411255411
41 0.12066326530612245 0.17153679653679654 0.0005102040816326531 0.01911976911976912
41 0.11301020408163265 0.11868686868686869 0.0005102040816326531 0.015873015873015872
41 0.11301020408163265 0.048340548340548344 0.0005102040816326531 0.01875901875901876
26 0.11683673469387755 0.18272005772005773 0.00816326530612245 0.005411255411255411
24 0.11683673469387755 0.10894660894660894 0.00816326530612245 0.005772005772005772
26 0.11683673469387755 0.03715728715728716 0.00816326530612245 0.005772005772005772
41 0.42678571428571427 0.18037518037518038 0.0005102040816326531 0.01875901875901876
41 0.4191326530612245 0.1240981240981241 0.0005102040816326531 0.01443001443001443
24 0.4229591836734694 0.19155844155844157 0.00816326530612245 0.005772005772005772
24 0.4229591836734694 0.1148989898989899 0.00816326530612245 0.005411255411255411
86 0.4219387755102041 0.055375180375180376 0.007142857142857143 0.01479076479076479
41 0.39464285714285713 0.12842712842712842 0.0005102040816326531 0.018037518037518036
26 0.39846938775510204 0.11796536796536797 0.00816326530612245 0.005772005772005772
41 0.3701530612244898 0.13005050505050506 0.0005102040816326531 0.015512265512265512
24 0.3739795918367347 0.19155844155844157 0.00816326530612245 0.005772005772005772
24 0.3739795918367347 0.12085137085137085 0.00816326530612245 0.005772005772005772
26 0.5377551020408163 0.11796536796536797 0.00816326530612245 0.005772005772005772
24 0.5377551020408163 0.04599567099567099 0.00816326530612245 0.005411255411255411
41 0.4923469387755102 0.11688311688311688 0.0010204081632653062 0.01948051948051948
26 0.4959183673469388 0.10588023088023088 0.00816326530612245 0.005411255411255411
41 0.46811224489795916 0.1821789321789322 0.0005102040816326531 0.01875901875901876
41 0.3778061224489796 0.18091630591630592 0.0005102040816326531 0.01984126984126984
41 0.46811224489795916 0.11976911976911978 0.0005102040816326531 0.017316017316017316
41 0.46811224489795916 0.05447330447330447 0.0005102040816326531 0.01875901875901876
26 0.4716836734693878 0.17063492063492064 0.007653061224489796 0.005772005772005772
24 0.4716836734693878 0.10894660894660894 0.007653061224489796 0.005772005772005772
26 0.4716836734693878 0.04310966810966811 0.007653061224489796 0.005411255411255411
41 0.44362244897959185 0.12193362193362194 0.0005102040816326531 0.015873015873015872
26 0.4474489795918367 0.11201298701298701 0.00816326530612245 0.005411255411255411
41 0.32168367346938775 0.19065656565656566 0.0005102040816326531 0.017676767676767676
41 0.32168367346938775 0.13077200577200576 0.0005102040816326531 0.015512265512265512
41 0.32168367346938775 0.060425685425685424 0.0005102040816326531 0.0183982683982684
24 0.32551020408163267 0.17965367965367965 0.00816326530612245 0.005772005772005772
24 0.32551020408163267 0.12085137085137085 0.00816326530612245 0.005772005772005772
30 0.32755102040816325 0.049062049062049064 0.012244897959183673 0.005772005772005772
41 0.28596938775510206 0.12518037518037517 0.0005102040816326531 0.017316017316017316
24 0.2897959183673469 0.1148989898989899 0.00816326530612245 0.005411255411255411
41 0.3461734693877551 0.13203463203463203 0.0005102040816326531 0.012265512265512266
26 0.3497448979591837 0.12391774891774891 0.007653061224489796 0.005411255411255411
134 0.4997448979591837 0.3125901875901876 0.9045918367346939 0.024170274170274172
134 0.4997448979591837 0.37536075036075034 0.9045918367346939 0.024170274170274172
134 0.4997448979591837 0.43416305916305914 0.9045918367346939 0.024170274170274172
1 0.8418367346938775 0.29473304473304474 0.012244897959183673 0.0007215007215007215
1 0.5612244897959183 0.29473304473304474 0.012244897959183673 0.0007215007215007215
1 0.4418367346938776 0.29473304473304474 0.012244897959183673 0.0007215007215007215
1 0.9198979591836735 0.3575036075036075 0.012244897959183673 0.0007215007215007215
1 0.8808673469387756 0.3575036075036075 0.012755102040816327 0.0007215007215007215
1 0.7086734693877551 0.3575036075036075 0.012244897959183673 0.0007215007215007215
1 0.5242346938775511 0.3575036075036075 0.012755102040816327 0.0007215007215007215
1 0.3566326530612245 0.3575036075036075 0.012244897959183673 0.0007215007215007215
63 0.6561224489795918 0.3033910533910534 0.007142857142857143 0.015151515151515152
41 0.6635204081632653 0.38293650793650796 0.0005102040816326531 0.017676767676767676
41 0.6635204081632653 0.31475468975468973 0.0005102040816326531 0.01911976911976912
63 0.6561224489795918 0.3722943722943723 0.007142857142857143 0.015151515151515152
24 0.686734693877551 0.37536075036075034 0.00816326530612245 0.005411255411255411
41 0.6831632653061225 0.3847402597402597 0.0010204081632653062 0.016955266955266956
24 0.6420918367346938 0.3694083694083694 0.007653061224489796 0.005772005772005772
41 0.638265306122449 0.38095238095238093 0.0010204081632653062 0.021645021645021644
63 0.6308673469387756 0.36922799422799424 0.007653061224489796 0.01479076479076479
26 0.6673469387755102 0.30357142857142855 0.00816326530612245 0.005411255411255411
26 0.6673469387755102 0.37247474747474746 0.00816326530612245 0.005411255411255411
26 0.7280612244897959 0.36038961038961037 0.00816326530612245 0.005772005772005772
41 0.724234693877551 0.36922799422799424 0.0005102040816326531 0.015512265512265512
121 0.14260204081632652 0.4485930735930736 0.058673469387755105 0.006854256854256854
26 0.747704081632653 0.30357142857142855 0.007653061224489796 0.005411255411255411
24 0.747704081632653 0.3634559884559885 0.007653061224489796 0.005411255411255411
41 0.7441326530612244 0.3143939393939394 0.0005102040816326531 0.01984126984126984
41 0.4987244897959184 0.3805916305916306 0.0005102040816326531 0.012987012987012988
26 0.7086734693877551 0.30952380952380953 0.00816326530612245 0.005772005772005772
24 0.7086734693877551 0.3575036075036075 0.00816326530612245 0.005772005772005772
85 0.710204081632653 0.43253968253968256 0.011224489795918367 0.002886002886002886
41 0.7048469387755102 0.32016594516594515 0.0005102040816326531 0.01984126984126984
41 0.7048469387755102 0.36724386724386726 0.0005102040816326531 0.018037518037518036
26 0.5612244897959183 0.2916666666666667 0.00816326530612245 0.005411255411255411
24 0.5612244897959183 0.3694083694083694 0.00816326530612245 0.005772005772005772
41 0.5573979591836735 0.3024891774891775 0.0005102040816326531 0.01984126984126984
41 0.5206632653061225 0.30898268398268397 0.0005102040816326531 0.0183982683982684
41 0.5573979591836735 0.37734487734487737 0.0005102040816326531 0.01443001443001443
85 0.5260204081632653 0.43253968253968256 0.011224489795918367 0.002886002886002886
26 0.5811224489795919 0.37247474747474746 0.00816326530612245 0.005411255411255411
41 0.577295918367347 0.38077200577200576 0.0005102040816326531 0.01479076479076479
41 0.5206632653061225 0.369949494949495 0.0005102040816326531 0.020562770562770564
26 0.5418367346938775 0.3665223665223665 0.00816326530612245 0.005772005772005772
41 0.5380102040816327 0.37481962481962483 0.0005102040816326531 0.015151515151515152
41 0.6130102040816326 0.44516594516594515 0.0005102040816326531 0.017316017316017316
63 0.6056122448979592 0.43416305916305914 0.007142857142857143 0.01479076479076479
26 0.6168367346938776 0.2976190476190476 0.00816326530612245 0.005772005772005772
24 0.5244897959183673 0.3575036075036075 0.00816326530612245 0.005772005772005772
24 0.6168367346938776 0.37536075036075034 0.00816326530612245 0.005411255411255411
28 0.6188775510204082 0.43434343434343436 0.012244897959183673 0.005772005772005772
41 0.6130102040816326 0.30826118326118324 0.0005102040816326531 0.01984126984126984
26 0.5244897959183673 0.2976190476190476 0.00816326530612245 0.005772005772005772
41 0.6130102040816326 0.3847402597402597 0.0005102040816326531 0.016955266955266956
41 0.8966836734693877 0.3708513708513709 0.0005102040816326531 0.017316017316017316
26 0.9198979591836735 0.30357142857142855 0.00816326530612245 0.005411255411255411
24 0.9198979591836735 0.3575036075036075 0.00816326530612245 0.005772005772005772
24 0.9198979591836735 0.4401154401154401 0.00816326530612245 0.005772005772005772
41 0.9160714285714285 0.3143939393939394 0.0005102040816326531 0.01984126984126984
26 0.9005102040816326 0.3605699855699856 0.00816326530612245 0.005411255411255411
63 0.9086734693877551 0.3033910533910534 0.007142857142857143 0.015151515151515152
41 0.9160714285714285 0.3694083694083694 0.0005102040816326531 0.022366522366522368
24 0.8808673469387756 0.3575036075036075 0.007653061224489796 0.005772005772005772
24 0.8808673469387756 0.43416305916305914 0.007653061224489796 0.005411255411255411
41 0.877295918367347 0.30898268398268397 0.0005102040816326531 0.0183982683982684
41 0.877295918367347 0.3685064935064935 0.0005102040816326531 0.020562770562770564
41 0.877295918367347 0.4444444444444444 0.0005102040816326531 0.01875901875901876
63 0.8698979591836735 0.43416305916305914 0.007142857142857143 0.01479076479076479
121 0.9053571428571429 0.3813131313131313 0.05663265306122449 0.004329004329004329
121 0.8283163265306123 0.3838383838383838 0.058673469387755105 0.006493506493506494
121 0.7341836734693877 0.3795093795093795 0.058163265306122446 0.007936507936507936
121 0.6482142857142857 0.39321789321789324 0.06989795918367347 0.0021645021645021645
121 0.5487244897959184 0.38492063492063494 0.05663265306122449 0.00937950937950938
121 0.4686224489795918 0.38852813852813856 0.060714285714285714 0.0021645021645021645
121 0.38137755102040816 0.38311688311688313 0.05663265306122449 0.007936507936507936
121 0.300765306122449 0.38726551226551226 0.060714285714285714 0.0018037518037518038
121 0.16198979591836735 0.3190836940836941 0.01989795918367347 0.003246753246753247
41 0.9237244897959184 0.42947330447330445 0.0005102040816326531 0.01984126984126984
24 0.9375 0.3634559884559885 0.007653061224489796 0.005411255411255411
41 0.9339285714285714 0.37337662337662336 0.0005102040816326531 0.018037518037518036
26 0.8808673469387756 0.2976190476190476 0.007653061224489796 0.005772005772005772
8 0.9359693877551021 0.3088023088023088 0.01683673469387755 0.012265512265512266
41 0.7987244897959184 0.3786075036075036 0.0005102040816326531 0.01479076479076479
63 0.7913265306122449 0.36922799422799424 0.007142857142857143 0.01479076479076479
26 0.7673469387755102 0.3665223665223665 0.00816326530612245 0.005772005772005772
41 0.7635204081632653 0.37481962481962483 0.0005102040816326531 0.015151515151515152
26 0.8025510204081633 0.2976190476190476 0.00816326530612245 0.005772005772005772
24 0.8025510204081633 0.3694083694083694 0.00816326530612245 0.005772005772005772
86 0.801530612244898 0.4314574314574315 0.007142857142857143 0.015151515151515152
41 0.7987244897959184 0.30826118326118324 0.0005102040816326531 0.01984126984126984
41 0.8380102040816326 0.3740981240981241 0.0005102040816326531 0.017316017316017316
41 0.8380102040816326 0.43073593073593075 0.0005102040816326531 0.01875901875901876
26 0.8612244897959184 0.36038961038961037 0.00816326530612245 0.005772005772005772
41 0.8573979591836735 0.3713924963924964 0.0005102040816326531 0.01984126984126984
41 0.8183673469387756 0.3759018759018759 0.0010204081632653062 0.017316017316017316
26 0.8221938775510204 0.3665223665223665 0.007653061224489796 0.005772005772005772
41 0.7441326530612244 0.3722943722943723 0.0005102040816326531 0.015873015873015872
26 0.8418367346938775 0.2916666666666667 0.00816326530612245 0.005411255411255411
24 0.8418367346938775 0.3634559884559885 0.00816326530612245 0.005411255411255411
26 0.8418367346938775 0.41919191919191917 0.00816326530612245 0.005772005772005772
41 0.8380102040816326 0.3024891774891775 0.0005102040816326531 0.01984126984126984
40 0.21071428571428572 0.3665223665223665 0.003061224489795918 0.0021645021645021645
40 0.21071428571428572 0.30357142857142855 0.003061224489795918 0.0018037518037518038
41 0.1971938775510204 0.31782106782106784 0.0005102040816326531 0.01875901875901876
63 0.18979591836734694 0.3064574314574315 0.007142857142857143 0.01479076479076479
24 0.20076530612244897 0.4222582972582973 0.007653061224489796 0.005411255411255411
41 0.1971938775510204 0.3777056277056277 0.0005102040816326531 0.01875901875901876
41 0.1971938775510204 0.43308080808080807 0.0005102040816326531 0.01984126984126984
41 0.17168367346938776 0.4365079365079365 0.0005102040816326531 0.01875901875901876
41 0.17168367346938776 0.3777056277056277 0.0005102040816326531 0.01875901875901876
53 0.17551020408163265 0.38365800865800864 0.007142857142857143 0.006854256854256854
24 0.20076530612244897 0.30663780663780665 0.007653061224489796 0.005772005772005772
103 0.20076530612244897 0.29365079365079366 0.012755102040816327 0.010101010101010102
26 0.20076530612244897 0.3665223665223665 0.007653061224489796 0.005772005772005772
26 0.5025510204081632 0.37247474747474746 0.00816326530612245 0.005411255411255411
24 0.274234693877551 0.3694083694083694 0.007653061224489796 0.005772005772005772
28 0.2760204081632653 0.43434343434343436 0.012244897959183673 0.005772005772005772
41 0.27040816326530615 0.31457431457431456 0.0010204081632653062 0.01948051948051948
26 0.2739795918367347 0.30357142857142855 0.00816326530612245 0.005411255411255411
41 0.27040816326530615 0.3786075036075036 0.0010204081632653062 0.016955266955266956
26 0.22755102040816327 0.4431818181818182 0.00816326530612245 0.005411255411255411
41 0.23137755102040816 0.43235930735930733 0.0005102040816326531 0.01984126984126984
26 0.24336734693877551 0.30357142857142855 0.00816326530612245 0.005411255411255411
24 0.24336734693877551 0.3694083694083694 0.00816326530612245 0.005772005772005772
41 0.23954081632653063 0.3143939393939394 0.0005102040816326531 0.01984126984126984
53 0.24336734693877551 0.3208874458874459 0.007142857142857143 0.006854256854256854
41 0.23954081632653063 0.380050505050505 0.0005102040816326531 0.01984126984126984
53 0.24336734693877551 0.38672438672438675 0.007142857142857143 0.006493506493506494
5 0.06505102040816327 0.3759018759018759 0.020918367346938777 0.03535353535353535
69 0.0875 0.36327561327561325 0.007653061224489796 0.015151515151515152
8 0.06505102040816327 0.4310966810966811 0.020918367346938777 0.015151515151515152
69 0.08775510204081632 0.42803030303030304 0.007142857142857143 0.01479076479076479
69 0.0875 0.31836219336219335 0.007653061224489796 0.01479076479076479
24 0.11683673469387755 0.3005050505050505 0.00816326530612245 0.005772005772005772
24 0.11683673469387755 0.3634559884559885 0.00816326530612245 0.005411255411255411
24 0.11683673469387755 0.43416305916305914 0.00816326530612245 0.005411255411255411
0 0.04005102040816327 0.40494227994227994 0.008673469387755102 0.08261183261183261
41 0.11301020408163265 0.3115079365079365 0.0005102040816326531 0.01984126984126984
122 0.10204081632653061 0.2963564213564214 0.017346938775510204 0.0025252525252525255
7 0.0653061224489796 0.30663780663780665 0.02142857142857143 0.023088023088023088
41 0.15229591836734693 0.43903318903318905 0.0005102040816326531 0.017316017316017316
26 0.15612244897959185 0.30357142857142855 0.00816326530612245 0.005411255411255411
24 0.15612244897959185 0.4282106782106782 0.00816326530612245 0.005772005772005772
41 0.15229591836734693 0.31186868686868685 0.0005102040816326531 0.01479076479076479
24 0.17551020408163265 0.3005050505050505 0.00816326530612245 0.005772005772005772
26 0.17551020408163265 0.3665223665223665 0.00816326530612245 0.005772005772005772
26 0.17551020408163265 0.42514430014430016 0.00816326530612245 0.005411255411255411
41 0.17168367346938776 0.3098845598845599 0.0005102040816326531 0.016594516594516596
40 0.12653061224489795 0.36038961038961037 0.003061224489795918 0.0021645021645021645
41 0.11301020408163265 0.37427849927849927 0.0005102040816326531 0.01984126984126984
41 0.11301020408163265 0.44282106782106784 0.0005102040816326531 0.015512265512265512
26 0.13622448979591836 0.43127705627705626 0.00816326530612245 0.005411255411255411
41 0.13239795918367347 0.44065656565656564 0.0005102040816326531 0.016955266955266956
41 0.43801020408163266 0.30303030303030304 0.0005102040816326531 0.01875901875901876
41 0.4094387755102041 0.3786075036075036 0.0005102040816326531 0.01479076479076479
26 0.4418367346938776 0.2916666666666667 0.00816326530612245 0.005411255411255411
26 0.4418367346938776 0.37247474747474746 0.00816326530612245 0.005411255411255411
28 0.44387755102040816 0.43434343434343436 0.012244897959183673 0.005772005772005772
24 0.413265306122449 0.3694083694083694 0.00816326530612245 0.005772005772005772
41 0.43801020408163266 0.38077200577200576 0.0005102040816326531 0.01479076479076479
41 0.39005102040816325 0.3088023088023088 0.0005102040816326531 0.01875901875901876
24 0.3739795918367347 0.3634559884559885 0.00816326530612245 0.005411255411255411
41 0.3704081632653061 0.3731962481962482 0.0010204081632653062 0.017676767676767676
26 0.39387755102040817 0.2976190476190476 0.00816326530612245 0.005772005772005772
26 0.39387755102040817 0.3665223665223665 0.00816326530612245 0.005772005772005772
41 0.39005102040816325 0.37554112554112556 0.0005102040816326531 0.016594516594516596
41 0.47933673469387755 0.31493506493506496 0.0005102040816326531 0.01875901875901876
26 0.4635204081632653 0.3665223665223665 0.007653061224489796 0.005772005772005772
41 0.4596938775510204 0.3777056277056277 0.0010204081632653062 0.020923520923520924
26 0.48316326530612247 0.30357142857142855 0.00816326530612245 0.005411255411255411
24 0.48316326530612247 0.3694083694083694 0.00816326530612245 0.005772005772005772
41 0.47933673469387755 0.3791486291486291 0.0005102040816326531 0.018037518037518036
41 0.43801020408163266 0.44462481962481964 0.0005102040816326531 0.0183982683982684
41 0.33137755102040817 0.37932900432900435 0.0005102040816326531 0.015512265512265512
24 0.3352040816326531 0.3694083694083694 0.00816326530612245 0.005772005772005772
41 0.3114795918367347 0.37752525252525254 0.0005102040816326531 0.01911976911976912
24 0.29591836734693877 0.3634559884559885 0.00816326530612245 0.005411255411255411
41 0.3114795918367347 0.32305194805194803 0.0005102040816326531 0.0183982683982684
26 0.3153061224489796 0.3665223665223665 0.00816326530612245 0.005772005772005772
41 0.29209183673469385 0.37572150072150073 0.0005102040816326531 0.022727272727272728
24 0.3153061224489796 0.3125901875901876 0.00816326530612245 0.005411255411255411
41 0.27040816326530615 0.44462481962481964 0.0010204081632653062 0.0183982683982684
41 0.3528061224489796 0.36976911976911975 0.0005102040816326531 0.020923520923520924
26 0.3566326530612245 0.30357142857142855 0.00816326530612245 0.005411255411255411
41 0.3528061224489796 0.3143939393939394 0.0005102040816326531 0.01984126984126984
85 0.35816326530612247 0.43253968253968256 0.011224489795918367 0.002886002886002886
24 0.3566326530612245 0.3575036075036075 0.00816326530612245 0.005772005772005772
134 0.4997448979591837 0.5669191919191919 0.9045918367346939 0.024170274170274172
134 0.4997448979591837 0.6300505050505051 0.9045918367346939 0.024170274170274172
1 0.3280612244897959 0.612012987012987 0.012244897959183673 0.0010822510822510823
1 0.8061224489795918 0.6648629148629148 0.012244897959183673 0.0007215007215007215
1 0.8061224489795918 0.6708152958152959 0.012244897959183673 0.0010822510822510823
134 0.4997448979591837 0.6888528138528138 0.9045918367346939 0.024170274170274172
1 0.9015306122448979 0.549062049062049 0.012244897959183673 0.0007215007215007215
1 0.8775510204081632 0.549062049062049 0.012244897959183673 0.0007215007215007215
1 0.8535714285714285 0.549062049062049 0.012244897959183673 0.0007215007215007215
1 0.8301020408163265 0.549062049062049 0.012244897959183673 0.0007215007215007215
1 0.5658163265306122 0.549062049062049 0.012244897959183673 0.0007215007215007215
1 0.5420918367346939 0.549062049062049 0.012755102040816327 0.0007215007215007215
41 0.7543367346938775 0.5667388167388168 0.0005102040816326531 0.01443001443001443
86 0.7571428571428571 0.6861471861471862 0.007142857142857143 0.015151515151515152
24 0.7581632653061224 0.6298701298701299 0.00816326530612245 0.005772005772005772
26 0.7581632653061224 0.5580808080808081 0.00816326530612245 0.005772005772005772
41 0.7188775510204082 0.6244588744588745 0.0010204081632653062 0.01443001443001443
41 0.7114795918367347 0.5716089466089466 0.0005102040816326531 0.016955266955266956
26 0.7153061224489796 0.6329365079365079 0.00816326530612245 0.005411255411255411
24 0.7153061224489796 0.5611471861471862 0.00816326530612245 0.005411255411255411
41 0.6951530612244898 0.6271645021645021 0.0005102040816326531 0.01406926406926407
41 0.6875 0.5721500721500722 0.0005102040816326531 0.012265512265512266
24 0.6913265306122449 0.6358225108225108 0.00816326530612245 0.005411255411255411
121 0.574234693877551 0.56998556998557 0.07193877551020408 0.005772005772005772
121 0.46122448979591835 0.5813492063492064 0.06938775510204082 0.009018759018759018
121 0.3625 0.58495670995671 0.0760204081632653 0.0018037518037518038
121 0.6755102040816326 0.5795454545454546 0.07142857142857142 0.003246753246753247
41 0.7543367346938775 0.6397907647907648 0.0005102040816326531 0.017676767676767676
63 0.746938775510204 0.5579004329004329 0.007142857142857143 0.01479076479076479
24 0.5897959183673469 0.6298701298701299 0.00816326530612245 0.005772005772005772
41 0.6099489795918367 0.5643939393939394 0.0005102040816326531 0.01479076479076479
24 0.6137755102040816 0.5551948051948052 0.00816326530612245 0.005772005772005772
41 0.585969387755102 0.6403318903318903 0.0005102040816326531 0.01875901875901876
41 0.585969387755102 0.562049062049062 0.0005102040816326531 0.016594516594516596
26 0.6433673469387755 0.5580808080808081 0.00816326530612245 0.005772005772005772
26 0.5897959183673469 0.5521284271284271 0.00816326530612245 0.005411255411255411
121 0.24770408163265306 0.5772005772005772 0.06989795918367347 0.007936507936507936
41 0.5619897959183674 0.5598845598845599 0.0005102040816326531 0.01875901875901876
24 0.5658163265306122 0.549062049062049 0.00816326530612245 0.005772005772005772
41 0.6711734693877551 0.6296897546897547 0.0005102040816326531 0.01479076479076479
41 0.6635204081632653 0.5708874458874459 0.0005102040816326531 0.016233766233766232
26 0.6673469387755102 0.6388888888888888 0.00816326530612245 0.005772005772005772
24 0.6673469387755102 0.5611471861471862 0.00816326530612245 0.005411255411255411
26 0.6913265306122449 0.564033189033189 0.00816326530612245 0.005411255411255411
41 0.6471938775510204 0.6320346320346321 0.0005102040816326531 0.015873015873015872
63 0.6321428571428571 0.5579004329004329 0.007142857142857143 0.01479076479076479
41 0.6395408163265306 0.5687229437229437 0.0005102040816326531 0.01984126984126984
85 0.6448979591836734 0.687049062049062 0.011224489795918367 0.003246753246753247
24 0.6433673469387755 0.6417748917748918 0.00816326530612245 0.005772005772005772
41 0.897704081632653 0.5571789321789322 0.0005102040816326531 0.0183982683982684
24 0.9311224489795918 0.6358225108225108 0.00816326530612245 0.005411255411255411
26 0.9311224489795918 0.5521284271284271 0.00816326530612245 0.005411255411255411
41 0.897704081632653 0.696969696969697 0.0005102040816326531 0.01875901875901876
41 0.9053571428571429 0.6206709956709957 0.0005102040816326531 0.01479076479076479
41 0.9272959183673469 0.5598845598845599 0.0005102040816326531 0.013708513708513708
26 0.9015306122448979 0.6857864357864358 0.00816326530612245 0.005772005772005772
24 0.9015306122448979 0.6298701298701299 0.00816326530612245 0.005772005772005772
26 0.9015306122448979 0.5461760461760462 0.00816326530612245 0.005772005772005772
41 0.8813775510204082 0.6221139971139971 0.0005102040816326531 0.017676767676767676
41 0.8737244897959183 0.5582611832611832 0.0005102040816326531 0.015512265512265512
26 0.8775510204081632 0.6329365079365079 0.00816326530612245 0.005411255411255411
24 0.8775510204081632 0.549062049062049 0.00816326530612245 0.005772005772005772
121 0.8887755102040816 0.5676406926406926 0.07755102040816327 0.003246753246753247
121 0.7903061224489796 0.6479076479076479 0.07142857142857142 0.004329004329004329
121 0.7903061224489796 0.5710678210678211 0.07142857142857142 0.007936507936507936
121 0.6829081632653061 0.6197691197691197 0.07193877551020408 0.007936507936507936
63 0.9198979591836735 0.6358225108225108 0.007142857142857143 0.01479076479076479
41 0.9349489795918368 0.6235569985569985 0.0005102040816326531 0.022727272727272728
26 0.8061224489795918 0.5521284271284271 0.00816326530612245 0.005411255411255411
41 0.8022959183673469 0.6776695526695526 0.0005102040816326531 0.022005772005772004
41 0.8022959183673469 0.6365440115440115 0.0005102040816326531 0.021284271284271284
41 0.8022959183673469 0.5615079365079365 0.0005102040816326531 0.016955266955266956
24 0.8061224489795918 0.6648629148629148 0.00816326530612245 0.005772005772005772
24 0.8061224489795918 0.6239177489177489 0.00816326530612245 0.005411255411255411
41 0.7783163265306122 0.6383477633477633 0.0005102040816326531 0.01911976911976912
121 0.15 0.5800865800865801 0.07346938775510205 0.0021645021645021645
41 0.7783163265306122 0.5643939393939394 0.0005102040816326531 0.01479076479076479
26 0.7821428571428571 0.626984126984127 0.00816326530612245 0.005772005772005772
24 0.7821428571428571 0.5551948051948052 0.00816326530612245 0.005772005772005772
26 0.8535714285714285 0.6798340548340548 0.00816326530612245 0.005411255411255411
63 0.8423469387755103 0.6796536796536796 0.007142857142857143 0.015151515151515152
41 0.85 0.6906565656565656 0.0010204081632653062 0.01984126984126984
41 0.8573979591836735 0.6199494949494949 0.0005102040816326531 0.015512265512265512
41 0.85 0.556998556998557 0.0010204081632653062 0.01948051948051948
121 0.8961734693877551 0.612012987012987 0.0770408163265306 0.0018037518037518038
24 0.8535714285714285 0.6298701298701299 0.00816326530612245 0.005772005772005772
26 0.8535714285714285 0.5461760461760462 0.00816326530612245 0.005772005772005772
41 0.8262755102040816 0.6376262626262627 0.0005102040816326531 0.017676767676767676
41 0.8262755102040816 0.5597041847041847 0.0005102040816326531 0.016955266955266956
26 0.8301020408163265 0.626984126984127 0.00816326530612245 0.005772005772005772
24 0.8301020408163265 0.5492424242424242 0.00816326530612245 0.005411255411255411
41 0.2584183673469388 0.5701659451659452 0.0005102040816326531 0.015512265512265512
26 0.26224489795918365 0.6150793650793651 0.00816326530612245 0.005772005772005772
24 0.26224489795918365 0.5611471861471862 0.00816326530612245 0.005411255411255411
41 0.23469387755102042 0.5674603174603174 0.0010204081632653062 0.016594516594516596
26 0.23826530612244898 0.5580808080808081 0.00816326530612245 0.005772005772005772
41 0.21301020408163265 0.6323953823953824 0.0005102040816326531 0.01875901875901876
41 0.21301020408163265 0.564033189033189 0.0005102040816326531 0.01984126984126984
85 0.21836734693877552 0.687049062049062 0.011224489795918367 0.003246753246753247
26 0.21683673469387754 0.621031746031746 0.00816326530612245 0.005411255411255411
26 0.21683673469387754 0.5521284271284271 0.00816326530612245 0.005411255411255411
41 0.18698979591836734 0.573051948051948 0.0005102040816326531 0.01406926406926407
26 0.19081632653061226 0.564033189033189 0.00816326530612245 0.005411255411255411
30 0.33010204081632655 0.6798340548340548 0.012244897959183673 0.006132756132756133
41 0.324234693877551 0.6203102453102453 0.0005102040816326531 0.01911976911976912
41 0.324234693877551 0.5766594516594516 0.0005102040816326531 0.016233766233766232
26 0.3280612244897959 0.6091269841269841 0.00816326530612245 0.005411255411255411
24 0.3280612244897959 0.5670995670995671 0.00816326530612245 0.005772005772005772
41 0.2823979591836735 0.5726911976911977 0.0005102040816326531 0.01406926406926407
26 0.28622448979591836 0.564033189033189 0.00816326530612245 0.005411255411255411
41 0.2584183673469388 0.6257215007215007 0.0005102040816326531 0.01984126984126984
69 0.0875 0.560966810966811 0.007653061224489796 0.015151515151515152
69 0.0875 0.6827200577200577 0.007653061224489796 0.01479076479076479
8 0.06505102040816327 0.6854256854256854 0.020918367346938777 0.015151515151515152
69 0.08775510204081632 0.6177849927849928 0.007142857142857143 0.01479076479076479
5 0.06505102040816327 0.6305916305916306 0.020918367346938777 0.03535353535353535
26 0.11683673469387755 0.564033189033189 0.00816326530612245 0.005411255411255411
8 0.06505102040816327 0.5638528138528138 0.020918367346938777 0.015151515151515152
0 0.04030612244897959 0.6592712842712842 0.00816326530612245 0.08261183261183261
26 0.14285714285714285 0.5580808080808081 0.00816326530612245 0.005772005772005772
41 0.16301020408163266 0.6406926406926406 0.0005102040816326531 0.018037518037518036
41 0.16301020408163266 0.5716089466089466 0.0005102040816326531 0.016955266955266956
24 0.16683673469387755 0.6298701298701299 0.00816326530612245 0.005772005772005772
24 0.16683673469387755 0.5611471861471862 0.00816326530612245 0.005411255411255411
41 0.13903061224489796 0.5694444444444444 0.0005102040816326531 0.021284271284271284
41 0.11301020408163265 0.6971500721500722 0.0005102040816326531 0.0183982683982684
41 0.11301020408163265 0.6262626262626263 0.0005102040816326531 0.01875901875901876
41 0.11301020408163265 0.5725108225108225 0.0005102040816326531 0.015151515151515152
30 0.11887755102040816 0.6857864357864358 0.012244897959183673 0.005772005772005772
26 0.11683673469387755 0.6150793650793651 0.00816326530612245 0.005772005772005772
41 0.4961734693877551 0.5768398268398268 0.0005102040816326531 0.015873015873015872
24 0.5 0.5670995670995671 0.00816326530612245 0.005772005772005772
41 0.47219387755102044 0.6406926406926406 0.0005102040816326531 0.018037518037518036
41 0.47219387755102044 0.5741341991341992 0.0005102040816326531 0.016233766233766232
24 0.4760204081632653 0.6298701298701299 0.00816326530612245 0.005772005772005772
26 0.4760204081632653 0.564033189033189 0.00816326530612245 0.005411255411255411
41 0.44821428571428573 0.5712481962481962 0.0005102040816326531 0.016955266955266956
24 0.4520408163265306 0.5611471861471862 0.00816326530612245 0.005411255411255411
41 0.42653061224489797 0.6320346320346321 0.0010204081632653062 0.01948051948051948
41 0.5382653061224489 0.6848845598845599 0.0010204081632653062 0.01911976911976912
63 0.5308673469387755 0.6358225108225108 0.007653061224489796 0.01479076479076479
41 0.5456632653061224 0.6244588744588745 0.0005102040816326531 0.01875901875901876
41 0.324234693877551 0.6908369408369408 0.0005102040816326531 0.01948051948051948
41 0.5382653061224489 0.5577200577200577 0.0010204081632653062 0.020923520923520924
30 0.5438775510204081 0.6738816738816739 0.012244897959183673 0.005772005772005772
24 0.5420918367346939 0.6358225108225108 0.007653061224489796 0.005411255411255411
26 0.5418367346938775 0.5461760461760462 0.00816326530612245 0.005772005772005772
24 0.3563775510204082 0.5611471861471862 0.007653061224489796 0.005411255411255411
41 0.3767857142857143 0.6264430014430015 0.0005102040816326531 0.0183982683982684
41 0.42653061224489797 0.5654761904761905 0.0010204081632653062 0.024170274170274172
26 0.38035714285714284 0.6150793650793651 0.007653061224489796 0.005772005772005772
26 0.38035714285714284 0.564033189033189 0.007653061224489796 0.005411255411255411
61 0.34591836734693876 0.5607864357864358 0.006122448979591836 0.015512265512265512
41 0.3528061224489796 0.5734126984126984 0.0005102040816326531 0.022727272727272728
41 0.3767857142857143 0.5748556998556998 0.0005102040816326531 0.01984126984126984
63 0.3168367346938776 0.6796536796536796 0.007142857142857143 0.015151515151515152
24 0.40408163265306124 0.5670995670995671 0.00816326530612245 0.005772005772005772
63 0.3691326530612245 0.61489898989899 0.007653061224489796 0.01479076479076479
41 0.4005102040816326 0.5762987012987013 0.0010204081632653062 0.016955266955266956
26 0.4301020408163265 0.5521284271284271 0.00816326530612245 0.005411255411255411
26 0.4301020408163265 0.621031746031746 0.00816326530612245 0.005411255411255411
85 0.4316326530612245 0.687049062049062 0.011224489795918367 0.003246753246753247
134 0.4997448979591837 0.8216089466089466 0.9045918367346939 0.024170274170274172
134 0.4997448979591837 0.8843795093795094 0.9045918367346939 0.024170274170274172
1 0.851530612244898 0.9253246753246753 0.012244897959183673 0.0007215007215007215
1 0.8260204081632653 0.9253246753246753 0.012244897959183673 0.0007215007215007215
1 0.7548469387755102 0.9193722943722944 0.012755102040816327 0.0010822510822510823
1 0.7548469387755102 0.9253246753246753 0.012755102040816327 0.0007215007215007215
1 0.6336734693877552 0.9253246753246753 0.012244897959183673 0.0007215007215007215
1 0.9020408163265307 0.7976190476190477 0.012244897959183673 0.0007215007215007215
1 0.9020408163265307 0.8037518037518038 0.012244897959183673 0.0007215007215007215
1 0.6112244897959184 0.8037518037518038 0.012244897959183673 0.0007215007215007215
1 0.5867346938775511 0.8037518037518038 0.012244897959183673 0.0007215007215007215
1 0.5025510204081632 0.8037518037518038 0.012244897959183673 0.0007215007215007215
1 0.3989795918367347 0.7976190476190477 0.012244897959183673 0.0007215007215007215
1 0.3989795918367347 0.8037518037518038 0.012244897959183673 0.0007215007215007215
1 0.37448979591836734 0.8037518037518038 0.012244897959183673 0.0007215007215007215
1 0.35 0.8037518037518038 0.012244897959183673 0.0007215007215007215
1 0.2903061224489796 0.8037518037518038 0.012244897959183673 0.0007215007215007215
1 0.26581632653061227 0.8037518037518038 0.012244897959183673 0.0007215007215007215
1 0.19489795918367347 0.7976190476190477 0.012244897959183673 0.0007215007215007215
1 0.19464285714285715 0.8037518037518038 0.012755102040816327 0.0007215007215007215
1 0.16581632653061223 0.7976190476190477 0.012244897959183673 0.0007215007215007215
1 0.16581632653061223 0.8037518037518038 0.012244897959183673 0.0007215007215007215
1 0.1413265306122449 0.8037518037518038 0.012244897959183673 0.0007215007215007215
1 0.11683673469387755 0.8037518037518038 0.012244897959183673 0.0007215007215007215
134 0.4997448979591837 0.9431818181818182 0.9045918367346939 0.024170274170274172
41 0.7510204081632653 0.8865440115440115 0.0010204081632653062 0.01911976911976912
63 0.7436224489795918 0.8125901875901876 0.007653061224489796 0.01479076479076479
26 0.7127551020408164 0.8066378066378066 0.00816326530612245 0.005772005772005772
41 0.7089285714285715 0.8167388167388168 0.0005102040816326531 0.01875901875901876
41 0.7510204081632653 0.8228715728715729 0.0010204081632653062 0.01875901875901876
24 0.7548469387755102 0.9193722943722944 0.007653061224489796 0.005411255411255411
30 0.7566326530612245 0.8755411255411255 0.012244897959183673 0.005772005772005772
26 0.7548469387755102 0.8125901875901876 0.007653061224489796 0.005411255411255411
41 0.8 0.8201659451659452 0.0010204081632653062 0.024891774891774892
26 0.8035714285714286 0.8066378066378066 0.00816326530612245 0.005772005772005772
41 0.7755102040816326 0.8212481962481962 0.0010204081632653062 0.021284271284271284
24 0.7790816326530612 0.8097041847041847 0.00816326530612245 0.005411255411255411
41 0.7510204081632653 0.9316378066378066 0.0010204081632653062 0.022727272727272728
40 0.764795918367347 0.9163059163059163 0.003061224489795918 0.0021645021645021645
41 0.6073979591836735 0.8116883116883117 0.0005102040816326531 0.01948051948051948
26 0.6112244897959184 0.8006854256854257 0.00816326530612245 0.005411255411255411
41 0.5831632653061225 0.9422799422799423 0.0010204081632653062 0.01948051948051948
41 0.5831632653061225 0.8136724386724387 0.0010204081632653062 0.017676767676767676
24 0.5867346938775511 0.9312770562770563 0.00816326530612245 0.005411255411255411
24 0.5867346938775511 0.8037518037518038 0.00816326530612245 0.005772005772005772
41 0.5586734693877551 0.8158369408369408 0.0010204081632653062 0.016233766233766232
26 0.5622448979591836 0.8066378066378066 0.00816326530612245 0.005772005772005772
26 0.6637755102040817 0.8125901875901876 0.00816326530612245 0.005411255411255411
41 0.684438775510204 0.8192640692640693 0.0005102040816326531 0.016594516594516596
24 0.688265306122449 0.9312770562770563 0.00816326530612245 0.005411255411255411
24 0.688265306122449 0.8097041847041847 0.00816326530612245 0.005411255411255411
63 0.6525510204081633 0.8125901875901876 0.007142857142857143 0.01479076479076479
41 0.6599489795918367 0.8212481962481962 0.0005102040816326531 0.015512265512265512
41 0.684438775510204 0.9420995670995671 0.0005102040816326531 0.01984126984126984
41 0.6298469387755102 0.9365079365079365 0.0005102040816326531 0.01875901875901876
41 0.6298469387755102 0.8246753246753247 0.0005102040816326531 0.015151515151515152
24 0.6336734693877552 0.9253246753246753 0.00816326530612245 0.005772005772005772
24 0.6336734693877552 0.8156565656565656 0.00816326530612245 0.005772005772005772
63 0.9209183673469388 0.9341630591630592 0.007142857142857143 0.01479076479076479
41 0.9283163265306122 0.9426406926406926 0.0005102040816326531 0.012987012987012988
41 0.9283163265306122 0.8928571428571429 0.0005102040816326531 0.013708513708513708
26 0.9321428571428572 0.9343434343434344 0.00816326530612245 0.005772005772005772
24 0.9321428571428572 0.8843795093795094 0.00816326530612245 0.005411255411255411
41 0.8982142857142857 0.939935064935065 0.0005102040816326531 0.013347763347763348
121 0.8604591836734694 0.8306277056277056 0.025 0.005411255411255411
121 0.1520408163265306 0.8221500721500722 0.07755102040816327 0.002886002886002886
122 0.22525510204081634 0.8703102453102453 0.188265306122449 0.00468975468975469
121 0.25 0.8246753246753247 0.07346938775510205 0.005772005772005772
121 0.35867346938775513 0.8221500721500722 0.07346938775510205 0.002886002886002886
122 0.4357142857142857 0.8703102453102453 0.19183673469387755 0.00468975468975469
121 0.46224489795918366 0.8257575757575758 0.07346938775510205 0.007936507936507936
121 0.5709183673469388 0.8246753246753247 0.07346938775510205 0.005772005772005772
122 0.6502551020408164 0.8703102453102453 0.19642857142857142 0.00468975468975469
121 0.6696428571428571 0.8299062049062049 0.07908163265306123 0.006854256854256854
121 0.786734693877551 0.8335137085137085 0.07142857142857142 0.003968253968253968
122 0.8051020408163265 0.8704906204906205 0.08061224489795918 0.004329004329004329
121 0.888265306122449 0.8988095238095238 0.08061224489795918 0.006854256854256854
121 0.888265306122449 0.9473304473304474 0.08061224489795918 0.007936507936507936
26 0.851530612244898 0.8125901875901876 0.00816326530612245 0.005411255411255411
41 0.8477040816326531 0.9354256854256854 0.0005102040816326531 0.017316017316017316
41 0.8477040816326531 0.8865440115440115 0.0005102040816326531 0.01911976911976912
41 0.8477040816326531 0.8228715728715729 0.0005102040816326531 0.01875901875901876
24 0.851530612244898 0.9253246753246753 0.00816326530612245 0.005772005772005772
26 0.851530612244898 0.8755411255411255 0.00816326530612245 0.005772005772005772
53 0.8262755102040816 0.9395743145743146 0.0066326530612244895 0.006854256854256854
41 0.8221938775510204 0.9334415584415584 0.0005102040816326531 0.01911976911976912
41 0.8221938775510204 0.8272005772005772 0.0005102040816326531 0.01443001443001443
26 0.8260204081632653 0.9224386724386724 0.00816326530612245 0.005772005772005772
26 0.8260204081632653 0.8185425685425686 0.00816326530612245 0.005772005772005772
41 0.8982142857142857 0.8912337662337663 0.0005102040816326531 0.016233766233766232
41 0.8982142857142857 0.8104256854256854 0.0005102040816326531 0.022005772005772004
24 0.9020408163265307 0.9312770562770563 0.00816326530612245 0.005411255411255411
26 0.9020408163265307 0.8814935064935064 0.00816326530612245 0.005411255411255411
24 0.9020408163265307 0.7977994227994228 0.00816326530612245 0.005411255411255411
41 0.8732142857142857 0.9383116883116883 0.0005102040816326531 0.015873015873015872
41 0.8732142857142857 0.8890692640692641 0.0005102040816326531 0.016955266955266956
41 0.8732142857142857 0.8187229437229437 0.0005102040816326531 0.01984126984126984
26 0.8767857142857143 0.9283910533910534 0.007653061224489796 0.005411255411255411
24 0.8767857142857143 0.8784271284271284 0.007653061224489796 0.005772005772005772
26 0.8767857142857143 0.8066378066378066 0.007653061224489796 0.005772005772005772
41 0.2375 0.8165584415584416 0.0005102040816326531 0.016955266955266956
41 0.26964285714285713 0.9408369408369408 0.0005102040816326531 0.01875901875901876
41 0.26198979591836735 0.8143939393939394 0.0005102040816326531 0.0183982683982684
26 0.26581632653061227 0.9522005772005772 0.00816326530612245 0.005411255411255411
24 0.26581632653061227 0.8037518037518038 0.00816326530612245 0.005772005772005772
26 0.2413265306122449 0.8066378066378066 0.00816326530612245 0.005772005772005772
41 0.22066326530612246 0.9348845598845599 0.0005102040816326531 0.0183982683982684
41 0.21301020408163265 0.8185425685425686 0.0005102040816326531 0.015151515151515152
26 0.21683673469387754 0.9462481962481962 0.00816326530612245 0.005772005772005772
24 0.21683673469387754 0.8097041847041847 0.00816326530612245 0.005411255411255411
61 0.18392857142857144 0.7943722943722944 0.005612244897959183 0.015873015873015872
41 0.32168367346938775 0.8154761904761905 0.0005102040816326531 0.01406926406926407
86 0.32474489795918365 0.9404761904761905 0.007653061224489796 0.015151515151515152
34 0.3295918367346939 0.8755411255411255 0.0163265306122449 0.005772005772005772
26 0.32551020408163267 0.8066378066378066 0.00816326530612245 0.005772005772005772
41 0.2864795918367347 0.8124098124098124 0.0005102040816326531 0.020202020202020204
26 0.2903061224489796 0.8006854256854257 0.00816326530612245 0.005411255411255411
41 0.11301020408163265 0.814033189033189 0.0005102040816326531 0.016955266955266956
24 0.11683673469387755 0.9312770562770563 0.00816326530612245 0.005411255411255411
103 0.12066326530612245 0.8656204906204906 0.012755102040816327 0.010461760461760462
34 0.12091836734693878 0.8755411255411255 0.0163265306122449 0.005772005772005772
24 0.11683673469387755 0.8037518037518038 0.00816326530612245 0.005772005772005772
69 0.08775510204081632 0.937049062049062 0.007142857142857143 0.01479076479076479
8 0.06505102040816327 0.9401154401154401 0.020918367346938777 0.015151515151515152
69 0.0875 0.8724747474747475 0.007653061224489796 0.01479076479076479
5 0.06505102040816327 0.88510101010101 0.020918367346938777 0.03571428571428571
69 0.08775510204081632 0.8154761904761905 0.007142857142857143 0.01479076479076479
8 0.06505102040816327 0.8183621933621934 0.020918367346938777 0.015512265512265512
26 0.16581632653061223 0.9522005772005772 0.00816326530612245 0.005411255411255411
41 0.19081632653061226 0.8086219336219336 0.0010204081632653062 0.025613275613275612
26 0.19438775510204082 0.7947330447330447 0.00816326530612245 0.005772005772005772
41 0.16964285714285715 0.9413780663780664 0.0005102040816326531 0.01984126984126984
41 0.16198979591836735 0.8106060606060606 0.0005102040816326531 0.022366522366522368
24 0.16581632653061223 0.7977994227994228 0.00816326530612245 0.005411255411255411
41 0.1375 0.8124098124098124 0.0005102040816326531 0.01948051948051948
26 0.1413265306122449 0.8006854256854257 0.00816326530612245 0.005411255411255411
41 0.11301020408163265 0.9420995670995671 0.0005102040816326531 0.01984126984126984
41 0.4987244897959184 0.8138528138528138 0.0005102040816326531 0.017316017316017316
24 0.5025510204081632 0.8037518037518038 0.00816326530612245 0.005772005772005772
41 0.474234693877551 0.9514790764790765 0.0005102040816326531 0.01911976911976912
41 0.474234693877551 0.8165584415584416 0.0005102040816326531 0.016233766233766232
26 0.47806122448979593 0.9402958152958153 0.00816326530612245 0.005411255411255411
26 0.47806122448979593 0.8066378066378066 0.00816326530612245 0.005772005772005772
41 0.44974489795918365 0.8189033189033189 0.0005102040816326531 0.015151515151515152
24 0.45357142857142857 0.8097041847041847 0.00816326530612245 0.005411255411255411
41 0.42525510204081635 0.9453463203463204 0.0005102040816326531 0.01911976911976912
63 0.41785714285714287 0.8125901875901876 0.007142857142857143 0.01479076479076479
0 0.04005102040816327 0.913961038961039 0.008673469387755102 0.08261183261183261
63 0.41785714285714287 0.9341630591630592 0.007142857142857143 0.01479076479076479
41 0.5341836734693878 0.8183621933621934 0.0010204081632653062 0.015512265512265512
86 0.5369897959183674 0.9404761904761905 0.007653061224489796 0.015151515151515152
34 0.5418367346938775 0.8755411255411255 0.0163265306122449 0.005772005772005772
24 0.5377551020408163 0.8097041847041847 0.00816326530612245 0.005411255411255411
41 0.3951530612244898 0.8104256854256854 0.0005102040816326531 0.022005772005772004
24 0.3989795918367347 0.7977994227994228 0.00816326530612245 0.005411255411255411
41 0.3706632653061224 0.9514790764790765 0.0005102040816326531 0.01911976911976912
24 0.35 0.8037518037518038 0.00816326530612245 0.005772005772005772
41 0.3461734693877551 0.8133116883116883 0.0005102040816326531 0.017676767676767676
41 0.3706632653061224 0.812049062049062 0.0005102040816326531 0.01948051948051948
26 0.37448979591836734 0.9402958152958153 0.00816326530612245 0.005411255411255411
26 0.37448979591836734 0.8006854256854257 0.00816326530612245 0.005411255411255411
41 0.42525510204081635 0.8212481962481962 0.0005102040816326531 0.01406926406926407
26 0.4290816326530612 0.9343434343434344 0.00816326530612245 0.005772005772005772
26 0.4290816326530612 0.8125901875901876 0.00816326530612245 0.005411255411255411
