134 0.4997738579828132 0.08141394753678823 0.9045680687471732 0.02143314139475368
1 0.9172320217096337 0.23544465770953296 0.010854816824966078 0.0006397952655150352
1 0.5829941203075532 0.11948176583493282 0.016282225237449117 0.0009596928982725527
134 0.4997738579828132 0.13547664747280871 0.9045680687471732 0.02143314139475368
134 0.4997738579828132 0.5910108765195138 0.9045680687471732 0.02143314139475368
134 0.4997738579828132 0.3753998720409469 0.9045680687471732 0.02143314139475368
134 0.4997738579828132 0.6450735764555342 0.9045680687471732 0.02143314139475368
1 0.9172320217096337 0.20521433141394754 0.010854816824966078 0.0009596928982725527
1 0.8227046585255541 0.17338451695457455 0.010854816824966078 0.0006397952655150352
134 0.4997738579828132 0.18921944977607166 0.9045680687471732 0.02143314139475368
1 0.8548168249660787 0.7277671145233525 0.010854816824966078 0.0006397952655150352
1 0.8229308005427408 0.7277671145233525 0.010402532790592492 0.0006397952655150352
1 0.7589326096788783 0.7277671145233525 0.010854816824966078 0.0006397952655150352
1 0.7589326096788783 0.7330454254638515 0.010854816824966078 0.0009596928982725527
1 0.7173224785165083 0.7277671145233525 0.010854816824966078 0.0006397952655150352
1 0.7173224785165083 0.7330454254638515 0.010854816824966078 0.0009596928982725527
134 0.4997738579828132 0.7119321817018555 0.9045680687471732 0.02143314139475368
134 0.4997738579828132 0.9368202175303902 0.9045680687471732 0.02143314139475368
134 0.4997738579828132 0.25127959053103005 0.9045680687471732 0.02143314139475368
134 0.4997738579828132 0.3082213691618682 0.9045680687471732 0.02143314139475368
1 0.8548168249660787 0.7816698656429942 0.010854816824966078 0.0009596928982725527
1 0.8548168249660787 0.7869481765834933 0.010854816824966078 0.0006397952655150352
1 0.8227046585255541 0.7816698656429942 0.010854816824966078 0.0009596928982725527
1 0.8227046585255541 0.7869481765834933 0.010854816824966078 0.0006397952655150352
1 0.7589326096788783 0.7816698656429942 0.010854816824966078 0.0009596928982725527
1 0.7589326096788783 0.7869481765834933 0.010854816824966078 0.0006397952655150352
1 0.7173224785165083 0.7816698656429942 0.010854816824966078 0.0009596928982725527
1 0.7173224785165083 0.7869481765834933 0.010854816824966078 0.0006397952655150352
1 0.649932157394844 0.7816698656429942 0.010854816824966078 0.0009596928982725527
1 0.649932157394844 0.7869481765834933 0.010854816824966078 0.0006397952655150352
1 0.5829941203075532 0.7816698656429942 0.016282225237449117 0.0009596928982725527
1 0.5829941203075532 0.7869481765834933 0.016282225237449117 0.0006397952655150352
1 0.5192220714608774 0.7816698656429942 0.016282225237449117 0.0009596928982725527
1 0.5192220714608774 0.7869481765834933 0.016282225237449117 0.0006397952655150352
1 0.17526006331976482 0.7816698656429942 0.011307100859339666 0.0009596928982725527
1 0.17526006331976482 0.7869481765834933 0.011307100859339666 0.0006397952655150352
134 0.4997738579828132 0.7656749840051184 0.9045680687471732 0.02143314139475368
134 0.4997738579828132 0.882597568777991 0.9045680687471732 0.02111324376199616
1 0.8227046585255541 0.8984325015994882 0.010854816824966078 0.0009596928982725527
1 0.8229308005427408 0.9037108125399872 0.010402532790592492 0.0006397952655150352
1 0.7589326096788783 0.8984325015994882 0.010854816824966078 0.0009596928982725527
1 0.7173224785165083 0.8984325015994882 0.010854816824966078 0.0009596928982725527
1 0.7173224785165083 0.9037108125399872 0.010854816824966078 0.0006397952655150352
1 0.5192220714608774 0.8984325015994882 0.016282225237449117 0.0009596928982725527
1 0.5199004975124378 0.9037108125399872 0.014925373134328358 0.0006397952655150352
1 0.472636815920398 0.8984325015994882 0.016282225237449117 0.0009596928982725527
1 0.472636815920398 0.9037108125399872 0.016282225237449117 0.0006397952655150352
1 0.2862957937584803 0.8984325015994882 0.016282225237449117 0.0009596928982725527
1 0.8550429669832655 0.8445297504798465 0.010402532790592492 0.0006397952655150352
1 0.7589326096788783 0.8445297504798465 0.010854816824966078 0.0006397952655150352
134 0.4997738579828132 0.8286948176583493 0.9045680687471732 0.02143314139475368
134 0.4997738579828132 0.42914267434420983 0.9045680687471732 0.02143314139475368
134 0.4997738579828132 0.5369481765834933 0.9045680687471732 0.02143314139475368
134 0.4997738579828132 0.4832053742802303 0.9045680687471732 0.02143314139475368
1 0.7747625508819539 0.06557901471529111 0.010854816824966078 0.0006397952655150352
1 0.7589326096788783 0.06030070377479207 0.010854816824966078 0.0009596928982725527
1 0.7589326096788783 0.06557901471529111 0.010854816824966078 0.0006397952655150352
1 0.7327001356852103 0.05502239283429303 0.010854816824966078 0.0006397952655150352
1 0.7327001356852103 0.06030070377479207 0.010854816824966078 0.0009596928982725527
1 0.7327001356852103 0.06557901471529111 0.010854816824966078 0.0006397952655150352
1 0.7173224785165083 0.049744081893793986 0.010854816824966078 0.0009596928982725527
1 0.7173224785165083 0.05502239283429303 0.010854816824966078 0.0006397952655150352
1 0.7173224785165083 0.06030070377479207 0.010854816824966078 0.0009596928982725527
1 0.7173224785165083 0.06557901471529111 0.010854816824966078 0.0006397952655150352
41 0.6533242876526458 0.8291746641074856 0.0004522840343735866 0.016634676903390915
86 0.7896879240162822 0.1762635956493922 0.006331976481230212 0.013435700575815739
41 0.771370420624152 0.07565579014715292 0.0004522840343735866 0.01695457453614843
24 0.7747625508819539 0.06557901471529111 0.007236544549977386 0.005118362124120281
41 0.7623247399366803 0.7216890595009597 0.0004522840343735866 0.019193857965451054
41 0.7623247399366803 0.8370121561100448 0.0004522840343735866 0.016314779270633396
41 0.6533242876526458 0.8777991042866283 0.0004522840343735866 0.016634676903390915
41 0.7623247399366803 0.7754318618042226 0.0004522840343735866 0.019193857965451054
41 0.7623247399366803 0.8883557261676264 0.0004522840343735866 0.016634676903390915
93 0.8218000904568069 0.20681381957773512 0.008141112618724558 0.0067178502879078695
124 0.16169154228855723 0.731445937300064 0.03482587064676617 0.007357645553422905
41 0.8260967887833559 0.07389635316698656 0.0004522840343735866 0.016634676903390915
86 0.8220262324739936 0.9344209852847088 0.0067842605156037995 0.013435700575815739
24 0.8227046585255541 0.9037108125399872 0.007236544549977386 0.005118362124120281
24 0.8227046585255541 0.8392514395393474 0.007236544549977386 0.0047984644913627635
24 0.8227046585255541 0.7869481765834933 0.007236544549977386 0.005118362124120281
24 0.8227046585255541 0.7277671145233525 0.007236544549977386 0.005118362124120281
24 0.8227046585255541 0.43458093410108767 0.007236544549977386 0.0047984644913627635
26 0.8229308005427408 0.1708253358925144 0.0067842605156037995 0.005118362124120281
26 0.8227046585255541 0.08413307741522713 0.007236544549977386 0.005118362124120281
41 0.8028041610131162 0.08525271912987843 0.0009045680687471732 0.011196417146513116
26 0.8059701492537313 0.07885476647472808 0.007236544549977386 0.0047984644913627635
41 0.8260967887833559 0.7183301343570058 0.0004522840343735866 0.017594369801663467
41 0.8260967887833559 0.7760716570697377 0.0004522840343735866 0.020473448496481125
61 0.8134328358208955 0.727447216890595 0.004975124378109453 0.014075495841330775
41 0.8260967887833559 0.42498400511836215 0.0004522840343735866 0.017594369801663467
41 0.819538670284939 0.17978246960972488 0.0009045680687471732 0.016634676903390915
86 0.7896879240162822 0.8262955854126679 0.006331976481230212 0.013435700575815739
41 0.7872003618272275 0.08109404990403071 0.0004522840343735866 0.011836212412028152
26 0.7905924920850294 0.8905950095969289 0.007236544549977386 0.005118362124120281
86 0.7896879240162822 0.7635956493921945 0.006331976481230212 0.013435700575815739
86 0.7896879240162822 0.7095329494561741 0.006331976481230212 0.013435700575815739
26 0.7905924920850294 0.2538387715930902 0.007236544549977386 0.0047984644913627635
26 0.7905924920850294 0.07341650671785029 0.007236544549977386 0.0047984644913627635
41 0.7935323383084577 0.8808381317978247 0.0004522840343735866 0.017594369801663467
41 0.6533242876526458 0.7755918106206015 0.0004522840343735866 0.019513755598208574
41 0.7872003618272275 0.2624760076775432 0.0004522840343735866 0.015674984005118364
41 0.7204884667571235 0.4297824696097249 0.0009045680687471732 0.01695457453614843
41 0.7204884667571235 0.7757517594369802 0.0009045680687471732 0.01983365323096609
41 0.7204884667571235 0.7218490083173384 0.0009045680687471732 0.019513755598208574
41 0.7139303482587065 0.26519513755598206 0.0004522840343735866 0.014075495841330775
41 0.729760289461782 0.06957773512476008 0.0004522840343735866 0.02527191298784389
24 0.7329262777023972 0.05502239283429303 0.0067842605156037995 0.005118362124120281
41 0.7204884667571235 0.8926743442098528 0.0009045680687471732 0.019513755598208574
41 0.7204884667571235 0.8318937939859246 0.0009045680687471732 0.01695457453614843
41 0.7139303482587065 0.06493921944977607 0.0004522840343735866 0.03262955854126679
93 0.7161917684305744 0.9160268714011516 0.007688828584350972 0.0067178502879078695
24 0.7173224785165083 0.9037108125399872 0.007236544549977386 0.005118362124120281
93 0.7161917684305744 0.8514075495841331 0.007688828584350972 0.0067178502879078695
26 0.7173224785165083 0.8419705694177864 0.007236544549977386 0.005118362124120281
93 0.7161917684305744 0.79638515674984 0.007688828584350972 0.0067178502879078695
24 0.7173224785165083 0.7869481765834933 0.007236544549977386 0.005118362124120281
24 0.7173224785165083 0.7330454254638515 0.007236544549977386 0.0047984644913627635
24 0.7173224785165083 0.4398592450415867 0.007236544549977386 0.005118362124120281
8 0.6976481230212573 0.24792066538707613 0.014925373134328358 0.010876519513755598
24 0.7173224785165083 0.2565579014715291 0.007236544549977386 0.005118362124120281
93 0.7161917684305744 0.0990083173384517 0.007688828584350972 0.0067178502879078695
26 0.7173224785165083 0.04702495201535509 0.007236544549977386 0.005118362124120281
85 0.6788783355947535 0.12332053742802303 0.009950248756218905 0.0028790786948176585
85 0.6788783355947535 0.1444337811900192 0.009950248756218905 0.0028790786948176585
86 0.6766169154228856 0.06845809341010876 0.006331976481230212 0.013435700575815739
41 0.7659430122116689 0.4296225207933461 0.0004522840343735866 0.016634676903390915
85 0.6786521935775667 0.22888675623800384 0.014020805065581185 0.0028790786948176585
24 0.7591587516960652 0.8984325015994882 0.0067842605156037995 0.0047984644913627635
26 0.7591587516960652 0.8472488803582854 0.0067842605156037995 0.0047984644913627635
24 0.7591587516960652 0.7869481765834933 0.0067842605156037995 0.005118362124120281
24 0.7591587516960652 0.7330454254638515 0.0067842605156037995 0.0047984644913627635
28 0.7609678878335595 0.4398592450415867 0.010402532790592492 0.005118362124120281
86 0.758254183627318 0.24888035828534869 0.0067842605156037995 0.013435700575815739
84 0.7607417458163727 0.23128598848368523 0.014473089099954772 0.0025591810620601407
85 0.7602894617819991 0.9352207293666027 0.009950248756218905 0.0028790786948176585
86 0.7584803256445047 0.1762635956493922 0.006331976481230212 0.013435700575815739
84 0.7602894617819991 0.12635956493921946 0.009950248756218905 0.0025591810620601407
24 0.7591587516960652 0.06030070377479207 0.0067842605156037995 0.0047984644913627635
86 0.6766169154228856 0.7635956493921945 0.006331976481230212 0.013435700575815739
86 0.6766169154228856 0.4161868202175304 0.006331976481230212 0.013435700575815739
86 0.6766169154228856 0.7095329494561741 0.006331976481230212 0.013435700575815739
86 0.6766169154228856 0.8262955854126679 0.006331976481230212 0.013435700575815739
86 0.6766169154228856 0.8803582853486884 0.006331976481230212 0.013435700575815739
41 0.75599276345545 0.07117722328854767 0.0004522840343735866 0.02015355086372361
121 0.9294436906377205 0.22216890595009597 0.017186793306196293 0.0047984644913627635
121 0.8815015829941203 0.1738643634037108 0.04703753957485301 0.011196417146513116
122 0.7388059701492538 0.43698016634676906 0.030303030303030304 0.003198976327575176
121 0.7218453188602443 0.0818937939859245 0.015377657168701944 0.0025591810620601407
120 0.7709181365897784 0.060140754958413305 0.1044776119402985 0.037108125399872044
120 0.7544097693351425 0.9033909149072297 0.07327001356852103 0.01471529110684581
121 0.7792853912256897 0.08669225847728727 0.04703753957485301 0.010236724248240563
121 0.8274536408864767 0.18937939859245043 0.015829941203075532 0.003838771593090211
120 0.8722297602894618 0.17258477287268073 0.09724106739032112 0.017594369801663467
120 0.8550429669832655 0.9030710172744721 0.06286748077792854 0.01471529110684581
122 0.83921302578019 0.43186180422264875 0.0203527815468114 0.0025591810620601407
41 0.9382632293080054 0.2301663467690339 0.0004522840343735866 0.012476007677543186
26 0.9348710990502035 0.2380038387715931 0.007236544549977386 0.005118362124120281
122 0.6162369968340118 0.8937939859245042 0.06377204884667571 0.003838771593090211
120 0.49095431931252825 0.2722328854766475 0.04115784712799638 0.004478566858605247
120 0.32180009045680685 0.7236084452975048 0.07462686567164178 0.007677543186180422
120 0.31275440976933516 0.7821497120921305 0.0574400723654455 0.009596928982725527
120 0.31365897783808233 0.8226167626359565 0.0574400723654455 0.0067178502879078695
121 0.34622342831298053 0.6986564299424184 0.033016734509271825 0.005118362124120281
84 0.506558118498417 0.07229686500319897 0.009950248756218905 0.0025591810620601407
124 0.5192220714608774 0.1610684580934101 0.07236544549977386 0.007357645553422905
120 0.5651289009497965 0.10620601407549585 0.17503392130257803 0.010876519513755598
84 0.506558118498417 0.18026231605886117 0.009950248756218905 0.0028790786948176585
120 0.5330167345092718 0.22344849648112605 0.1044776119402985 0.00799744081893794
84 0.506558118498417 0.30454254638515676 0.009950248756218905 0.0025591810620601407
84 0.506558118498417 0.36628278950735765 0.009950248756218905 0.0025591810620601407
124 0.5201266395296246 0.44961612284069097 0.07055630936227951 0.007357645553422905
84 0.506558118498417 0.4740882917466411 0.009950248756218905 0.0025591810620601407
84 0.506558118498417 0.5279910428662828 0.009950248756218905 0.0028790786948176585
84 0.506558118498417 0.5871721049264236 0.009950248756218905 0.0028790786948176585
125 0.2299864314789688 0.732085732565579 0.06196291270918137 0.007357645553422905
120 0.1621438263229308 0.6981765834932822 0.02668475802804161 0.004158669225847729
124 0.16169154228855723 0.7979846449136276 0.03482587064676617 0.007357645553422905
120 0.15988240615106286 0.783109404990403 0.02668475802804161 0.018554062699936022
124 0.16169154228855723 0.8538067818298145 0.03482587064676617 0.007037747920665387
120 0.1621438263229308 0.8469289827255279 0.02668475802804161 0.0047984644913627635
124 0.16169154228855723 0.9003518873960332 0.03482587064676617 0.007357645553422905
120 0.16169154228855723 0.8931541906589892 0.02668475802804161 0.004478566858605247
84 0.506558118498417 0.641234804862444 0.009950248756218905 0.0028790786948176585
120 0.23089099954771597 0.7005758157389635 0.05201266395296246 0.007037747920665387
120 0.23066485753052918 0.782469609724888 0.052464947987336044 0.006397952655150352
120 0.22953414744459522 0.8459692898272553 0.053821800090456805 0.00799744081893794
120 0.22953414744459522 0.8971529110684581 0.053821800090456805 0.006078055022392835
125 0.24378109452736318 0.8558861164427384 0.034373586612392586 0.007357645553422905
125 0.2435549525101764 0.9059500959692899 0.03482587064676617 0.007037747920665387
125 0.2704658525554048 0.7893474088291746 0.035278154681139755 0.007357645553422905
84 0.654228855721393 0.641234804862444 0.009497964721845319 0.0028790786948176585
84 0.654228855721393 0.30454254638515676 0.009497964721845319 0.0025591810620601407
84 0.654228855721393 0.36628278950735765 0.009497964721845319 0.0025591810620601407
125 0.6155585707824514 0.44961612284069097 0.07688828584350972 0.007357645553422905
84 0.654228855721393 0.4740882917466411 0.009497964721845319 0.0025591810620601407
84 0.654228855721393 0.5279910428662828 0.009497964721845319 0.0028790786948176585
84 0.654228855721393 0.5871721049264236 0.009497964721845319 0.0028790786948176585
125 0.6155585707824514 0.28198976327575176 0.07688828584350972 0.007357645553422905
122 0.6139755766621439 0.14603326935380678 0.05924920850293985 0.0035188739603326936
122 0.6178199909543193 0.23352527191298783 0.05336951605608322 0.003838771593090211
122 0.622568973315242 0.4339411388355726 0.05201266395296246 0.0035188739603326936
122 0.6173677069199457 0.7295265515035189 0.054274084124830396 0.0035188739603326936
122 0.6164631388511985 0.7928662827895073 0.0642243328810493 0.0035188739603326936
122 0.6162369968340118 0.8451695457453615 0.06377204884667571 0.003838771593090211
122 0.5284938941655359 0.4325015994881638 0.10538218000904569 0.003838771593090211
120 0.5271370420624152 0.7266474728087012 0.10990502035278155 0.013115802943058221
120 0.4947987336047038 0.7877479206653871 0.04613297150610583 0.011836212412028152
120 0.5284938941655359 0.8446896992962252 0.1080958842152872 0.009277031349968011
120 0.5282677521483492 0.9059500959692899 0.11035730438715513 0.012795905310300703
84 0.506558118498417 0.9329814459373 0.009950248756218905 0.0028790786948176585
122 0.5307553143374039 0.14587332053742802 0.08729081863410222 0.003838771593090211
124 0.5454545454545454 0.28198976327575176 0.01990049751243781 0.007357645553422905
122 0.5508819538670285 0.7927063339731286 0.06060606060606061 0.003838771593090211
125 0.6155585707824514 0.1610684580934101 0.07688828584350972 0.007357645553422905
84 0.654228855721393 0.18026231605886117 0.009497964721845319 0.0028790786948176585
41 0.8735866123925825 0.17994241842610365 0.0004522840343735866 0.015035188739603326
24 0.8704206241519674 0.18937939859245043 0.0067842605156037995 0.005118362124120281
61 0.8453188602442334 0.8957133717210493 0.005427408412483039 0.014075495841330775
41 0.8579828132066938 0.885956493921945 0.0009045680687471732 0.01695457453614843
61 0.8453188602442334 0.8470889315419066 0.005427408412483039 0.014075495841330775
41 0.8579828132066938 0.8373320537428023 0.0009045680687471732 0.01695457453614843
41 0.8579828132066938 0.7757517594369802 0.0009045680687471732 0.01983365323096609
86 0.885119855269109 0.9344209852847088 0.006331976481230212 0.013435700575815739
41 0.8894165535956581 0.18426103646833014 0.0004522840343735866 0.01727447216890595
26 0.8860244233378561 0.8905950095969289 0.007236544549977386 0.005118362124120281
86 0.885119855269109 0.8262955854126679 0.006331976481230212 0.013435700575815739
86 0.885119855269109 0.7635956493921945 0.006331976481230212 0.013435700575815739
86 0.885119855269109 0.7095329494561741 0.006331976481230212 0.013435700575815739
86 0.885119855269109 0.22776711452335252 0.006331976481230212 0.013435700575815739
24 0.8860244233378561 0.19465770953294945 0.007236544549977386 0.0047984644913627635
86 0.885119855269109 0.12252079334612924 0.006331976481230212 0.013435700575815739
85 0.8873812754409769 0.06941778630838132 0.009950248756218905 0.0025591810620601407
86 0.8539122568973315 0.06845809341010876 0.006331976481230212 0.013435700575815739
41 0.8351424694708277 0.18378119001919385 0.0004522840343735866 0.012476007677543186
26 0.8385345997286295 0.17610364683301344 0.007236544549977386 0.0047984644913627635
24 0.8548168249660787 0.18394113883557262 0.007236544549977386 0.005118362124120281
61 0.8134328358208955 0.9033909149072297 0.004975124378109453 0.014075495841330775
41 0.8260967887833559 0.8929942418426103 0.0004522840343735866 0.02015355086372361
61 0.8134328358208955 0.8390914907229686 0.004975124378109453 0.014075495841330775
41 0.8579828132066938 0.17642354446577097 0.0009045680687471732 0.013755598208573257
41 0.8579828132066938 0.7180102367242482 0.0009045680687471732 0.01695457453614843
41 0.8613749434644957 0.4243442098528471 0.0004522840343735866 0.016314779270633396
86 0.8539122568973315 0.9344209852847088 0.006331976481230212 0.013435700575815739
26 0.8548168249660787 0.8958733205374281 0.007236544549977386 0.0047984644913627635
26 0.8548168249660787 0.8472488803582854 0.007236544549977386 0.0047984644913627635
24 0.8548168249660787 0.7869481765834933 0.007236544549977386 0.005118362124120281
24 0.8548168249660787 0.7277671145233525 0.007236544549977386 0.005118362124120281
28 0.856625961103573 0.4344209852847089 0.010854816824966078 0.005118362124120281
41 0.9140660334690185 0.4309021113243762 0.0009045680687471732 0.01727447216890595
41 0.9140660334690185 0.26711452335252717 0.0009045680687471732 0.014075495841330775
41 0.9206241519674355 0.22584772872680742 0.0004522840343735866 0.010236724248240563
41 0.9206241519674355 0.19769673704414586 0.0004522840343735866 0.016634676903390915
63 0.9075079149706016 0.1300383877159309 0.0067842605156037995 0.013115802943058221
41 0.9206241519674355 0.8291746641074856 0.0004522840343735866 0.016634676903390915
41 0.9206241519674355 0.9318618042226487 0.0004522840343735866 0.016634676903390915
41 0.9206241519674355 0.8777991042866283 0.0004522840343735866 0.016634676903390915
63 0.9075079149706016 0.8390914907229686 0.0067842605156037995 0.013435700575815739
63 0.9075079149706016 0.7789507357645553 0.0067842605156037995 0.013435700575815739
41 0.9206241519674355 0.7688739603326935 0.0004522840343735866 0.016314779270633396
41 0.9206241519674355 0.7044145873320538 0.0004522840343735866 0.016634676903390915
41 0.8894165535956581 0.8808381317978247 0.0004522840343735866 0.017594369801663467
26 0.9172320217096337 0.20777351247600767 0.007236544549977386 0.0047984644913627635
41 0.9140660334690185 0.13963531669865642 0.0009045680687471732 0.017594369801663467
24 0.9172320217096337 0.9419385796545106 0.007236544549977386 0.0047984644913627635
24 0.9172320217096337 0.8878758797184901 0.007236544549977386 0.0047984644913627635
24 0.9172320217096337 0.8392514395393474 0.007236544549977386 0.0047984644913627635
26 0.9172320217096337 0.7791106845809341 0.007236544549977386 0.0047984644913627635
26 0.9172320217096337 0.7144913627639156 0.007236544549977386 0.0047984644913627635
26 0.9172320217096337 0.42130518234165065 0.007236544549977386 0.005118362124120281
7 0.905924920850294 0.24584133077415227 0.015377657168701944 0.016314779270633396
26 0.9172320217096337 0.2591170825335892 0.007236544549977386 0.005118362124120281
26 0.9172320217096337 0.23272552783109404 0.007236544549977386 0.0047984644913627635
41 0.8260967887833559 0.8296545105566219 0.0004522840343735866 0.017594369801663467
24 0.9174581637268204 0.1300383877159309 0.0067842605156037995 0.0047984644913627635
41 0.9047942107643601 0.18969929622520793 0.0004522840343735866 0.021753039027511197
26 0.9018543645409317 0.20249520153550865 0.007236544549977386 0.005118362124120281
41 0.2060153776571687 0.8777991042866283 0.0004522840343735866 0.016634676903390915
41 0.23360470375395748 0.8830774152271273 0.0004522840343735866 0.016314779270633396
41 0.23360470375395748 0.8211772232885477 0.0004522840343735866 0.016634676903390915
24 0.2302125734961556 0.8931541906589892 0.007236544549977386 0.005118362124120281
26 0.2302125734961556 0.8312539987204095 0.007236544549977386 0.0047984644913627635
41 0.2060153776571687 0.8264555342290467 0.0004522840343735866 0.016314779270633396
61 0.19335142469470828 0.7735124760076776 0.004975124378109453 0.014075495841330775
41 0.20963364993215738 0.7635956493921945 0.0004522840343735866 0.016634676903390915
26 0.28448665762098596 0.7144913627639156 0.007236544549977386 0.0047984644913627635
41 0.2602894617819991 0.8805182341650671 0.0004522840343735866 0.01695457453614843
41 0.2602894617819991 0.8318937939859246 0.0004522840343735866 0.01695457453614843
41 0.2602894617819991 0.7664747280870121 0.0004522840343735866 0.016634676903390915
41 0.2535052012663953 0.7191298784388995 0.0004522840343735866 0.016634676903390915
26 0.2568973315241972 0.8905950095969289 0.007236544549977386 0.005118362124120281
26 0.2568973315241972 0.8419705694177864 0.007236544549977386 0.005118362124120281
24 0.2568973315241972 0.7763915547024952 0.007236544549977386 0.005118362124120281
26 0.2568973315241972 0.7092130518234165 0.007236544549977386 0.005118362124120281
41 0.1784260515603799 0.7754318618042226 0.0004522840343735866 0.019193857965451054
63 0.1655359565807327 0.7064939219449776 0.006331976481230212 0.013115802943058221
41 0.1720940750791497 0.7167306461932181 0.0004522840343735866 0.016314779270633396
26 0.17526006331976482 0.8853166986564299 0.0067842605156037995 0.0047984644913627635
24 0.17526006331976482 0.8392514395393474 0.0067842605156037995 0.0047984644913627635
24 0.17526006331976482 0.7869481765834933 0.0067842605156037995 0.005118362124120281
24 0.17526006331976482 0.7066538707613563 0.0067842605156037995 0.005118362124120281
41 0.15128900949796473 0.8750799744081894 0.0004522840343735866 0.016314779270633396
41 0.15128900949796473 0.8317338451695457 0.0004522840343735866 0.016634676903390915
61 0.16598824061510628 0.8849968010236724 0.005427408412483039 0.013755598208573257
61 0.19335142469470828 0.7063339731285988 0.004975124378109453 0.014075495841330775
41 0.1996834011759385 0.716890595009597 0.0004522840343735866 0.01599488163787588
24 0.2028493894165536 0.8878758797184901 0.0067842605156037995 0.0047984644913627635
26 0.2028493894165536 0.8366922584772872 0.0067842605156037995 0.0047984644913627635
30 0.20465852555404795 0.7738323736404351 0.010402532790592492 0.005118362124120281
28 0.20465852555404795 0.7066538707613563 0.010402532790592492 0.005118362124120281
41 0.1784260515603799 0.8757197696737045 0.0004522840343735866 0.017594369801663467
41 0.1784260515603799 0.8296545105566219 0.0004522840343735866 0.017594369801663467
24 0.35956580732700133 0.7172104926423545 0.007236544549977386 0.005118362124120281
41 0.34531886024423336 0.8211772232885477 0.0004522840343735866 0.016634676903390915
41 0.34531886024423336 0.7690339091490723 0.0004522840343735866 0.016634676903390915
41 0.36295793758480327 0.7084133077415227 0.0004522840343735866 0.015674984005118364
41 0.34531886024423336 0.708253358925144 0.0004522840343735866 0.019193857965451054
26 0.3419267299864315 0.8312539987204095 0.007236544549977386 0.0047984644913627635
26 0.3419267299864315 0.7791106845809341 0.007236544549977386 0.0047984644913627635
26 0.3419267299864315 0.7197696737044146 0.007236544549977386 0.005118362124120281
41 0.32948891904115785 0.7034548944337812 0.0004522840343735866 0.012795905310300703
68 0.39552238805970147 0.17594369801663468 0.004975124378109453 0.014075495841330775
68 0.40321121664405246 0.18378119001919385 0.004975124378109453 0.013755598208573257
68 0.41112618724559025 0.19161868202175303 0.005427408412483039 0.014075495841330775
32 0.47444595205789236 0.4398592450415867 0.014473089099954772 0.005118362124120281
18 0.4459520578923564 0.3699616122840691 0.009950248756218905 0.009916826615483045
16 0.4459520578923564 0.38035828534868843 0.011759384893713252 0.010236724248240563
18 0.4459520578923564 0.3029430582213692 0.009950248756218905 0.010236724248240563
16 0.4459520578923564 0.31349968010236723 0.011759384893713252 0.010236724248240563
18 0.4459520578923564 0.24600127959053103 0.009950248756218905 0.010236724248240563
16 0.4459520578923564 0.2565579014715291 0.011759384893713252 0.010236724248240563
7 0.36680235187697874 0.24584133077415227 0.015377657168701944 0.016314779270633396
30 0.472636815920398 0.26455534229046707 0.010854816824966078 0.005118362124120281
93 0.47173224785165085 0.2784708893154191 0.008141112618724558 0.0067178502879078695
28 0.472636815920398 0.24072296865003198 0.010854816824966078 0.005438259756877799
41 0.6533242876526458 0.7151311580294306 0.0004522840343735866 0.01695457453614843
24 0.32654907281772955 0.7119321817018555 0.007236544549977386 0.0047984644913627635
69 0.42107643600180916 0.17866282789507357 0.006331976481230212 0.013115802943058221
69 0.42786069651741293 0.18650031989763274 0.006331976481230212 0.013435700575815739
18 0.4459520578923564 0.1300383877159309 0.009950248756218905 0.009916826615483045
16 0.4459520578923564 0.14043506078055024 0.011759384893713252 0.010236724248240563
34 0.48552691090004524 0.13803582853486884 0.014020805065581185 0.0047984644913627635
93 0.47173224785165085 0.1626679462571977 0.008141112618724558 0.0067178502879078695
30 0.472636815920398 0.13803582853486884 0.010854816824966078 0.005438259756877799
18 0.4459520578923564 0.07613563659628919 0.009950248756218905 0.010236724248240563
16 0.4459520578923564 0.08669225847728727 0.011759384893713252 0.010236724248240563
41 0.2810945273631841 0.8382917466410749 0.0004522840343735866 0.015674984005118364
61 0.2749886928991407 0.7709532949456174 0.005427408412483039 0.014075495841330775
41 0.2876526458616011 0.7611964171465131 0.0009045680687471732 0.01695457453614843
63 0.2745364088647671 0.7144913627639156 0.006331976481230212 0.013115802943058221
41 0.2876526458616011 0.70489443378119 0.0009045680687471732 0.017594369801663467
40 0.2930800542740841 0.7146513115802943 0.0027137042062415195 0.0019193857965451055
30 0.2862957937584803 0.9011516314779271 0.010854816824966078 0.005118362124120281
24 0.28448665762098596 0.8286948176583493 0.007236544549977386 0.0047984644913627635
24 0.28448665762098596 0.7711132437619962 0.007236544549977386 0.0047984644913627635
41 0.3150158299412031 0.7635956493921945 0.0004522840343735866 0.016634676903390915
41 0.30868385345997285 0.836212412028151 0.0004522840343735866 0.016634676903390915
63 0.30212573496155587 0.7736724248240563 0.006331976481230212 0.013115802943058221
41 0.15128900949796473 0.7583173384516955 0.0004522840343735866 0.016314779270633396
26 0.3120759837177748 0.8259756877799105 0.007236544549977386 0.005118362124120281
26 0.3120759837177748 0.7736724248240563 0.007236544549977386 0.0047984644913627635
41 0.291044776119403 0.8913947536788228 0.0004522840343735866 0.01695457453614843
40 0.2966983265490728 0.9011516314779271 0.0027137042062415195 0.0019193857965451055
84 0.236318407960199 0.6426743442098528 0.004070556309362279 0.004478566858605247
124 0.9292175486205337 0.15323096609085093 0.031207598371777476 0.007037747920665387
120 0.8701944821347807 0.26903390914907227 0.16010854816824965 0.01983365323096609
84 0.8489371325192221 0.641234804862444 0.009950248756218905 0.0028790786948176585
84 0.8489371325192221 0.5871721049264236 0.009950248756218905 0.0028790786948176585
84 0.8489371325192221 0.5279910428662828 0.009950248756218905 0.0028790786948176585
84 0.8489371325192221 0.4740882917466411 0.009950248756218905 0.0025591810620601407
84 0.8489371325192221 0.36628278950735765 0.009950248756218905 0.0025591810620601407
84 0.8489371325192221 0.30454254638515676 0.009950248756218905 0.0025591810620601407
84 0.236318407960199 0.9344209852847088 0.004070556309362279 0.004478566858605247
120 0.9339665309814563 0.12204094689699296 0.03346901854364541 0.004158669225847729
84 0.236318407960199 0.5886116442738324 0.004070556309362279 0.004478566858605247
84 0.236318407960199 0.5241522712731925 0.004070556309362279 0.004158669225847729
84 0.236318407960199 0.47024952015355087 0.004070556309362279 0.004478566858605247
84 0.236318407960199 0.4161868202175304 0.004070556309362279 0.004478566858605247
84 0.236318407960199 0.36244401791426745 0.004070556309362279 0.004478566858605247
84 0.236318407960199 0.3059820857325656 0.004070556309362279 0.004158669225847729
84 0.236318407960199 0.23832373640435062 0.004070556309362279 0.004478566858605247
84 0.236318407960199 0.1762635956493922 0.004070556309362279 0.004478566858605247
84 0.236318407960199 0.12252079334612924 0.004070556309362279 0.004478566858605247
69 0.08299412030755314 0.17866282789507357 0.0067842605156037995 0.013115802943058221
69 0.08977838082315694 0.18650031989763274 0.0067842605156037995 0.013435700575815739
69 0.09656264133876075 0.17594369801663468 0.0067842605156037995 0.013435700575815739
69 0.10334690185436454 0.18394113883557262 0.0067842605156037995 0.013435700575815739
69 0.11013116236996834 0.1917786308381318 0.0067842605156037995 0.013115802943058221
5 0.06309362279511534 0.19001919385796545 0.01854364540931705 0.03134996801023673
69 0.08299412030755314 0.1246001279590531 0.0067842605156037995 0.013115802943058221
69 0.08977838082315694 0.13259756877799103 0.0067842605156037995 0.013115802943058221
69 0.09656264133876075 0.12204094689699296 0.0067842605156037995 0.013115802943058221
5 0.06309362279511534 0.13595649392194498 0.01854364540931705 0.03134996801023673
69 0.08299412030755314 0.0706973768394114 0.0067842605156037995 0.013435700575815739
69 0.08977838082315694 0.07869481765834933 0.0067842605156037995 0.013435700575815739
69 0.09656264133876075 0.06813819577735125 0.0067842605156037995 0.013435700575815739
5 0.06309362279511534 0.0818937939859245 0.01854364540931705 0.03134996801023673
84 0.236318407960199 0.06845809341010876 0.004070556309362279 0.004478566858605247
122 0.9357756671189507 0.8905950095969289 0.026232473993668022 0.003198976327575176
122 0.9357756671189507 0.4171465131158029 0.026232473993668022 0.003198976327575176
124 0.9292175486205337 0.4470569417786308 0.031207598371777476 0.007357645553422905
120 0.9357756671189507 0.2170505438259757 0.028946178199909543 0.005438259756877799
122 0.11058344640434192 0.8365323096609085 0.01854364540931705 0.0025591810620601407
122 0.10854816824966079 0.7738323736404351 0.014473089099954772 0.0025591810620601407
120 0.11080958842152872 0.8750799744081894 0.020805065581184983 0.0028790786948176585
41 0.11781999095431932 0.7112923864363404 0.0004522840343735866 0.01695457453614843
24 0.12121212121212122 0.882597568777991 0.007236544549977386 0.005118362124120281
26 0.12121212121212122 0.8312539987204095 0.007236544549977386 0.0047984644913627635
24 0.12121212121212122 0.7711132437619962 0.007236544549977386 0.0047984644913627635
24 0.12121212121212122 0.7013755598208573 0.007236544549977386 0.0047984644913627635
69 0.08299412030755314 0.9313819577735125 0.0067842605156037995 0.013115802943058221
69 0.08977838082315694 0.9392194497760716 0.0067842605156037995 0.013435700575815739
69 0.09656264133876075 0.9286628278950736 0.0067842605156037995 0.013435700575815739
10 0.060379918588873815 0.9508957133717211 0.004975124378109453 0.0047984644913627635
8 0.06309362279511534 0.9337811900191939 0.01854364540931705 0.013435700575815739
69 0.08299412030755314 0.8771593090211133 0.0067842605156037995 0.013435700575815739
69 0.08977838082315694 0.8851567498400512 0.0067842605156037995 0.013435700575815739
69 0.09656264133876075 0.8746001279590531 0.0067842605156037995 0.013435700575815739
8 0.06309362279511534 0.8797184900831734 0.01854364540931705 0.013435700575815739
41 0.14495703301673452 0.7140115163147792 0.0004522840343735866 0.016634676903390915
26 0.1483491632745364 0.8853166986564299 0.007236544549977386 0.0047984644913627635
26 0.1483491632745364 0.8419705694177864 0.007236544549977386 0.005118362124120281
26 0.1483491632745364 0.7683941138835573 0.007236544549977386 0.005118362124120281
26 0.1483491632745364 0.7039347408829175 0.007236544549977386 0.0047984644913627635
69 0.08299412030755314 0.8206973768394114 0.0067842605156037995 0.013115802943058221
69 0.08977838082315694 0.8285348688419706 0.0067842605156037995 0.013435700575815739
69 0.09656264133876075 0.8179782469609725 0.0067842605156037995 0.013435700575815739
41 0.11781999095431932 0.8917146513115803 0.0004522840343735866 0.01695457453614843
41 0.12460425146992311 0.8216570697376839 0.0004522840343735866 0.017594369801663467
41 0.12460425146992311 0.7615163147792706 0.0004522840343735866 0.017594369801663467
5 0.06309362279511534 0.37587971849008317 0.01854364540931705 0.03134996801023673
5 0.06309362279511534 0.4836852207293666 0.01854364540931705 0.03134996801023673
5 0.06309362279511534 0.42994241842610365 0.01854364540931705 0.03134996801023673
6 0.06331976481230213 0.5371081253998721 0.018995929443690638 0.020473448496481125
69 0.08299412030755314 0.3029430582213692 0.0067842605156037995 0.013435700575815739
69 0.08977838082315694 0.31094049904030713 0.0067842605156037995 0.013435700575815739
69 0.09656264133876075 0.30022392834293027 0.0067842605156037995 0.013115802943058221
10 0.060379918588873815 0.3226167626359565 0.004975124378109453 0.0047984644913627635
8 0.06309362279511534 0.3055022392834293 0.01854364540931705 0.013435700575815739
69 0.08299412030755314 0.24584133077415227 0.0067842605156037995 0.013115802943058221
69 0.08977838082315694 0.2538387715930902 0.0067842605156037995 0.013115802943058221
69 0.09656264133876075 0.24328214971209214 0.0067842605156037995 0.013115802943058221
8 0.06309362279511534 0.24840051183621242 0.01854364540931705 0.013755598208573257
6 0.06331976481230213 0.8286948176583493 0.018995929443690638 0.020793346129238645
69 0.08299412030755314 0.7551183621241203 0.0067842605156037995 0.013115802943058221
69 0.08977838082315694 0.7631158029430583 0.0067842605156037995 0.013115802943058221
69 0.09656264133876075 0.7525591810620601 0.0067842605156037995 0.013115802943058221
5 0.06309362279511534 0.7664747280870121 0.01854364540931705 0.03134996801023673
69 0.08299412030755314 0.7012156110044786 0.0067842605156037995 0.013435700575815739
69 0.08977838082315694 0.7090531030070377 0.0067842605156037995 0.013115802943058221
69 0.09656264133876075 0.6984964811260397 0.0067842605156037995 0.013115802943058221
5 0.06309362279511534 0.7124120281509917 0.01854364540931705 0.03134996801023673
18 0.4459520578923564 0.18394113883557262 0.009950248756218905 0.010236724248240563
16 0.4459520578923564 0.1944977607165707 0.011759384893713252 0.010236724248240563
8 0.06309362279511534 0.6420345489443378 0.01854364540931705 0.013435700575815739
69 0.08299412030755314 0.585572616762636 0.0067842605156037995 0.013115802943058221
69 0.08977838082315694 0.5935700575815739 0.0067842605156037995 0.013115802943058221
69 0.09656264133876075 0.5830134357005758 0.0067842605156037995 0.013115802943058221
8 0.06309362279511534 0.5882917466410749 0.01854364540931705 0.013435700575815739
69 0.08299412030755314 0.5289507357645553 0.0067842605156037995 0.013115802943058221
69 0.08977838082315694 0.5369481765834933 0.0067842605156037995 0.013115802943058221
69 0.09656264133876075 0.5263915547024952 0.0067842605156037995 0.013115802943058221
40 0.5933966530981456 0.2380038387715931 0.0027137042062415195 0.0019193857965451055
41 0.5877431026684758 0.23032629558541268 0.0004522840343735866 0.010876519513755598
41 0.5877431026684758 0.42946257197696736 0.0004522840343735866 0.016314779270633396
40 0.5933966530981456 0.43730006397952653 0.0027137042062415195 0.0019193857965451055
28 0.5829941203075532 0.11964171465131158 0.010854816824966078 0.005118362124120281
84 0.5825418362731796 0.07229686500319897 0.009950248756218905 0.0025591810620601407
61 0.5081411126187245 0.9033909149072297 0.004975124378109453 0.014075495841330775
41 0.5241971958389868 0.8925143953934741 0.0009045680687471732 0.019193857965451054
40 0.52962460425147 0.9011516314779271 0.0027137042062415195 0.0019193857965451055
30 0.5829941203075532 0.13803582853486884 0.010854816824966078 0.005438259756877799
41 0.5241971958389868 0.7755918106206015 0.0009045680687471732 0.019513755598208574
40 0.52962460425147 0.7843889955214332 0.0027137042062415195 0.0019193857965451055
93 0.4733152419719584 0.45121561100447855 0.007688828584350972 0.0067178502879078695
61 0.5081411126187245 0.719449776071657 0.004975124378109453 0.014075495841330775
41 0.5777928539122569 0.14683301343570057 0.0004522840343735866 0.015355086372360844
40 0.5933966530981456 0.13803582853486884 0.0027137042062415195 0.001599488163787588
41 0.5877431026684758 0.11244401791426743 0.0004522840343735866 0.011836212412028152
40 0.5933966530981456 0.11676263595649392 0.0027137042062415195 0.0019193857965451055
24 0.5811849841700588 0.9419385796545106 0.007236544549977386 0.0047984644913627635
28 0.5829941203075532 0.8880358285348688 0.010854816824966078 0.005118362124120281
28 0.5829941203075532 0.8392514395393474 0.010854816824966078 0.005438259756877799
28 0.5829941203075532 0.7869481765834933 0.010854816824966078 0.005118362124120281
30 0.5829941203075532 0.7252079334612924 0.010854816824966078 0.005118362124120281
28 0.5829941203075532 0.4398592450415867 0.010854816824966078 0.005118362124120281
30 0.5829941203075532 0.2380038387715931 0.010854816824966078 0.005118362124120281
24 0.649932157394844 0.4398592450415867 0.007236544549977386 0.005118362124120281
26 0.649932157394844 0.2380038387715931 0.007236544549977386 0.005118362124120281
26 0.649932157394844 0.13803582853486884 0.007236544549977386 0.0047984644913627635
24 0.649932157394844 0.1300383877159309 0.007236544549977386 0.0047984644913627635
84 0.6363636363636364 0.9329814459373 0.009950248756218905 0.0028790786948176585
26 0.649932157394844 0.7250479846449136 0.007236544549977386 0.0047984644913627635
86 0.6078697421981004 0.9344209852847088 0.006331976481230212 0.013435700575815739
41 0.6533242876526458 0.4301023672424824 0.0004522840343735866 0.017594369801663467
41 0.6533242876526458 0.23112603966730647 0.0004522840343735866 0.012476007677543186
63 0.639981908638625 0.1300383877159309 0.006331976481230212 0.013115802943058221
41 0.6465400271370421 0.1466730646193218 0.0004522840343735866 0.015674984005118364
41 0.6533242876526458 0.1218809980806142 0.0004522840343735866 0.01471529110684581
24 0.649932157394844 0.8878758797184901 0.007236544549977386 0.0047984644913627635
24 0.649932157394844 0.8392514395393474 0.007236544549977386 0.0047984644913627635
24 0.649932157394844 0.7869481765834933 0.007236544549977386 0.005118362124120281
63 0.5712347354138398 0.7250479846449136 0.006331976481230212 0.013115802943058221
40 0.5933966530981456 0.8365323096609085 0.0027137042062415195 0.0019193857965451055
41 0.5877431026684758 0.775911708253359 0.0004522840343735866 0.02015355086372361
40 0.5933966530981456 0.7843889955214332 0.0027137042062415195 0.0019193857965451055
41 0.5877431026684758 0.8294945617402432 0.0004522840343735866 0.01727447216890595
41 0.5877431026684758 0.7152911068458093 0.0004522840343735866 0.01727447216890595
40 0.5933966530981456 0.7252079334612924 0.0027137042062415195 0.0019193857965451055
41 0.5843509724106739 0.932341650671785 0.0009045680687471732 0.017594369801663467
41 0.5877431026684758 0.8781190019193857 0.0004522840343735866 0.01727447216890595
40 0.5933966530981456 0.8851567498400512 0.0027137042062415195 0.0019193857965451055
40 0.4866576209859792 0.43730006397952653 0.0027137042062415195 0.0019193857965451055
41 0.46743554952510175 0.2715930902111324 0.0004522840343735866 0.01215611004478567
41 0.47761194029850745 0.7044145873320538 0.0009045680687471732 0.016634676903390915
40 0.4830393487109905 0.7146513115802943 0.0027137042062415195 0.0019193857965451055
41 0.5241971958389868 0.7098528470889316 0.0009045680687471732 0.016634676903390915
40 0.4830393487109905 0.26455534229046707 0.0027137042062415195 0.0019193857965451055
18 0.4459520578923564 0.7603966730646193 0.009950248756218905 0.010236724248240563
16 0.4459520578923564 0.7709532949456174 0.011759384893713252 0.010236724248240563
18 0.4459520578923564 0.9313819577735125 0.009950248756218905 0.009916826615483045
16 0.4459520578923564 0.9417786308381318 0.011759384893713252 0.010236724248240563
18 0.4459520578923564 0.8771593090211133 0.009950248756218905 0.010236724248240563
16 0.4459520578923564 0.8877159309021113 0.011759384893713252 0.010236724248240563
93 0.4683401175938489 0.9169865642994242 0.007688828584350972 0.0067178502879078695
93 0.47512437810945274 0.9169865642994242 0.007688828584350972 0.0067178502879078695
28 0.472636815920398 0.9037108125399872 0.010854816824966078 0.005118362124120281
18 0.4459520578923564 0.8234165067178503 0.009950248756218905 0.010236724248240563
16 0.4459520578923564 0.8339731285988484 0.011759384893713252 0.010236724248240563
93 0.4701492537313433 0.8504478566858605 0.007688828584350972 0.0067178502879078695
93 0.4767073722297603 0.8504478566858605 0.008141112618724558 0.0067178502879078695
32 0.47444595205789236 0.8339731285988484 0.014473089099954772 0.005118362124120281
40 0.4975124378109453 0.1327575175943698 0.0027137042062415195 0.0019193857965451055
93 0.4683401175938489 0.7939859245041587 0.007688828584350972 0.006397952655150352
93 0.47512437810945274 0.7939859245041587 0.007688828584350972 0.006397952655150352
28 0.472636815920398 0.7763915547024952 0.010854816824966078 0.005118362124120281
18 0.4459520578923564 0.7066538707613563 0.009950248756218905 0.010236724248240563
16 0.4459520578923564 0.7172104926423545 0.011759384893713252 0.010236724248240563
93 0.4683401175938489 0.7311260396673065 0.007688828584350972 0.0067178502879078695
93 0.47489823609226595 0.7311260396673065 0.008141112618724558 0.0067178502879078695
30 0.472636815920398 0.7146513115802943 0.010854816824966078 0.005118362124120281
18 0.4459520578923564 0.6396353166986565 0.009950248756218905 0.009916826615483045
16 0.4459520578923564 0.6500319897632757 0.011759384893713252 0.010236724248240563
18 0.4459520578923564 0.5857325655790148 0.009950248756218905 0.010236724248240563
16 0.4459520578923564 0.5962891874600128 0.011759384893713252 0.010236724248240563
18 0.4459520578923564 0.5316698656429942 0.009950248756218905 0.010236724248240563
16 0.4459520578923564 0.5422264875239923 0.011759384893713252 0.010236724248240563
18 0.4459520578923564 0.4779270633397313 0.009950248756218905 0.010236724248240563
16 0.4459520578923564 0.4884836852207294 0.011759384893713252 0.010236724248240563
18 0.4459520578923564 0.4238643634037108 0.009950248756218905 0.010236724248240563
16 0.4459520578923564 0.4344209852847089 0.011759384893713252 0.010236724248240563
41 0.47761194029850745 0.23320537428023033 0.0009045680687471732 0.012795905310300703
40 0.4830393487109905 0.2380038387715931 0.0027137042062415195 0.0019193857965451055
40 0.4975124378109453 0.13803582853486884 0.0027137042062415195 0.001599488163787588
41 0.47761194029850745 0.12827895073576456 0.0009045680687471732 0.01727447216890595
41 0.5241971958389868 0.12348048624440179 0.0009045680687471732 0.01471529110684581
40 0.52962460425147 0.1327575175943698 0.0027137042062415195 0.0019193857965451055
28 0.5192220714608774 0.9037108125399872 0.010854816824966078 0.005118362124120281
28 0.5192220714608774 0.7869481765834933 0.010854816824966078 0.005118362124120281
30 0.5192220714608774 0.7197696737044146 0.010854816824966078 0.005118362124120281
30 0.5192220714608774 0.26455534229046707 0.010854816824966078 0.005118362124120281
94 0.515377657168702 0.2826295585412668 0.009497964721845319 0.0047984644913627635
93 0.5241971958389868 0.28358925143953934 0.008141112618724558 0.0067178502879078695
30 0.5192220714608774 0.2380038387715931 0.010854816824966078 0.005118362124120281
30 0.5192220714608774 0.1327575175943698 0.010854816824966078 0.005118362124120281
40 0.52962460425147 0.26455534229046707 0.0027137042062415195 0.0019193857965451055
40 0.52962460425147 0.7197696737044146 0.0027137042062415195 0.0019193857965451055
61 0.5081411126187245 0.26423544465770954 0.004975124378109453 0.014075495841330775
61 0.5081411126187245 0.23768394113883556 0.004975124378109453 0.014075495841330775
41 0.514246947082768 0.2715930902111324 0.0009045680687471732 0.01215611004478567
40 0.4830393487109905 0.7738323736404351 0.0027137042062415195 0.0019193857965451055
41 0.5241971958389868 0.2309660908509277 0.0009045680687471732 0.01215611004478567
40 0.52962460425147 0.2380038387715931 0.0027137042062415195 0.0019193857965451055
61 0.5081411126187245 0.1324376199616123 0.004975124378109453 0.014075495841330775
40 0.4866576209859792 0.8314139475367882 0.0027137042062415195 0.0019193857965451055
41 0.47761194029850745 0.8928342930262316 0.0009045680687471732 0.01983365323096609
40 0.4830393487109905 0.9011516314779271 0.0027137042062415195 0.0019193857965451055
41 0.47761194029850745 0.7667946257197696 0.0009045680687471732 0.01727447216890595
