134 0.4997448979591837 0.057900432900432904 0.9045918367346939 0.024170274170274172
134 0.4997448979591837 0.18001443001443002 0.9045918367346939 0.023809523809523808
134 0.4997448979591837 0.11886724386724387 0.9045918367346939 0.024170274170274172
1 0.8357142857142857 0.2233044733044733 0.015306122448979591 0.0007215007215007215
1 0.7931122448979592 0.2233044733044733 0.015816326530612244 0.0007215007215007215
1 0.673469387755102 0.2233044733044733 0.015306122448979591 0.0007215007215007215
1 0.6308673469387756 0.2233044733044733 0.015816326530612244 0.0007215007215007215
1 0.5015306122448979 0.2233044733044733 0.015306122448979591 0.0007215007215007215
1 0.4589285714285714 0.2233044733044733 0.015816326530612244 0.0007215007215007215
1 0.3576530612244898 0.2233044733044733 0.015306122448979591 0.0007215007215007215
1 0.31505102040816324 0.2233044733044733 0.015816326530612244 0.0007215007215007215
1 0.1816326530612245 0.2233044733044733 0.015306122448979591 0.0007215007215007215
1 0.13903061224489796 0.2233044733044733 0.015816326530612244 0.0007215007215007215
134 0.4997448979591837 0.24116161616161616 0.9045918367346939 0.024170274170274172
41 0.6783163265306122 0.11038961038961038 0.0005102040816326531 0.01875901875901876
47 0.6829081632653061 0.10984848484848485 0.008673469387755102 0.016955266955266956
41 0.6686224489795919 0.18235930735930736 0.0005102040816326531 0.01911976911976912
53 0.672704081632653 0.1830808080808081 0.007653061224489796 0.016955266955266956
26 0.673469387755102 0.060786435786435784 0.01020408163265306 0.006132756132756133
26 0.673469387755102 0.12175324675324675 0.01020408163265306 0.006132756132756133
26 0.673469387755102 0.17117604617604618 0.01020408163265306 0.006132756132756133
24 0.673469387755102 0.2231240981240981 0.01020408163265306 0.006132756132756133
41 0.6783163265306122 0.04996392496392496 0.0005102040816326531 0.01984126984126984
47 0.6829081632653061 0.048701298701298704 0.008673469387755102 0.016594516594516596
41 0.7257653061224489 0.0496031746031746 0.0005102040816326531 0.01911976911976912
26 0.7209183673469388 0.060786435786435784 0.01020408163265306 0.006132756132756133
24 0.7209183673469388 0.13077200577200576 0.01020408163265306 0.006132756132756133
24 0.7209183673469388 0.18596681096681097 0.01020408163265306 0.006132756132756133
26 0.7209183673469388 0.2261904761904762 0.01020408163265306 0.006493506493506494
40 0.7323979591836735 0.060786435786435784 0.0035714285714285713 0.0025252525252525255
41 0.7257653061224489 0.12085137085137085 0.0005102040816326531 0.018037518037518036
53 0.6729591836734694 0.2352092352092352 0.007142857142857143 0.016594516594516596
87 0.6982142857142857 0.05844155844155844 0.009693877551020408 0.010822510822510822
26 0.698469387755102 0.12175324675324675 0.01020408163265306 0.006132756132756133
87 0.6982142857142857 0.18073593073593072 0.009693877551020408 0.010822510822510822
87 0.6982142857142857 0.2417027417027417 0.009693877551020408 0.010822510822510822
41 0.6686224489795919 0.23412698412698413 0.0005102040816326531 0.01948051948051948
41 0.7033163265306123 0.113997113997114 0.0005102040816326531 0.013708513708513708
41 0.5446428571428571 0.23755411255411255 0.0005102040816326531 0.0183982683982684
40 0.5609693877551021 0.17117604617604618 0.0035714285714285713 0.0025252525252525255
41 0.5446428571428571 0.1856060606060606 0.0005102040816326531 0.0183982683982684
40 0.5609693877551021 0.22637085137085136 0.0035714285714285713 0.0025252525252525255
26 0.5724489795918367 0.12175324675324675 0.01020408163265306 0.006132756132756133
41 0.5676020408163265 0.12914862914862915 0.0005102040816326531 0.012265512265512266
24 0.5494897959183673 0.11886724386724387 0.01020408163265306 0.006132756132756133
121 0.2375 0.13672438672438672 0.07091836734693878 0.0021645021645021645
26 0.5494897959183673 0.060786435786435784 0.01020408163265306 0.006132756132756133
24 0.5494897959183673 0.17406204906204906 0.01020408163265306 0.006132756132756133
26 0.5494897959183673 0.22637085137085136 0.01020408163265306 0.006132756132756133
40 0.5609693877551021 0.060786435786435784 0.0035714285714285713 0.0025252525252525255
41 0.5543367346938776 0.04996392496392496 0.0005102040816326531 0.01984126984126984
41 0.5446428571428571 0.1277056277056277 0.0005102040816326531 0.015151515151515152
41 0.6262755102040817 0.12987012987012986 0.0005102040816326531 0.017316017316017316
40 0.6426020408163265 0.17117604617604618 0.0035714285714285713 0.0025252525252525255
41 0.6262755102040817 0.18272005772005773 0.0005102040816326531 0.0183982683982684
40 0.6426020408163265 0.11598124098124098 0.0035714285714285713 0.0025252525252525255
40 0.6426020408163265 0.22023809523809523 0.0035714285714285713 0.0025252525252525255
41 0.6262755102040817 0.23466810966810966 0.0005102040816326531 0.0183982683982684
26 0.5974489795918367 0.11598124098124098 0.01020408163265306 0.006132756132756133
41 0.5928571428571429 0.1268037518037518 0.0010204081632653062 0.01984126984126984
26 0.6308673469387756 0.060786435786435784 0.009693877551020408 0.006132756132756133
24 0.6311224489795918 0.11886724386724387 0.01020408163265306 0.006132756132756133
26 0.6311224489795918 0.17117604617604618 0.01020408163265306 0.006132756132756133
24 0.6311224489795918 0.2231240981240981 0.01020408163265306 0.006132756132756133
40 0.6426020408163265 0.060786435786435784 0.0035714285714285713 0.0025252525252525255
41 0.6357142857142857 0.04996392496392496 0.0010204081632653062 0.01984126984126984
41 0.8788265306122449 0.23755411255411255 0.0005102040816326531 0.0183982683982684
40 0.8951530612244898 0.1830808080808081 0.0035714285714285713 0.0025252525252525255
41 0.8885204081632653 0.1747835497835498 0.0005102040816326531 0.01911976911976912
40 0.8951530612244898 0.22637085137085136 0.0035714285714285713 0.0025252525252525255
26 0.9010204081632653 0.11598124098124098 0.01020408163265306 0.006132756132756133
41 0.8961734693877551 0.1268037518037518 0.0005102040816326531 0.01984126984126984
26 0.8836734693877552 0.060786435786435784 0.01020408163265306 0.006132756132756133
24 0.8836734693877552 0.18596681096681097 0.01020408163265306 0.006132756132756133
26 0.8836734693877552 0.22637085137085136 0.01020408163265306 0.006132756132756133
40 0.8951530612244898 0.060786435786435784 0.0035714285714285713 0.0025252525252525255
41 0.8885204081632653 0.04996392496392496 0.0005102040816326531 0.01984126984126984
121 0.9043367346938775 0.13167388167388167 0.015816326530612244 0.002886002886002886
121 0.9132653061224489 0.13618326118326118 0.0336734693877551 0.003246753246753247
121 0.7145408163265307 0.10948773448773448 0.02193877551020408 0.006854256854256854
122 0.6862244897959183 0.1277056277056277 0.02142857142857143 0.002886002886002886
120 0.6145408163265306 0.10786435786435787 0.03316326530612245 0.006493506493506494
121 0.5573979591836735 0.13672438672438672 0.07091836734693878 0.0021645021645021645
122 0.29668367346938773 0.10984848484848485 0.034183673469387756 0.003246753246753247
26 0.9178571428571428 0.11598124098124098 0.01020408163265306 0.006132756132756133
41 0.9130102040816327 0.12644300144300144 0.0005102040816326531 0.01911976911976912
24 0.9346938775510204 0.11291486291486291 0.01020408163265306 0.006493506493506494
41 0.9298469387755102 0.12481962481962482 0.0005102040816326531 0.021645021645021644
40 0.8048469387755102 0.060786435786435784 0.0035714285714285713 0.0025252525252525255
41 0.797704081632653 0.049422799422799424 0.0005102040816326531 0.01875901875901876
40 0.8048469387755102 0.17117604617604618 0.0035714285714285713 0.0025252525252525255
41 0.7885204081632653 0.18272005772005773 0.0005102040816326531 0.0183982683982684
41 0.7257653061224489 0.17514430014430016 0.0005102040816326531 0.01984126984126984
40 0.7323979591836735 0.22637085137085136 0.0035714285714285713 0.0025252525252525255
41 0.7160714285714286 0.237012987012987 0.0005102040816326531 0.01948051948051948
24 0.7438775510204082 0.13077200577200576 0.01020408163265306 0.006132756132756133
41 0.7487244897959183 0.11994949494949494 0.0005102040816326531 0.01984126984126984
26 0.7931122448979592 0.060786435786435784 0.009693877551020408 0.006132756132756133
85 0.7933673469387755 0.11724386724386725 0.01020408163265306 0.002886002886002886
26 0.7931122448979592 0.17117604617604618 0.009693877551020408 0.006132756132756133
24 0.7931122448979592 0.2231240981240981 0.009693877551020408 0.006132756132756133
24 0.8357142857142857 0.2231240981240981 0.01020408163265306 0.006132756132756133
41 0.8405612244897959 0.049422799422799424 0.0005102040816326531 0.01875901875901876
47 0.8451530612244897 0.048701298701298704 0.008673469387755102 0.016594516594516596
41 0.8308673469387755 0.18235930735930736 0.0005102040816326531 0.01911976911976912
53 0.8349489795918368 0.1830808080808081 0.007653061224489796 0.016955266955266956
26 0.8357142857142857 0.17117604617604618 0.01020408163265306 0.006132756132756133
41 0.8308673469387755 0.23412698412698413 0.0005102040816326531 0.01948051948051948
53 0.8349489795918368 0.2353896103896104 0.007653061224489796 0.016955266955266956
87 0.8604591836734694 0.05844155844155844 0.009693877551020408 0.010822510822510822
86 0.8591836734693877 0.1176046176046176 0.00816326530612245 0.017316017316017316
87 0.8604591836734694 0.18073593073593072 0.009693877551020408 0.010822510822510822
87 0.8604591836734694 0.2417027417027417 0.009693877551020408 0.010822510822510822
40 0.8048469387755102 0.22023809523809523 0.0035714285714285713 0.0025252525252525255
41 0.7885204081632653 0.23412698412698413 0.0005102040816326531 0.01948051948051948
40 0.7323979591836735 0.1830808080808081 0.0035714285714285713 0.0025252525252525255
26 0.8357142857142857 0.060786435786435784 0.01020408163265306 0.006132756132756133
41 0.22474489795918368 0.12896825396825398 0.0005102040816326531 0.015512265512265512
26 0.22959183673469388 0.060786435786435784 0.01020408163265306 0.006132756132756133
24 0.22959183673469388 0.11886724386724387 0.01020408163265306 0.006132756132756133
24 0.22959183673469388 0.17406204906204906 0.01020408163265306 0.006132756132756133
26 0.22959183673469388 0.22637085137085136 0.01020408163265306 0.006132756132756133
40 0.24107142857142858 0.060786435786435784 0.0035714285714285713 0.0025252525252525255
41 0.2344387755102041 0.04996392496392496 0.0005102040816326531 0.01984126984126984
40 0.24107142857142858 0.17117604617604618 0.0035714285714285713 0.0025252525252525255
41 0.22474489795918368 0.18488455988455987 0.0005102040816326531 0.01984126984126984
26 0.2066326530612245 0.12175324675324675 0.01020408163265306 0.006132756132756133
95 0.2010204081632653 0.1480880230880231 0.018367346938775512 0.01406926406926407
95 0.2096938775510204 0.1480880230880231 0.018367346938775512 0.01406926406926407
87 0.20637755102040817 0.18073593073593072 0.009693877551020408 0.010822510822510822
87 0.20637755102040817 0.2417027417027417 0.009693877551020408 0.010822510822510822
41 0.2017857142857143 0.12987012987012986 0.0005102040816326531 0.013708513708513708
40 0.24107142857142858 0.22637085137085136 0.0035714285714285713 0.0025252525252525255
40 0.32627551020408163 0.060786435786435784 0.0035714285714285713 0.0025252525252525255
41 0.3196428571428571 0.049422799422799424 0.0005102040816326531 0.01875901875901876
24 0.31479591836734694 0.2231240981240981 0.01020408163265306 0.006132756132756133
40 0.32627551020408163 0.17117604617604618 0.0035714285714285713 0.0025252525252525255
41 0.31020408163265306 0.18524531024531024 0.0010204081632653062 0.01911976911976912
41 0.22474489795918368 0.237012987012987 0.0005102040816326531 0.01948051948051948
26 0.25255102040816324 0.12175324675324675 0.01020408163265306 0.006132756132756133
41 0.24770408163265306 0.12987012987012986 0.0005102040816326531 0.013708513708513708
94 0.19974489795918368 0.07738095238095238 0.01479591836734694 0.006132756132756133
93 0.21198979591836734 0.07882395382395382 0.01479591836734694 0.00974025974025974
26 0.27780612244897956 0.11598124098124098 0.009693877551020408 0.006132756132756133
41 0.2729591836734694 0.1268037518037518 0.0010204081632653062 0.01984126984126984
26 0.31479591836734694 0.060786435786435784 0.01020408163265306 0.006132756132756133
30 0.3153061224489796 0.11598124098124098 0.011224489795918367 0.006132756132756133
24 0.31479591836734694 0.17406204906204906 0.01020408163265306 0.006132756132756133
69 0.08954081632653062 0.2352092352092352 0.008673469387755102 0.017316017316017316
69 0.09872448979591837 0.24404761904761904 0.008673469387755102 0.017676767676767676
69 0.10790816326530613 0.23214285714285715 0.008673469387755102 0.017676767676767676
5 0.06683673469387755 0.1176046176046176 0.022448979591836733 0.044733044733044736
69 0.08954081632653062 0.10696248196248197 0.008673469387755102 0.017676767676767676
69 0.09872448979591837 0.11580086580086581 0.008673469387755102 0.017316017316017316
69 0.10790816326530613 0.1038961038961039 0.008673469387755102 0.017316017316017316
6 0.06709183673469388 0.18001443001443002 0.02295918367346939 0.023809523809523808
69 0.08954081632653062 0.170995670995671 0.008673469387755102 0.017316017316017316
69 0.09872448979591837 0.18001443001443002 0.008673469387755102 0.017316017316017316
69 0.10790816326530613 0.1681096681096681 0.008673469387755102 0.017316017316017316
8 0.0663265306122449 0.23917748917748918 0.02346938775510204 0.020202020202020204
26 0.13877551020408163 0.060786435786435784 0.01020408163265306 0.006132756132756133
85 0.13903061224489796 0.11724386724386725 0.010714285714285714 0.002886002886002886
24 0.13877551020408163 0.17406204906204906 0.01020408163265306 0.006132756132756133
24 0.13877551020408163 0.2231240981240981 0.01020408163265306 0.006132756132756133
122 0.9454081632653061 0.11002886002886003 0.007142857142857143 0.001443001443001443
5 0.06683673469387755 0.056457431457431456 0.022448979591836733 0.044372294372294376
69 0.08954081632653062 0.045815295815295816 0.008673469387755102 0.017316017316017316
69 0.09872448979591837 0.05483405483405483 0.008673469387755102 0.017316017316017316
69 0.10790816326530613 0.04292929292929293 0.008673469387755102 0.017316017316017316
26 0.1816326530612245 0.060786435786435784 0.01020408163265306 0.006132756132756133
24 0.1816326530612245 0.17406204906204906 0.01020408163265306 0.006132756132756133
24 0.1816326530612245 0.2231240981240981 0.01020408163265306 0.006132756132756133
41 0.18647959183673468 0.04996392496392496 0.0005102040816326531 0.01984126984126984
47 0.19107142857142856 0.048701298701298704 0.008673469387755102 0.016594516594516596
41 0.1767857142857143 0.18488455988455987 0.0005102040816326531 0.01984126984126984
53 0.18086734693877551 0.18596681096681097 0.007653061224489796 0.016955266955266956
41 0.1767857142857143 0.23412698412698413 0.0005102040816326531 0.01948051948051948
53 0.18086734693877551 0.2353896103896104 0.007653061224489796 0.016955266955266956
87 0.20637755102040817 0.05844155844155844 0.009693877551020408 0.010822510822510822
40 0.15025510204081632 0.17117604617604618 0.0035714285714285713 0.0025252525252525255
40 0.15025510204081632 0.060786435786435784 0.0035714285714285713 0.0025252525252525255
41 0.14362244897959184 0.04996392496392496 0.0005102040816326531 0.01984126984126984
41 0.31020408163265306 0.12698412698412698 0.0010204081632653062 0.01948051948051948
41 0.13418367346938775 0.18488455988455987 0.0010204081632653062 0.01984126984126984
40 0.15025510204081632 0.22023809523809523 0.0035714285714285713 0.0025252525252525255
41 0.13418367346938775 0.23412698412698413 0.0010204081632653062 0.01948051948051948
40 0.4701530612244898 0.17117604617604618 0.0035714285714285713 0.0025252525252525255
41 0.45382653061224487 0.18524531024531024 0.0005102040816326531 0.01911976911976912
40 0.4701530612244898 0.22023809523809523 0.0035714285714285713 0.0025252525252525255
41 0.45382653061224487 0.2344877344877345 0.0005102040816326531 0.01875901875901876
26 0.4586734693877551 0.060786435786435784 0.01020408163265306 0.006132756132756133
40 0.41709183673469385 0.22637085137085136 0.0035714285714285713 0.0025252525252525255
41 0.400765306122449 0.23773448773448774 0.0005102040816326531 0.018037518037518036
85 0.4589285714285714 0.11724386724386725 0.010714285714285714 0.002886002886002886
24 0.4586734693877551 0.17406204906204906 0.01020408163265306 0.006132756132756133
24 0.4586734693877551 0.2231240981240981 0.01020408163265306 0.006132756132756133
40 0.4701530612244898 0.060786435786435784 0.0035714285714285713 0.0025252525252525255
41 0.4635204081632653 0.04996392496392496 0.0005102040816326531 0.01984126984126984
26 0.5265306122448979 0.12175324675324675 0.01020408163265306 0.006132756132756133
53 0.5010204081632653 0.1856060606060606 0.007142857142857143 0.016233766233766232
41 0.49668367346938774 0.2344877344877345 0.0005102040816326531 0.01875901875901876
53 0.500765306122449 0.2353896103896104 0.007653061224489796 0.016955266955266956
87 0.5262755102040816 0.05844155844155844 0.009693877551020408 0.010822510822510822
41 0.49668367346938774 0.18542568542568544 0.0005102040816326531 0.01875901875901876
87 0.5262755102040816 0.18073593073593072 0.009693877551020408 0.010822510822510822
87 0.5262755102040816 0.2417027417027417 0.009693877551020408 0.010822510822510822
41 0.5216836734693877 0.12987012987012986 0.0005102040816326531 0.013708513708513708
26 0.5015306122448979 0.060786435786435784 0.01020408163265306 0.006132756132756133
24 0.5015306122448979 0.17406204906204906 0.01020408163265306 0.006132756132756133
24 0.5015306122448979 0.2231240981240981 0.01020408163265306 0.006132756132756133
41 0.5063775510204082 0.04996392496392496 0.0005102040816326531 0.01984126984126984
47 0.5107142857142857 0.048701298701298704 0.00816326530612245 0.016594516594516596
26 0.3576530612244898 0.060786435786435784 0.01020408163265306 0.006132756132756133
24 0.3576530612244898 0.17406204906204906 0.01020408163265306 0.006132756132756133
24 0.3576530612244898 0.2231240981240981 0.01020408163265306 0.006132756132756133
41 0.3625 0.04996392496392496 0.0005102040816326531 0.01984126984126984
47 0.36709183673469387 0.048701298701298704 0.008673469387755102 0.016594516594516596
41 0.3528061224489796 0.18488455988455987 0.0005102040816326531 0.01984126984126984
53 0.3568877551020408 0.18596681096681097 0.007653061224489796 0.016955266955266956
41 0.3528061224489796 0.23412698412698413 0.0005102040816326531 0.01948051948051948
53 0.3568877551020408 0.2353896103896104 0.007653061224489796 0.016955266955266956
87 0.3823979591836735 0.05844155844155844 0.009693877551020408 0.010822510822510822
40 0.32627551020408163 0.22023809523809523 0.0035714285714285713 0.0025252525252525255
41 0.31020408163265306 0.23412698412698413 0.0010204081632653062 0.01948051948051948
40 0.41709183673469385 0.17117604617604618 0.0035714285714285713 0.0025252525252525255
24 0.40561224489795916 0.17406204906204906 0.01020408163265306 0.006132756132756133
85 0.38290816326530613 0.11724386724386725 0.010714285714285714 0.002886002886002886
26 0.40535714285714286 0.060786435786435784 0.009693877551020408 0.006132756132756133
26 0.40535714285714286 0.22637085137085136 0.009693877551020408 0.006132756132756133
40 0.41709183673469385 0.060786435786435784 0.0035714285714285713 0.0025252525252525255
41 0.41020408163265304 0.04996392496392496 0.0010204081632653062 0.01984126984126984
41 0.400765306122449 0.18488455988455987 0.0005102040816326531 0.01984126984126984
87 0.3823979591836735 0.18073593073593072 0.009693877551020408 0.010822510822510822
87 0.3823979591836735 0.2417027417027417 0.009693877551020408 0.010822510822510822
134 0.4997448979591837 0.4018759018759019 0.9045918367346939 0.023809523809523808
134 0.4997448979591837 0.463023088023088 0.9045918367346939 0.024170274170274172
134 0.4997448979591837 0.523989898989899 0.9045918367346939 0.024170274170274172
134 0.49948979591836734 0.5853174603174603 0.9040816326530612 0.024170274170274172
1 0.5897959183673469 0.5672799422799423 0.015306122448979591 0.0010822510822510823
1 0.5551020408163265 0.5672799422799423 0.015306122448979591 0.0010822510822510823
1 0.4556122448979592 0.5672799422799423 0.015306122448979591 0.0010822510822510823
1 0.42117346938775513 0.5672799422799423 0.015816326530612244 0.0010822510822510823
1 0.31607142857142856 0.5672799422799423 0.015816326530612244 0.0010822510822510823
1 0.26760204081632655 0.5672799422799423 0.015816326530612244 0.0010822510822510823
1 0.17346938775510204 0.5672799422799423 0.015306122448979591 0.0010822510822510823
1 0.13903061224489796 0.5672799422799423 0.015816326530612244 0.0010822510822510823
24 0.7010204081632653 0.4018759018759019 0.01020408163265306 0.006493506493506494
24 0.7010204081632653 0.4749278499278499 0.01020408163265306 0.006132756132756133
26 0.7010204081632653 0.5151515151515151 0.01020408163265306 0.006493506493506494
47 0.674234693877551 0.5162337662337663 0.007653061224489796 0.01443001443001443
26 0.7010204081632653 0.5762987012987013 0.01020408163265306 0.006132756132756133
40 0.7125 0.39880952380952384 0.0035714285714285713 0.0025252525252525255
41 0.6961734693877552 0.41233766233766234 0.0005102040816326531 0.01875901875901876
53 0.7418367346938776 0.4128787878787879 0.007142857142857143 0.016233766233766232
41 0.7471938775510204 0.46356421356421357 0.0005102040816326531 0.01875901875901876
40 0.6426020408163265 0.5701659451659452 0.0035714285714285713 0.0025252525252525255
94 0.548469387755102 0.4855699855699856 0.014285714285714285 0.006493506493506494
93 0.5604591836734694 0.48683261183261184 0.01479591836734694 0.00974025974025974
41 0.6262755102040817 0.5817099567099567 0.0005102040816326531 0.0183982683982684
41 0.6696428571428571 0.5160533910533911 0.0005102040816326531 0.01911976911976912
87 0.6451530612244898 0.5248917748917749 0.009693877551020408 0.010822510822510822
95 0.6392857142857142 0.547077922077922 0.018367346938775512 0.01406926406926407
95 0.6479591836734694 0.547077922077922 0.018367346938775512 0.01406926406926407
26 0.664795918367347 0.5270562770562771 0.01020408163265306 0.006493506493506494
24 0.7423469387755102 0.4018759018759019 0.01020408163265306 0.006493506493506494
40 0.7125 0.5762987012987013 0.0035714285714285713 0.0025252525252525255
41 0.6961734693877552 0.5871212121212122 0.0005102040816326531 0.01984126984126984
41 0.7232142857142857 0.5322871572871573 0.0005102040816326531 0.01911976911976912
26 0.7280612244897959 0.5211038961038961 0.01020408163265306 0.006132756132756133
40 0.7125 0.47204184704184704 0.0035714285714285713 0.0025252525252525255
41 0.7058673469387755 0.46410533910533913 0.0005102040816326531 0.01984126984126984
41 0.6961734693877552 0.525974025974026 0.0005102040816326531 0.01948051948051948
41 0.7375 0.41233766233766234 0.0005102040816326531 0.01875901875901876
26 0.7423469387755102 0.5762987012987013 0.01020408163265306 0.006132756132756133
24 0.7423469387755102 0.4749278499278499 0.01020408163265306 0.006132756132756133
40 0.5665816326530613 0.5643939393939394 0.0035714285714285713 0.0025252525252525255
41 0.5502551020408163 0.5786435786435786 0.0005102040816326531 0.01875901875901876
26 0.5897959183673469 0.40494227994227994 0.01020408163265306 0.006132756132756133
24 0.5897959183673469 0.4749278499278499 0.01020408163265306 0.006132756132756133
122 0.18443877551020407 0.45436507936507936 0.017857142857142856 0.0025252525252525255
85 0.5553571428571429 0.5223665223665224 0.010714285714285714 0.002886002886002886
5 0.5221938775510204 0.52507215007215 0.015816326530612244 0.03571428571428571
24 0.5551020408163265 0.5672799422799423 0.01020408163265306 0.006132756132756133
40 0.5665816326530613 0.40494227994227994 0.0035714285714285713 0.0025252525252525255
41 0.5599489795918368 0.3935786435786436 0.0005102040816326531 0.01875901875901876
24 0.5897959183673469 0.5672799422799423 0.01020408163265306 0.006132756132756133
40 0.5665816326530613 0.47204184704184704 0.0035714285714285713 0.0025252525252525255
41 0.5599489795918368 0.46356421356421357 0.0005102040816326531 0.01875901875901876
26 0.6311224489795918 0.40494227994227994 0.01020408163265306 0.006132756132756133
24 0.6311224489795918 0.4749278499278499 0.01020408163265306 0.006132756132756133
26 0.6311224489795918 0.5701659451659452 0.01020408163265306 0.006132756132756133
40 0.6426020408163265 0.40494227994227994 0.0035714285714285713 0.0025252525252525255
41 0.635969387755102 0.3939393939393939 0.0005102040816326531 0.01948051948051948
40 0.6426020408163265 0.47204184704184704 0.0035714285714285713 0.0025252525252525255
41 0.635969387755102 0.46410533910533913 0.0005102040816326531 0.01984126984126984
41 0.5946428571428571 0.3939393939393939 0.0005102040816326531 0.01948051948051948
47 0.5989795918367347 0.39285714285714285 0.00816326530612245 0.016594516594516596
41 0.5946428571428571 0.46410533910533913 0.0005102040816326531 0.01984126984126984
47 0.5989795918367347 0.46284271284271283 0.00816326530612245 0.016594516594516596
41 0.5849489795918368 0.5782828282828283 0.0005102040816326531 0.01948051948051948
53 0.5890306122448979 0.5791847041847041 0.007653061224489796 0.016955266955266956
87 0.6112244897959184 0.4025974025974026 0.009183673469387756 0.010822510822510822
87 0.6112244897959184 0.46356421356421357 0.009183673469387756 0.010822510822510822
86 0.6099489795918367 0.5227272727272727 0.007653061224489796 0.017316017316017316
87 0.6112244897959184 0.5858585858585859 0.009183673469387756 0.010822510822510822
24 0.8918367346938776 0.523989898989899 0.01020408163265306 0.006132756132756133
87 0.8915816326530612 0.5858585858585859 0.009693877551020408 0.010822510822510822
41 0.8869897959183674 0.5344516594516594 0.0005102040816326531 0.0183982683982684
87 0.8915816326530612 0.46356421356421357 0.009693877551020408 0.010822510822510822
26 0.9112244897959184 0.40494227994227994 0.01020408163265306 0.006132756132756133
26 0.9112244897959184 0.4778138528138528 0.01020408163265306 0.006132756132756133
24 0.9112244897959184 0.5791847041847041 0.01020408163265306 0.006132756132756133
40 0.922704081632653 0.40494227994227994 0.0035714285714285713 0.0025252525252525255
41 0.9160714285714285 0.3939393939393939 0.0005102040816326531 0.01948051948051948
26 0.8698979591836735 0.40494227994227994 0.01020408163265306 0.006132756132756133
26 0.8698979591836735 0.4778138528138528 0.01020408163265306 0.006132756132756133
24 0.8698979591836735 0.5791847041847041 0.01020408163265306 0.006132756132756133
41 0.8747448979591836 0.3939393939393939 0.0005102040816326531 0.01948051948051948
47 0.8790816326530613 0.39285714285714285 0.00816326530612245 0.016594516594516596
41 0.8747448979591836 0.466991341991342 0.0005102040816326531 0.01984126984126984
47 0.8790816326530613 0.4657287157287157 0.00816326530612245 0.016594516594516596
41 0.8650510204081633 0.5901875901875901 0.0005102040816326531 0.01948051948051948
53 0.8691326530612244 0.5910894660894661 0.007653061224489796 0.016955266955266956
87 0.8915816326530612 0.4025974025974026 0.009693877551020408 0.010822510822510822
122 0.4061224489795918 0.47204184704184704 0.030612244897959183 0.003246753246753247
122 0.24821428571428572 0.4601370851370851 0.023979591836734693 0.003246753246753247
40 0.922704081632653 0.4778138528138528 0.0035714285714285713 0.0025252525252525255
41 0.9160714285714285 0.466991341991342 0.0005102040816326531 0.01984126984126984
40 0.922704081632653 0.5762987012987013 0.0035714285714285713 0.0025252525252525255
41 0.9063775510204082 0.5901875901875901 0.0005102040816326531 0.01948051948051948
26 0.9255102040816326 0.5270562770562771 0.01020408163265306 0.006493506493506494
41 0.9303571428571429 0.5162337662337663 0.0005102040816326531 0.01948051948051948
24 0.7836734693877551 0.4018759018759019 0.01020408163265306 0.006493506493506494
24 0.7836734693877551 0.4749278499278499 0.01020408163265306 0.006132756132756133
26 0.7836734693877551 0.5762987012987013 0.01020408163265306 0.006132756132756133
40 0.7951530612244898 0.39880952380952384 0.0035714285714285713 0.0025252525252525255
41 0.7788265306122449 0.41233766233766234 0.0005102040816326531 0.01875901875901876
40 0.7951530612244898 0.47204184704184704 0.0035714285714285713 0.0025252525252525255
41 0.7885204081632653 0.46410533910533913 0.0005102040816326531 0.01984126984126984
40 0.7951530612244898 0.5762987012987013 0.0035714285714285713 0.0025252525252525255
41 0.7788265306122449 0.5871212121212122 0.0005102040816326531 0.01984126984126984
87 0.764030612244898 0.5858585858585859 0.009693877551020408 0.010822510822510822
47 0.7517857142857143 0.46284271284271283 0.008673469387755102 0.016594516594516596
41 0.7375 0.5871212121212122 0.0005102040816326531 0.01984126984126984
53 0.7415816326530612 0.5882034632034632 0.007653061224489796 0.016955266955266956
87 0.764030612244898 0.4025974025974026 0.009693877551020408 0.010822510822510822
87 0.764030612244898 0.46356421356421357 0.009693877551020408 0.010822510822510822
26 0.7642857142857142 0.5151515151515151 0.01020408163265306 0.006493506493506494
41 0.7594387755102041 0.525974025974026 0.0005102040816326531 0.01948051948051948
41 0.8306122448979592 0.5322871572871573 0.0010204081632653062 0.01911976911976912
40 0.8466836734693878 0.5762987012987013 0.0035714285714285713 0.0025252525252525255
41 0.8306122448979592 0.5903679653679653 0.0010204081632653062 0.01911976911976912
40 0.8466836734693878 0.40494227994227994 0.0035714285714285713 0.0025252525252525255
24 0.7979591836734694 0.512085137085137 0.01020408163265306 0.006132756132756133
41 0.7931122448979592 0.523088023088023 0.0005102040816326531 0.01948051948051948
26 0.835204081632653 0.40494227994227994 0.01020408163265306 0.006132756132756133
26 0.835204081632653 0.4778138528138528 0.01020408163265306 0.006132756132756133
30 0.8357142857142857 0.5211038961038961 0.011224489795918367 0.006132756132756133
24 0.835204081632653 0.5791847041847041 0.01020408163265306 0.006132756132756133
41 0.8400510204081633 0.3939393939393939 0.0005102040816326531 0.01948051948051948
40 0.8466836734693878 0.4778138528138528 0.0035714285714285713 0.0025252525252525255
41 0.8400510204081633 0.466991341991342 0.0005102040816326531 0.01984126984126984
40 0.22627551020408163 0.5272366522366523 0.0035714285714285713 0.0025252525252525255
41 0.21964285714285714 0.5187590187590188 0.0005102040816326531 0.01875901875901876
40 0.22627551020408163 0.5701659451659452 0.0035714285714285713 0.0025252525252525255
41 0.20994897959183673 0.5815295815295816 0.0005102040816326531 0.01875901875901876
24 0.22908163265306122 0.463023088023088 0.01020408163265306 0.006132756132756133
41 0.22423469387755102 0.4733044733044733 0.0005102040816326531 0.01875901875901876
26 0.2673469387755102 0.40494227994227994 0.01020408163265306 0.006132756132756133
24 0.2673469387755102 0.463023088023088 0.01020408163265306 0.006132756132756133
26 0.2673469387755102 0.5151515151515151 0.01020408163265306 0.006493506493506494
24 0.2673469387755102 0.5672799422799423 0.01020408163265306 0.006132756132756133
40 0.2788265306122449 0.40494227994227994 0.0035714285714285713 0.0025252525252525255
41 0.19056122448979593 0.4715007215007215 0.0005102040816326531 0.01875901875901876
41 0.2721938775510204 0.3939393939393939 0.0005102040816326531 0.01948051948051948
26 0.21479591836734693 0.40494227994227994 0.01020408163265306 0.006132756132756133
24 0.21479591836734693 0.5301226551226551 0.01020408163265306 0.006132756132756133
26 0.21479591836734693 0.5703463203463204 0.01020408163265306 0.006493506493506494
40 0.22627551020408163 0.40494227994227994 0.0035714285714285713 0.0025252525252525255
41 0.21964285714285714 0.3939393939393939 0.0005102040816326531 0.01948051948051948
41 0.2627551020408163 0.5782828282828283 0.0010204081632653062 0.01948051948051948
40 0.2788265306122449 0.5643939393939394 0.0035714285714285713 0.0025252525252525255
87 0.29642857142857143 0.46356421356421357 0.009183673469387756 0.010822510822510822
26 0.3163265306122449 0.40494227994227994 0.01020408163265306 0.006132756132756133
24 0.3163265306122449 0.463023088023088 0.01020408163265306 0.006132756132756133
26 0.3163265306122449 0.5151515151515151 0.01020408163265306 0.006493506493506494
24 0.3163265306122449 0.5672799422799423 0.01020408163265306 0.006132756132756133
41 0.2627551020408163 0.4733044733044733 0.0010204081632653062 0.01875901875901876
40 0.27908163265306124 0.5151515151515151 0.004081632653061225 0.002886002886002886
41 0.2627551020408163 0.525974025974026 0.0010204081632653062 0.01948051948051948
6 0.06709183673469388 0.5241702741702742 0.02295918367346939 0.023809523809523808
69 0.08954081632653062 0.5151515151515151 0.008673469387755102 0.017316017316017316
69 0.09872448979591837 0.5241702741702742 0.008673469387755102 0.017316017316017316
69 0.10790816326530613 0.5122655122655123 0.008673469387755102 0.017316017316017316
8 0.0663265306122449 0.5833333333333334 0.02346938775510204 0.020202020202020204
69 0.08954081632653062 0.5791847041847041 0.008673469387755102 0.017676767676767676
69 0.09872448979591837 0.588023088023088 0.008673469387755102 0.017316017316017316
69 0.10790816326530613 0.5761183261183261 0.008673469387755102 0.017316017316017316
69 0.08954081632653062 0.4509379509379509 0.008673469387755102 0.017316017316017316
69 0.09872448979591837 0.45995670995670995 0.008673469387755102 0.017316017316017316
69 0.10790816326530613 0.44805194805194803 0.008673469387755102 0.017316017316017316
26 0.13877551020408163 0.40494227994227994 0.01020408163265306 0.006132756132756133
24 0.13877551020408163 0.4568903318903319 0.01020408163265306 0.006132756132756133
26 0.13877551020408163 0.5151515151515151 0.01020408163265306 0.006493506493506494
24 0.13877551020408163 0.5672799422799423 0.01020408163265306 0.006132756132756133
40 0.15025510204081632 0.40494227994227994 0.0035714285714285713 0.0025252525252525255
41 0.14362244897959184 0.3939393939393939 0.0005102040816326531 0.01948051948051948
122 0.12295918367346939 0.454004329004329 0.017346938775510204 0.0025252525252525255
5 0.06683673469387755 0.4004329004329004 0.022448979591836733 0.044733044733044736
69 0.08954081632653062 0.38997113997113997 0.008673469387755102 0.017316017316017316
69 0.09872448979591837 0.39880952380952384 0.008673469387755102 0.017676767676767676
69 0.10790816326530613 0.3869047619047619 0.008673469387755102 0.017676767676767676
5 0.06683673469387755 0.46176046176046176 0.022448979591836733 0.044733044733044736
53 0.17295918367346938 0.5268759018759018 0.007142857142857143 0.016233766233766232
47 0.18316326530612245 0.39375901875901875 0.00816326530612245 0.01479076479076479
41 0.16862244897959183 0.4713203463203463 0.0005102040816326531 0.01911976911976912
53 0.17270408163265305 0.47204184704184704 0.007653061224489796 0.016955266955266956
41 0.16862244897959183 0.5263347763347763 0.0005102040816326531 0.01875901875901876
41 0.17831632653061225 0.3935786435786436 0.0005102040816326531 0.01875901875901876
41 0.16862244897959183 0.5786435786435786 0.0005102040816326531 0.01875901875901876
53 0.17270408163265305 0.5791847041847041 0.007653061224489796 0.016955266955266956
87 0.1951530612244898 0.4025974025974026 0.009693877551020408 0.010822510822510822
26 0.19540816326530613 0.4601370851370851 0.01020408163265306 0.006132756132756133
87 0.1951530612244898 0.5248917748917749 0.009693877551020408 0.010822510822510822
87 0.1951530612244898 0.5858585858585859 0.009693877551020408 0.010822510822510822
40 0.15025510204081632 0.454004329004329 0.0035714285714285713 0.0025252525252525255
41 0.13418367346938775 0.4678932178932179 0.0010204081632653062 0.01948051948051948
40 0.15051020408163265 0.5151515151515151 0.004081632653061225 0.002886002886002886
41 0.13418367346938775 0.525974025974026 0.0010204081632653062 0.01948051948051948
26 0.5551020408163265 0.40494227994227994 0.01020408163265306 0.006132756132756133
40 0.15025510204081632 0.5643939393939394 0.0035714285714285713 0.0025252525252525255
41 0.13418367346938775 0.5782828282828283 0.0010204081632653062 0.01948051948051948
26 0.17346938775510204 0.40494227994227994 0.01020408163265306 0.006132756132756133
26 0.17346938775510204 0.4601370851370851 0.01020408163265306 0.006132756132756133
26 0.17346938775510204 0.5151515151515151 0.01020408163265306 0.006493506493506494
24 0.17346938775510204 0.5672799422799423 0.01020408163265306 0.006132756132756133
40 0.43239795918367346 0.5643939393939394 0.0035714285714285713 0.0025252525252525255
41 0.4163265306122449 0.5784632034632035 0.0010204081632653062 0.01911976911976912
26 0.4556122448979592 0.40494227994227994 0.01020408163265306 0.006132756132756133
24 0.4556122448979592 0.5182178932178932 0.01020408163265306 0.006132756132756133
24 0.4556122448979592 0.5672799422799423 0.01020408163265306 0.006132756132756133
41 0.4604591836734694 0.3939393939393939 0.0005102040816326531 0.01948051948051948
47 0.46479591836734696 0.39285714285714285 0.00816326530612245 0.016594516594516596
24 0.42091836734693877 0.5672799422799423 0.01020408163265306 0.006132756132756133
40 0.43239795918367346 0.40494227994227994 0.0035714285714285713 0.0025252525252525255
41 0.425765306122449 0.3935786435786436 0.0005102040816326531 0.01875901875901876
41 0.3209183673469388 0.3939393939393939 0.0010204081632653062 0.01948051948051948
40 0.43239795918367346 0.5151515151515151 0.0035714285714285713 0.002886002886002886
41 0.4163265306122449 0.5294011544011544 0.0010204081632653062 0.01911976911976912
41 0.49209183673469387 0.5295815295815296 0.0005102040816326531 0.01875901875901876
26 0.4969387755102041 0.40494227994227994 0.01020408163265306 0.006132756132756133
24 0.4969387755102041 0.5182178932178932 0.01020408163265306 0.006132756132756133
26 0.4969387755102041 0.5701659451659452 0.01020408163265306 0.006132756132756133
40 0.5084183673469388 0.40494227994227994 0.0035714285714285713 0.0025252525252525255
41 0.5017857142857143 0.3939393939393939 0.0005102040816326531 0.01948051948051948
40 0.5084183673469388 0.5153318903318903 0.0035714285714285713 0.0025252525252525255
40 0.5084183673469388 0.5701659451659452 0.0035714285714285713 0.0025252525252525255
41 0.49209183673469387 0.5811688311688312 0.0005102040816326531 0.01948051948051948
24 0.5551020408163265 0.4749278499278499 0.01020408163265306 0.006132756132756133
87 0.4772959183673469 0.4025974025974026 0.009693877551020408 0.010822510822510822
41 0.45076530612244897 0.5290404040404041 0.0005102040816326531 0.01984126984126984
53 0.4548469387755102 0.5301226551226551 0.007653061224489796 0.016955266955266956
41 0.45076530612244897 0.5782828282828283 0.0005102040816326531 0.01948051948051948
53 0.4548469387755102 0.5791847041847041 0.007653061224489796 0.016955266955266956
87 0.4772959183673469 0.5248917748917749 0.009693877551020408 0.010822510822510822
87 0.4772959183673469 0.5858585858585859 0.009693877551020408 0.010822510822510822
41 0.3426020408163265 0.4604978354978355 0.0005102040816326531 0.0183982683982684
47 0.34719387755102044 0.4597763347763348 0.008673469387755102 0.016955266955266956
87 0.3377551020408163 0.5858585858585859 0.009183673469387756 0.010822510822510822
26 0.3596938775510204 0.40494227994227994 0.01020408163265306 0.006132756132756133
26 0.3596938775510204 0.4659090909090909 0.01020408163265306 0.006132756132756133
24 0.3596938775510204 0.5301226551226551 0.01020408163265306 0.006132756132756133
26 0.3596938775510204 0.5703463203463204 0.01020408163265306 0.006493506493506494
40 0.3711734693877551 0.40494227994227994 0.0035714285714285713 0.0025252525252525255
41 0.3645408163265306 0.3939393939393939 0.0005102040816326531 0.01948051948051948
53 0.31581632653061226 0.5265151515151515 0.007142857142857143 0.015512265512265512
47 0.32551020408163267 0.39285714285714285 0.00816326530612245 0.016594516594516596
41 0.3114795918367347 0.4734848484848485 0.0005102040816326531 0.01911976911976912
53 0.3155612244897959 0.4742063492063492 0.007653061224489796 0.016955266955266956
41 0.3114795918367347 0.525974025974026 0.0005102040816326531 0.01948051948051948
34 0.4229591836734694 0.4659090909090909 0.014285714285714285 0.006132756132756133
41 0.3114795918367347 0.5782828282828283 0.0005102040816326531 0.01948051948051948
53 0.3155612244897959 0.5793650793650794 0.007653061224489796 0.016594516594516596
87 0.3377551020408163 0.4025974025974026 0.009183673469387756 0.010822510822510822
26 0.3380102040816326 0.47204184704184704 0.009693877551020408 0.006132756132756133
87 0.3375 0.5248917748917749 0.009693877551020408 0.010822510822510822
40 0.3711734693877551 0.5272366522366523 0.0035714285714285713 0.0025252525252525255
41 0.3548469387755102 0.5811688311688312 0.0005102040816326531 0.01948051948051948
26 0.38877551020408163 0.4659090909090909 0.01020408163265306 0.006132756132756133
41 0.3645408163265306 0.5191197691197691 0.0005102040816326531 0.01948051948051948
47 0.39846938775510204 0.45436507936507936 0.00816326530612245 0.015512265512265512
40 0.3711734693877551 0.5701659451659452 0.0035714285714285713 0.0025252525252525255
41 0.3936224489795918 0.4550865800865801 0.0005102040816326531 0.01984126984126984
41 0.3645408163265306 0.4550865800865801 0.0005102040816326531 0.01984126984126984
26 0.42091836734693877 0.40494227994227994 0.01020408163265306 0.006132756132756133
24 0.42091836734693877 0.5182178932178932 0.01020408163265306 0.006132756132756133
134 0.4997448979591837 0.7458513708513709 0.9045918367346939 0.024170274170274172
134 0.4997448979591837 0.8681457431457431 0.9045918367346939 0.024170274170274172
1 0.7844387755102041 0.825036075036075 0.015816326530612244 0.0007215007215007215
1 0.7573979591836735 0.825036075036075 0.015816326530612244 0.0007215007215007215
1 0.7255102040816327 0.825036075036075 0.015306122448979591 0.0007215007215007215
1 0.6938775510204082 0.825036075036075 0.015306122448979591 0.0007215007215007215
134 0.4997448979591837 0.8071789321789322 0.9045918367346939 0.024170274170274172
134 0.4997448979591837 0.9292929292929293 0.9045918367346939 0.023809523809523808
41 0.635969387755102 0.8795093795093795 0.0005102040816326531 0.012265512265512266
26 0.6405612244897959 0.871031746031746 0.009693877551020408 0.006132756132756133
41 0.6216836734693878 0.8742784992784993 0.0005102040816326531 0.01479076479076479
87 0.6936224489795918 0.7467532467532467 0.009693877551020408 0.010822510822510822
24 0.6938775510204082 0.8248556998556998 0.01020408163265306 0.006132756132756133
94 0.6887755102040817 0.8353174603174603 0.014285714285714285 0.006132756132756133
95 0.6997448979591837 0.8353174603174603 0.017857142857142856 0.01406926406926407
24 0.6938775510204082 0.8742784992784993 0.01020408163265306 0.006132756132756133
94 0.6887755102040817 0.8912337662337663 0.014285714285714285 0.006132756132756133
95 0.6997448979591837 0.8912337662337663 0.017857142857142856 0.01406926406926407
6 0.6573979591836735 0.8681457431457431 0.017857142857142856 0.017676767676767676
26 0.6938775510204082 0.9262265512265512 0.01020408163265306 0.006132756132756133
94 0.6887755102040817 0.9543650793650794 0.014285714285714285 0.006132756132756133
95 0.6997448979591837 0.9543650793650794 0.017857142857142856 0.01406926406926407
24 0.611734693877551 0.8621933621933622 0.01020408163265306 0.006493506493506494
40 0.6043367346938775 0.9204545454545454 0.0035714285714285713 0.0025252525252525255
40 0.5329081632653061 0.821969696969697 0.0035714285714285713 0.0025252525252525255
41 0.5880102040816326 0.9345238095238095 0.0005102040816326531 0.01911976911976912
41 0.7303571428571428 0.8630952380952381 0.0005102040816326531 0.01911976911976912
41 0.6068877551020408 0.8715728715728716 0.0005102040816326531 0.016594516594516596
26 0.6265306122448979 0.8652597402597403 0.01020408163265306 0.006132756132756133
41 0.6890306122448979 0.9372294372294372 0.0005102040816326531 0.01948051948051948
26 0.7255102040816327 0.9262265512265512 0.01020408163265306 0.006132756132756133
24 0.7255102040816327 0.8742784992784993 0.01020408163265306 0.006132756132756133
24 0.7255102040816327 0.8248556998556998 0.01020408163265306 0.006132756132756133
41 0.7073979591836734 0.7483766233766234 0.0005102040816326531 0.0183982683982684
95 0.7020408163265306 0.7689393939393939 0.018367346938775512 0.01406926406926407
95 0.7107142857142857 0.7689393939393939 0.018367346938775512 0.01406926406926407
95 0.7193877551020408 0.7689393939393939 0.018367346938775512 0.01406926406926407
26 0.7122448979591837 0.737012987012987 0.01020408163265306 0.006493506493506494
41 0.6987244897959184 0.814033189033189 0.0005102040816326531 0.01984126984126984
41 0.6987244897959184 0.8632756132756133 0.0005102040816326531 0.01948051948051948
41 0.7303571428571428 0.814033189033189 0.0005102040816326531 0.01984126984126984
24 0.5530612244897959 0.9233405483405484 0.01020408163265306 0.006132756132756133
26 0.5530612244897959 0.7489177489177489 0.01020408163265306 0.006493506493506494
26 0.5530612244897959 0.821969696969697 0.01020408163265306 0.006132756132756133
26 0.5530612244897959 0.871031746031746 0.01020408163265306 0.006132756132756133
41 0.5579081632653061 0.7380952380952381 0.0005102040816326531 0.01948051948051948
47 0.5622448979591836 0.7368326118326118 0.00816326530612245 0.016955266955266956
41 0.5579081632653061 0.8111471861471862 0.0005102040816326531 0.01984126984126984
47 0.5622448979591836 0.8098845598845599 0.00816326530612245 0.016594516594516596
41 0.5579081632653061 0.8603896103896104 0.0005102040816326531 0.01948051948051948
120 0.6045918367346939 0.8587662337662337 0.07142857142857142 0.011904761904761904
41 0.5262755102040816 0.8107864357864358 0.0005102040816326531 0.01911976911976912
40 0.5329081632653061 0.8652597402597403 0.0035714285714285713 0.0025252525252525255
41 0.5165816326530612 0.8766233766233766 0.0005102040816326531 0.01875901875901876
40 0.5329081632653061 0.9204545454545454 0.0035714285714285713 0.0025252525252525255
41 0.5165816326530612 0.9347041847041847 0.0005102040816326531 0.01875901875901876
26 0.5928571428571429 0.7489177489177489 0.01020408163265306 0.006493506493506494
26 0.5928571428571429 0.821969696969697 0.01020408163265306 0.006132756132756133
26 0.5928571428571429 0.8591269841269841 0.01020408163265306 0.006132756132756133
24 0.5928571428571429 0.9233405483405484 0.01020408163265306 0.006132756132756133
40 0.6043367346938775 0.7490981240981242 0.0035714285714285713 0.0025252525252525255
41 0.5977040816326531 0.7380952380952381 0.0005102040816326531 0.01948051948051948
40 0.6043367346938775 0.821969696969697 0.0035714285714285713 0.0025252525252525255
41 0.5977040816326531 0.8111471861471862 0.0005102040816326531 0.01984126984126984
41 0.5880102040816326 0.8695887445887446 0.0005102040816326531 0.0183982683982684
87 0.5737244897959184 0.93001443001443 0.009693877551020408 0.010822510822510822
47 0.5622448979591836 0.8589466089466089 0.00816326530612245 0.016594516594516596
41 0.5482142857142858 0.9341630591630592 0.0005102040816326531 0.01984126984126984
53 0.5522959183673469 0.9352453102453102 0.007653061224489796 0.016955266955266956
87 0.5737244897959184 0.7467532467532467 0.009693877551020408 0.010822510822510822
87 0.5737244897959184 0.8077200577200577 0.009693877551020408 0.010822510822510822
26 0.5739795918367347 0.871031746031746 0.01020408163265306 0.006132756132756133
41 0.5691326530612245 0.878968253968254 0.0005102040816326531 0.013347763347763348
47 0.8905612244897959 0.7380952380952381 0.007653061224489796 0.01443001443001443
24 0.9020408163265307 0.7458513708513709 0.01020408163265306 0.006132756132756133
26 0.9020408163265307 0.821969696969697 0.01020408163265306 0.006132756132756133
24 0.9020408163265307 0.8742784992784993 0.01020408163265306 0.006132756132756133
24 0.9020408163265307 0.9233405483405484 0.01020408163265306 0.006132756132756133
41 0.8971938775510204 0.7563131313131313 0.0005102040816326531 0.0183982683982684
41 0.9068877551020408 0.8111471861471862 0.0005102040816326531 0.01984126984126984
41 0.9068877551020408 0.8632756132756133 0.0005102040816326531 0.01948051948051948
41 0.8971938775510204 0.9341630591630592 0.0005102040816326531 0.01984126984126984
26 0.9290816326530612 0.7429653679653679 0.01020408163265306 0.006132756132756133
26 0.8545918367346939 0.7489177489177489 0.01020408163265306 0.006493506493506494
41 0.8594387755102041 0.7380952380952381 0.0005102040816326531 0.01948051948051948
26 0.8678571428571429 0.821969696969697 0.01020408163265306 0.006132756132756133
24 0.8678571428571429 0.8742784992784993 0.01020408163265306 0.006132756132756133
24 0.8678571428571429 0.9233405483405484 0.01020408163265306 0.006132756132756133
41 0.872704081632653 0.8111471861471862 0.0005102040816326531 0.01984126984126984
26 0.9290816326530612 0.821969696969697 0.01020408163265306 0.006132756132756133
41 0.872704081632653 0.8632756132756133 0.0005102040816326531 0.01948051948051948
41 0.8630102040816326 0.9341630591630592 0.0005102040816326531 0.01984126984126984
26 0.8811224489795918 0.7489177489177489 0.01020408163265306 0.006493506493506494
41 0.8857142857142857 0.7380952380952381 0.0010204081632653062 0.01948051948051948
122 0.8183673469387756 0.7548701298701299 0.026530612244897958 0.003246753246753247
121 0.7987244897959184 0.7292568542568543 0.018877551020408164 0.0018037518037518038
121 0.6145408163265306 0.876984126984127 0.01479591836734694 0.005050505050505051
121 0.6214285714285714 0.8831168831168831 0.02857142857142857 0.007936507936507936
121 0.5788265306122449 0.8831168831168831 0.018877551020408164 0.007936507936507936
122 0.560204081632653 0.8766233766233766 0.011224489795918367 0.0021645021645021645
24 0.9290816326530612 0.8742784992784993 0.01020408163265306 0.006132756132756133
24 0.9290816326530612 0.9233405483405484 0.01020408163265306 0.006132756132756133
41 0.924234693877551 0.7537878787878788 0.0005102040816326531 0.01984126984126984
41 0.9339285714285714 0.8111471861471862 0.0005102040816326531 0.01984126984126984
41 0.9339285714285714 0.8632756132756133 0.0005102040816326531 0.01948051948051948
41 0.924234693877551 0.9341630591630592 0.0005102040816326531 0.01984126984126984
41 0.7528061224489796 0.9377705627705628 0.0005102040816326531 0.0183982683982684
26 0.7844387755102041 0.7489177489177489 0.009693877551020408 0.006493506493506494
24 0.7844387755102041 0.8248556998556998 0.009693877551020408 0.006132756132756133
24 0.7844387755102041 0.8742784992784993 0.009693877551020408 0.006132756132756133
26 0.7844387755102041 0.9262265512265512 0.009693877551020408 0.006132756132756133
41 0.789030612244898 0.7386363636363636 0.0005102040816326531 0.0183982683982684
41 0.7625 0.8630952380952381 0.0005102040816326531 0.01911976911976912
41 0.789030612244898 0.814033189033189 0.0005102040816326531 0.01984126984126984
41 0.789030612244898 0.8632756132756133 0.0005102040816326531 0.01948051948051948
24 0.7576530612244898 0.7458513708513709 0.01020408163265306 0.006132756132756133
41 0.7206632653061225 0.9372294372294372 0.0005102040816326531 0.01948051948051948
26 0.7387755102040816 0.7429653679653679 0.01020408163265306 0.006132756132756133
41 0.7339285714285714 0.7537878787878788 0.0005102040816326531 0.01984126984126984
53 0.7380102040816326 0.7548701298701299 0.007653061224489796 0.016955266955266956
41 0.7798469387755103 0.9372294372294372 0.0005102040816326531 0.01948051948051948
24 0.7576530612244898 0.8248556998556998 0.01020408163265306 0.006132756132756133
24 0.7576530612244898 0.8742784992784993 0.01020408163265306 0.006132756132756133
26 0.7576530612244898 0.9262265512265512 0.01020408163265306 0.006132756132756133
41 0.7528061224489796 0.7563131313131313 0.0005102040816326531 0.0183982683982684
41 0.7625 0.814033189033189 0.0005102040816326531 0.01984126984126984
41 0.8380102040816326 0.8627344877344877 0.0005102040816326531 0.0183982683982684
41 0.8285714285714286 0.9343434343434344 0.0010204081632653062 0.01948051948051948
24 0.8331632653061225 0.8742784992784993 0.01020408163265306 0.006132756132756133
26 0.8030612244897959 0.7489177489177489 0.01020408163265306 0.006493506493506494
41 0.8079081632653061 0.7386363636363636 0.0005102040816326531 0.0183982683982684
26 0.8331632653061225 0.7489177489177489 0.01020408163265306 0.006493506493506494
26 0.8331632653061225 0.821969696969697 0.01020408163265306 0.006132756132756133
24 0.8331632653061225 0.9233405483405484 0.01020408163265306 0.006132756132756133
41 0.8380102040816326 0.7380952380952381 0.0005102040816326531 0.01948051948051948
47 0.8426020408163265 0.7368326118326118 0.008673469387755102 0.016955266955266956
41 0.8380102040816326 0.8111471861471862 0.0005102040816326531 0.01984126984126984
24 0.22959183673469388 0.8562409812409812 0.01020408163265306 0.006132756132756133
41 0.22474489795918368 0.8670634920634921 0.0005102040816326531 0.01984126984126984
26 0.26479591836734695 0.7489177489177489 0.01020408163265306 0.006493506493506494
26 0.2645408163265306 0.821969696969697 0.009693877551020408 0.006132756132756133
30 0.26505102040816325 0.8652597402597403 0.010714285714285714 0.006132756132756133
24 0.26479591836734695 0.9233405483405484 0.01020408163265306 0.006132756132756133
40 0.27627551020408164 0.7490981240981242 0.0035714285714285713 0.0025252525252525255
41 0.2693877551020408 0.7380952380952381 0.0010204081632653062 0.01948051948051948
40 0.27627551020408164 0.821969696969697 0.0035714285714285713 0.0025252525252525255
41 0.2693877551020408 0.8111471861471862 0.0010204081632653062 0.01984126984126984
24 0.2163265306122449 0.7458513708513709 0.01020408163265306 0.006132756132756133
24 0.2163265306122449 0.8190836940836941 0.01020408163265306 0.006132756132756133
26 0.2163265306122449 0.9204545454545454 0.01020408163265306 0.006132756132756133
40 0.22831632653061223 0.7429653679653679 0.0035714285714285713 0.0025252525252525255
41 0.21173469387755103 0.7563131313131313 0.0010204081632653062 0.0183982683982684
40 0.2280612244897959 0.816017316017316 0.004081632653061225 0.002886002886002886
41 0.2211734693877551 0.8080808080808081 0.0005102040816326531 0.01948051948051948
40 0.22831632653061223 0.9204545454545454 0.0035714285714285713 0.0025252525252525255
41 0.21173469387755103 0.9312770562770563 0.0010204081632653062 0.01984126984126984
26 0.29642857142857143 0.7489177489177489 0.01020408163265306 0.006493506493506494
26 0.29642857142857143 0.821969696969697 0.01020408163265306 0.006132756132756133
24 0.29642857142857143 0.9233405483405484 0.01020408163265306 0.006132756132756133
41 0.3012755102040816 0.7380952380952381 0.0005102040816326531 0.01948051948051948
47 0.3056122448979592 0.7368326118326118 0.00816326530612245 0.016955266955266956
47 0.3058673469387755 0.810966810966811 0.007653061224489796 0.01443001443001443
41 0.29158163265306125 0.9341630591630592 0.0005102040816326531 0.01984126984126984
53 0.29566326530612247 0.9352453102453102 0.007653061224489796 0.016955266955266956
40 0.2767857142857143 0.8652597402597403 0.0035714285714285713 0.0025252525252525255
41 0.2599489795918367 0.8762626262626263 0.0005102040816326531 0.01948051948051948
41 0.1933673469387755 0.8703102453102453 0.0010204081632653062 0.01911976911976912
40 0.27627551020408164 0.9204545454545454 0.0035714285714285713 0.0025252525252525255
41 0.2599489795918367 0.9341630591630592 0.0005102040816326531 0.01984126984126984
24 0.13877551020408163 0.7458513708513709 0.01020408163265306 0.006132756132756133
69 0.08954081632653062 0.8562409812409812 0.008673469387755102 0.017676767676767676
69 0.09872448979591837 0.8650793650793651 0.008673469387755102 0.017316017316017316
69 0.10790816326530613 0.8531746031746031 0.008673469387755102 0.017316017316017316
8 0.0663265306122449 0.9274891774891775 0.02346938775510204 0.020202020202020204
69 0.08954081632653062 0.9231601731601732 0.008673469387755102 0.017316017316017316
69 0.09872448979591837 0.9321789321789322 0.008673469387755102 0.017316017316017316
69 0.10790816326530613 0.9202741702741702 0.008673469387755102 0.017316017316017316
5 0.06683673469387755 0.8668831168831169 0.022448979591836733 0.044733044733044736
24 0.13877551020408163 0.8190836940836941 0.01020408163265306 0.006132756132756133
26 0.13877551020408163 0.8591269841269841 0.01020408163265306 0.006132756132756133
26 0.13877551020408163 0.9204545454545454 0.01020408163265306 0.006132756132756133
40 0.15025510204081632 0.7429653679653679 0.0035714285714285713 0.0025252525252525255
41 0.13418367346938775 0.7563131313131313 0.0010204081632653062 0.0183982683982684
40 0.15051020408163265 0.816017316017316 0.004081632653061225 0.002886002886002886
41 0.14362244897959184 0.8080808080808081 0.0005102040816326531 0.01948051948051948
5 0.06683673469387755 0.7445887445887446 0.022448979591836733 0.044733044733044736
69 0.08954081632653062 0.7339466089466089 0.008673469387755102 0.017676767676767676
69 0.09872448979591837 0.7427849927849928 0.008673469387755102 0.017316017316017316
69 0.10790816326530613 0.7308802308802309 0.008673469387755102 0.017316017316017316
5 0.06683673469387755 0.8057359307359307 0.022448979591836733 0.044372294372294376
69 0.08954081632653062 0.7950937950937951 0.008673469387755102 0.017316017316017316
69 0.09872448979591837 0.8041125541125541 0.008673469387755102 0.017316017316017316
69 0.10790816326530613 0.7922077922077922 0.008673469387755102 0.017316017316017316
87 0.19770408163265307 0.7467532467532467 0.009693877551020408 0.010822510822510822
41 0.1818877551020408 0.8077200577200577 0.0005102040816326531 0.01875901875901876
47 0.18647959183673468 0.806998556998557 0.008673469387755102 0.016594516594516596
41 0.17219387755102042 0.9318181818181818 0.0005102040816326531 0.01875901875901876
53 0.17627551020408164 0.9323593073593074 0.007653061224489796 0.016955266955266956
53 0.17653061224489797 0.7570346320346321 0.007142857142857143 0.016233766233766232
87 0.19770408163265307 0.8077200577200577 0.009693877551020408 0.010822510822510822
26 0.19795918367346937 0.8591269841269841 0.01020408163265306 0.006132756132756133
87 0.19770408163265307 0.93001443001443 0.009693877551020408 0.010822510822510822
41 0.13418367346938775 0.8701298701298701 0.0010204081632653062 0.01948051948051948
40 0.15025510204081632 0.9204545454545454 0.0035714285714285713 0.0025252525252525255
41 0.13418367346938775 0.9312770562770563 0.0010204081632653062 0.01984126984126984
41 0.3012755102040816 0.8111471861471862 0.0005102040816326531 0.01984126984126984
26 0.16377551020408163 0.8652597402597403 0.01020408163265306 0.006132756132756133
41 0.15892857142857142 0.8760822510822511 0.0005102040816326531 0.01984126984126984
24 0.17704081632653063 0.7458513708513709 0.01020408163265306 0.006132756132756133
24 0.17704081632653063 0.8190836940836941 0.01020408163265306 0.006132756132756133
26 0.17704081632653063 0.9204545454545454 0.01020408163265306 0.006132756132756133
41 0.17219387755102042 0.7564935064935064 0.0005102040816326531 0.01875901875901876
53 0.4334183673469388 0.7572150072150072 0.007653061224489796 0.016594516594516596
41 0.4385204081632653 0.8077200577200577 0.0005102040816326531 0.01875901875901876
47 0.4431122448979592 0.806998556998557 0.008673469387755102 0.016594516594516596
41 0.4288265306122449 0.9316378066378066 0.0005102040816326531 0.01911976911976912
53 0.4331632653061224 0.9323593073593074 0.00816326530612245 0.016955266955266956
41 0.4288265306122449 0.7566738816738817 0.0005102040816326531 0.0183982683982684
87 0.4548469387755102 0.7467532467532467 0.009693877551020408 0.010822510822510822
87 0.4545918367346939 0.8077200577200577 0.009183673469387756 0.010822510822510822
26 0.45510204081632655 0.8591269841269841 0.01020408163265306 0.006132756132756133
87 0.4545918367346939 0.93001443001443 0.009183673469387756 0.010822510822510822
40 0.4073979591836735 0.9204545454545454 0.0035714285714285713 0.0025252525252525255
41 0.39107142857142857 0.931998556998557 0.0005102040816326531 0.0183982683982684
26 0.42066326530612247 0.8652597402597403 0.009693877551020408 0.006132756132756133
41 0.41581632653061223 0.8760822510822511 0.0010204081632653062 0.01984126984126984
24 0.4336734693877551 0.7458513708513709 0.01020408163265306 0.006132756132756133
24 0.4336734693877551 0.8190836940836941 0.01020408163265306 0.006132756132756133
26 0.4336734693877551 0.9204545454545454 0.01020408163265306 0.006132756132756133
26 0.5214285714285715 0.821969696969697 0.01020408163265306 0.006132756132756133
40 0.48494897959183675 0.9204545454545454 0.0035714285714285713 0.0025252525252525255
41 0.4686224489795918 0.9318181818181818 0.0005102040816326531 0.01875901875901876
24 0.48673469387755103 0.8562409812409812 0.01020408163265306 0.006132756132756133
41 0.4818877551020408 0.8670634920634921 0.0005102040816326531 0.01984126984126984
26 0.5214285714285715 0.7489177489177489 0.01020408163265306 0.006493506493506494
26 0.5214285714285715 0.8652597402597403 0.01020408163265306 0.006132756132756133
24 0.5214285714285715 0.9233405483405484 0.01020408163265306 0.006132756132756133
40 0.5329081632653061 0.7490981240981242 0.0035714285714285713 0.0025252525252525255
41 0.5262755102040816 0.7380952380952381 0.0005102040816326531 0.01948051948051948
26 0.47346938775510206 0.9204545454545454 0.01020408163265306 0.006132756132756133
41 0.4502551020408163 0.8701298701298701 0.0005102040816326531 0.01948051948051948
24 0.47346938775510206 0.7458513708513709 0.01020408163265306 0.006132756132756133
24 0.47346938775510206 0.8190836940836941 0.01020408163265306 0.006132756132756133
40 0.48494897959183675 0.7429653679653679 0.0035714285714285713 0.0025252525252525255
41 0.4686224489795918 0.7563131313131313 0.0005102040816326531 0.0183982683982684
40 0.48494897959183675 0.816017316017316 0.0035714285714285713 0.002886002886002886
41 0.47831632653061223 0.8080808080808081 0.0005102040816326531 0.01948051948051948
87 0.3461734693877551 0.8688672438672439 0.009693877551020408 0.010461760461760462
40 0.34719387755102044 0.821969696969697 0.0035714285714285713 0.0025252525252525255
41 0.3405612244897959 0.8106060606060606 0.0005102040816326531 0.01875901875901876
40 0.34719387755102044 0.9204545454545454 0.0035714285714285713 0.0025252525252525255
41 0.3308673469387755 0.9345238095238095 0.0005102040816326531 0.01911976911976912
26 0.3647959183673469 0.871031746031746 0.01020408163265306 0.006132756132756133
47 0.37423469387755104 0.8603896103896104 0.007653061224489796 0.01443001443001443
24 0.39591836734693875 0.7458513708513709 0.01020408163265306 0.006132756132756133
87 0.3170918367346939 0.7467532467532467 0.009693877551020408 0.010822510822510822
87 0.3170918367346939 0.8077200577200577 0.009693877551020408 0.010822510822510822
87 0.3170918367346939 0.93001443001443 0.009693877551020408 0.010822510822510822
41 0.3693877551020408 0.8603896103896104 0.0010204081632653062 0.01948051948051948
26 0.3357142857142857 0.7489177489177489 0.01020408163265306 0.006493506493506494
26 0.3357142857142857 0.821969696969697 0.01020408163265306 0.006132756132756133
24 0.3357142857142857 0.9233405483405484 0.01020408163265306 0.006132756132756133
40 0.34719387755102044 0.7490981240981242 0.0035714285714285713 0.0025252525252525255
41 0.3405612244897959 0.7380952380952381 0.0005102040816326531 0.01948051948051948
41 0.4005102040816326 0.8079004329004329 0.0010204081632653062 0.01911976911976912
40 0.4073979591836735 0.816017316017316 0.0035714285714285713 0.002886002886002886
24 0.39591836734693875 0.8190836940836941 0.01020408163265306 0.006132756132756133
41 0.39107142857142857 0.7563131313131313 0.0005102040816326531 0.0183982683982684
26 0.39591836734693875 0.8591269841269841 0.01020408163265306 0.006132756132756133
26 0.39591836734693875 0.9204545454545454 0.01020408163265306 0.006132756132756133
41 0.39107142857142857 0.8701298701298701 0.0005102040816326531 0.01948051948051948
40 0.4073979591836735 0.7429653679653679 0.0035714285714285713 0.0025252525252525255
