134 0.5353579175704989 0.8648773006134969 0.8329718004338394 0.020552147239263803
134 0.5353579175704989 0.3142638036809816 0.8329718004338394 0.020552147239263803
134 0.5355748373101952 0.5501533742331288 0.8334056399132321 0.020552147239263803
1 0.8039045553145336 0.5654907975460123 0.010412147505422993 0.0009202453987730061
1 0.3462039045553145 0.5654907975460123 0.010412147505422993 0.0009202453987730061
1 0.25813449023861174 0.5654907975460123 0.010412147505422993 0.0009202453987730061
1 0.1822125813449024 0.5654907975460123 0.010412147505422993 0.0009202453987730061
134 0.5355748373101952 0.47162576687116564 0.8334056399132321 0.020552147239263803
1 0.3462039045553145 0.48680981595092027 0.010412147505422993 0.0006134969325153375
1 0.28156182212581343 0.48680981595092027 0.010412147505422993 0.0006134969325153375
1 0.28156182212581343 0.49187116564417177 0.010412147505422993 0.0009202453987730061
1 0.25813449023861174 0.48680981595092027 0.010412147505422993 0.0006134969325153375
1 0.23297180043383947 0.48680981595092027 0.010412147505422993 0.0006134969325153375
1 0.1822125813449024 0.48680981595092027 0.010412147505422993 0.0006134969325153375
134 0.5353579175704989 0.39309815950920246 0.8329718004338394 0.020552147239263803
1 0.28156182212581343 0.4081288343558282 0.010412147505422993 0.0009202453987730061
1 0.20607375271149675 0.4081288343558282 0.010412147505422993 0.0009202453987730061
1 0.20607375271149675 0.41319018404907976 0.010412147505422993 0.0006134969325153375
1 0.1822125813449024 0.4081288343558282 0.010412147505422993 0.0009202453987730061
1 0.6477223427331887 0.329601226993865 0.010412147505422993 0.0009202453987730061
1 0.4993492407809111 0.329601226993865 0.015618221258134491 0.0009202453987730061
1 0.34793926247288504 0.329601226993865 0.015618221258134491 0.0009202453987730061
1 0.18394793926247288 0.329601226993865 0.015618221258134491 0.0009202453987730061
134 0.5353579175704989 0.2357361963190184 0.8329718004338394 0.020552147239263803
1 0.8789587852494577 0.2205521472392638 0.010412147505422993 0.0006134969325153375
1 0.8537960954446855 0.2205521472392638 0.010412147505422993 0.0006134969325153375
1 0.8286334056399133 0.2205521472392638 0.010412147505422993 0.0006134969325153375
134 0.5353579175704989 0.15720858895705522 0.8329718004338394 0.020552147239263803
134 0.5355748373101952 0.786042944785276 0.8334056399132321 0.020552147239263803
134 0.5353579175704989 0.6289877300613497 0.8329718004338394 0.020552147239263803
1 0.3462039045553145 0.8013803680981595 0.010412147505422993 0.0009202453987730061
134 0.5355748373101952 0.7075153374233129 0.8334056399132321 0.020552147239263803
41 0.762472885032538 0.8575153374233129 0.0004338394793926247 0.015644171779141104
87 0.8036876355748374 0.15720858895705522 0.006507592190889371 0.008282208588957056
7 0.7748373101952277 0.23052147239263804 0.01475054229934924 0.015644171779141104
47 0.7657266811279827 0.616717791411043 0.005206073752711497 0.005828220858895706
87 0.8036876355748374 0.23588957055214724 0.006507592190889371 0.008588957055214725
41 0.7563991323210412 0.7147239263803681 0.0004338394793926247 0.015950920245398775
41 0.762472885032538 0.7865030674846626 0.0004338394793926247 0.015950920245398775
53 0.7594360086767896 0.7196319018404908 0.005639913232104121 0.005521472392638037
47 0.7655097613882863 0.7815950920245399 0.005639913232104121 0.005521472392638037
47 0.7655097613882863 0.8526073619631902 0.005639913232104121 0.005828220858895706
26 0.7594360086767896 0.631441717791411 0.006507592190889371 0.004601226993865031
24 0.7590021691973969 0.5501533742331288 0.005639913232104121 0.004601226993865031
26 0.7594360086767896 0.5628834355828221 0.006507592190889371 0.0049079754601227
24 0.7594360086767896 0.4817484662576687 0.006507592190889371 0.004601226993865031
26 0.7594360086767896 0.3904907975460123 0.006507592190889371 0.0049079754601227
41 0.7190889370932755 0.8601226993865031 0.0004338394793926247 0.015950920245398775
26 0.7594360086767896 0.7049079754601227 0.006507592190889371 0.0049079754601227
41 0.7190889370932755 0.7840490797546013 0.0004338394793926247 0.015950920245398775
41 0.7130151843817787 0.712116564417178 0.0004338394793926247 0.015644171779141104
26 0.7160520607375271 0.47914110429447854 0.006507592190889371 0.0049079754601227
47 0.7657266811279827 0.5361963190184049 0.005206073752711497 0.005521472392638037
41 0.762472885032538 0.5476993865030675 0.0004338394793926247 0.029141104294478526
47 0.7657266811279827 0.46702453987730064 0.005206073752711497 0.005828220858895706
41 0.762472885032538 0.622239263803681 0.0004338394793926247 0.01687116564417178
41 0.762472885032538 0.47254601226993864 0.0004338394793926247 0.01687116564417178
53 0.7596529284164859 0.4050613496932515 0.005206073752711497 0.005828220858895706
41 0.7563991323210412 0.3995398773006135 0.0004338394793926247 0.01687116564417178
26 0.7594360086767896 0.8673312883435583 0.006507592190889371 0.004601226993865031
24 0.7594360086767896 0.7963190184049079 0.006507592190889371 0.0049079754601227
41 0.8006507592190889 0.6309815950920246 0.0004338394793926247 0.015950920245398775
41 0.806941431670282 0.5496932515337424 0.0008676789587852494 0.02883435582822086
41 0.806941431670282 0.4746932515337423 0.0008676789587852494 0.01625766871165644
41 0.806941431670282 0.7894171779141105 0.0008676789587852494 0.01625766871165644
40 0.8121475054229935 0.7987730061349694 0.0026030368763557484 0.0018404907975460123
41 0.8006507592190889 0.716717791411043 0.0004338394793926247 0.015030674846625767
40 0.8121475054229935 0.7049079754601227 0.0026030368763557484 0.0018404907975460123
26 0.8039045553145336 0.8572085889570552 0.006941431670281995 0.004601226993865031
26 0.8039045553145336 0.7987730061349694 0.006941431670281995 0.0049079754601227
24 0.8039045553145336 0.7075153374233129 0.006941431670281995 0.004601226993865031
26 0.8039045553145336 0.621319018404908 0.006941431670281995 0.004601226993865031
26 0.8039045553145336 0.552760736196319 0.006941431670281995 0.0049079754601227
24 0.8039045553145336 0.5654907975460123 0.006941431670281995 0.004601226993865031
26 0.8039045553145336 0.48420245398773004 0.006941431670281995 0.004601226993865031
24 0.8039045553145336 0.3929447852760736 0.006941431670281995 0.0049079754601227
41 0.8006507592190889 0.4016871165644172 0.0004338394793926247 0.01625766871165644
87 0.8036876355748374 0.31441717791411045 0.006507592190889371 0.008588957055214725
41 0.644468546637744 0.7069018404907975 0.0004338394793926247 0.01625766871165644
41 0.6507592190889371 0.6217791411042944 0.0008676789587852494 0.015950920245398775
41 0.644468546637744 0.5572085889570552 0.0004338394793926247 0.02607361963190184
41 0.6507592190889371 0.8576687116564418 0.0008676789587852494 0.015950920245398775
41 0.6507592190889371 0.7791411042944786 0.0008676789587852494 0.015950920245398775
26 0.6477223427331887 0.8673312883435583 0.006941431670281995 0.004601226993865031
41 0.6507592190889371 0.31196319018404906 0.0008676789587852494 0.03190184049079755
26 0.6477223427331887 0.7886503067484663 0.006941431670281995 0.0049079754601227
24 0.6477223427331887 0.6973926380368098 0.006941431670281995 0.004601226993865031
26 0.6477223427331887 0.631441717791411 0.006941431670281995 0.004601226993865031
26 0.6477223427331887 0.5426380368098159 0.006941431670281995 0.0049079754601227
24 0.6477223427331887 0.5553680981595092 0.006941431670281995 0.004601226993865031
26 0.6477223427331887 0.474079754601227 0.006941431670281995 0.004601226993865031
24 0.6477223427331887 0.38282208588957056 0.006941431670281995 0.0049079754601227
26 0.6477223427331887 0.3118098159509202 0.006941431670281995 0.004601226993865031
41 0.6507592190889371 0.4648773006134969 0.0008676789587852494 0.01687116564417178
41 0.644468546637744 0.3918711656441718 0.0004338394793926247 0.01687116564417178
24 0.7160520607375271 0.5604294478527607 0.006507592190889371 0.0049079754601227
24 0.7160520607375271 0.38788343558282207 0.006507592190889371 0.004601226993865031
47 0.6971800433839479 0.8526073619631902 0.005206073752711497 0.005828220858895706
41 0.6939262472885033 0.8576687116564418 0.0004338394793926247 0.015950920245398775
26 0.7156182212581345 0.5476993865030675 0.005639913232104121 0.004601226993865031
47 0.6971800433839479 0.7765337423312884 0.005206073752711497 0.005828220858895706
41 0.6939262472885033 0.7815950920245399 0.0004338394793926247 0.015950920245398775
53 0.6911062906724512 0.7145705521472393 0.005206073752711497 0.005828220858895706
41 0.6876355748373102 0.7093558282208589 0.0008676789587852494 0.01625766871165644
41 0.7190889370932755 0.4700920245398773 0.0004338394793926247 0.01687116564417178
41 0.7190889370932755 0.6242331288343558 0.0004338394793926247 0.015950920245398775
41 0.7190889370932755 0.5457055214723926 0.0004338394793926247 0.027607361963190184
41 0.7130151843817787 0.39708588957055213 0.0004338394793926247 0.01687116564417178
24 0.7160520607375271 0.8697852760736197 0.006507592190889371 0.004601226993865031
26 0.7160520607375271 0.7937116564417178 0.006507592190889371 0.004601226993865031
24 0.7160520607375271 0.7024539877300614 0.006507592190889371 0.0049079754601227
24 0.7160520607375271 0.6338957055214723 0.006507592190889371 0.004601226993865031
24 0.690238611713666 0.5450920245398773 0.006073752711496746 0.0049079754601227
41 0.6876355748373102 0.39478527607361963 0.0008676789587852494 0.016564417177914112
26 0.6906724511930585 0.8673312883435583 0.006941431670281995 0.004601226993865031
24 0.6906724511930585 0.7912576687116565 0.006941431670281995 0.004601226993865031
26 0.6906724511930585 0.6998466257668712 0.006941431670281995 0.004601226993865031
26 0.6906724511930585 0.631441717791411 0.006941431670281995 0.004601226993865031
26 0.6906724511930585 0.5578220858895706 0.006941431670281995 0.004601226993865031
24 0.6906724511930585 0.4766871165644172 0.006941431670281995 0.0049079754601227
26 0.6906724511930585 0.3852760736196319 0.006941431670281995 0.0049079754601227
85 0.6919739696312365 0.3128834355828221 0.009544468546637744 0.00245398773006135
41 0.6939262472885033 0.5432515337423313 0.0004338394793926247 0.027607361963190184
47 0.6971800433839479 0.616717791411043 0.005206073752711497 0.005828220858895706
41 0.6939262472885033 0.622239263803681 0.0004338394793926247 0.01687116564417178
47 0.6969631236442516 0.532361963190184 0.005639913232104121 0.005828220858895706
47 0.6971800433839479 0.4619631901840491 0.005206073752711497 0.005521472392638037
41 0.6939262472885033 0.46763803680981597 0.0004338394793926247 0.01687116564417178
53 0.6908893709327549 0.4 0.005639913232104121 0.005521472392638037
41 0.9323210412147506 0.7815950920245399 0.0008676789587852494 0.015950920245398775
47 0.9353579175704989 0.7763803680981595 0.005206073752711497 0.005521472392638037
53 0.9295010845986985 0.7170245398773006 0.005639913232104121 0.005828220858895706
41 0.9260303687635575 0.7119631901840491 0.0004338394793926247 0.015950920245398775
24 0.9292841648590021 0.7024539877300614 0.006941431670281995 0.0049079754601227
87 0.9290672451193058 0.6289877300613497 0.006507592190889371 0.008282208588957056
87 0.9290672451193058 0.4717791411042945 0.006507592190889371 0.008588957055214725
87 0.9290672451193058 0.39309815950920246 0.006507592190889371 0.008282208588957056
26 0.9292841648590021 0.22806748466257667 0.006941431670281995 0.004601226993865031
26 0.9297180043383948 0.23819018404907977 0.006073752711496746 0.004601226993865031
24 0.9292841648590021 0.15199386503067486 0.006941431670281995 0.004601226993865031
24 0.9297180043383948 0.16211656441717792 0.006073752711496746 0.004601226993865031
24 0.9292841648590021 0.7912576687116565 0.006941431670281995 0.004601226993865031
53 0.9295010845986985 0.25168711656441717 0.005639913232104121 0.005828220858895706
41 0.9260303687635575 0.24171779141104294 0.0004338394793926247 0.025766871165644172
53 0.9295010845986985 0.175 0.005639913232104121 0.005828220858895706
41 0.9260303687635575 0.16533742331288342 0.0004338394793926247 0.025153374233128835
87 0.9290672451193058 0.8648773006134969 0.006507592190889371 0.008282208588957056
120 0.43817787418655096 0.568558282208589 0.04338394793926247 0.005828220858895706
120 0.42386117136659435 0.3380368098159509 0.1509761388286334 0.006748466257668712
120 0.3689804772234273 0.40751533742331286 0.04468546637744035 0.00705521472392638
120 0.3689804772234273 0.4906441717791411 0.04468546637744035 0.007668711656441718
120 0.3689804772234273 0.5717791411042945 0.04468546637744035 0.007361963190184049
120 0.4234273318872017 0.6398773006134969 0.1509761388286334 0.006748466257668712
120 0.4234273318872017 0.875920245398773 0.1509761388286334 0.006441717791411043
120 0.43774403470715834 0.38220858895705523 0.04338394793926247 0.006134969325153374
120 0.4383947939262473 0.48726993865030677 0.04295010845986985 0.005828220858895706
84 0.406941431670282 0.23205521472392637 0.009544468546637744 0.0027607361963190185
84 0.5570498915401302 0.15337423312883436 0.009544468546637744 0.00245398773006135
84 0.5570498915401302 0.23205521472392637 0.009544468546637744 0.0027607361963190185
120 0.5195227765726681 0.37944785276073617 0.04295010845986985 0.005521472392638037
120 0.5193058568329718 0.4852760736196319 0.04338394793926247 0.005521472392638037
120 0.5190889370932755 0.56579754601227 0.04295010845986985 0.005828220858895706
120 0.5735357917570499 0.6398773006134969 0.14837310195227765 0.006748466257668712
120 0.5195227765726681 0.6938650306748466 0.04295010845986985 0.005521472392638037
120 0.2661605206073753 0.33819018404907975 0.16355748373101953 0.00705521472392638
121 0.21084598698481563 0.3904907975460123 0.05032537960954447 0.0049079754601227
120 0.20802603036876355 0.4171779141104294 0.050759219088937095 0.007975460122699387
120 0.22017353579175705 0.575920245398773 0.07505422993492408 0.005828220858895706
120 0.5190889370932755 0.7998466257668712 0.04295010845986985 0.005214723926380368
121 0.28655097613882863 0.3852760736196319 0.050759219088937095 0.0049079754601227
120 0.2837310195227766 0.4101226993865031 0.05032537960954447 0.007361963190184049
121 0.28655097613882863 0.4690184049079755 0.050759219088937095 0.0049079754601227
120 0.2837310195227766 0.49570552147239266 0.05032537960954447 0.007975460122699387
84 0.406941431670282 0.15337423312883436 0.009544468546637744 0.00245398773006135
120 0.6687635574837311 0.7969325153374233 0.04295010845986985 0.006134969325153374
120 0.5735357917570499 0.8757668711656442 0.14837310195227765 0.006748466257668712
84 0.7002169197396964 0.15337423312883436 0.009544468546637744 0.00245398773006135
84 0.7002169197396964 0.23205521472392637 0.009544468546637744 0.0027607361963190185
120 0.6694143167028199 0.37745398773006134 0.04251626898047722 0.005828220858895706
120 0.6689804772234273 0.48236196319018404 0.04251626898047722 0.006441717791411043
120 0.6694143167028199 0.5365030674846626 0.04338394793926247 0.005521472392638037
120 0.6694143167028199 0.6918711656441717 0.04251626898047722 0.005828220858895706
120 0.7249457700650759 0.6392638036809816 0.0685466377440347 0.005521472392638037
120 0.7249457700650759 0.8751533742331289 0.0685466377440347 0.005521472392638037
120 0.7379609544468546 0.38220858895705523 0.04338394793926247 0.006134969325153374
120 0.737527114967462 0.48726993865030677 0.04338394793926247 0.005828220858895706
120 0.737527114967462 0.568558282208589 0.04338394793926247 0.005828220858895706
121 0.838177874186551 0.172239263803681 0.025162689804772233 0.0015337423312883436
121 0.838177874186551 0.25 0.025162689804772233 0.0018404907975460123
121 0.838177874186551 0.3346625766871166 0.025162689804772233 0.0018404907975460123
26 0.8540130151843818 0.14432515337423313 0.006507592190889371 0.004601226993865031
87 0.8537960954446855 0.4717791411042945 0.006073752711496746 0.008588957055214725
87 0.8537960954446855 0.39309815950920246 0.006073752711496746 0.008282208588957056
72 0.8537960954446855 0.30168711656441716 0.0026030368763557484 0.0015337423312883436
24 0.8540130151843818 0.30920245398773005 0.006507592190889371 0.0049079754601227
24 0.8544468546637745 0.31947852760736195 0.005639913232104121 0.004601226993865031
72 0.8537960954446855 0.21595092024539878 0.0026030368763557484 0.0018404907975460123
24 0.8540130151843818 0.2205521472392638 0.006507592190889371 0.0049079754601227
26 0.8544468546637745 0.2331288343558282 0.005639913232104121 0.0049079754601227
72 0.8537960954446855 0.13987730061349693 0.0026030368763557484 0.0018404907975460123
85 0.8553145336225596 0.5487730061349694 0.00911062906724512 0.00245398773006135
24 0.8544468546637745 0.1570552147239264 0.005639913232104121 0.0049079754601227
41 0.8255965292841648 0.3225460122699387 0.0008676789587852494 0.02361963190184049
41 0.8509761388286334 0.322239263803681 0.0004338394793926247 0.024233128834355827
41 0.8509761388286334 0.23542944785276074 0.0004338394793926247 0.02852760736196319
41 0.8509761388286334 0.15858895705521472 0.0004338394793926247 0.026993865030674847
87 0.8537960954446855 0.8648773006134969 0.006073752711496746 0.008282208588957056
87 0.8537960954446855 0.6289877300613497 0.006073752711496746 0.008282208588957056
41 0.8006507592190889 0.8664110429447853 0.0004338394793926247 0.01687116564417178
72 0.8286334056399133 0.21595092024539878 0.0026030368763557484 0.0018404907975460123
41 0.8255965292841648 0.2357361963190184 0.0008676789587852494 0.02791411042944785
41 0.8255965292841648 0.1588957055214724 0.0008676789587852494 0.02638036809815951
72 0.8286334056399133 0.30168711656441716 0.0026030368763557484 0.0015337423312883436
24 0.8286334056399133 0.30920245398773005 0.006941431670281995 0.0049079754601227
24 0.8286334056399133 0.3193251533742331 0.006941431670281995 0.0049079754601227
93 0.827765726681128 0.2575153374233129 0.0078091106290672455 0.006441717791411043
24 0.8286334056399133 0.22039877300613497 0.006941431670281995 0.004601226993865031
26 0.8286334056399133 0.2331288343558282 0.006941431670281995 0.0049079754601227
72 0.8286334056399133 0.13987730061349693 0.0026030368763557484 0.0018404907975460123
93 0.8279826464208243 0.1799079754601227 0.00737527114967462 0.006441717791411043
26 0.8286334056399133 0.14432515337423313 0.006941431670281995 0.004601226993865031
24 0.8286334056399133 0.1570552147239264 0.006941431670281995 0.0049079754601227
53 0.8793926247288504 0.33220858895705524 0.005206073752711497 0.005521472392638037
41 0.8759219088937094 0.3226993865030675 0.0008676789587852494 0.024539877300613498
53 0.8793926247288504 0.24785276073619633 0.005206073752711497 0.005521472392638037
41 0.8759219088937094 0.23604294478527607 0.0008676789587852494 0.029141104294478526
86 0.9036876355748373 0.3121165644171779 0.006073752711496746 0.012576687116564417
87 0.9043383947939262 0.23588957055214724 0.006507592190889371 0.008588957055214725
87 0.9043383947939262 0.15720858895705522 0.006507592190889371 0.008282208588957056
24 0.8796095444685467 0.1570552147239264 0.005639913232104121 0.0049079754601227
86 0.8783080260303687 0.39079754601226996 0.006507592190889371 0.012883435582822086
53 0.8793926247288504 0.17116564417177915 0.005206073752711497 0.005521472392638037
41 0.8759219088937094 0.15966257668711656 0.0008676789587852494 0.02852760736196319
86 0.8783080260303687 0.8625766871165644 0.006507592190889371 0.012883435582822086
86 0.8783080260303687 0.7838957055214724 0.006507592190889371 0.012576687116564417
86 0.8783080260303687 0.7052147239263804 0.006507592190889371 0.012883435582822086
86 0.8783080260303687 0.6266871165644172 0.006507592190889371 0.012883435582822086
86 0.8783080260303687 0.46932515337423314 0.006507592190889371 0.012883435582822086
72 0.8789587852494577 0.30168711656441716 0.0026030368763557484 0.0015337423312883436
24 0.8789587852494577 0.30920245398773005 0.006941431670281995 0.0049079754601227
24 0.8789587852494577 0.3193251533742331 0.006941431670281995 0.0049079754601227
72 0.8789587852494577 0.21595092024539878 0.0026030368763557484 0.0018404907975460123
24 0.8789587852494577 0.2205521472392638 0.006941431670281995 0.0049079754601227
26 0.8789587852494577 0.2331288343558282 0.006941431670281995 0.0049079754601227
72 0.8789587852494577 0.13987730061349693 0.0026030368763557484 0.0018404907975460123
26 0.8789587852494577 0.14432515337423313 0.006941431670281995 0.004601226993865031
41 0.2848156182212581 0.48098159509202454 0.0004338394793926247 0.023312883435582823
41 0.2848156182212581 0.3960122699386503 0.0004338394793926247 0.020858895705521473
26 0.28156182212581343 0.49447852760736194 0.006941431670281995 0.0049079754601227
24 0.28156182212581343 0.4081288343558282 0.006941431670281995 0.004601226993865031
41 0.2611713665943601 0.8576687116564418 0.0008676789587852494 0.015950920245398775
40 0.26637744034707156 0.8673312883435583 0.0026030368763557484 0.0015337423312883436
24 0.3088937093275488 0.7963190184049079 0.006941431670281995 0.0049079754601227
41 0.3119305856832972 0.474079754601227 0.0008676789587852494 0.012576687116564417
41 0.3119305856832972 0.39033742331288346 0.0008676789587852494 0.012576687116564417
94 0.3056399132321041 0.8044478527607362 0.00911062906724512 0.004601226993865031
95 0.3136659436008677 0.8044478527607362 0.0078091106290672455 0.007668711656441718
94 0.3056399132321041 0.725 0.00911062906724512 0.004601226993865031
95 0.3136659436008677 0.725 0.0078091106290672455 0.007668711656441718
24 0.3088937093275488 0.7125766871165644 0.006941431670281995 0.0049079754601227
26 0.30824295010845987 0.5578220858895706 0.005639913232104121 0.004601226993865031
26 0.3088937093275488 0.5628834355828221 0.006941431670281995 0.0049079754601227
24 0.3088937093275488 0.4817484662576687 0.006941431670281995 0.004601226993865031
24 0.3088937093275488 0.39800613496932513 0.006941431670281995 0.004601226993865031
26 0.25813449023861174 0.5679447852760736 0.006941431670281995 0.004601226993865031
41 0.2611713665943601 0.39432515337423313 0.0008676789587852494 0.01441717791411043
26 0.25813449023861174 0.8673312883435583 0.006941431670281995 0.004601226993865031
86 0.25748373101952277 0.7837423312883436 0.006507592190889371 0.012883435582822086
86 0.2572668112798265 0.7052147239263804 0.006073752711496746 0.012883435582822086
26 0.25813449023861174 0.631441717791411 0.006941431670281995 0.004601226993865031
24 0.25748373101952277 0.5501533742331288 0.005639913232104121 0.004601226993865031
24 0.25813449023861174 0.48680981595092027 0.006941431670281995 0.0049079754601227
24 0.25813449023861174 0.4030674846625767 0.006941431670281995 0.0049079754601227
41 0.2611713665943601 0.622239263803681 0.0008676789587852494 0.01687116564417178
40 0.26637744034707156 0.631441717791411 0.0026030368763557484 0.0015337423312883436
41 0.2611713665943601 0.5503067484662577 0.0008676789587852494 0.03374233128834356
41 0.2611713665943601 0.4785276073619632 0.0008676789587852494 0.015337423312883436
41 0.3494577006507592 0.47730061349693254 0.0004338394793926247 0.015950920245398775
41 0.3494577006507592 0.39355828220858896 0.0004338394793926247 0.015950920245398775
41 0.3527114967462039 0.6217791411042944 0.0008676789587852494 0.015950920245398775
41 0.3494577006507592 0.7079754601226994 0.0004338394793926247 0.015950920245398775
24 0.6477223427331887 0.329601226993865 0.006941431670281995 0.004601226993865031
40 0.3579175704989154 0.3118098159509202 0.0026030368763557484 0.0015337423312883436
40 0.3579175704989154 0.631441717791411 0.0026030368763557484 0.0015337423312883436
41 0.3494577006507592 0.5558282208588957 0.0004338394793926247 0.020858895705521473
47 0.31518438177874186 0.6978527607361963 0.004772234273318872 0.005521472392638037
30 0.3472885032537961 0.3118098159509202 0.00911062906724512 0.005214723926380368
28 0.34793926247288504 0.329601226993865 0.010412147505422993 0.005214723926380368
47 0.31518438177874186 0.7815950920245399 0.004772234273318872 0.005521472392638037
41 0.3119305856832972 0.786963190184049 0.0008676789587852494 0.01687116564417178
24 0.3462039045553145 0.4030674846625767 0.006941431670281995 0.0049079754601227
41 0.3119305856832972 0.7035276073619632 0.0008676789587852494 0.01687116564417178
47 0.31518438177874186 0.5432515337423313 0.004772234273318872 0.005521472392638037
41 0.3119305856832972 0.5512269938650307 0.0008676789587852494 0.022085889570552148
41 0.3527114967462039 0.3122699386503067 0.0008676789587852494 0.03251533742331288
40 0.3579175704989154 0.32699386503067485 0.0026030368763557484 0.0018404907975460123
30 0.34793926247288504 0.8673312883435583 0.010412147505422993 0.005214723926380368
24 0.3462039045553145 0.8013803680981595 0.006941431670281995 0.004601226993865031
24 0.3462039045553145 0.717638036809816 0.006941431670281995 0.004601226993865031
30 0.34793926247288504 0.631441717791411 0.010412147505422993 0.005214723926380368
26 0.3462039045553145 0.5628834355828221 0.006941431670281995 0.0049079754601227
26 0.3462039045553145 0.5679447852760736 0.006941431670281995 0.004601226993865031
24 0.3462039045553145 0.48680981595092027 0.006941431670281995 0.0049079754601227
26 0.1824295010845987 0.5679447852760736 0.006507592190889371 0.004601226993865031
8 0.13383947939262472 0.6260736196319019 0.017787418655097614 0.012883435582822086
93 0.18156182212581345 0.6458588957055215 0.00737527114967462 0.006441717791411043
26 0.1824295010845987 0.631441717791411 0.006507592190889371 0.004601226993865031
18 0.1596529284164859 0.5450920245398773 0.009544468546637744 0.0098159509202454
20 0.1596529284164859 0.5552147239263804 0.009544468546637744 0.0098159509202454
6 0.13405639913232104 0.5503067484662577 0.01822125813449024 0.0196319018404908
93 0.18156182212581345 0.5808282208588957 0.00737527114967462 0.006441717791411043
24 0.18199566160520608 0.5501533742331288 0.005639913232104121 0.004601226993865031
18 0.1596529284164859 0.6239263803680981 0.009544468546637744 0.0098159509202454
20 0.1596529284164859 0.6338957055214723 0.009544468546637744 0.010122699386503068
18 0.1596529284164859 0.46656441717791414 0.009544468546637744 0.0098159509202454
20 0.1596529284164859 0.4766871165644172 0.009544468546637744 0.0098159509202454
5 0.13383947939262472 0.47208588957055214 0.017787418655097614 0.030061349693251534
94 0.1787418655097614 0.49493865030674844 0.009544468546637744 0.004601226993865031
93 0.18698481561822125 0.4958588957055215 0.0078091106290672455 0.006441717791411043
24 0.1824295010845987 0.48680981595092027 0.006507592190889371 0.0049079754601227
18 0.1596529284164859 0.3880368098159509 0.009544468546637744 0.0098159509202454
20 0.1596529284164859 0.3978527607361963 0.009544468546637744 0.0098159509202454
5 0.13383947939262472 0.39355828220858896 0.017787418655097614 0.030061349693251534
94 0.1787418655097614 0.42530674846625766 0.009544468546637744 0.004601226993865031
93 0.18720173535791756 0.42622699386503066 0.00737527114967462 0.006441717791411043
26 0.1824295010845987 0.8673312883435583 0.006507592190889371 0.004601226993865031
41 0.18893709327548808 0.3118098159509202 0.0004338394793926247 0.031595092024539875
40 0.19392624728850325 0.32699386503067485 0.0026030368763557484 0.0018404907975460123
18 0.1596529284164859 0.8598159509202454 0.009544468546637744 0.0098159509202454
20 0.1596529284164859 0.8697852760736197 0.009544468546637744 0.010122699386503068
10 0.13123644251626898 0.8783742331288343 0.004772234273318872 0.004601226993865031
8 0.13383947939262472 0.8619631901840491 0.017787418655097614 0.012883435582822086
93 0.18156182212581345 0.8817484662576687 0.00737527114967462 0.006441717791411043
24 0.1824295010845987 0.4081288343558282 0.006507592190889371 0.004601226993865031
18 0.1596529284164859 0.7809815950920246 0.009544468546637744 0.0098159509202454
20 0.1596529284164859 0.7911042944785276 0.009544468546637744 0.0098159509202454
5 0.13383947939262472 0.7868098159509203 0.017787418655097614 0.030061349693251534
86 0.18177874186550977 0.7838957055214724 0.006073752711496746 0.012576687116564417
18 0.1596529284164859 0.7024539877300614 0.009544468546637744 0.0098159509202454
20 0.1596529284164859 0.7125766871165644 0.009544468546637744 0.0098159509202454
5 0.13383947939262472 0.7079754601226994 0.017787418655097614 0.030061349693251534
86 0.18177874186550977 0.7052147239263804 0.006073752711496746 0.012883435582822086
84 0.24772234273318872 0.23205521472392637 0.009544468546637744 0.0027607361963190185
18 0.1596529284164859 0.15184049079754602 0.009544468546637744 0.0098159509202454
20 0.1596529284164859 0.1619631901840491 0.009544468546637744 0.0098159509202454
18 0.1596529284164859 0.30920245398773005 0.009544468546637744 0.0098159509202454
20 0.1596529284164859 0.3193251533742331 0.009544468546637744 0.0098159509202454
5 0.13383947939262472 0.31487730061349695 0.017787418655097614 0.030368098159509204
93 0.18329718004338394 0.3427914110429448 0.00737527114967462 0.006441717791411043
30 0.1841648590021692 0.3118098159509202 0.009978308026030369 0.005214723926380368
28 0.1841648590021692 0.329601226993865 0.009978308026030369 0.005214723926380368
18 0.15986984815618221 0.23067484662576687 0.00911062906724512 0.0098159509202454
20 0.1596529284164859 0.24079754601226994 0.009544468546637744 0.0098159509202454
8 0.13383947939262472 0.23297546012269937 0.017787418655097614 0.013190184049079755
5 0.13383947939262472 0.15766871165644172 0.017787418655097614 0.030061349693251534
41 0.20911062906724512 0.4026073619631902 0.0008676789587852494 0.02361963190184049
26 0.20607375271149675 0.4157975460122699 0.006941431670281995 0.004601226993865031
41 0.18546637744034708 0.8581288343558282 0.0004338394793926247 0.01687116564417178
40 0.19088937093275488 0.8673312883435583 0.0026030368763557484 0.0015337423312883436
47 0.23947939262472884 0.47208588957055214 0.005206073752711497 0.005521472392638037
41 0.23622559652928415 0.47730061349693254 0.0004338394793926247 0.015950920245398775
41 0.23622559652928415 0.39524539877300613 0.0004338394793926247 0.012576687116564417
87 0.23275488069414316 0.7861963190184049 0.006507592190889371 0.008588957055214725
87 0.23275488069414316 0.7076687116564417 0.006507592190889371 0.008588957055214725
24 0.23297180043383947 0.48680981595092027 0.006941431670281995 0.0049079754601227
24 0.23297180043383947 0.4030674846625767 0.006941431670281995 0.0049079754601227
41 0.18546637744034708 0.5503067484662577 0.0004338394793926247 0.03374233128834356
40 0.19067245119305856 0.5680981595092025 0.003036876355748373 0.0018404907975460123
41 0.18546637744034708 0.47776073619631904 0.0004338394793926247 0.01687116564417178
41 0.18546637744034708 0.39969325153374236 0.0004338394793926247 0.015337423312883436
40 0.19392624728850325 0.3118098159509202 0.0026030368763557484 0.0015337423312883436
41 0.18546637744034708 0.622239263803681 0.0004338394793926247 0.01687116564417178
40 0.19088937093275488 0.631441717791411 0.0026030368763557484 0.0015337423312883436
40 0.19088937093275488 0.5476993865030675 0.0026030368763557484 0.0015337423312883436
41 0.5041214750542299 0.8576687116564418 0.0008676789587852494 0.015950920245398775
40 0.5093275488069414 0.8673312883435583 0.0026030368763557484 0.0015337423312883436
41 0.5008676789587853 0.7815950920245399 0.0004338394793926247 0.015950920245398775
26 0.540997830802603 0.47914110429447854 0.006941431670281995 0.0049079754601227
53 0.5414316702819957 0.40245398773006136 0.005206073752711497 0.005521472392638037
41 0.5379609544468547 0.39723926380368096 0.0008676789587852494 0.016564417177914112
26 0.540997830802603 0.7937116564417178 0.006941431670281995 0.004601226993865031
24 0.540997830802603 0.7024539877300614 0.006941431670281995 0.0049079754601227
26 0.5405639913232104 0.5476993865030675 0.006073752711496746 0.004601226993865031
24 0.540997830802603 0.5604294478527607 0.006941431670281995 0.0049079754601227
24 0.540997830802603 0.38788343558282207 0.006941431670281995 0.004601226993865031
41 0.5008676789587853 0.46702453987730064 0.0004338394793926247 0.015644171779141104
41 0.4945770065075922 0.39478527607361963 0.0008676789587852494 0.016564417177914112
41 0.5041214750542299 0.6217791411042944 0.0008676789587852494 0.015950920245398775
41 0.4945770065075922 0.7092024539877301 0.0008676789587852494 0.016564417177914112
41 0.5442516268980477 0.4700920245398773 0.0004338394793926247 0.01687116564417178
40 0.5093275488069414 0.631441717791411 0.0026030368763557484 0.0015337423312883436
41 0.5008676789587853 0.5430981595092025 0.0004338394793926247 0.02607361963190184
26 0.6099783080260304 0.5628834355828221 0.006941431670281995 0.0049079754601227
41 0.6127982646420824 0.4719325153374233 0.0004338394793926247 0.015644171779141104
53 0.6099783080260304 0.4050613496932515 0.005206073752711497 0.005828220858895706
41 0.6067245119305856 0.4 0.0004338394793926247 0.015950920245398775
24 0.6099783080260304 0.7963190184049079 0.006941431670281995 0.0049079754601227
26 0.6097613882863341 0.7049079754601227 0.006507592190889371 0.0049079754601227
24 0.6099783080260304 0.5501533742331288 0.006941431670281995 0.004601226993865031
24 0.6099783080260304 0.4817484662576687 0.006941431670281995 0.004601226993865031
26 0.6099783080260304 0.3904907975460123 0.006941431670281995 0.0049079754601227
41 0.56941431670282 0.7865030674846626 0.0004338394793926247 0.015950920245398775
41 0.6067245119305856 0.7142638036809816 0.0004338394793926247 0.01687116564417178
47 0.6160520607375272 0.7815950920245399 0.005206073752711497 0.005521472392638037
41 0.6127982646420824 0.786963190184049 0.0004338394793926247 0.01687116564417178
53 0.6097613882863341 0.7196319018404908 0.005639913232104121 0.005521472392638037
41 0.5633405639913233 0.7147239263803681 0.0004338394793926247 0.015950920245398775
84 0.24772234273318872 0.15337423312883436 0.009544468546637744 0.00245398773006135
47 0.6160520607375272 0.5361963190184049 0.005206073752711497 0.005521472392638037
41 0.6127982646420824 0.5476993865030675 0.0004338394793926247 0.029141104294478526
47 0.6158351409978308 0.46702453987730064 0.005639913232104121 0.005828220858895706
47 0.5475054229934924 0.7791411042944786 0.005206073752711497 0.005521472392638037
41 0.5442516268980477 0.7845092024539877 0.0004338394793926247 0.01687116564417178
53 0.5414316702819957 0.7171779141104294 0.005206073752711497 0.005521472392638037
41 0.5379609544468547 0.7115030674846625 0.0008676789587852494 0.01687116564417178
47 0.5475054229934924 0.5343558282208589 0.005206073752711497 0.005521472392638037
41 0.5442516268980477 0.5453987730061349 0.0004338394793926247 0.02822085889570552
47 0.5472885032537961 0.4644171779141104 0.005639913232104121 0.005521472392638037
41 0.56941431670282 0.5472392638036809 0.0004338394793926247 0.027607361963190184
41 0.56941431670282 0.4719325153374233 0.0004338394793926247 0.015644171779141104
41 0.5633405639913233 0.4 0.0004338394793926247 0.015950920245398775
24 0.5665943600867679 0.7963190184049079 0.006941431670281995 0.0049079754601227
26 0.5665943600867679 0.7049079754601227 0.006941431670281995 0.0049079754601227
24 0.5665943600867679 0.5501533742331288 0.006941431670281995 0.004601226993865031
26 0.5665943600867679 0.5628834355828221 0.006941431670281995 0.0049079754601227
24 0.5665943600867679 0.4817484662576687 0.006941431670281995 0.004601226993865031
26 0.5665943600867679 0.3904907975460123 0.006941431670281995 0.0049079754601227
24 0.4164859002169197 0.4817484662576687 0.006941431670281995 0.004601226993865031
41 0.41323210412147504 0.4 0.0004338394793926247 0.015950920245398775
24 0.4164859002169197 0.7963190184049079 0.006941431670281995 0.0049079754601227
26 0.4164859002169197 0.7049079754601227 0.006941431670281995 0.0049079754601227
24 0.4158351409978308 0.5501533742331288 0.005639913232104121 0.004601226993865031
26 0.4164859002169197 0.5628834355828221 0.006941431670281995 0.0049079754601227
41 0.4195227765726681 0.47254601226993864 0.0008676789587852494 0.01687116564417178
26 0.4164859002169197 0.3904907975460123 0.006941431670281995 0.0049079754601227
47 0.39739696312364425 0.7815950920245399 0.005206073752711497 0.005521472392638037
41 0.41323210412147504 0.7142638036809816 0.0004338394793926247 0.01687116564417178
41 0.4195227765726681 0.786963190184049 0.0008676789587852494 0.01687116564417178
41 0.39414316702819957 0.7865030674846626 0.0004338394793926247 0.015950920245398775
41 0.4195227765726681 0.5478527607361963 0.0008676789587852494 0.02883435582822086
47 0.39739696312364425 0.3834355828220859 0.005206073752711497 0.005521472392638037
41 0.39414316702819957 0.38834355828220857 0.0004338394793926247 0.015950920245398775
24 0.3911062906724512 0.7963190184049079 0.006507592190889371 0.0049079754601227
24 0.3911062906724512 0.7125766871165644 0.006507592190889371 0.0049079754601227
26 0.39067245119305855 0.5578220858895706 0.005639913232104121 0.004601226993865031
26 0.3911062906724512 0.5628834355828221 0.006507592190889371 0.0049079754601227
24 0.3911062906724512 0.4817484662576687 0.006507592190889371 0.004601226993865031
24 0.3911062906724512 0.39800613496932513 0.006507592190889371 0.004601226993865031
47 0.39739696312364425 0.6978527607361963 0.005206073752711497 0.005521472392638037
41 0.39414316702819957 0.7035276073619632 0.0004338394793926247 0.01687116564417178
47 0.39739696312364425 0.5432515337423313 0.005206073752711497 0.005521472392638037
40 0.5093275488069414 0.3118098159509202 0.0026030368763557484 0.0015337423312883436
41 0.39414316702819957 0.5512269938650307 0.0004338394793926247 0.022085889570552148
47 0.39739696312364425 0.46717791411042947 0.005206073752711497 0.005521472392638037
41 0.39414316702819957 0.47254601226993864 0.0004338394793926247 0.01687116564417178
41 0.3494577006507592 0.7921779141104295 0.0004338394793926247 0.01687116564417178
24 0.4976138828633406 0.5450920245398773 0.006941431670281995 0.0049079754601227
26 0.4976138828633406 0.5578220858895706 0.006941431670281995 0.004601226993865031
24 0.4976138828633406 0.4766871165644172 0.006941431670281995 0.0049079754601227
26 0.4976138828633406 0.3852760736196319 0.006941431670281995 0.0049079754601227
30 0.4986984815618221 0.3118098159509202 0.00911062906724512 0.005214723926380368
28 0.4993492407809111 0.329601226993865 0.010412147505422993 0.005214723926380368
30 0.4993492407809111 0.631441717791411 0.010412147505422993 0.005214723926380368
47 0.4661605206073753 0.7791411042944786 0.004772234273318872 0.005521472392638037
41 0.4629067245119306 0.78420245398773 0.0008676789587852494 0.01625766871165644
41 0.5041214750542299 0.3122699386503067 0.0008676789587852494 0.03251533742331288
40 0.5093275488069414 0.32699386503067485 0.0026030368763557484 0.0018404907975460123
41 0.3527114967462039 0.8579754601226994 0.0008676789587852494 0.016564417177914112
30 0.4993492407809111 0.8673312883435583 0.010412147505422993 0.005214723926380368
24 0.4976138828633406 0.7912576687116565 0.006941431670281995 0.004601226993865031
26 0.4976138828633406 0.6998466257668712 0.006941431670281995 0.004601226993865031
53 0.46008676789587855 0.4026073619631902 0.005639913232104121 0.005828220858895706
41 0.4566160520607375 0.39754601226993863 0.0004338394793926247 0.015950920245398775
26 0.4598698481561822 0.7937116564417178 0.006941431670281995 0.004601226993865031
24 0.4598698481561822 0.7024539877300614 0.006941431670281995 0.0049079754601227
26 0.4592190889370933 0.5476993865030675 0.005639913232104121 0.004601226993865031
24 0.4598698481561822 0.5604294478527607 0.006941431670281995 0.0049079754601227
26 0.4598698481561822 0.47914110429447854 0.006941431670281995 0.0049079754601227
24 0.4598698481561822 0.38788343558282207 0.006941431670281995 0.004601226993865031
40 0.3579175704989154 0.8673312883435583 0.0026030368763557484 0.0015337423312883436
41 0.4629067245119306 0.4700920245398773 0.0008676789587852494 0.01687116564417178
53 0.46008676789587855 0.7170245398773006 0.005639913232104121 0.005828220858895706
41 0.4566160520607375 0.7115030674846625 0.0004338394793926247 0.01687116564417178
47 0.4661605206073753 0.5343558282208589 0.004772234273318872 0.005521472392638037
41 0.4629067245119306 0.5453987730061349 0.0008676789587852494 0.02822085889570552
47 0.46594360086767894 0.4644171779141104 0.005206073752711497 0.005521472392638037
