134 0.49980276134122287 0.051185495118549515 0.9041420118343195 0.018688981868898186
1 0.10729783037475345 0.06485355648535565 0.009467455621301775 0.0008368200836820083
41 0.6923076923076923 0.04170153417015342 0.0007889546351084812 0.011436541143654114
26 0.6895463510848127 0.04881450488145049 0.00631163708086785 0.004463040446304045
41 0.6696252465483234 0.06248256624825663 0.0003944773175542406 0.010599721059972107
24 0.6723865877712032 0.05564853556485356 0.005917159763313609 0.0041841004184100415
41 0.6579881656804734 0.04170153417015342 0.0007889546351084812 0.011436541143654114
26 0.6552268244575937 0.04881450488145049 0.00631163708086785 0.004463040446304045
41 0.6353057199211045 0.0599721059972106 0.0003944773175542406 0.014504881450488146
24 0.6380670611439843 0.05104602510460251 0.005917159763313609 0.004463040446304045
41 0.7457593688362919 0.06485355648535565 0.0003944773175542406 0.010878661087866108
26 0.7487179487179487 0.05801952580195258 0.00631163708086785 0.004463040446304045
41 0.6236686390532544 0.04170153417015342 0.0007889546351084812 0.011436541143654114
41 0.7266272189349112 0.041283124128312414 0.0007889546351084812 0.012273361227336122
26 0.7238658777120316 0.04881450488145049 0.00631163708086785 0.004463040446304045
41 0.7039447731755424 0.06108786610878661 0.0003944773175542406 0.012273361227336122
26 0.7069033530571992 0.05341701534170153 0.00631163708086785 0.0041841004184100415
26 0.5522682445759369 0.04881450488145049 0.00631163708086785 0.004463040446304045
121 0.12169625246548324 0.0707112970711297 0.03274161735700197 0.009205020920502092
121 0.12169625246548324 0.07461645746164575 0.03431952662721893 0.009762900976290097
41 0.5550295857988166 0.04156206415620642 0.0007889546351084812 0.012831241283124128
41 0.5321499013806706 0.06471408647140865 0.0007889546351084812 0.011157601115760111
26 0.5349112426035503 0.05801952580195258 0.00631163708086785 0.004463040446304045
41 0.513214990138067 0.04142259414225941 0.0007889546351084812 0.012552301255230125
41 0.5893491124260355 0.04170153417015342 0.0007889546351084812 0.011436541143654114
26 0.6209072978303748 0.04881450488145049 0.00631163708086785 0.004463040446304045
41 0.6007889546351085 0.061366806136680614 0.0007889546351084812 0.014504881450488146
26 0.6035502958579881 0.05341701534170153 0.00631163708086785 0.0041841004184100415
26 0.5104536489151874 0.04881450488145049 0.00631163708086785 0.004463040446304045
26 0.5865877712031559 0.04881450488145049 0.00631163708086785 0.004463040446304045
41 0.5664694280078896 0.06262203626220363 0.0007889546351084812 0.01199442119944212
24 0.5692307692307692 0.05564853556485356 0.00631163708086785 0.0041841004184100415
26 0.9203155818540434 0.06262203626220363 0.00631163708086785 0.0041841004184100415
41 0.9402366863905326 0.04156206415620642 0.0003944773175542406 0.011157601115760111
26 0.9376725838264299 0.04881450488145049 0.00631163708086785 0.004463040446304045
41 0.9175542406311638 0.06903765690376569 0.0007889546351084812 0.011436541143654114
41 0.9059171597633137 0.04156206415620642 0.0003944773175542406 0.011157601115760111
26 0.9031558185404339 0.04881450488145049 0.005917159763313609 0.004463040446304045
41 0.8832347140039448 0.06736401673640167 0.0007889546351084812 0.011436541143654114
24 0.8859960552268245 0.0602510460251046 0.00631163708086785 0.004463040446304045
121 0.7627218934911243 0.06569037656903766 0.03353057199211045 0.0030683403068340305
121 0.7631163708086784 0.0695955369595537 0.03431952662721893 0.0030683403068340305
121 0.21321499013806705 0.03500697350069735 0.17159763313609466 0.001394700139470014
121 0.21301775147928995 0.038633193863319384 0.17041420118343195 0.001394700139470014
121 0.1903353057199211 0.06192468619246862 0.03274161735700197 0.004463040446304045
121 0.1903353057199211 0.06569037656903766 0.03431952662721893 0.004741980474198048
121 0.258974358974359 0.06192468619246862 0.03274161735700197 0.004463040446304045
121 0.258974358974359 0.06569037656903766 0.03431952662721893 0.004741980474198048
121 0.3357001972386588 0.06457461645746164 0.033136094674556214 0.0036262203626220364
121 0.33589743589743587 0.06847977684797768 0.03431952662721893 0.0036262203626220364
121 0.4272189349112426 0.03500697350069735 0.17199211045364893 0.001394700139470014
121 0.42761341222879684 0.038633193863319384 0.17120315581854043 0.001394700139470014
121 0.4045364891518738 0.06415620641562064 0.03274161735700197 0.002789400278940028
121 0.4045364891518738 0.06792189679218968 0.03431952662721893 0.0030683403068340305
121 0.47317554240631166 0.06415620641562064 0.03274161735700197 0.002789400278940028
121 0.47317554240631166 0.06806136680613668 0.03431952662721893 0.002789400278940028
121 0.5493096646942801 0.06569037656903766 0.03431952662721893 0.0030683403068340305
121 0.5493096646942801 0.0695955369595537 0.03431952662721893 0.0030683403068340305
121 0.6408284023668639 0.03500697350069735 0.17159763313609466 0.001394700139470014
121 0.6408284023668639 0.038633193863319384 0.17159763313609466 0.001394700139470014
121 0.617948717948718 0.06415620641562064 0.03431952662721893 0.002789400278940028
121 0.617948717948718 0.06792189679218968 0.03431952662721893 0.0030683403068340305
121 0.6865877712031558 0.06415620641562064 0.03431952662721893 0.002789400278940028
121 0.6865877712031558 0.06792189679218968 0.03431952662721893 0.0030683403068340305
121 0.8544378698224852 0.03500697350069735 0.17199211045364893 0.001394700139470014
121 0.8548323471400394 0.038633193863319384 0.17120315581854043 0.001394700139470014
121 0.8315581854043392 0.06499302649930265 0.033136094674556214 0.004463040446304045
121 0.8317554240631164 0.06889818688981869 0.03431952662721893 0.004463040446304045
121 0.9003944773175543 0.07043235704323571 0.03431952662721893 0.0030683403068340305
121 0.9003944773175543 0.07405857740585774 0.03431952662721893 0.0030683403068340305
41 0.8029585798816568 0.041143654114365415 0.0003944773175542406 0.01199442119944212
26 0.8 0.04881450488145049 0.00631163708086785 0.004463040446304045
41 0.7800788954635108 0.06290097629009762 0.0003944773175542406 0.011436541143654114
24 0.7830374753451677 0.05564853556485356 0.00631163708086785 0.0041841004184100415
41 0.7684418145956607 0.041143654114365415 0.0007889546351084812 0.01199442119944212
26 0.7656804733727811 0.04881450488145049 0.00631163708086785 0.004463040446304045
41 0.8715976331360947 0.041143654114365415 0.0003944773175542406 0.01199442119944212
26 0.868836291913215 0.04881450488145049 0.005917159763313609 0.004463040446304045
41 0.8489151873767259 0.06485355648535565 0.0007889546351084812 0.010878661087866108
26 0.8516765285996055 0.05801952580195258 0.00631163708086785 0.004463040446304045
41 0.8372781065088757 0.041143654114365415 0.0003944773175542406 0.01199442119944212
26 0.834319526627219 0.04881450488145049 0.00631163708086785 0.004463040446304045
41 0.8143984220907298 0.06108786610878661 0.0003944773175542406 0.012273361227336122
26 0.8173570019723866 0.05341701534170153 0.00631163708086785 0.0041841004184100415
41 0.2301775147928994 0.041143654114365415 0.0003944773175542406 0.01199442119944212
26 0.22761341222879686 0.04881450488145049 0.00631163708086785 0.004463040446304045
41 0.20749506903353057 0.0596931659693166 0.0007889546351084812 0.014504881450488146
24 0.21025641025641026 0.05104602510460251 0.00631163708086785 0.004463040446304045
41 0.19585798816568048 0.041143654114365415 0.0003944773175542406 0.01199442119944212
26 0.1932938856015779 0.04881450488145049 0.00631163708086785 0.004463040446304045
41 0.17317554240631164 0.05578800557880056 0.0007889546351084812 0.016178521617852163
24 0.17593688362919133 0.046443514644351466 0.00631163708086785 0.0041841004184100415
41 0.2990138067061144 0.041283124128312414 0.0007889546351084812 0.012273361227336122
26 0.2962524654832347 0.04881450488145049 0.00631163708086785 0.004463040446304045
26 0.27889546351084815 0.05341701534170153 0.00631163708086785 0.0041841004184100415
41 0.26469428007889545 0.04142259414225941 0.0007889546351084812 0.012552301255230125
26 0.26193293885601576 0.04881450488145049 0.00631163708086785 0.004463040446304045
41 0.2418145956607495 0.05690376569037657 0.0007889546351084812 0.01394700139470014
26 0.2445759368836292 0.04881450488145049 0.00631163708086785 0.004463040446304045
67 0.07850098619329389 0.05188284518828452 0.005522682445759369 0.0100418410041841
67 0.08461538461538462 0.04490934449093445 0.005917159763313609 0.0100418410041841
41 0.10453648915187377 0.06429567642956764 0.0007889546351084812 0.02817294281729428
78 0.10729783037475345 0.03082287308228731 0.004733727810650888 0.0036262203626220364
26 0.10729783037475345 0.04881450488145049 0.00631163708086785 0.004463040446304045
24 0.10729783037475345 0.06485355648535565 0.00631163708086785 0.0041841004184100415
6 0.0611439842209073 0.05104602510460251 0.016568047337278107 0.01785216178521618
84 0.19842209072978303 0.04309623430962343 0.008678500986193294 0.002510460251046025
125 0.23274161735700197 0.08479776847977685 0.2903353057199211 0.004463040446304045
41 0.16153846153846155 0.041143654114365415 0.0003944773175542406 0.01199442119944212
26 0.15877712031558186 0.04881450488145049 0.005917159763313609 0.004463040446304045
41 0.1388560157790927 0.0602510460251046 0.0007889546351084812 0.0200836820083682
26 0.1416173570019724 0.04881450488145049 0.00631163708086785 0.004463040446304045
41 0.27613412228796846 0.060529986052998606 0.0007889546351084812 0.012831241283124128
41 0.12721893491124261 0.041143654114365415 0.0003944773175542406 0.01199442119944212
26 0.12445759368836291 0.04881450488145049 0.005917159763313609 0.004463040446304045
49 0.11341222879684418 0.03933054393305439 0.005128205128205128 0.010599721059972107
41 0.11005917159763313 0.04100418410041841 0.0007889546351084812 0.01394700139470014
26 0.3727810650887574 0.04881450488145049 0.00631163708086785 0.004463040446304045
41 0.4443786982248521 0.041143654114365415 0.0003944773175542406 0.01199442119944212
41 0.3757396449704142 0.04156206415620642 0.0003944773175542406 0.012831241283124128
26 0.390138067061144 0.05341701534170153 0.00631163708086785 0.0041841004184100415
24 0.4587771203155819 0.05564853556485356 0.00631163708086785 0.0041841004184100415
41 0.4560157790927022 0.06248256624825663 0.0007889546351084812 0.012273361227336122
41 0.35285996055226826 0.06331938633193863 0.0003944773175542406 0.012273361227336122
24 0.355818540433925 0.05564853556485356 0.00631163708086785 0.0041841004184100415
41 0.4100591715976331 0.041143654114365415 0.0003944773175542406 0.01199442119944212
24 0.42445759368836294 0.05104602510460251 0.00631163708086785 0.004463040446304045
41 0.42169625246548326 0.05955369595536959 0.0007889546351084812 0.015341701534170154
26 0.4072978303747535 0.04881450488145049 0.005917159763313609 0.004463040446304045
26 0.4416173570019724 0.04881450488145049 0.005917159763313609 0.004463040446304045
41 0.3873767258382643 0.061366806136680614 0.0007889546351084812 0.014504881450488146
93 0.3863905325443787 0.08605299860529986 0.0067061143984220905 0.005857740585774059
93 0.39211045364891517 0.08605299860529986 0.007100591715976331 0.005857740585774059
41 0.3185404339250493 0.0598326359832636 0.0003944773175542406 0.014783821478382147
24 0.3214990138067061 0.05104602510460251 0.00631163708086785 0.004463040446304045
26 0.4930966469428008 0.05341701534170153 0.00631163708086785 0.0041841004184100415
41 0.4903353057199211 0.060669456066945605 0.0007889546351084812 0.013110181311018132
95 0.3183431952662722 0.07489539748953974 0.007100591715976331 0.00697350069735007
95 0.32327416173570017 0.07489539748953974 0.0067061143984220905 0.00697350069735007
41 0.34142011834319524 0.041143654114365415 0.0003944773175542406 0.01199442119944212
26 0.4761341222879684 0.04881450488145049 0.00631163708086785 0.004463040446304045
41 0.47869822485207103 0.04156206415620642 0.0003944773175542406 0.012831241283124128
26 0.3384615384615385 0.04881450488145049 0.00631163708086785 0.004463040446304045
134 0.49980276134122287 0.12817294281729427 0.9041420118343195 0.018688981868898186
1 0.9380670611439842 0.11436541143654114 0.009467455621301775 0.0005578800557880056
1 0.9037475345167653 0.11436541143654114 0.009467455621301775 0.0005578800557880056
1 0.8690335305719921 0.11436541143654114 0.009467455621301775 0.0005578800557880056
1 0.8347140039447731 0.11436541143654114 0.009467455621301775 0.0005578800557880056
1 0.8003944773175542 0.11436541143654114 0.009467455621301775 0.0005578800557880056
1 0.7656804733727811 0.11436541143654114 0.009467455621301775 0.0005578800557880056
1 0.7487179487179487 0.14211994421199442 0.009467455621301775 0.0008368200836820083
1 0.534516765285996 0.14211994421199442 0.009467455621301775 0.0008368200836820083
1 0.5108481262327417 0.11436541143654114 0.009467455621301775 0.0005578800557880056
1 0.4761341222879684 0.11436541143654114 0.009467455621301775 0.0005578800557880056
1 0.4418145956607495 0.11436541143654114 0.009467455621301775 0.0005578800557880056
1 0.4072978303747535 0.11436541143654114 0.009861932938856016 0.0005578800557880056
1 0.3727810650887574 0.11436541143654114 0.009467455621301775 0.0005578800557880056
1 0.3384615384615385 0.11436541143654114 0.009467455621301775 0.0005578800557880056
1 0.3211045364891519 0.14211994421199442 0.009467455621301775 0.0008368200836820083
1 0.10729783037475345 0.14211994421199442 0.009467455621301775 0.0008368200836820083
41 0.6927021696252466 0.11255230125523012 0.0007889546351084812 0.014225941422594143
24 0.6380670611439843 0.12357043235704324 0.005917159763313609 0.004463040446304045
26 0.6899408284023668 0.11673640167364016 0.00631163708086785 0.0041841004184100415
26 0.6899408284023668 0.12133891213389121 0.00631163708086785 0.004463040446304045
63 0.6642998027613413 0.12817294281729427 0.005522682445759369 0.011436541143654114
41 0.6700197238658777 0.13542538354253836 0.0003944773175542406 0.011436541143654114
24 0.6727810650887573 0.12817294281729427 0.005917159763313609 0.0041841004184100415
41 0.6579881656804734 0.11269177126917712 0.0007889546351084812 0.014504881450488146
26 0.6552268244575937 0.11673640167364016 0.00631163708086785 0.0041841004184100415
26 0.6552268244575937 0.12133891213389121 0.00631163708086785 0.004463040446304045
41 0.6351084812623274 0.13263598326359832 0.0007889546351084812 0.01701534170153417
41 0.7457593688362919 0.1496513249651325 0.0003944773175542406 0.01199442119944212
24 0.7487179487179487 0.1419804741980474 0.00631163708086785 0.004463040446304045
41 0.7272189349112426 0.11199442119944213 0.0003944773175542406 0.015341701534170154
26 0.7244575936883629 0.11673640167364016 0.005917159763313609 0.0041841004184100415
26 0.7244575936883629 0.12133891213389121 0.005917159763313609 0.004463040446304045
41 0.7043392504930966 0.13389121338912133 0.0003944773175542406 0.012831241283124128
26 0.7072978303747535 0.12594142259414226 0.00631163708086785 0.0041841004184100415
63 0.5431952662721894 0.12119944211994421 0.005522682445759369 0.011436541143654114
41 0.5546351084812623 0.11213389121338913 0.0007889546351084812 0.015620641562064157
26 0.5518737672583827 0.11673640167364016 0.00631163708086785 0.0041841004184100415
26 0.5518737672583827 0.12133891213389121 0.00631163708086785 0.004463040446304045
41 0.5317554240631164 0.1492329149232915 0.0007889546351084812 0.012831241283124128
24 0.534516765285996 0.1419804741980474 0.00631163708086785 0.004463040446304045
121 0.12169625246548324 0.1493723849372385 0.03274161735700197 0.006415620641562064
121 0.12169625246548324 0.15313807531380752 0.03431952662721893 0.0066945606694560665
41 0.6236686390532544 0.11283124128312413 0.0007889546351084812 0.014783821478382147
26 0.6209072978303748 0.11673640167364016 0.00631163708086785 0.0041841004184100415
26 0.6209072978303748 0.12133891213389121 0.00631163708086785 0.004463040446304045
41 0.6007889546351085 0.13458856345885634 0.0007889546351084812 0.014783821478382147
26 0.6035502958579881 0.12594142259414226 0.00631163708086785 0.0041841004184100415
41 0.5891518737672584 0.11255230125523012 0.0003944773175542406 0.014225941422594143
26 0.5861932938856016 0.11673640167364016 0.00631163708086785 0.0041841004184100415
26 0.5861932938856016 0.12133891213389121 0.00631163708086785 0.004463040446304045
41 0.5662721893491124 0.14239888423988842 0.0003944773175542406 0.015899581589958158
24 0.5692307692307692 0.13277545327754534 0.00631163708086785 0.004463040446304045
24 0.9209072978303747 0.12357043235704324 0.005917159763313609 0.004463040446304045
41 0.9408284023668639 0.10948396094839609 0.0007889546351084812 0.015899581589958158
24 0.9380670611439842 0.11436541143654114 0.00631163708086785 0.004463040446304045
24 0.9380670611439842 0.11896792189679219 0.00631163708086785 0.0041841004184100415
41 0.9181459566074951 0.13263598326359832 0.0003944773175542406 0.01701534170153417
41 0.906508875739645 0.1100418410041841 0.0007889546351084812 0.015341701534170154
24 0.9037475345167653 0.11436541143654114 0.00631163708086785 0.004463040446304045
24 0.9037475345167653 0.11896792189679219 0.00631163708086785 0.0041841004184100415
41 0.883629191321499 0.13458856345885634 0.0007889546351084812 0.014783821478382147
121 0.6871794871794872 0.13779637377963738 0.03471400394477318 0.0022315202231520223
121 0.6871794871794872 0.1417015341701534 0.03471400394477318 0.0022315202231520223
121 0.2136094674556213 0.10432357043235704 0.17238658777120316 0.0016736401673640166
121 0.21341222879684418 0.10808926080892609 0.17120315581854043 0.001394700139470014
121 0.19053254437869824 0.13779637377963738 0.033136094674556214 0.0022315202231520223
121 0.19072978303747534 0.1417015341701534 0.03431952662721893 0.0022315202231520223
125 0.4214990138067061 0.16220362622036263 0.4287968441814596 0.006415620641562064
121 0.25976331360946747 0.13779637377963738 0.03274161735700197 0.0022315202231520223
121 0.25976331360946747 0.1417015341701534 0.03431952662721893 0.0022315202231520223
121 0.3357001972386588 0.1493723849372385 0.033136094674556214 0.006415620641562064
121 0.33550295857988166 0.15313807531380752 0.03431952662721893 0.0066945606694560665
121 0.4274161735700197 0.10139470013947001 0.17238658777120316 0.001394700139470014
121 0.4274161735700197 0.10516039051603905 0.1708086785009862 0.0016736401673640166
121 0.4045364891518738 0.13333333333333333 0.03274161735700197 0.0022315202231520223
121 0.4045364891518738 0.13695955369595536 0.03431952662721893 0.0022315202231520223
121 0.47337278106508873 0.13779637377963738 0.033136094674556214 0.0022315202231520223
121 0.47357001972386586 0.1417015341701534 0.03431952662721893 0.0022315202231520223
121 0.5489151873767258 0.1493723849372385 0.03431952662721893 0.00697350069735007
121 0.5489151873767258 0.15313807531380752 0.03431952662721893 0.0066945606694560665
121 0.6408284023668639 0.10432357043235704 0.17238658777120316 0.0016736401673640166
121 0.6408284023668639 0.10808926080892609 0.17238658777120316 0.001394700139470014
121 0.617948717948718 0.13779637377963738 0.03431952662721893 0.0022315202231520223
121 0.617948717948718 0.1417015341701534 0.03431952662721893 0.0022315202231520223
125 0.7449704142011835 0.16220362622036263 0.21025641025641026 0.006415620641562064
26 0.8863905325443787 0.12594142259414226 0.00631163708086785 0.0041841004184100415
121 0.7627218934911243 0.1495118549511855 0.03353057199211045 0.0066945606694560665
121 0.7631163708086784 0.15313807531380752 0.03431952662721893 0.0066945606694560665
121 0.8546351084812623 0.10139470013947001 0.17238658777120316 0.001394700139470014
121 0.8550295857988166 0.10516039051603905 0.17159763313609466 0.0016736401673640166
121 0.8319526627218935 0.13333333333333333 0.033136094674556214 0.0022315202231520223
121 0.8319526627218935 0.13695955369595536 0.03471400394477318 0.0022315202231520223
121 0.9007889546351084 0.13779637377963738 0.03431952662721893 0.0022315202231520223
121 0.9007889546351084 0.1417015341701534 0.03431952662721893 0.0022315202231520223
41 0.8029585798816568 0.10934449093444909 0.0003944773175542406 0.015620641562064157
24 0.8003944773175542 0.11436541143654114 0.00631163708086785 0.004463040446304045
24 0.8003944773175542 0.11896792189679219 0.00631163708086785 0.0041841004184100415
41 0.780276134122288 0.14225941422594143 0.0007889546351084812 0.016178521617852163
24 0.7830374753451677 0.13277545327754534 0.00631163708086785 0.004463040446304045
24 0.8175542406311637 0.12357043235704324 0.005917159763313609 0.004463040446304045
41 0.7686390532544378 0.10948396094839609 0.0003944773175542406 0.015899581589958158
24 0.7656804733727811 0.11436541143654114 0.00631163708086785 0.004463040446304045
24 0.7656804733727811 0.11896792189679219 0.00631163708086785 0.0041841004184100415
26 0.8520710059171598 0.12133891213389121 0.00631163708086785 0.004463040446304045
41 0.8719921104536489 0.10948396094839609 0.0003944773175542406 0.015899581589958158
24 0.8690335305719921 0.11436541143654114 0.00631163708086785 0.004463040446304045
24 0.8692307692307693 0.11896792189679219 0.005917159763313609 0.0041841004184100415
41 0.849112426035503 0.12914923291492328 0.0003944773175542406 0.014504881450488146
41 0.8374753451676529 0.1096234309623431 0.0007889546351084812 0.016178521617852163
24 0.8347140039447731 0.11436541143654114 0.00631163708086785 0.004463040446304045
24 0.8347140039447731 0.11896792189679219 0.00631163708086785 0.0041841004184100415
41 0.814595660749507 0.1306834030683403 0.0007889546351084812 0.013110181311018132
26 0.2280078895463511 0.12133891213389121 0.00631163708086785 0.004463040446304045
63 0.23668639053254437 0.12817294281729427 0.005522682445759369 0.011436541143654114
41 0.24260355029585798 0.13570432357043236 0.0007889546351084812 0.012552301255230125
24 0.24536489151873767 0.12817294281729427 0.00631163708086785 0.0041841004184100415
41 0.23057199211045365 0.11241283124128312 0.0003944773175542406 0.016178521617852163
26 0.2280078895463511 0.11673640167364016 0.00631163708086785 0.0041841004184100415
41 0.2078895463510848 0.13305439330543933 0.0007889546351084812 0.016178521617852163
24 0.2106508875739645 0.12357043235704324 0.00631163708086785 0.004463040446304045
41 0.19625246548323472 0.11199442119944213 0.0003944773175542406 0.015341701534170154
26 0.1932938856015779 0.11659693165969316 0.00631163708086785 0.004463040446304045
41 0.3183431952662722 0.1493723849372385 0.0007889546351084812 0.012552301255230125
24 0.3211045364891519 0.1419804741980474 0.00631163708086785 0.004463040446304045
41 0.29980276134122286 0.11213389121338913 0.0007889546351084812 0.015620641562064157
26 0.29704142011834317 0.12133891213389121 0.00631163708086785 0.004463040446304045
26 0.1932938856015779 0.12133891213389121 0.00631163708086785 0.004463040446304045
41 0.27692307692307694 0.13389121338912133 0.0007889546351084812 0.014504881450488146
26 0.2798816568047337 0.12594142259414226 0.005917159763313609 0.0041841004184100415
41 0.2654832347140039 0.11227336122733612 0.0007889546351084812 0.015899581589958158
26 0.26272189349112424 0.11673640167364016 0.00631163708086785 0.0041841004184100415
26 0.26272189349112424 0.12133891213389121 0.00631163708086785 0.004463040446304045
26 0.12406311637080868 0.11673640167364016 0.005128205128205128 0.0041841004184100415
26 0.12465483234714005 0.12133891213389121 0.00631163708086785 0.004463040446304045
41 0.10453648915187377 0.1495118549511855 0.0007889546351084812 0.012273361227336122
24 0.10729783037475345 0.1419804741980474 0.00631163708086785 0.004463040446304045
41 0.12721893491124261 0.11241283124128312 0.0003944773175542406 0.016178521617852163
67 0.07850098619329389 0.12887029288702928 0.005522682445759369 0.0100418410041841
67 0.08461538461538462 0.12203626220362622 0.005917159763313609 0.010320781032078103
6 0.0611439842209073 0.12817294281729427 0.016568047337278107 0.01813110181311018
125 0.9031558185404339 0.16220362622036263 0.09822485207100591 0.006415620641562064
26 0.15897435897435896 0.12133891213389121 0.00631163708086785 0.004463040446304045
41 0.17337278106508874 0.13472803347280335 0.0003944773175542406 0.014504881450488146
26 0.17633136094674556 0.12594142259414226 0.00631163708086785 0.0041841004184100415
41 0.16173570019723865 0.11241283124128312 0.0007889546351084812 0.016178521617852163
26 0.15897435897435896 0.11673640167364016 0.00631163708086785 0.0041841004184100415
26 0.29704142011834317 0.11673640167364016 0.00631163708086785 0.0041841004184100415
41 0.1388560157790927 0.14211994421199442 0.0007889546351084812 0.016457461645746164
24 0.1416173570019724 0.13277545327754534 0.00631163708086785 0.004463040446304045
63 0.11597633136094675 0.12119944211994421 0.005522682445759369 0.011436541143654114
41 0.4445759368836292 0.1096234309623431 0.0007889546351084812 0.016178521617852163
24 0.4418145956607495 0.11436541143654114 0.00631163708086785 0.004463040446304045
24 0.4418145956607495 0.11896792189679219 0.00631163708086785 0.0041841004184100415
41 0.42169625246548326 0.1292887029288703 0.0007889546351084812 0.014225941422594143
26 0.42445759368836294 0.12133891213389121 0.00631163708086785 0.004463040446304045
24 0.40749506903353055 0.11436541143654114 0.00631163708086785 0.004463040446304045
24 0.40749506903353055 0.11896792189679219 0.00631163708086785 0.0041841004184100415
41 0.3873767258382643 0.13110181311018132 0.0007889546351084812 0.012273361227336122
24 0.390138067061144 0.12357043235704324 0.00631163708086785 0.004463040446304045
41 0.5134122287968442 0.10934449093444909 0.0003944773175542406 0.015620641562064157
24 0.5108481262327417 0.11436541143654114 0.00631163708086785 0.004463040446304045
24 0.5108481262327417 0.11896792189679219 0.00631163708086785 0.0041841004184100415
41 0.49072978303747533 0.13305439330543933 0.0007889546351084812 0.016178521617852163
24 0.493491124260355 0.12357043235704324 0.00631163708086785 0.004463040446304045
41 0.4100591715976331 0.1099023709902371 0.0003944773175542406 0.016736401673640166
41 0.47909270216962524 0.10948396094839609 0.0003944773175542406 0.015899581589958158
24 0.4761341222879684 0.11436541143654114 0.00631163708086785 0.004463040446304045
24 0.4761341222879684 0.11896792189679219 0.00631163708086785 0.0041841004184100415
41 0.45621301775147927 0.13472803347280335 0.0003944773175542406 0.014504881450488146
26 0.4591715976331361 0.12594142259414226 0.00631163708086785 0.0041841004184100415
24 0.3384615384615385 0.11896792189679219 0.00631163708086785 0.0041841004184100415
41 0.35285996055226826 0.14239888423988842 0.0003944773175542406 0.015899581589958158
24 0.35562130177514795 0.13277545327754534 0.005917159763313609 0.004463040446304045
41 0.34122287968441817 0.1099023709902371 0.0007889546351084812 0.016736401673640166
24 0.3384615384615385 0.11436541143654114 0.00631163708086785 0.004463040446304045
41 0.3757396449704142 0.10948396094839609 0.0003944773175542406 0.015899581589958158
24 0.3727810650887574 0.11436541143654114 0.00631163708086785 0.004463040446304045
24 0.3727810650887574 0.11896792189679219 0.00631163708086785 0.0041841004184100415
134 0.49980276134122287 0.20543933054393304 0.9041420118343195 0.018688981868898186
1 0.10729783037475345 0.2191073919107392 0.009467455621301775 0.0008368200836820083
41 0.6745562130177515 0.21394700139470013 0.0007889546351084812 0.014504881450488146
24 0.6773175542406311 0.20529986052998606 0.00631163708086785 0.004463040446304045
41 0.6453648915187377 0.1898186889818689 0.0007889546351084812 0.014783821478382147
26 0.642603550295858 0.19372384937238493 0.00631163708086785 0.0041841004184100415
26 0.642603550295858 0.19846582984658298 0.00631163708086785 0.0041841004184100415
24 0.7467455621301775 0.20069735006973502 0.00631163708086785 0.0041841004184100415
63 0.6686390532544378 0.20516039051603904 0.005522682445759369 0.011436541143654114
26 0.7120315581854043 0.19846582984658298 0.00631163708086785 0.0041841004184100415
26 0.711439842209073 0.19386331938633194 0.005128205128205128 0.004463040446304045
41 0.714792899408284 0.1900976290097629 0.0007889546351084812 0.015341701534170154
26 0.5384615384615384 0.20306834030683404 0.00631163708086785 0.004463040446304045
121 0.13925049309664694 0.22649930264993026 0.06785009861932939 0.0066945606694560665
121 0.13925049309664694 0.2302649930264993 0.06942800788954635 0.00697350069735007
41 0.5355029585798816 0.2112970711297071 0.0003944773175542406 0.015341701534170154
41 0.6051282051282051 0.2101813110181311 0.0007889546351084812 0.015899581589958158
26 0.5731755424063116 0.19846582984658298 0.00631163708086785 0.0041841004184100415
26 0.5725838264299803 0.19386331938633194 0.005128205128205128 0.004463040446304045
41 0.5759368836291914 0.1896792189679219 0.0007889546351084812 0.016178521617852163
63 0.5644970414201184 0.198326359832636 0.005522682445759369 0.011715481171548118
24 0.6078895463510848 0.20069735006973502 0.00631163708086785 0.0041841004184100415
26 0.9203155818540434 0.19846582984658298 0.00631163708086785 0.0041841004184100415
26 0.9199211045364891 0.19386331938633194 0.005522682445759369 0.004463040446304045
41 0.9232741617357002 0.1896792189679219 0.0003944773175542406 0.016178521617852163
121 0.8481262327416174 0.21771269177126917 0.06785009861932939 0.005857740585774059
121 0.8481262327416174 0.22147838214783822 0.06942800788954635 0.006136680613668061
121 0.7088757396449704 0.21617852161785217 0.06863905325443787 0.004463040446304045
121 0.7092702169625247 0.2199442119944212 0.06942800788954635 0.004741980474198048
121 0.7495069033530573 0.18145048814504883 0.34714003944773175 0.001394700139470014
121 0.7495069033530573 0.18521617852161784 0.34714003944773175 0.0016736401673640166
121 0.570414201183432 0.21506276150627615 0.06942800788954635 0.0022315202231520223
121 0.570414201183432 0.21868898186889818 0.06942800788954635 0.0022315202231520223
121 0.41696252465483236 0.21617852161785217 0.06785009861932939 0.004463040446304045
121 0.41696252465483236 0.2199442119944212 0.06942800788954635 0.004741980474198048
121 0.2781065088757396 0.21506276150627615 0.06785009861932939 0.0022315202231520223
121 0.2781065088757396 0.21868898186889818 0.06942800788954635 0.0022315202231520223
121 0.3183431952662722 0.18145048814504883 0.34714003944773175 0.001394700139470014
121 0.3185404339250493 0.18521617852161784 0.345956607495069 0.0016736401673640166
26 0.7814595660749507 0.19846582984658298 0.00631163708086785 0.0041841004184100415
26 0.7808678500986194 0.19386331938633194 0.005128205128205128 0.004463040446304045
41 0.7842209072978303 0.1896792189679219 0.0007889546351084812 0.016178521617852163
26 0.8161735700197239 0.20306834030683404 0.00631163708086785 0.004463040446304045
41 0.8134122287968442 0.2112970711297071 0.0007889546351084812 0.015341701534170154
41 0.7439842209072979 0.2097629009762901 0.0007889546351084812 0.016736401673640166
26 0.850887573964497 0.19846582984658298 0.00631163708086785 0.0041841004184100415
26 0.8502958579881656 0.19386331938633194 0.005128205128205128 0.004463040446304045
41 0.8536489151873767 0.1896792189679219 0.0007889546351084812 0.016178521617852163
24 0.8856015779092702 0.2099023709902371 0.00631163708086785 0.0041841004184100415
41 0.8828402366863906 0.21715481171548118 0.0007889546351084812 0.013110181311018132
63 0.13333333333333333 0.198326359832636 0.005522682445759369 0.011715481171548118
24 0.1767258382642998 0.2099023709902371 0.00631163708086785 0.0041841004184100415
41 0.1739644970414201 0.21896792189679218 0.0007889546351084812 0.016736401673640166
26 0.21143984220907297 0.19846582984658298 0.00631163708086785 0.0041841004184100415
26 0.21084812623274163 0.19386331938633194 0.005128205128205128 0.004463040446304045
41 0.21420118343195266 0.1896792189679219 0.0007889546351084812 0.016178521617852163
26 0.24615384615384617 0.20306834030683404 0.00631163708086785 0.004463040446304045
41 0.24339250493096648 0.2112970711297071 0.0007889546351084812 0.015341701534170154
26 0.2808678500986193 0.19846582984658298 0.00631163708086785 0.0041841004184100415
26 0.28027613412228797 0.19386331938633194 0.005128205128205128 0.004463040446304045
41 0.283629191321499 0.1896792189679219 0.0007889546351084812 0.016178521617852163
125 0.5199211045364891 0.2391910739191074 0.8646942800788955 0.0041841004184100415
6 0.0611439842209073 0.20529986052998606 0.016568047337278107 0.01785216178521618
67 0.07850098619329389 0.20613668061366805 0.005522682445759369 0.0100418410041841
67 0.08461538461538462 0.199163179916318 0.005917159763313609 0.0100418410041841
24 0.10729783037475345 0.2191073919107392 0.00631163708086785 0.0041841004184100415
41 0.10453648915187377 0.22635983263598328 0.0007889546351084812 0.013110181311018132
26 0.14201183431952663 0.19846582984658298 0.00631163708086785 0.0041841004184100415
26 0.14142011834319526 0.19372384937238493 0.005128205128205128 0.0041841004184100415
41 0.14477317554240632 0.1896792189679219 0.0007889546351084812 0.016178521617852163
24 0.38500986193293885 0.20529986052998606 0.00631163708086785 0.004463040446304045
41 0.38224852071005916 0.21366806136680613 0.0007889546351084812 0.01506276150627615
41 0.4516765285996055 0.2099023709902371 0.0007889546351084812 0.016457461645746164
24 0.4544378698224852 0.20069735006973502 0.00631163708086785 0.0041841004184100415
63 0.3763313609467456 0.20516039051603904 0.005522682445759369 0.011436541143654114
26 0.41972386587771204 0.19846582984658298 0.00631163708086785 0.0041841004184100415
26 0.4193293885601578 0.19386331938633194 0.005522682445759369 0.004463040446304045
41 0.42268244575936886 0.1896792189679219 0.0003944773175542406 0.016178521617852163
24 0.3155818540433925 0.20069735006973502 0.00631163708086785 0.0041841004184100415
41 0.3128205128205128 0.2097629009762901 0.0007889546351084812 0.016736401673640166
41 0.4921104536489152 0.1891213389121339 0.0003944773175542406 0.01506276150627615
26 0.4893491124260355 0.19386331938633194 0.005917159763313609 0.004463040446304045
26 0.3502958579881657 0.19846582984658298 0.00631163708086785 0.0041841004184100415
26 0.3497041420118343 0.19386331938633194 0.005128205128205128 0.004463040446304045
41 0.3530571992110454 0.1896792189679219 0.0007889546351084812 0.016178521617852163
26 0.4893491124260355 0.19846582984658298 0.005917159763313609 0.0041841004184100415
1 0.8879684418145957 0.31059972105997213 0.014201183431952662 0.0008368200836820083
1 0.7214990138067061 0.31059972105997213 0.014201183431952662 0.0008368200836820083
1 0.7072978303747535 0.31059972105997213 0.009467455621301775 0.0008368200836820083
1 0.5664694280078896 0.2783821478382148 0.014201183431952662 0.0005578800557880056
1 0.5664694280078896 0.2829846582984658 0.014201183431952662 0.0008368200836820083
1 0.5664694280078896 0.31059972105997213 0.014201183431952662 0.0008368200836820083
1 0.5506903353057199 0.2783821478382148 0.009467455621301775 0.0005578800557880056
1 0.5506903353057199 0.2829846582984658 0.009467455621301775 0.0008368200836820083
1 0.5506903353057199 0.31059972105997213 0.009467455621301775 0.0008368200836820083
1 0.45207100591715976 0.31059972105997213 0.014201183431952662 0.0008368200836820083
1 0.4378698224852071 0.31059972105997213 0.009467455621301775 0.0008368200836820083
1 0.30631163708086784 0.2599721059972106 0.009072978303747535 0.0005578800557880056
1 0.30631163708086784 0.26457461645746166 0.009072978303747535 0.0008368200836820083
1 0.30631163708086784 0.2691771269177127 0.009072978303747535 0.0005578800557880056
1 0.30631163708086784 0.27377963737796374 0.009072978303747535 0.0008368200836820083
1 0.30631163708086784 0.2783821478382148 0.009072978303747535 0.0005578800557880056
1 0.30631163708086784 0.2829846582984658 0.009072978303747535 0.0008368200836820083
1 0.2960552268244576 0.2691771269177127 0.009072978303747535 0.0005578800557880056
1 0.2960552268244576 0.27377963737796374 0.009072978303747535 0.0008368200836820083
1 0.2960552268244576 0.2783821478382148 0.009072978303747535 0.0005578800557880056
1 0.2960552268244576 0.2829846582984658 0.009072978303747535 0.0008368200836820083
1 0.28619329388560155 0.2691771269177127 0.009072978303747535 0.0005578800557880056
1 0.28619329388560155 0.27377963737796374 0.009072978303747535 0.0008368200836820083
1 0.28619329388560155 0.2783821478382148 0.009072978303747535 0.0005578800557880056
1 0.28619329388560155 0.2829846582984658 0.009072978303747535 0.0008368200836820083
1 0.27633136094674554 0.27377963737796374 0.009072978303747535 0.0008368200836820083
1 0.27633136094674554 0.2783821478382148 0.009072978303747535 0.0005578800557880056
1 0.27633136094674554 0.2829846582984658 0.009072978303747535 0.0008368200836820083
1 0.26646942800788953 0.27377963737796374 0.009072978303747535 0.0008368200836820083
1 0.26627218934911245 0.2783821478382148 0.009467455621301775 0.0005578800557880056
1 0.26627218934911245 0.2829846582984658 0.009467455621301775 0.0008368200836820083
1 0.24911242603550296 0.2783821478382148 0.009072978303747535 0.0005578800557880056
1 0.24911242603550296 0.2829846582984658 0.009072978303747535 0.0008368200836820083
1 0.23905325443786982 0.2783821478382148 0.008678500986193294 0.0005578800557880056
1 0.23905325443786982 0.2829846582984658 0.008678500986193294 0.0008368200836820083
1 0.2291913214990138 0.2829846582984658 0.008678500986193294 0.0008368200836820083
1 0.21913214990138066 0.2829846582984658 0.009072978303747535 0.0008368200836820083
1 0.14122287968441816 0.31059972105997213 0.008678500986193294 0.0008368200836820083
1 0.14122287968441816 0.3153417015341701 0.008678500986193294 0.0008368200836820083
1 0.1242603550295858 0.31059972105997213 0.009467455621301775 0.0008368200836820083
1 0.1242603550295858 0.3153417015341701 0.009467455621301775 0.0008368200836820083
1 0.1242603550295858 0.3198047419804742 0.009467455621301775 0.0008368200836820083
1 0.11400394477317555 0.31059972105997213 0.009467455621301775 0.0008368200836820083
1 0.11400394477317555 0.3153417015341701 0.009467455621301775 0.0008368200836820083
1 0.11400394477317555 0.3198047419804742 0.009467455621301775 0.0008368200836820083
1 0.11400394477317555 0.32454672245467225 0.009467455621301775 0.0008368200836820083
121 0.12189349112426036 0.297350069735007 0.009467455621301775 0.0022315202231520223
121 0.12189349112426036 0.300976290097629 0.008678500986193294 0.0022315202231520223
121 0.7913214990138067 0.28521617852161785 0.008678500986193294 0.0041841004184100415
122 0.9806706114398422 0.298884239888424 0.007100591715976331 0.001394700139470014
124 0.9836291913214991 0.3164574616457462 0.029585798816568046 0.006415620641562064
121 0.9794871794871794 0.27670850767085076 0.008678500986193294 0.002789400278940028
121 0.8390532544378698 0.28521617852161785 0.008678500986193294 0.0041841004184100415
121 0.8218934911242604 0.28758716875871687 0.008284023668639054 0.002789400278940028
121 0.8057199211045365 0.28605299860529987 0.0067061143984220905 0.002510460251046025
121 0.8057199211045365 0.2892608089260809 0.005128205128205128 0.0022315202231520223
121 0.7548323471400394 0.30613668061366806 0.008284023668639054 0.0030683403068340305
120 0.7798816568047338 0.28423988842398884 0.07416173570019724 0.011157601115760111
122 0.7140039447731755 0.28730822873082285 0.003155818540433925 0.0011157601115760112
122 0.7140039447731755 0.299302649930265 0.003155818540433925 0.0011157601115760112
122 0.7142011834319527 0.3082287308228731 0.0035502958579881655 0.0011157601115760112
121 0.6731755424063116 0.28521617852161785 0.008284023668639054 0.0041841004184100415
121 0.23609467455621302 0.29260808926080895 0.01854043392504931 0.0022315202231520223
121 0.23629191321499013 0.296513249651325 0.01972386587771203 0.0022315202231520223
122 0.4445759368836292 0.299302649930265 0.003155818540433925 0.0011157601115760112
122 0.4445759368836292 0.30808926080892607 0.003155818540433925 0.0008368200836820083
121 0.3974358974358974 0.3107391910739191 0.008284023668639054 0.002789400278940028
121 0.3642998027613412 0.3107391910739191 0.008284023668639054 0.002789400278940028
120 0.38185404339250495 0.28716875871687586 0.07337278106508875 0.005299860529986053
121 0.2990138067061144 0.2488145048814505 0.01972386587771203 0.00502092050209205
121 0.2988165680473373 0.2525801952580195 0.01854043392504931 0.004741980474198048
121 0.2834319526627219 0.29260808926080895 0.01854043392504931 0.0022315202231520223
121 0.2834319526627219 0.296513249651325 0.020118343195266272 0.0022315202231520223
121 0.25542406311637084 0.25871687587168757 0.027218934911242602 0.0036262203626220364
121 0.2556213017751479 0.26262203626220365 0.02603550295857988 0.0036262203626220364
122 0.4445759368836292 0.28730822873082285 0.003155818540433925 0.0011157601115760112
121 0.21341222879684418 0.2714086471408647 0.01735700197238659 0.004463040446304045
121 0.21341222879684418 0.27517433751743375 0.015779092702169626 0.0041841004184100415
121 0.19487179487179487 0.299581589958159 0.02445759368836292 0.00502092050209205
121 0.19487179487179487 0.30348675034867506 0.02603550295857988 0.00502092050209205
84 0.24497041420118343 0.2889818688981869 0.008678500986193294 0.0022315202231520223
121 0.1680473372781065 0.2808926080892608 0.013412228796844181 0.00502092050209205
121 0.1680473372781065 0.2849372384937239 0.011834319526627219 0.004741980474198048
121 0.14319526627218934 0.3213389121338912 0.007100591715976331 0.003905160390516039
121 0.14299802761341224 0.3253835425383543 0.008284023668639054 0.0041841004184100415
121 0.14437869822485208 0.2884239888423989 0.013412228796844181 0.0016736401673640166
121 0.14437869822485208 0.29218967921896793 0.013412228796844181 0.001394700139470014
121 0.11637080867850098 0.3322175732217573 0.008678500986193294 0.003905160390516039
121 0.11617357001972387 0.33626220362622034 0.009861932938856016 0.0041841004184100415
122 0.5552268244575936 0.29483960948396093 0.009072978303747535 0.0016736401673640166
121 0.6560157790927021 0.28758716875871687 0.008678500986193294 0.002789400278940028
121 0.6362919132149901 0.28605299860529987 0.013412228796844181 0.002510460251046025
121 0.6364891518737673 0.2891213389121339 0.01222879684418146 0.002510460251046025
122 0.6140039447731755 0.2902370990237099 0.009861932938856016 0.0019525801952580196
120 0.619723865877712 0.28521617852161785 0.0631163708086785 0.009205020920502092
122 0.5587771203155818 0.27377963737796374 0.01301775147928994 0.0019525801952580196
122 0.5552268244575936 0.28563458856345886 0.009072978303747535 0.0016736401673640166
122 0.5575936883629191 0.3079497907949791 0.004339250493096647 0.0011157601115760112
121 0.5191321499013807 0.3107391910739191 0.008678500986193294 0.002789400278940028
125 0.5145956607495069 0.3158995815899582 0.024063116370808678 0.006415620641562064
121 0.48579881656804735 0.3107391910739191 0.008284023668639054 0.002789400278940028
120 0.5072978303747534 0.28716875871687586 0.06627218934911243 0.005299860529986053
40 0.5755424063116371 0.2898186889818689 0.002366863905325444 0.0016736401673640166
40 0.5755424063116371 0.27615062761506276 0.002366863905325444 0.0016736401673640166
40 0.5755424063116371 0.29916317991631797 0.002366863905325444 0.001394700139470014
30 0.5885601577909271 0.29456066945606696 0.009467455621301775 0.004463040446304045
41 0.5842209072978304 0.302928870292887 0.0007889546351084812 0.01506276150627615
30 0.5670611439842209 0.29916317991631797 0.008284023668639054 0.004741980474198048
26 0.5512820512820513 0.29916317991631797 0.005128205128205128 0.0041841004184100415
26 0.5512820512820513 0.2899581589958159 0.005128205128205128 0.0041841004184100415
24 0.5508875739644971 0.2783821478382148 0.005917159763313609 0.004463040446304045
94 0.5479289940828402 0.3273361227336123 0.008678500986193294 0.0041841004184100415
95 0.5552268244575936 0.3274755927475593 0.0067061143984220905 0.0066945606694560665
41 0.5481262327416173 0.300557880055788 0.0003944773175542406 0.043235704323570434
28 0.5670611439842209 0.3107391910739191 0.008284023668639054 0.004463040446304045
30 0.5670611439842209 0.2899581589958159 0.008284023668639054 0.004741980474198048
28 0.5664694280078896 0.2783821478382148 0.009467455621301775 0.004463040446304045
80 0.5664694280078896 0.2704323570432357 0.011834319526627219 0.0041841004184100415
40 0.5755424063116371 0.3083682008368201 0.002366863905325444 0.001394700139470014
41 0.5621301775147929 0.300836820083682 0.0007889546351084812 0.042677824267782424
41 0.6173570019723866 0.30516039051603905 0.0007889546351084812 0.01394700139470014
26 0.6278106508875739 0.29916317991631797 0.004339250493096647 0.0030683403068340305
41 0.6295857988165681 0.2928870292887029 0.0007889546351084812 0.011715481171548118
24 0.6076923076923076 0.29679218967921894 0.005917159763313609 0.004463040446304045
24 0.5508875739644971 0.3107391910739191 0.005917159763313609 0.004463040446304045
41 0.604930966469428 0.304881450488145 0.0003944773175542406 0.014504881450488146
63 0.5990138067061144 0.29665271966527196 0.005917159763313609 0.011436541143654114
24 0.6201183431952663 0.29679218967921894 0.00631163708086785 0.004463040446304045
41 0.48994082840236686 0.30264993026499304 0.0007889546351084812 0.014504881450488146
24 0.4844181459566075 0.29679218967921894 0.00631163708086785 0.004463040446304045
41 0.4814595660749507 0.30446304044630407 0.0003944773175542406 0.013668061366806136
26 0.49270216962524654 0.29456066945606696 0.00631163708086785 0.004463040446304045
30 0.5076923076923077 0.2899581589958159 0.009467455621301775 0.004741980474198048
41 0.5033530571992111 0.298465829846583 0.0007889546351084812 0.01506276150627615
30 0.47416173570019726 0.29456066945606696 0.009467455621301775 0.004463040446304045
41 0.46982248520710057 0.302928870292887 0.0007889546351084812 0.01506276150627615
30 0.5408284023668639 0.29456066945606696 0.009467455621301775 0.004463040446304045
41 0.5362919132149901 0.302928870292887 0.0003944773175542406 0.01506276150627615
26 0.5177514792899408 0.29456066945606696 0.005917159763313609 0.004463040446304045
41 0.5149901380670612 0.302510460251046 0.0003944773175542406 0.014783821478382147
24 0.526232741617357 0.29679218967921894 0.00631163708086785 0.004463040446304045
41 0.5234714003944774 0.30446304044630407 0.0007889546351084812 0.013668061366806136
24 0.7534516765285996 0.29218967921896793 0.00631163708086785 0.0041841004184100415
41 0.7506903353057199 0.299023709902371 0.0007889546351084812 0.012273361227336122
26 0.762130177514793 0.29456066945606696 0.00631163708086785 0.004463040446304045
41 0.7591715976331361 0.300836820083682 0.0003944773175542406 0.011436541143654114
24 0.7842209072978303 0.29679218967921894 0.00631163708086785 0.004463040446304045
30 0.7431952662721893 0.29456066945606696 0.009467455621301775 0.004463040446304045
96 0.7406311637080868 0.31520223152022314 0.004339250493096647 0.004463040446304045
95 0.7451676528599606 0.3153417015341701 0.007100591715976331 0.00697350069735007
41 0.7869822485207101 0.2902370990237099 0.0007889546351084812 0.01199442119944212
41 0.7388560157790927 0.302928870292887 0.0007889546351084812 0.01506276150627615
24 0.8071005917159764 0.29679218967921894 0.0039447731755424065 0.002789400278940028
26 0.8001972386587771 0.29916317991631797 0.004339250493096647 0.0030683403068340305
41 0.8023668639053254 0.2928870292887029 0.0007889546351084812 0.011715481171548118
41 0.8090729783037476 0.2909344490934449 0.0007889546351084812 0.010599721059972107
26 0.8149901380670611 0.29916317991631797 0.00631163708086785 0.0041841004184100415
41 0.8175542406311637 0.29274755927475593 0.0003944773175542406 0.011436541143654114
63 0.7755424063116371 0.29665271966527196 0.005522682445759369 0.011436541143654114
24 0.7928994082840237 0.30139470013947 0.00631163708086785 0.0041841004184100415
41 0.7954635108481263 0.29372384937238494 0.0003944773175542406 0.01394700139470014
41 0.6773175542406311 0.2909344490934449 0.0007889546351084812 0.013389121338912133
26 0.6660749506903353 0.30376569037656903 0.005917159763313609 0.004463040446304045
41 0.668836291913215 0.29497907949790797 0.0003944773175542406 0.016457461645746164
26 0.6745562130177515 0.29916317991631797 0.00631163708086785 0.0041841004184100415
28 0.6883629191321499 0.301534170153417 0.009467455621301775 0.004463040446304045
41 0.6927021696252466 0.2928870292887029 0.0007889546351084812 0.01506276150627615
26 0.6489151873767258 0.29916317991631797 0.00631163708086785 0.0041841004184100415
24 0.6412228796844182 0.29679218967921894 0.004339250493096647 0.002789400278940028
41 0.6431952662721894 0.2907949790794979 0.0003944773175542406 0.010878661087866108
63 0.6347140039447732 0.29679218967921894 0.003155818540433925 0.007252440725244073
41 0.6516765285996056 0.29274755927475593 0.0007889546351084812 0.011436541143654114
24 0.6575936883629191 0.30139470013947 0.00631163708086785 0.0041841004184100415
41 0.6603550295857988 0.29456066945606696 0.0007889546351084812 0.012273361227336122
28 0.7214990138067061 0.3107391910739191 0.009467455621301775 0.004463040446304045
28 0.7209072978303748 0.301534170153417 0.008284023668639054 0.004463040446304045
30 0.7209072978303748 0.2899581589958159 0.008284023668639054 0.004741980474198048
80 0.7214990138067061 0.27377963737796374 0.011834319526627219 0.0041841004184100415
40 0.7305719921104536 0.3083682008368201 0.002366863905325444 0.001394700139470014
41 0.7258382642998028 0.2933054393305439 0.0007889546351084812 0.032635983263598324
63 0.6988165680473373 0.2898186889818689 0.005917159763313609 0.011715481171548118
40 0.7305719921104536 0.29916317991631797 0.002366863905325444 0.001394700139470014
40 0.7305719921104536 0.2899581589958159 0.002366863905325444 0.001394700139470014
24 0.7074950690335305 0.3107391910739191 0.005917159763313609 0.004463040446304045
24 0.7071005917159763 0.30139470013947 0.005128205128205128 0.0041841004184100415
26 0.7071005917159763 0.2899581589958159 0.005128205128205128 0.0041841004184100415
94 0.7047337278106509 0.31813110181311016 0.008284023668639054 0.0041841004184100415
95 0.7118343195266272 0.31813110181311016 0.0067061143984220905 0.00697350069735007
41 0.7102564102564103 0.2934449093444909 0.0003944773175542406 0.03291492329149233
41 0.18185404339250494 0.299302649930265 0.0007889546351084812 0.011157601115760111
24 0.2019723865877712 0.28758716875871687 0.00631163708086785 0.004463040446304045
41 0.20493096646942802 0.2800557880055788 0.0003944773175542406 0.01394700139470014
41 0.16153846153846155 0.2903765690376569 0.0003944773175542406 0.014504881450488146
26 0.16725838264299803 0.29916317991631797 0.00631163708086785 0.0041841004184100415
41 0.16449704142011834 0.3069735006973501 0.0007889546351084812 0.014225941422594143
55 0.16745562130177516 0.3087866108786611 0.005128205128205128 0.0100418410041841
24 0.17199211045364893 0.29218967921896793 0.00631163708086785 0.0041841004184100415
41 0.1747534516765286 0.2854951185495119 0.0007889546351084812 0.01199442119944212
24 0.18461538461538463 0.29218967921896793 0.00631163708086785 0.0041841004184100415
26 0.23905325443786982 0.2760111576011158 0.00631163708086785 0.0041841004184100415
41 0.2418145956607495 0.26764295676429567 0.0007889546351084812 0.015341701534170154
26 0.24891518737672583 0.2760111576011158 0.00631163708086785 0.0041841004184100415
41 0.24615384615384617 0.28633193863319384 0.0007889546351084812 0.019246861924686193
26 0.26646942800788953 0.2714086471408647 0.005917159763313609 0.004463040446304045
41 0.2692307692307692 0.26429567642956764 0.0003944773175542406 0.013110181311018132
41 0.22209072978303748 0.2760111576011158 0.0007889546351084812 0.011436541143654114
63 0.19349112426035503 0.2874476987447699 0.005917159763313609 0.011436541143654114
24 0.2106508875739645 0.28758716875871687 0.00631163708086785 0.004463040446304045
41 0.2078895463510848 0.29470013947001394 0.0007889546351084812 0.013110181311018132
24 0.2193293885601578 0.2829846582984658 0.00631163708086785 0.0041841004184100415
26 0.15857988165680473 0.29916317991631797 0.00631163708086785 0.0041841004184100415
24 0.2291913214990138 0.2829846582984658 0.00631163708086785 0.0041841004184100415
41 0.226232741617357 0.2902370990237099 0.0003944773175542406 0.013110181311018132
24 0.11420118343195267 0.32454672245467225 0.005917159763313609 0.0041841004184100415
5 0.10236686390532544 0.298744769874477 0.01301775147928994 0.021757322175732216
41 0.11696252465483235 0.3079497907949791 0.0003944773175542406 0.020641562064156207
41 0.11124260355029586 0.3312412831241283 0.0007889546351084812 0.01199442119944212
24 0.11420118343195267 0.3199442119944212 0.005917159763313609 0.004463040446304045
63 0.10552268244575937 0.3198047419804742 0.005917159763313609 0.011436541143654114
6 0.0611439842209073 0.29679218967921894 0.016568047337278107 0.01785216178521618
67 0.07850098619329389 0.29762900976290096 0.005522682445759369 0.0100418410041841
67 0.08461538461538462 0.29065550906555093 0.005917159763313609 0.0100418410041841
63 0.1329388560157791 0.30362622036262205 0.005522682445759369 0.011436541143654114
41 0.1388560157790927 0.32161785216178523 0.0007889546351084812 0.0100418410041841
26 0.15069033530571993 0.3083682008368201 0.005522682445759369 0.0041841004184100415
26 0.1502958579881657 0.30376569037656903 0.00631163708086785 0.004463040446304045
41 0.14733727810650887 0.31394700139470016 0.0003944773175542406 0.019246861924686193
24 0.12406311637080868 0.3153417015341701 0.005917159763313609 0.0041841004184100415
24 0.12406311637080868 0.3199442119944212 0.005917159763313609 0.004463040446304045
41 0.12682445759368835 0.3058577405857741 0.0003944773175542406 0.017573221757322177
41 0.12130177514792899 0.3274755927475593 0.0003944773175542406 0.01394700139470014
26 0.1416173570019724 0.3083682008368201 0.00631163708086785 0.0041841004184100415
26 0.14102564102564102 0.30376569037656903 0.005128205128205128 0.004463040446304045
24 0.1416173570019724 0.3153417015341701 0.00631163708086785 0.0041841004184100415
41 0.14437869822485208 0.29818688981868896 0.0007889546351084812 0.01896792189679219
41 0.3932938856015779 0.302928870292887 0.0007889546351084812 0.01394700139470014
24 0.40473372781065087 0.29679218967921894 0.00631163708086785 0.004463040446304045
41 0.4017751479289941 0.30446304044630407 0.0003944773175542406 0.013668061366806136
26 0.3960552268244576 0.29456066945606696 0.00631163708086785 0.004463040446304045
30 0.41893491124260357 0.29456066945606696 0.009467455621301775 0.004463040446304045
41 0.4143984220907298 0.302928870292887 0.0003944773175542406 0.01506276150627615
30 0.38599605522682445 0.2899581589958159 0.009072978303747535 0.004741980474198048
41 0.3814595660749507 0.298465829846583 0.0007889546351084812 0.01506276150627615
40 0.4611439842209073 0.2899581589958159 0.002366863905325444 0.001394700139470014
28 0.45207100591715976 0.301534170153417 0.009467455621301775 0.004463040446304045
30 0.45207100591715976 0.2899581589958159 0.009467455621301775 0.004741980474198048
80 0.45187376725838263 0.27377963737796374 0.01222879684418146 0.0041841004184100415
40 0.4611439842209073 0.3083682008368201 0.002366863905325444 0.001394700139470014
41 0.45621301775147927 0.2928870292887029 0.0003944773175542406 0.031799163179916316
40 0.4611439842209073 0.29916317991631797 0.002366863905325444 0.001394700139470014
28 0.45207100591715976 0.3107391910739191 0.009467455621301775 0.004463040446304045
24 0.4372781065088757 0.30139470013947 0.005128205128205128 0.0041841004184100415
24 0.4378698224852071 0.31059972105997213 0.00631163708086785 0.0041841004184100415
26 0.4372781065088757 0.2899581589958159 0.005128205128205128 0.0041841004184100415
94 0.43510848126232743 0.31813110181311016 0.008678500986193294 0.0041841004184100415
95 0.4424063116370809 0.31813110181311016 0.0067061143984220905 0.00697350069735007
41 0.4406311637080868 0.2934449093444909 0.0007889546351084812 0.03291492329149233
63 0.4291913214990138 0.2898186889818689 0.005522682445759369 0.011715481171548118
24 0.3061143984220907 0.2599721059972106 0.00631163708086785 0.004463040446304045
41 0.3088757396449704 0.25313807531380755 0.0007889546351084812 0.01199442119944212
30 0.34477317554240633 0.29456066945606696 0.009467455621301775 0.004463040446304045
41 0.28895463510848124 0.2580195258019526 0.0003944773175542406 0.014504881450488146
63 0.25779092702169626 0.2714086471408647 0.005917159763313609 0.011715481171548118
26 0.27633136094674554 0.2714086471408647 0.005917159763313609 0.004463040446304045
41 0.27357001972386585 0.28451882845188287 0.0003944773175542406 0.024546722454672244
26 0.2863905325443787 0.26680613668061365 0.00631163708086785 0.0041841004184100415
26 0.2962524654832347 0.26680613668061365 0.00631163708086785 0.0041841004184100415
41 0.29329388560157793 0.28172942817294283 0.0003944773175542406 0.028451882845188285
24 0.36272189349112427 0.29679218967921894 0.005917159763313609 0.004463040446304045
41 0.3599605522682446 0.30446304044630407 0.0003944773175542406 0.013668061366806136
26 0.3712031558185404 0.29456066945606696 0.00631163708086785 0.004463040446304045
41 0.3684418145956608 0.302510460251046 0.0007889546351084812 0.014783821478382147
85 0.34437869822485206 0.28633193863319384 0.008678500986193294 0.002510460251046025
6 0.3214990138067061 0.296931659693166 0.013412228796844181 0.014225941422594143
41 0.34043392504930964 0.302928870292887 0.0007889546351084812 0.01506276150627615
41 0.9388560157790927 0.3089260808926081 0.0007889546351084812 0.012552301255230125
86 0.941025641025641 0.2808926080892608 0.005917159763313609 0.011715481171548118
28 0.9431952662721893 0.301534170153417 0.009467455621301775 0.004463040446304045
40 0.9522682445759368 0.29916317991631797 0.002366863905325444 0.001394700139470014
30 0.927810650887574 0.29456066945606696 0.009467455621301775 0.004463040446304045
30 0.927810650887574 0.2899581589958159 0.009467455621301775 0.004741980474198048
41 0.9319526627218935 0.28521617852161785 0.0003944773175542406 0.016457461645746164
24 0.9897435897435898 0.29679218967921894 0.00631163708086785 0.004463040446304045
59 0.9601577909270217 0.29525801952580194 0.005522682445759369 0.010320781032078103
26 0.9810650887573964 0.2899581589958159 0.00631163708086785 0.0041841004184100415
41 0.9838264299802761 0.2834030683403068 0.0007889546351084812 0.011715481171548118
24 0.9897435897435898 0.28758716875871687 0.00631163708086785 0.004463040446304045
41 0.9923076923076923 0.2781032078103208 0.0003944773175542406 0.01785216178521618
41 0.986785009861933 0.304881450488145 0.0003944773175542406 0.014504881450488146
24 0.9723865877712031 0.28758716875871687 0.00631163708086785 0.004463040446304045
24 0.9723865877712031 0.29679218967921894 0.00631163708086785 0.004463040446304045
41 0.9751479289940829 0.2815899581589958 0.0007889546351084812 0.010878661087866108
41 0.9053254437869822 0.3069735006973501 0.0007889546351084812 0.013110181311018132
41 0.9696252465483235 0.304881450488145 0.0007889546351084812 0.014504881450488146
59 0.9637080867850099 0.2859135285913529 0.005522682445759369 0.0100418410041841
28 0.854043392504931 0.301534170153417 0.009467455621301775 0.004463040446304045
41 0.8583826429980276 0.2928870292887029 0.0007889546351084812 0.01506276150627615
26 0.8642998027613412 0.3083682008368201 0.00631163708086785 0.0041841004184100415
24 0.8637080867850099 0.30139470013947 0.005128205128205128 0.0041841004184100415
41 0.8347140039447731 0.29456066945606696 0.0007889546351084812 0.015620641562064157
24 0.8232741617357002 0.30139470013947 0.00631163708086785 0.0041841004184100415
41 0.826232741617357 0.29456066945606696 0.0003944773175542406 0.012273361227336122
26 0.8319526627218935 0.30376569037656903 0.00631163708086785 0.004463040446304045
24 0.8637080867850099 0.28758716875871687 0.005128205128205128 0.004463040446304045
26 0.8406311637080868 0.29916317991631797 0.00631163708086785 0.0041841004184100415
41 0.8431952662721893 0.2913528591352859 0.0003944773175542406 0.014225941422594143
63 0.8777120315581854 0.2898186889818689 0.005522682445759369 0.011715481171548118
86 0.9074950690335306 0.2808926080892608 0.005917159763313609 0.011715481171548118
30 0.9096646942800789 0.29916317991631797 0.009467455621301775 0.004741980474198048
40 0.9187376725838264 0.29916317991631797 0.002366863905325444 0.001394700139470014
40 0.8970414201183432 0.3083682008368201 0.002366863905325444 0.001394700139470014
41 0.867061143984221 0.2914923291492329 0.0007889546351084812 0.032357043235704326
28 0.8879684418145957 0.3107391910739191 0.009467455621301775 0.004463040446304045
28 0.8873767258382643 0.301534170153417 0.008284023668639054 0.004463040446304045
30 0.8873767258382643 0.2899581589958159 0.008284023668639054 0.004741980474198048
80 0.8879684418145957 0.27377963737796374 0.011834319526627219 0.0041841004184100415
41 0.8923076923076924 0.2933054393305439 0.0007889546351084812 0.032635983263598324
40 0.8970414201183432 0.29916317991631797 0.002366863905325444 0.001394700139470014
40 0.8970414201183432 0.2899581589958159 0.002366863905325444 0.001394700139470014
