134 0.4989795918367347 0.06493506493506493 0.9030612244897959 0.023809523809523808
134 0.4997448979591837 0.40854978354978355 0.9045918367346939 0.024170274170274172
1 0.13214285714285715 0.03499278499278499 0.012244897959183673 0.0007215007215007215
1 0.13214285714285715 0.04112554112554113 0.012244897959183673 0.0007215007215007215
1 0.13214285714285715 0.04707792207792208 0.012244897959183673 0.0010822510822510823
134 0.4997448979591837 0.5802669552669553 0.9045918367346939 0.024170274170274172
1 0.48035714285714287 0.2546897546897547 0.012755102040816327 0.0007215007215007215
134 0.4997448979591837 0.23683261183261184 0.9045918367346939 0.024170274170274172
1 0.48035714285714287 0.5981240981240982 0.012755102040816327 0.0007215007215007215
1 0.13214285714285715 0.5981240981240982 0.012244897959183673 0.0007215007215007215
87 0.5522959183673469 0.5804473304473304 0.007653061224489796 0.010101010101010102
87 0.5522959183673469 0.39664502164502163 0.007653061224489796 0.00974025974025974
40 0.7525510204081632 0.23376623376623376 0.003061224489795918 0.0021645021645021645
87 0.5522959183673469 0.23683261183261184 0.007653061224489796 0.00974025974025974
93 0.7377551020408163 0.0845959595959596 0.009183673469387756 0.007575757575757576
93 0.7451530612244898 0.0845959595959596 0.008673469387755102 0.007575757575757576
41 0.7387755102040816 0.06691919191919192 0.0010204081632653062 0.01984126984126984
40 0.7525510204081632 0.05591630591630592 0.003061224489795918 0.0021645021645021645
93 0.7380102040816326 0.4283910533910534 0.008673469387755102 0.007575757575757576
93 0.7451530612244898 0.4283910533910534 0.008673469387755102 0.007575757575757576
26 0.7426020408163265 0.3935786435786436 0.007653061224489796 0.005772005772005772
93 0.7377551020408163 0.2620851370851371 0.009183673469387756 0.007575757575757576
93 0.7451530612244898 0.2620851370851371 0.008673469387755102 0.007575757575757576
26 0.7426020408163265 0.23376623376623376 0.007653061224489796 0.005772005772005772
26 0.7423469387755102 0.05591630591630592 0.00816326530612245 0.005772005772005772
24 0.4801020408163265 0.07683982683982683 0.00816326530612245 0.005772005772005772
47 0.48775510204081635 0.24025974025974026 0.006122448979591836 0.006493506493506494
41 0.48392857142857143 0.24621212121212122 0.0005102040816326531 0.0183982683982684
47 0.48775510204081635 0.05952380952380952 0.006122448979591836 0.006493506493506494
41 0.48392857142857143 0.0661976911976912 0.0005102040816326531 0.01984126984126984
96 0.47372448979591836 0.6094877344877345 0.005612244897959183 0.005411255411255411
95 0.47959183673469385 0.6096681096681097 0.009183673469387756 0.008658008658008658
97 0.48647959183673467 0.6094877344877345 0.0066326530612244895 0.005411255411255411
24 0.48035714285714287 0.5981240981240982 0.007653061224489796 0.005772005772005772
96 0.47372448979591836 0.4291125541125541 0.005612244897959183 0.005411255411255411
95 0.47959183673469385 0.4291125541125541 0.009183673469387756 0.009018759018759018
97 0.48647959183673467 0.4291125541125541 0.0066326530612244895 0.005411255411255411
26 0.4801020408163265 0.41738816738816736 0.00816326530612245 0.005772005772005772
96 0.47372448979591836 0.2689393939393939 0.005612244897959183 0.005411255411255411
95 0.47959183673469385 0.2691197691197691 0.009183673469387756 0.008658008658008658
97 0.48647959183673467 0.2689393939393939 0.0066326530612244895 0.005411255411255411
26 0.48035714285714287 0.25757575757575757 0.007653061224489796 0.005772005772005772
96 0.47372448979591836 0.0882034632034632 0.005612244897959183 0.005411255411255411
95 0.47959183673469385 0.08838383838383838 0.009183673469387756 0.008658008658008658
97 0.48622448979591837 0.0882034632034632 0.007142857142857143 0.005411255411255411
87 0.5522959183673469 0.06511544011544011 0.007653061224489796 0.00974025974025974
87 0.5165816326530612 0.5804473304473304 0.007653061224489796 0.010101010101010102
87 0.5165816326530612 0.39664502164502163 0.007653061224489796 0.00974025974025974
87 0.5165816326530612 0.23683261183261184 0.007653061224489796 0.00974025974025974
87 0.5165816326530612 0.06511544011544011 0.007653061224489796 0.00974025974025974
47 0.48775510204081635 0.5808080808080808 0.006122448979591836 0.006493506493506494
41 0.48392857142857143 0.5874819624819625 0.0005102040816326531 0.01984126984126984
47 0.48775510204081635 0.4000721500721501 0.006122448979591836 0.006493506493506494
41 0.48392857142857143 0.40674603174603174 0.0005102040816326531 0.01984126984126984
121 0.8982142857142857 0.4244227994227994 0.034183673469387756 0.011904761904761904
41 0.9153061224489796 0.42207792207792205 0.0010204081632653062 0.013708513708513708
24 0.9191326530612245 0.4145021645021645 0.007653061224489796 0.005772005772005772
84 0.6535714285714286 0.06060606060606061 0.011224489795918367 0.002886002886002886
41 0.8808673469387756 0.4071067821067821 0.0005102040816326531 0.024170274170274172
84 0.6535714285714286 0.2325036075036075 0.011224489795918367 0.003246753246753247
84 0.6535714285714286 0.39826839826839827 0.011224489795918367 0.002886002886002886
84 0.6535714285714286 0.575937950937951 0.011224489795918367 0.003246753246753247
120 0.8308673469387755 0.38726551226551226 0.1760204081632653 0.010461760461760462
122 0.7913265306122449 0.050865800865800864 0.08469387755102041 0.004329004329004329
122 0.7910714285714285 0.22474747474747475 0.0933673469387755 0.004329004329004329
121 0.8471938775510204 0.07088744588744589 0.020918367346938777 0.0018037518037518038
121 0.8474489795918367 0.07575757575757576 0.022448979591836733 0.0021645021645021645
121 0.8471938775510204 0.24855699855699856 0.020918367346938777 0.0021645021645021645
121 0.8474489795918367 0.25342712842712845 0.022448979591836733 0.0018037518037518038
41 0.835969387755102 0.06655844155844155 0.0005102040816326531 0.017676767676767676
26 0.8397959183673469 0.23376623376623376 0.00816326530612245 0.005772005772005772
26 0.8397959183673469 0.05591630591630592 0.00816326530612245 0.005772005772005772
41 0.8030612244897959 0.4074675324675325 0.0010204081632653062 0.01984126984126984
24 0.8066326530612244 0.39646464646464646 0.00816326530612245 0.005772005772005772
41 0.7387755102040816 0.4042207792207792 0.0010204081632653062 0.01984126984126984
41 0.8584183673469388 0.2444083694083694 0.0005102040816326531 0.017676767676767676
41 0.8808673469387756 0.24476911976911978 0.0005102040816326531 0.01911976911976912
41 0.8808673469387756 0.06727994227994227 0.0005102040816326531 0.01911976911976912
26 0.8846938775510204 0.3935786435786436 0.00816326530612245 0.005772005772005772
26 0.8846938775510204 0.23376623376623376 0.00816326530612245 0.005772005772005772
26 0.8846938775510204 0.05591630591630592 0.00816326530612245 0.005772005772005772
41 0.7387755102040816 0.2444083694083694 0.0010204081632653062 0.01984126984126984
41 0.8584183673469388 0.06655844155844155 0.0005102040816326531 0.017676767676767676
26 0.8622448979591837 0.23376623376623376 0.00816326530612245 0.005772005772005772
26 0.8622448979591837 0.05591630591630592 0.00816326530612245 0.005772005772005772
41 0.835969387755102 0.24386724386724387 0.0005102040816326531 0.01875901875901876
87 0.20433673469387756 0.06511544011544011 0.007653061224489796 0.00974025974025974
87 0.20433673469387756 0.23683261183261184 0.007653061224489796 0.00974025974025974
87 0.20433673469387756 0.39664502164502163 0.007653061224489796 0.00974025974025974
87 0.20433673469387756 0.5804473304473304 0.007653061224489796 0.010101010101010102
87 0.16862244897959183 0.5804473304473304 0.007653061224489796 0.010101010101010102
87 0.16862244897959183 0.39664502164502163 0.007653061224489796 0.00974025974025974
87 0.16862244897959183 0.23683261183261184 0.007653061224489796 0.00974025974025974
53 0.24642857142857144 0.0836940836940837 0.006122448979591836 0.006493506493506494
41 0.24260204081632653 0.24494949494949494 0.0005102040816326531 0.01875901875901876
53 0.2461734693877551 0.2510822510822511 0.0066326530612244895 0.006493506493506494
41 0.24260204081632653 0.07088744588744589 0.0005102040816326531 0.032106782106782104
61 0.2357142857142857 0.2334054834054834 0.006122448979591836 0.015873015873015872
53 0.24642857142857144 0.4227994227994228 0.006122448979591836 0.006493506493506494
87 0.16862244897959183 0.06511544011544011 0.007653061224489796 0.00974025974025974
96 0.23979591836734693 0.6046176046176046 0.00510204081632653 0.005772005772005772
95 0.24540816326530612 0.6047979797979798 0.009183673469387756 0.009018759018759018
97 0.25229591836734694 0.6047979797979798 0.0066326530612244895 0.005411255411255411
26 0.24642857142857144 0.5772005772005772 0.00816326530612245 0.005772005772005772
96 0.23979591836734693 0.4329004329004329 0.00510204081632653 0.005772005772005772
95 0.24540816326530612 0.43308080808080807 0.009183673469387756 0.009018759018759018
97 0.25229591836734694 0.43308080808080807 0.0066326530612244895 0.005411255411255411
26 0.24642857142857144 0.4054834054834055 0.00816326530612245 0.005772005772005772
96 0.23979591836734693 0.261002886002886 0.00510204081632653 0.005411255411255411
95 0.24566326530612245 0.26136363636363635 0.008673469387755102 0.009018759018759018
97 0.25229591836734694 0.26136363636363635 0.0066326530612244895 0.005411255411255411
26 0.24642857142857144 0.23376623376623376 0.00816326530612245 0.005772005772005772
96 0.23979591836734693 0.09379509379509379 0.00510204081632653 0.005772005772005772
95 0.24540816326530612 0.09397546897546898 0.009183673469387756 0.009018759018759018
97 0.25229591836734694 0.09397546897546898 0.0066326530612244895 0.005411255411255411
24 0.24642857142857144 0.05303030303030303 0.00816326530612245 0.005772005772005772
26 0.24642857142857144 0.06800144300144301 0.00816326530612245 0.005411255411255411
69 0.0875 0.39935064935064934 0.007653061224489796 0.015151515151515152
69 0.09540816326530613 0.4083694083694084 0.007142857142857143 0.015151515151515152
69 0.10306122448979592 0.39646464646464646 0.007142857142857143 0.015151515151515152
69 0.0875 0.05284992784992785 0.007653061224489796 0.01479076479076479
69 0.09540816326530613 0.06186868686868687 0.007142857142857143 0.01479076479076479
69 0.10306122448979592 0.04996392496392496 0.007142857142857143 0.01479076479076479
5 0.06505102040816327 0.23737373737373738 0.020918367346938777 0.03535353535353535
69 0.0875 0.22456709956709955 0.007653061224489796 0.01479076479076479
69 0.09540816326530613 0.2335858585858586 0.007142857142857143 0.01479076479076479
69 0.10306122448979592 0.22168109668109667 0.007142857142857143 0.01479076479076479
6 0.0653061224489796 0.4083694083694084 0.02142857142857143 0.023088023088023088
5 0.06505102040816327 0.06565656565656566 0.020918367346938777 0.03535353535353535
8 0.06505102040816327 0.577020202020202 0.020918367346938777 0.015512265512265512
69 0.0875 0.5741341991341992 0.007653061224489796 0.01479076479076479
69 0.09540816326530613 0.5831529581529582 0.007142857142857143 0.01479076479076479
69 0.10306122448979592 0.5712481962481962 0.007142857142857143 0.01479076479076479
84 0.8367346938775511 0.575937950937951 0.011224489795918367 0.003246753246753247
47 0.13979591836734695 0.5808080808080808 0.006122448979591836 0.006493506493506494
41 0.13596938775510203 0.5867604617604618 0.0005102040816326531 0.0183982683982684
53 0.13239795918367347 0.42514430014430016 0.0066326530612244895 0.006854256854256854
41 0.12831632653061226 0.41919191919191917 0.0005102040816326531 0.01875901875901876
53 0.13239795918367347 0.2555916305916306 0.0066326530612244895 0.006854256854256854
41 0.12831632653061226 0.24404761904761904 0.0005102040816326531 0.029942279942279944
41 0.24260204081632653 0.4161255411255411 0.0005102040816326531 0.01984126984126984
53 0.13239795918367347 0.06132756132756133 0.0066326530612244895 0.006493506493506494
41 0.12831632653061226 0.050505050505050504 0.0005102040816326531 0.02813852813852814
95 0.13137755102040816 0.6096681096681097 0.008673469387755102 0.008658008658008658
24 0.13214285714285715 0.5981240981240982 0.00816326530612245 0.005772005772005772
95 0.13137755102040816 0.4348845598845599 0.008673469387755102 0.009018759018759018
24 0.13214285714285715 0.4083694083694084 0.00816326530612245 0.005772005772005772
95 0.13137755102040816 0.2653318903318903 0.008673469387755102 0.009018759018759018
26 0.13214285714285715 0.2278138528138528 0.00816326530612245 0.005411255411255411
26 0.13214285714285715 0.23971861471861472 0.00816326530612245 0.005411255411255411
95 0.13137755102040816 0.08567821067821067 0.008673469387755102 0.009018759018759018
24 0.13214285714285715 0.035173160173160176 0.00816326530612245 0.005411255411255411
41 0.3681122448979592 0.41648629148629146 0.0005102040816326531 0.01911976911976912
53 0.3719387755102041 0.4227994227994228 0.007142857142857143 0.006493506493506494
41 0.3681122448979592 0.5883838383838383 0.0005102040816326531 0.01875901875901876
53 0.3719387755102041 0.5945165945165946 0.007142857142857143 0.006493506493506494
53 0.3721938775510204 0.2532467532467532 0.0066326530612244895 0.006493506493506494
41 0.3681122448979592 0.2474747474747475 0.0005102040816326531 0.018037518037518036
53 0.3721938775510204 0.0836940836940837 0.0066326530612244895 0.006493506493506494
41 0.3681122448979592 0.07233044733044733 0.0005102040816326531 0.02922077922077922
96 0.3653061224489796 0.6046176046176046 0.00510204081632653 0.005772005772005772
95 0.3711734693877551 0.6047979797979798 0.008673469387755102 0.009018759018759018
97 0.37831632653061226 0.6047979797979798 0.0066326530612244895 0.005411255411255411
26 0.3719387755102041 0.5772005772005772 0.00816326530612245 0.005772005772005772
87 0.4441326530612245 0.06511544011544011 0.007653061224489796 0.00974025974025974
87 0.4441326530612245 0.23683261183261184 0.007653061224489796 0.00974025974025974
87 0.4441326530612245 0.39664502164502163 0.007653061224489796 0.00974025974025974
87 0.4441326530612245 0.5804473304473304 0.007653061224489796 0.010101010101010102
87 0.40841836734693876 0.5804473304473304 0.007653061224489796 0.010101010101010102
87 0.40816326530612246 0.39664502164502163 0.007142857142857143 0.00974025974025974
87 0.40816326530612246 0.23683261183261184 0.007142857142857143 0.00974025974025974
87 0.40816326530612246 0.06511544011544011 0.007142857142857143 0.00974025974025974
87 0.3183673469387755 0.5804473304473304 0.007142857142857143 0.010101010101010102
87 0.3183673469387755 0.39664502164502163 0.007142857142857143 0.00974025974025974
87 0.3183673469387755 0.23683261183261184 0.007142857142857143 0.00974025974025974
87 0.3183673469387755 0.06511544011544011 0.007142857142857143 0.00974025974025974
26 0.3719387755102041 0.4054834054834055 0.00816326530612245 0.005772005772005772
87 0.2823979591836735 0.5804473304473304 0.007653061224489796 0.010101010101010102
87 0.2823979591836735 0.39664502164502163 0.007653061224489796 0.00974025974025974
87 0.2823979591836735 0.23683261183261184 0.007653061224489796 0.00974025974025974
87 0.2823979591836735 0.06511544011544011 0.007653061224489796 0.00974025974025974
53 0.24642857142857144 0.5945165945165946 0.006122448979591836 0.006493506493506494
41 0.24260204081632653 0.588023088023088 0.0005102040816326531 0.01948051948051948
63 0.23520408163265305 0.4053030303030303 0.007142857142857143 0.01479076479076479
96 0.3653061224489796 0.4329004329004329 0.00510204081632653 0.005772005772005772
95 0.3711734693877551 0.43308080808080807 0.008673469387755102 0.009018759018759018
97 0.37831632653061226 0.43308080808080807 0.0066326530612244895 0.005411255411255411
96 0.3653061224489796 0.26334776334776333 0.00510204081632653 0.005772005772005772
95 0.3711734693877551 0.26352813852813856 0.008673469387755102 0.009018759018759018
97 0.37831632653061226 0.26352813852813856 0.0066326530612244895 0.005411255411255411
24 0.3719387755102041 0.23665223665223664 0.00816326530612245 0.005772005772005772
96 0.36862244897959184 0.09397546897546898 0.005612244897959183 0.005411255411255411
95 0.37423469387755104 0.09433621933621934 0.008673469387755102 0.009018759018759018
26 0.3719387755102041 0.05591630591630592 0.00816326530612245 0.005772005772005772
26 0.3719387755102041 0.06782106782106782 0.00816326530612245 0.005772005772005772
