1 0.3920918367346939 0.08423520923520923 0.01479591836734694 0.0010822510822510823
1 0.37576530612244896 0.08423520923520923 0.01479591836734694 0.0010822510822510823
1 0.3604591836734694 0.08423520923520923 0.013775510204081633 0.0010822510822510823
1 0.33290816326530615 0.08423520923520923 0.013775510204081633 0.0010822510822510823
1 0.31760204081632654 0.08423520923520923 0.01479591836734694 0.0010822510822510823
1 0.3012755102040816 0.08423520923520923 0.01479591836734694 0.0010822510822510823
1 0.3012755102040816 0.09018759018759019 0.01479591836734694 0.0007215007215007215
1 0.28035714285714286 0.08423520923520923 0.025 0.0010822510822510823
1 0.2755102040816326 0.09018759018759019 0.015306122448979591 0.0007215007215007215
1 0.25943877551020406 0.08423520923520923 0.01479591836734694 0.0010822510822510823
1 0.25943877551020406 0.09018759018759019 0.01479591836734694 0.0007215007215007215
1 0.24336734693877551 0.08423520923520923 0.014285714285714285 0.0010822510822510823
1 0.24336734693877551 0.09018759018759019 0.014285714285714285 0.0007215007215007215
1 0.22729591836734694 0.08423520923520923 0.01479591836734694 0.0010822510822510823
1 0.22729591836734694 0.09018759018759019 0.01479591836734694 0.0007215007215007215
1 0.22729591836734694 0.09613997113997114 0.01479591836734694 0.0010822510822510823
1 0.20637755102040817 0.08423520923520923 0.025 0.0010822510822510823
1 0.20637755102040817 0.09018759018759019 0.025 0.0007215007215007215
1 0.20153061224489796 0.09613997113997114 0.015306122448979591 0.0010822510822510823
1 0.18520408163265306 0.08423520923520923 0.014285714285714285 0.0010822510822510823
1 0.18520408163265306 0.09018759018759019 0.014285714285714285 0.0007215007215007215
1 0.18520408163265306 0.09613997113997114 0.014285714285714285 0.0010822510822510823
1 0.16887755102040816 0.08423520923520923 0.015306122448979591 0.0010822510822510823
1 0.16887755102040816 0.09018759018759019 0.015306122448979591 0.0007215007215007215
1 0.16887755102040816 0.09613997113997114 0.015306122448979591 0.0010822510822510823
1 0.16887755102040816 0.1020923520923521 0.015306122448979591 0.0007215007215007215
1 0.16887755102040816 0.10822510822510822 0.015306122448979591 0.0007215007215007215
1 0.16887755102040816 0.113997113997114 0.015306122448979591 0.0007215007215007215
26 0.7346938775510204 0.0633116883116883 0.009183673469387756 0.006132756132756133
26 0.8510204081632653 0.06944444444444445 0.01020408163265306 0.006132756132756133
41 0.8426020408163265 0.05068542568542569 0.0005102040816326531 0.03354978354978355
24 0.8377551020408164 0.060425685425685424 0.01020408163265306 0.006132756132756133
26 0.8377551020408164 0.06944444444444445 0.01020408163265306 0.006132756132756133
26 0.8505102040816327 0.0633116883116883 0.009183673469387756 0.006132756132756133
41 0.8293367346938776 0.049062049062049064 0.0005102040816326531 0.030303030303030304
24 0.8244897959183674 0.060425685425685424 0.01020408163265306 0.006132756132756133
24 0.8244897959183674 0.06637806637806638 0.01020408163265306 0.005772005772005772
41 0.8923469387755102 0.049422799422799424 0.0010204081632653062 0.031024531024531024
24 0.8877551020408163 0.060425685425685424 0.01020408163265306 0.006132756132756133
24 0.8877551020408163 0.06637806637806638 0.01020408163265306 0.005772005772005772
41 0.8691326530612244 0.04888167388167388 0.0005102040816326531 0.029942279942279944
26 0.8744897959183674 0.0633116883116883 0.01020408163265306 0.006132756132756133
24 0.8642857142857143 0.06637806637806638 0.01020408163265306 0.005772005772005772
41 0.8558673469387755 0.05104617604617605 0.0005102040816326531 0.03427128427128427
41 0.7533163265306122 0.04888167388167388 0.0005102040816326531 0.029942279942279944
41 0.7767857142857143 0.04924242424242424 0.0005102040816326531 0.030663780663780664
24 0.7719387755102041 0.060425685425685424 0.01020408163265306 0.006132756132756133
24 0.7719387755102041 0.06637806637806638 0.01020408163265306 0.005772005772005772
26 0.7586734693877552 0.0633116883116883 0.01020408163265306 0.006132756132756133
24 0.7484693877551021 0.06637806637806638 0.01020408163265306 0.005772005772005772
41 0.7400510204081633 0.050505050505050504 0.0005102040816326531 0.03318903318903319
121 0.6375 0.04924242424242424 0.02193877551020408 0.0018037518037518038
121 0.5844387755102041 0.04924242424242424 0.007653061224489796 0.0018037518037518038
121 0.5576530612244898 0.04924242424242424 0.00816326530612245 0.0018037518037518038
121 0.5114795918367347 0.04924242424242424 0.007653061224489796 0.0018037518037518038
121 0.4844387755102041 0.04924242424242424 0.007653061224489796 0.0018037518037518038
121 0.3826530612244898 0.04924242424242424 0.11938775510204082 0.0018037518037518038
121 0.2752551020408163 0.04924242424242424 0.007653061224489796 0.0018037518037518038
121 0.2528061224489796 0.04924242424242424 0.007653061224489796 0.0018037518037518038
121 0.20127551020408163 0.04924242424242424 0.007653061224489796 0.0018037518037518038
121 0.1788265306122449 0.04924242424242424 0.007653061224489796 0.0018037518037518038
24 0.798469387755102 0.07828282828282829 0.01020408163265306 0.005772005772005772
41 0.8160714285714286 0.055014430014430016 0.0005102040816326531 0.04220779220779221
24 0.8114795918367347 0.06637806637806638 0.009693877551020408 0.005772005772005772
24 0.8114795918367347 0.07828282828282829 0.009693877551020408 0.005772005772005772
41 0.8030612244897959 0.05555555555555555 0.0010204081632653062 0.04329004329004329
24 0.798469387755102 0.06637806637806638 0.01020408163265306 0.005772005772005772
41 0.7900510204081632 0.049422799422799424 0.0005102040816326531 0.031024531024531024
24 0.7852040816326531 0.060425685425685424 0.01020408163265306 0.006132756132756133
24 0.7852040816326531 0.06637806637806638 0.01020408163265306 0.005772005772005772
41 0.9846938775510204 0.04888167388167388 0.0010204081632653062 0.029942279942279944
26 0.9900510204081633 0.0633116883116883 0.009693877551020408 0.006132756132756133
24 0.9801020408163266 0.06637806637806638 0.01020408163265306 0.005772005772005772
41 0.9716836734693878 0.050865800865800864 0.0005102040816326531 0.03391053391053391
26 0.9668367346938775 0.0633116883116883 0.01020408163265306 0.006132756132756133
24 0.9132653061224489 0.06637806637806638 0.009183673469387756 0.005772005772005772
41 0.9318877551020408 0.05212842712842713 0.0005102040816326531 0.03643578643578643
24 0.9270408163265306 0.06637806637806638 0.01020408163265306 0.005772005772005772
24 0.9270408163265306 0.07233044733044733 0.01020408163265306 0.006132756132756133
41 0.9186224489795919 0.05212842712842713 0.0005102040816326531 0.03643578643578643
24 0.9137755102040817 0.07233044733044733 0.01020408163265306 0.006132756132756133
41 0.9053571428571429 0.049062049062049064 0.0005102040816326531 0.030303030303030304
24 0.900765306122449 0.060425685425685424 0.009693877551020408 0.006132756132756133
24 0.900765306122449 0.06637806637806638 0.009693877551020408 0.005772005772005772
26 0.9668367346938775 0.06944444444444445 0.01020408163265306 0.006132756132756133
41 0.9584183673469387 0.05068542568542569 0.0005102040816326531 0.03354978354978355
24 0.9535714285714286 0.060425685425685424 0.01020408163265306 0.006132756132756133
26 0.9535714285714286 0.06944444444444445 0.01020408163265306 0.006132756132756133
41 0.9451530612244898 0.049062049062049064 0.0005102040816326531 0.030303030303030304
24 0.9403061224489796 0.060425685425685424 0.01020408163265306 0.006132756132756133
24 0.9403061224489796 0.06637806637806638 0.01020408163265306 0.005772005772005772
122 0.95 0.053932178932178935 0.003061224489795918 0.0010822510822510823
122 0.9045918367346939 0.07413419913419914 0.004081632653061225 0.0010822510822510823
122 0.9204081632653062 0.07918470418470419 0.009183673469387756 0.0018037518037518038
122 0.9239795918367347 0.058621933621933624 0.003061224489795918 0.0010822510822510823
122 0.9362244897959183 0.07413419913419914 0.004081632653061225 0.0010822510822510823
122 0.8974489795918368 0.053932178932178935 0.003061224489795918 0.0010822510822510823
122 0.960204081632653 0.07449494949494949 0.009183673469387756 0.0018037518037518038
122 0.9780612244897959 0.05844155844155844 0.006122448979591836 0.001443001443001443
122 0.9915816326530612 0.06872294372294373 0.009693877551020408 0.0018037518037518038
122 0.8346938775510204 0.053932178932178935 0.003061224489795918 0.0010822510822510823
122 0.789030612244898 0.07413419913419914 0.004591836734693878 0.0010822510822510823
122 0.8048469387755102 0.08531746031746032 0.009693877551020408 0.0018037518037518038
122 0.8081632653061225 0.058621933621933624 0.003061224489795918 0.0010822510822510823
122 0.8214285714285714 0.07413419913419914 0.003061224489795918 0.0010822510822510823
122 0.8443877551020408 0.07449494949494949 0.009183673469387756 0.0018037518037518038
122 0.8622448979591837 0.05844155844155844 0.006122448979591836 0.001443001443001443
122 0.8760204081632653 0.06872294372294373 0.009183673469387756 0.0018037518037518038
122 0.8941326530612245 0.07449494949494949 0.009693877551020408 0.0018037518037518038
122 0.7816326530612245 0.053932178932178935 0.003061224489795918 0.0010822510822510823
122 0.3836734693877551 0.09126984126984126 0.012244897959183673 0.0021645021645021645
122 0.38698979591836735 0.07034632034632035 0.005612244897959183 0.001443001443001443
122 0.40841836734693876 0.08639971139971139 0.009693877551020408 0.0018037518037518038
122 0.40816326530612246 0.07521645021645022 0.0163265306122449 0.0025252525252525255
122 0.42678571428571427 0.08531746031746032 0.009693877551020408 0.0018037518037518038
122 0.3678571428571429 0.08982683982683982 0.012244897959183673 0.0021645021645021645
122 0.4528061224489796 0.0854978354978355 0.01479591836734694 0.0021645021645021645
122 0.4635204081632653 0.08405483405483405 0.01989795918367347 0.002886002886002886
122 0.48928571428571427 0.08080808080808081 0.014285714285714285 0.0021645021645021645
122 0.4997448979591837 0.07918470418470419 0.008673469387755102 0.0018037518037518038
122 0.275 0.09758297258297258 0.017346938775510204 0.0025252525252525255
122 0.18035714285714285 0.10425685425685426 0.005612244897959183 0.001443001443001443
122 0.20076530612244897 0.10353535353535354 0.01683673469387755 0.002886002886002886
122 0.21428571428571427 0.1020923520923521 0.022448979591836733 0.002886002886002886
122 0.251530612244898 0.10028860028860029 0.012244897959183673 0.0021645021645021645
122 0.525765306122449 0.07954545454545454 0.013775510204081633 0.0025252525252525255
122 0.288265306122449 0.09632034632034632 0.022448979591836733 0.002886002886002886
122 0.32551020408163267 0.09415584415584416 0.012244897959183673 0.0021645021645021645
122 0.3433673469387755 0.08603896103896104 0.003061224489795918 0.0010822510822510823
122 0.710204081632653 0.05772005772005772 0.009183673469387756 0.0021645021645021645
122 0.6614795918367347 0.07413419913419914 0.004591836734693878 0.0010822510822510823
122 0.6772959183673469 0.08531746031746032 0.009693877551020408 0.0018037518037518038
122 0.6806122448979591 0.058621933621933624 0.003061224489795918 0.0010822510822510823
122 0.6938775510204082 0.07413419913419914 0.003061224489795918 0.0010822510822510823
122 0.6540816326530612 0.053932178932178935 0.003061224489795918 0.0010822510822510823
122 0.7288265306122449 0.07449494949494949 0.009693877551020408 0.0018037518037518038
122 0.746938775510204 0.05844155844155844 0.006122448979591836 0.001443001443001443
122 0.7602040816326531 0.06872294372294373 0.009183673469387756 0.0018037518037518038
122 0.7783163265306122 0.07449494949494949 0.009693877551020408 0.0018037518037518038
122 0.5362244897959184 0.07485569985569986 0.009183673469387756 0.0018037518037518038
122 0.5622448979591836 0.07485569985569986 0.014285714285714285 0.0025252525252525255
122 0.5729591836734694 0.07503607503607504 0.019387755102040816 0.002886002886002886
122 0.5959183673469388 0.05844155844155844 0.006122448979591836 0.001443001443001443
122 0.6094387755102041 0.07539682539682539 0.01989795918367347 0.002886002886002886
122 0.6160714285714286 0.05339105339105339 0.012755102040816327 0.0021645021645021645
122 0.6326530612244898 0.0689033189033189 0.009183673469387756 0.001443001443001443
122 0.6331632653061224 0.05772005772005772 0.00816326530612245 0.001443001443001443
122 0.6510204081632653 0.07449494949494949 0.009183673469387756 0.0018037518037518038
85 0.16964285714285715 0.7595598845598845 0.010714285714285714 0.0025252525252525255
41 0.1739795918367347 0.07323232323232323 0.0010204081632653062 0.07864357864357864
85 0.16964285714285715 0.9512987012987013 0.010714285714285714 0.002886002886002886
85 0.16964285714285715 0.9033189033189033 0.010714285714285714 0.002886002886002886
85 0.16964285714285715 0.8555194805194806 0.010714285714285714 0.0025252525252525255
85 0.16964285714285715 0.8075396825396826 0.010714285714285714 0.0025252525252525255
85 0.16964285714285715 0.7115800865800865 0.010714285714285714 0.0025252525252525255
85 0.16964285714285715 0.6636002886002886 0.010714285714285714 0.0025252525252525255
85 0.16964285714285715 0.6156204906204906 0.010714285714285714 0.0025252525252525255
85 0.16964285714285715 0.5676406926406926 0.010714285714285714 0.0025252525252525255
85 0.16964285714285715 0.5198412698412699 0.010714285714285714 0.002886002886002886
85 0.16964285714285715 0.47186147186147187 0.010714285714285714 0.002886002886002886
85 0.16964285714285715 0.42388167388167386 0.010714285714285714 0.002886002886002886
85 0.16964285714285715 0.3760822510822511 0.010714285714285714 0.0025252525252525255
24 0.3010204081632653 0.08423520923520923 0.009183673469387756 0.006132756132756133
24 0.30153061224489797 0.09018759018759019 0.01020408163265306 0.005772005772005772
41 0.2801020408163265 0.06096681096681097 0.0010204081632653062 0.05411255411255411
26 0.2854591836734694 0.08712121212121213 0.009693877551020408 0.006132756132756133
24 0.2755102040816326 0.09018759018759019 0.01020408163265306 0.005772005772005772
41 0.30637755102040815 0.061507936507936505 0.0005102040816326531 0.05519480519480519
41 0.26403061224489793 0.06259018759018758 0.0005102040816326531 0.05735930735930736
26 0.25918367346938775 0.08712121212121213 0.01020408163265306 0.006132756132756133
26 0.25918367346938775 0.09325396825396826 0.01020408163265306 0.006132756132756133
26 0.3464285714285714 0.08134920634920635 0.01020408163265306 0.006132756132756133
41 0.3380102040816326 0.05952380952380952 0.0005102040816326531 0.051226551226551224
26 0.33341836734693875 0.08134920634920635 0.009693877551020408 0.006132756132756133
26 0.735204081632653 0.06944444444444445 0.01020408163265306 0.006132756132756133
41 0.3221938775510204 0.05952380952380952 0.0005102040816326531 0.051226551226551224
26 0.3173469387755102 0.08712121212121213 0.01020408163265306 0.006132756132756133
41 0.19005102040816327 0.06565656565656566 0.0005102040816326531 0.06349206349206349
26 0.18520408163265306 0.09325396825396826 0.01020408163265306 0.006132756132756133
26 0.18520408163265306 0.09902597402597403 0.01020408163265306 0.006132756132756133
24 0.22729591836734694 0.09613997113997114 0.009693877551020408 0.006132756132756133
41 0.24821428571428572 0.06259018759018758 0.0005102040816326531 0.05735930735930736
26 0.24336734693877551 0.09325396825396826 0.01020408163265306 0.006132756132756133
41 0.23214285714285715 0.06457431457431458 0.0010204081632653062 0.06132756132756133
24 0.22729591836734694 0.09018759018759019 0.009693877551020408 0.005772005772005772
85 0.16964285714285715 0.3281024531024531 0.010714285714285714 0.0025252525252525255
41 0.2058673469387755 0.06367243867243867 0.0005102040816326531 0.05952380952380952
26 0.21122448979591837 0.09325396825396826 0.01020408163265306 0.006132756132756133
24 0.2010204081632653 0.09613997113997114 0.01020408163265306 0.006132756132756133
13 0.1298469387755102 0.2756132756132756 0.007653061224489796 0.00937950937950938
12 0.14030612244897958 0.2756132756132756 0.012244897959183673 0.010101010101010102
16 0.13622448979591836 0.2875180375180375 0.011224489795918367 0.00937950937950938
13 0.1298469387755102 0.7070707070707071 0.007653061224489796 0.00937950937950938
12 0.14030612244897958 0.7070707070707071 0.012244897959183673 0.010101010101010102
16 0.13622448979591836 0.7191558441558441 0.011224489795918367 0.00974025974025974
13 0.1298469387755102 0.6592712842712842 0.007653061224489796 0.00974025974025974
12 0.14030612244897958 0.6590909090909091 0.012244897959183673 0.010101010101010102
16 0.13622448979591836 0.6711760461760462 0.011224489795918367 0.00974025974025974
13 0.1298469387755102 0.6112914862914863 0.007653061224489796 0.00974025974025974
12 0.14030612244897958 0.6111111111111112 0.012244897959183673 0.010101010101010102
16 0.13622448979591836 0.6231962481962482 0.011224489795918367 0.00974025974025974
13 0.1298469387755102 0.5633116883116883 0.007653061224489796 0.00974025974025974
12 0.14030612244897958 0.5631313131313131 0.012244897959183673 0.010101010101010102
16 0.13622448979591836 0.5752164502164502 0.011224489795918367 0.00974025974025974
13 0.1298469387755102 0.5153318903318903 0.007653061224489796 0.00974025974025974
12 0.14030612244897958 0.5153318903318903 0.012244897959183673 0.00974025974025974
16 0.13622448979591836 0.5272366522366523 0.011224489795918367 0.00974025974025974
13 0.1298469387755102 0.46735209235209235 0.007653061224489796 0.00974025974025974
12 0.14030612244897958 0.46735209235209235 0.012244897959183673 0.00974025974025974
16 0.13622448979591836 0.47925685425685427 0.011224489795918367 0.00974025974025974
13 0.1298469387755102 0.4193722943722944 0.007653061224489796 0.00974025974025974
12 0.14030612244897958 0.41955266955266957 0.012244897959183673 0.010101010101010102
16 0.13622448979591836 0.43127705627705626 0.011224489795918367 0.00974025974025974
13 0.1298469387755102 0.3713924963924964 0.007653061224489796 0.00974025974025974
12 0.14030612244897958 0.37157287157287155 0.012244897959183673 0.010101010101010102
16 0.13622448979591836 0.3832972582972583 0.011224489795918367 0.00974025974025974
13 0.1298469387755102 0.32341269841269843 0.007653061224489796 0.00974025974025974
12 0.14030612244897958 0.3235930735930736 0.012244897959183673 0.010101010101010102
16 0.13622448979591836 0.3354978354978355 0.011224489795918367 0.00937950937950938
13 0.1298469387755102 0.7550505050505051 0.007653061224489796 0.00937950937950938
12 0.14030612244897958 0.7550505050505051 0.012244897959183673 0.010101010101010102
16 0.13622448979591836 0.766955266955267 0.011224489795918367 0.00937950937950938
13 0.1298469387755102 0.2278138528138528 0.007653061224489796 0.00974025974025974
12 0.14030612244897958 0.22763347763347763 0.012244897959183673 0.010101010101010102
16 0.13622448979591836 0.23971861471861472 0.011224489795918367 0.00974025974025974
13 0.1298469387755102 0.17983405483405485 0.007653061224489796 0.00974025974025974
12 0.14030612244897958 0.17965367965367965 0.012244897959183673 0.010101010101010102
16 0.13622448979591836 0.19173881673881674 0.011224489795918367 0.00974025974025974
13 0.1298469387755102 0.13185425685425686 0.007653061224489796 0.00974025974025974
12 0.14030612244897958 0.13167388167388167 0.012244897959183673 0.010101010101010102
16 0.13622448979591836 0.14375901875901875 0.011224489795918367 0.00974025974025974
13 0.1298469387755102 0.060425685425685424 0.007653061224489796 0.00974025974025974
12 0.14030612244897958 0.060425685425685424 0.012244897959183673 0.00974025974025974
16 0.13622448979591836 0.07233044733044733 0.011224489795918367 0.00974025974025974
122 0.1556122448979592 0.11832611832611832 0.013265306122448979 0.0021645021645021645
5 0.06479591836734694 0.18632756132756131 0.02040816326530612 0.04076479076479077
8 0.0653061224489796 0.13528138528138528 0.02142857142857143 0.01875901875901876
5 0.06479591836734694 0.06691919191919192 0.02040816326530612 0.04076479076479077
13 0.1298469387755102 0.9467893217893217 0.007653061224489796 0.00974025974025974
12 0.14030612244897958 0.9467893217893217 0.012244897959183673 0.00974025974025974
16 0.13622448979591836 0.9586940836940837 0.011224489795918367 0.00974025974025974
13 0.1298469387755102 0.8988095238095238 0.007653061224489796 0.00974025974025974
12 0.14030612244897958 0.898989898989899 0.012244897959183673 0.010101010101010102
16 0.13622448979591836 0.9107142857142857 0.011224489795918367 0.00974025974025974
13 0.1298469387755102 0.8508297258297258 0.007653061224489796 0.00974025974025974
12 0.14030612244897958 0.851010101010101 0.012244897959183673 0.010101010101010102
16 0.13622448979591836 0.8627344877344877 0.011224489795918367 0.00974025974025974
13 0.1298469387755102 0.8028499278499278 0.007653061224489796 0.00974025974025974
12 0.14030612244897958 0.803030303030303 0.012244897959183673 0.010101010101010102
16 0.13622448979591836 0.8147546897546898 0.011224489795918367 0.00974025974025974
8 0.0653061224489796 0.8544372294372294 0.02142857142857143 0.0183982683982684
8 0.0653061224489796 0.8064574314574314 0.02142857142857143 0.0183982683982684
5 0.06479591836734694 0.9054834054834054 0.02040816326530612 0.04040404040404041
5 0.06479591836734694 0.7615440115440115 0.02040816326530612 0.04040404040404041
5 0.06479591836734694 0.7135642135642135 0.02040816326530612 0.04040404040404041
85 0.16964285714285715 0.2801226551226551 0.010714285714285714 0.0025252525252525255
85 0.16964285714285715 0.23214285714285715 0.010714285714285714 0.0025252525252525255
85 0.16964285714285715 0.18416305916305917 0.010714285714285714 0.0025252525252525255
85 0.16964285714285715 0.13618326118326118 0.010714285714285714 0.0025252525252525255
26 0.16938775510204082 0.0992063492063492 0.01020408163265306 0.005772005772005772
24 0.16938775510204082 0.11417748917748918 0.01020408163265306 0.006132756132756133
5 0.06479591836734694 0.9534632034632035 0.02040816326530612 0.04040404040404041
5 0.06479591836734694 0.3300865800865801 0.02040816326530612 0.04040404040404041
5 0.06479591836734694 0.42604617604617606 0.02040816326530612 0.04040404040404041
8 0.0653061224489796 0.375 0.02142857142857143 0.0183982683982684
5 0.06479591836734694 0.2821067821067821 0.02040816326530612 0.04040404040404041
5 0.06479591836734694 0.23412698412698413 0.02040816326530612 0.04040404040404041
5 0.06479591836734694 0.6655844155844156 0.02040816326530612 0.04040404040404041
5 0.06479591836734694 0.6177849927849928 0.02040816326530612 0.04076479076479077
5 0.06479591836734694 0.5698051948051948 0.02040816326530612 0.04076479076479077
26 0.33341836734693875 0.08712121212121213 0.009693877551020408 0.006132756132756133
5 0.06479591836734694 0.522005772005772 0.02040816326530612 0.04040404040404041
5 0.06479591836734694 0.474025974025974 0.02040816326530612 0.04040404040404041
83 0.5971938775510204 0.8059163059163059 0.008673469387755102 0.005772005772005772
83 0.5971938775510204 0.8538961038961039 0.008673469387755102 0.005772005772005772
83 0.5971938775510204 0.9018759018759018 0.008673469387755102 0.005772005772005772
83 0.5971938775510204 0.9498556998556998 0.008673469387755102 0.005772005772005772
41 0.602295918367347 0.04888167388167388 0.0005102040816326531 0.029942279942279944
83 0.5971938775510204 0.7579365079365079 0.008673469387755102 0.005772005772005772
41 0.6492346938775511 0.04924242424242424 0.0005102040816326531 0.030663780663780664
24 0.5977040816326531 0.06637806637806638 0.009693877551020408 0.005772005772005772
24 0.5716836734693878 0.06637806637806638 0.009693877551020408 0.005772005772005772
41 0.5660714285714286 0.05068542568542569 0.0005102040816326531 0.03354978354978355
41 0.6625 0.04924242424242424 0.0005102040816326531 0.030663780663780664
26 0.5846938775510204 0.06944444444444445 0.01020408163265306 0.006132756132756133
26 0.5839285714285715 0.0633116883116883 0.008673469387755102 0.006132756132756133
41 0.5892857142857143 0.05104617604617605 0.0010204081632653062 0.03427128427128427
24 0.6576530612244897 0.060425685425685424 0.01020408163265306 0.006132756132756133
24 0.6576530612244897 0.06637806637806638 0.01020408163265306 0.005772005772005772
26 0.6076530612244898 0.0633116883116883 0.01020408163265306 0.006132756132756133
83 0.5971938775510204 0.13474025974025974 0.008673469387755102 0.005411255411255411
83 0.5971938775510204 0.18272005772005773 0.008673469387755102 0.005411255411255411
83 0.5971938775510204 0.2306998556998557 0.008673469387755102 0.005411255411255411
83 0.5971938775510204 0.2784992784992785 0.008673469387755102 0.005772005772005772
83 0.5971938775510204 0.3264790764790765 0.008673469387755102 0.005772005772005772
83 0.5971938775510204 0.37445887445887444 0.008673469387755102 0.005772005772005772
83 0.5971938775510204 0.42243867243867245 0.008673469387755102 0.005772005772005772
83 0.5971938775510204 0.4704184704184704 0.008673469387755102 0.005772005772005772
83 0.5971938775510204 0.5183982683982684 0.008673469387755102 0.005772005772005772
83 0.5971938775510204 0.5661976911976911 0.008673469387755102 0.005411255411255411
83 0.5971938775510204 0.6141774891774892 0.008673469387755102 0.005411255411255411
83 0.5971938775510204 0.6621572871572872 0.008673469387755102 0.005411255411255411
83 0.5971938775510204 0.7101370851370852 0.008673469387755102 0.005411255411255411
41 0.625765306122449 0.04888167388167388 0.0005102040816326531 0.029942279942279944
24 0.6209183673469387 0.06637806637806638 0.01020408163265306 0.005772005772005772
26 0.6311224489795918 0.0633116883116883 0.01020408163265306 0.006132756132756133
24 0.6209183673469387 0.060425685425685424 0.01020408163265306 0.006132756132756133
24 0.6443877551020408 0.060425685425685424 0.01020408163265306 0.006132756132756133
24 0.6443877551020408 0.06637806637806638 0.01020408163265306 0.005772005772005772
24 0.39132653061224487 0.07828282828282829 0.009183673469387756 0.005772005772005772
41 0.39668367346938777 0.057900432900432904 0.0005102040816326531 0.047979797979797977
41 0.7017857142857142 0.049062049062049064 0.0005102040816326531 0.030303030303030304
24 0.6969387755102041 0.060425685425685424 0.01020408163265306 0.006132756132756133
26 0.4153061224489796 0.08134920634920635 0.01020408163265306 0.006132756132756133
24 0.6969387755102041 0.06637806637806638 0.01020408163265306 0.005772005772005772
24 0.42551020408163265 0.07828282828282829 0.009183673469387756 0.005772005772005772
41 0.4201530612244898 0.056998556998557 0.0005102040816326531 0.046176046176046176
26 0.4020408163265306 0.08134920634920635 0.01020408163265306 0.006132756132756133
26 0.43826530612244896 0.08134920634920635 0.01020408163265306 0.006132756132756133
26 0.4377551020408163 0.07521645021645022 0.009183673469387756 0.006132756132756133
41 0.4431122448979592 0.056998556998557 0.0005102040816326531 0.046176046176046176
41 0.6885204081632653 0.055014430014430016 0.0005102040816326531 0.04220779220779221
26 0.5612244897959183 0.06944444444444445 0.01020408163265306 0.006132756132756133
41 0.35127551020408165 0.056998556998557 0.0005102040816326531 0.046176046176046176
24 0.3596938775510204 0.08423520923520923 0.01020408163265306 0.006132756132756133
41 0.3645408163265306 0.058621933621933624 0.0005102040816326531 0.049422799422799424
24 0.6839285714285714 0.06637806637806638 0.009693877551020408 0.005772005772005772
41 0.7267857142857143 0.050505050505050504 0.0005102040816326531 0.03318903318903319
24 0.3760204081632653 0.08423520923520923 0.01020408163265306 0.006132756132756133
24 0.3752551020408163 0.07828282828282829 0.008673469387755102 0.005772005772005772
24 0.7219387755102041 0.060425685425685424 0.01020408163265306 0.006132756132756133
26 0.7221938775510204 0.06944444444444445 0.009693877551020408 0.006132756132756133
41 0.3806122448979592 0.058621933621933624 0.0010204081632653062 0.049422799422799424
24 0.39183673469387753 0.08423520923520923 0.01020408163265306 0.006132756132756133
41 0.5293367346938775 0.05176767676767677 0.0005102040816326531 0.03571428571428571
24 0.6839285714285714 0.07828282828282829 0.009693877551020408 0.005772005772005772
26 0.510969387755102 0.06944444444444445 0.008673469387755102 0.006132756132756133
41 0.5160714285714286 0.05357142857142857 0.0005102040816326531 0.03932178932178932
24 0.6709183673469388 0.07828282828282829 0.01020408163265306 0.005772005772005772
24 0.5244897959183673 0.07233044733044733 0.01020408163265306 0.006132756132756133
26 0.5346938775510204 0.06944444444444445 0.01020408163265306 0.006132756132756133
26 0.5114795918367347 0.07521645021645022 0.009693877551020408 0.006132756132756133
24 0.5479591836734694 0.07233044733044733 0.01020408163265306 0.006132756132756133
24 0.5474489795918367 0.06637806637806638 0.009183673469387756 0.005772005772005772
41 0.5528061224489796 0.05266955266955267 0.0005102040816326531 0.03751803751803752
24 0.475 0.07828282828282829 0.01020408163265306 0.005772005772005772
24 0.4744897959183674 0.07233044733044733 0.009183673469387756 0.006132756132756133
41 0.4798469387755102 0.05555555555555555 0.0005102040816326531 0.04329004329004329
41 0.45637755102040817 0.05483405483405483 0.0005102040816326531 0.04184704184704185
26 0.461734693877551 0.07521645021645022 0.01020408163265306 0.006132756132756133
24 0.45153061224489793 0.07828282828282829 0.01020408163265306 0.005772005772005772
41 0.6755102040816326 0.05555555555555555 0.0010204081632653062 0.04329004329004329
26 0.488265306122449 0.07521645021645022 0.01020408163265306 0.006132756132756133
24 0.6709183673469388 0.06637806637806638 0.01020408163265306 0.005772005772005772
24 0.4987244897959184 0.07233044733044733 0.009693877551020408 0.006132756132756133
41 0.4931122448979592 0.05411255411255411 0.0005102040816326531 0.04040404040404041
