134 0.5346938775510204 0.12914862914862915 0.8316326530612245 0.023809523809523808
1 0.8354591836734694 0.11129148629148629 0.01683673469387755 0.0010822510822510823
1 0.736734693877551 0.11129148629148629 0.015306122448979591 0.0010822510822510823
1 0.664030612244898 0.11129148629148629 0.015816326530612244 0.0010822510822510823
1 0.45229591836734695 0.11129148629148629 0.01683673469387755 0.0010822510822510823
1 0.3535714285714286 0.11129148629148629 0.015306122448979591 0.0010822510822510823
1 0.2808673469387755 0.11129148629148629 0.015816326530612244 0.0010822510822510823
41 0.7318877551020408 0.11958874458874459 0.0005102040816326531 0.0183982683982684
26 0.736734693877551 0.10822510822510822 0.01020408163265306 0.006493506493506494
26 0.5913265306122449 0.11417748917748918 0.01020408163265306 0.006132756132756133
41 0.6594387755102041 0.12283549783549784 0.0005102040816326531 0.0183982683982684
24 0.664030612244898 0.11129148629148629 0.009693877551020408 0.006132756132756133
41 0.5864795918367347 0.12518037518037517 0.0005102040816326531 0.01948051948051948
41 0.8298469387755102 0.12247474747474747 0.0005102040816326531 0.01911976911976912
40 0.8471938775510204 0.10840548340548341 0.0035714285714285713 0.0025252525252525255
28 0.835204081632653 0.11129148629148629 0.011224489795918367 0.006132756132756133
26 0.3535714285714286 0.10822510822510822 0.01020408163265306 0.006493506493506494
41 0.27627551020408164 0.12283549783549784 0.0005102040816326531 0.0183982683982684
24 0.2811224489795918 0.11129148629148629 0.01020408163265306 0.006132756132756133
26 0.20816326530612245 0.11417748917748918 0.01020408163265306 0.006132756132756133
41 0.34872448979591836 0.11904761904761904 0.0005102040816326531 0.01948051948051948
41 0.20331632653061224 0.12518037518037517 0.0005102040816326531 0.01948051948051948
3 0.16275510204081634 0.10082972582972582 0.02040816326530612 0.022005772005772004
15 0.17908163265306123 0.12319624819624819 0.009183673469387756 0.010461760461760462
16 0.17933673469387756 0.1351010101010101 0.01173469387755102 0.010461760461760462
5 0.13698979591836735 0.1277056277056277 0.02193877551020408 0.044733044733044736
67 0.15892857142857142 0.1259018759018759 0.007653061224489796 0.015151515151515152
41 0.44693877551020406 0.12247474747474747 0.0010204081632653062 0.01911976911976912
40 0.46403061224489794 0.10840548340548341 0.0035714285714285713 0.0025252525252525255
28 0.4520408163265306 0.11129148629148629 0.011224489795918367 0.006132756132756133
134 0.4997448979591837 0.20075757575757575 0.9045918367346939 0.024170274170274172
2 0.9385204081632653 0.19787157287157287 0.0035714285714285713 0.0025252525252525255
2 0.9385204081632653 0.20364357864357865 0.0035714285714285713 0.0025252525252525255
1 0.11785714285714285 0.1829004329004329 0.015306122448979591 0.0007215007215007215
26 0.648469387755102 0.19787157287157287 0.01020408163265306 0.006132756132756133
41 0.6436224489795919 0.20797258297258298 0.0005102040816326531 0.0183982683982684
26 0.5709183673469388 0.1976911976911977 0.01020408163265306 0.006493506493506494
24 0.7260204081632653 0.20075757575757575 0.01020408163265306 0.006132756132756133
24 0.6872448979591836 0.20075757575757575 0.01020408163265306 0.006132756132756133
41 0.6823979591836735 0.20941558441558442 0.0005102040816326531 0.015512265512265512
41 0.7308673469387755 0.1911976911976912 0.0005102040816326531 0.016594516594516596
121 0.1326530612244898 0.2012987012987013 0.03877551020408163 0.002886002886002886
41 0.5660714285714286 0.20616883116883117 0.0005102040816326531 0.01479076479076479
24 0.6096938775510204 0.19462481962481962 0.01020408163265306 0.006132756132756133
41 0.6048469387755102 0.20364357864357865 0.0005102040816326531 0.015512265512265512
121 0.7505102040816326 0.18344155844155843 0.03877551020408163 0.003246753246753247
121 0.6632653061224489 0.21807359307359309 0.03877551020408163 0.003246753246753247
121 0.5857142857142857 0.2132034632034632 0.03877551020408163 0.002886002886002886
121 0.21020408163265306 0.20725108225108224 0.03877551020408163 0.003246753246753247
26 0.764795918367347 0.20364357864357865 0.01020408163265306 0.006132756132756133
41 0.7696428571428572 0.19336219336219337 0.0005102040816326531 0.01875901875901876
30 0.8301020408163265 0.20364357864357865 0.011224489795918367 0.006132756132756133
40 0.8420918367346939 0.20364357864357865 0.0035714285714285713 0.0025252525252525255
41 0.835204081632653 0.19264069264069264 0.0010204081632653062 0.01948051948051948
41 0.19056122448979593 0.1985930735930736 0.0005102040816326531 0.015512265512265512
26 0.15663265306122448 0.18578643578643578 0.01020408163265306 0.006493506493506494
41 0.15178571428571427 0.19426406926406928 0.0005102040816326531 0.01479076479076479
24 0.19540816326530613 0.18885281385281386 0.01020408163265306 0.006132756132756133
26 0.23418367346938776 0.19173881673881674 0.01020408163265306 0.006132756132756133
5 0.06556122448979591 0.1993145743145743 0.02193877551020408 0.045093795093795096
41 0.22933673469387755 0.2003968253968254 0.0005102040816326531 0.01479076479076479
67 0.0875 0.1975108225108225 0.007653061224489796 0.01479076479076479
24 0.11785714285714285 0.18272005772005773 0.01020408163265306 0.006132756132756133
41 0.11301020408163265 0.19227994227994227 0.0005102040816326531 0.016594516594516596
41 0.35025510204081634 0.20887445887445888 0.0005102040816326531 0.01875901875901876
41 0.4173469387755102 0.20562770562770563 0.0010204081632653062 0.01948051948051948
24 0.4219387755102041 0.19462481962481962 0.01020408163265306 0.006132756132756133
24 0.2729591836734694 0.19462481962481962 0.01020408163265306 0.006132756132756133
41 0.2681122448979592 0.20562770562770563 0.0005102040816326531 0.01948051948051948
41 0.4844387755102041 0.2032828282828283 0.0005102040816326531 0.0183982683982684
26 0.48928571428571427 0.19173881673881674 0.01020408163265306 0.006132756132756133
26 0.3551020408163265 0.19787157287157287 0.01020408163265306 0.006132756132756133
134 0.4997448979591837 0.2721861471861472 0.9045918367346939 0.024170274170274172
2 0.11454081632653061 0.2693001443001443 0.0035714285714285713 0.0025252525252525255
2 0.11454081632653061 0.2754329004329004 0.0035714285714285713 0.0025252525252525255
1 0.825765306122449 0.25432900432900435 0.01683673469387755 0.0007215007215007215
1 0.7545918367346939 0.25432900432900435 0.015306122448979591 0.0007215007215007215
1 0.710204081632653 0.25432900432900435 0.015306122448979591 0.0007215007215007215
1 0.6318877551020409 0.25432900432900435 0.015816326530612244 0.0007215007215007215
1 0.41836734693877553 0.25432900432900435 0.027551020408163266 0.0007215007215007215
1 0.3451530612244898 0.25432900432900435 0.015816326530612244 0.0007215007215007215
1 0.249234693877551 0.25432900432900435 0.015816326530612244 0.0007215007215007215
41 0.7497448979591836 0.2647907647907648 0.0005102040816326531 0.016594516594516596
41 0.7053571428571429 0.2628066378066378 0.0005102040816326531 0.0183982683982684
24 0.7545918367346939 0.2545093795093795 0.01020408163265306 0.006132756132756133
40 0.8375 0.25126262626262624 0.0035714285714285713 0.0025252525252525255
28 0.8255102040816327 0.2545093795093795 0.011224489795918367 0.006132756132756133
41 0.8201530612244898 0.26551226551226553 0.0005102040816326531 0.01948051948051948
26 0.710204081632653 0.25144300144300147 0.01020408163265306 0.006493506493506494
41 0.627295918367347 0.26587301587301587 0.0005102040816326531 0.01875901875901876
24 0.6321428571428571 0.2545093795093795 0.01020408163265306 0.006132756132756133
121 0.7275510204081632 0.27290764790764793 0.04387755102040816 0.003246753246753247
24 0.3448979591836735 0.2545093795093795 0.01020408163265306 0.006132756132756133
41 0.2443877551020408 0.26551226551226553 0.0010204081632653062 0.01948051948051948
24 0.24897959183673468 0.2545093795093795 0.01020408163265306 0.006132756132756133
41 0.12959183673469388 0.27146464646464646 0.0010204081632653062 0.01911976911976912
41 0.34005102040816326 0.2653318903318903 0.0005102040816326531 0.01984126984126984
28 0.1346938775510204 0.2602813852813853 0.011224489795918367 0.006132756132756133
67 0.0875 0.2689393939393939 0.007653061224489796 0.01479076479076479
5 0.06556122448979591 0.2709235209235209 0.02193877551020408 0.044733044733044736
41 0.41836734693877553 0.2656926406926407 0.0010204081632653062 0.01911976911976912
28 0.42372448979591837 0.2545093795093795 0.010714285714285714 0.006132756132756133
28 0.413265306122449 0.2545093795093795 0.011224489795918367 0.006132756132756133
26 0.5540816326530612 0.2573953823953824 0.01020408163265306 0.006132756132756133
41 0.549234693877551 0.26821789321789324 0.0005102040816326531 0.01984126984126984
134 0.4997448979591837 0.343975468975469 0.9045918367346939 0.024170274170274172
2 0.9385204081632653 0.3407287157287157 0.0035714285714285713 0.0025252525252525255
2 0.9385204081632653 0.34686147186147187 0.0035714285714285713 0.0025252525252525255
1 0.6112244897959184 0.3259379509379509 0.015306122448979591 0.0010822510822510823
1 0.47933673469387755 0.3259379509379509 0.015816326530612244 0.0010822510822510823
1 0.4122448979591837 0.3259379509379509 0.015306122448979591 0.0010822510822510823
1 0.373469387755102 0.3259379509379509 0.015306122448979591 0.0010822510822510823
1 0.3346938775510204 0.3259379509379509 0.015306122448979591 0.0010822510822510823
1 0.2517857142857143 0.3259379509379509 0.015816326530612244 0.0010822510822510823
1 0.1846938775510204 0.3259379509379509 0.015306122448979591 0.0010822510822510823
24 0.6887755102040817 0.33207070707070707 0.01020408163265306 0.006132756132756133
41 0.6841836734693878 0.3412698412698413 0.0010204081632653062 0.016594516594516596
41 0.7619897959183674 0.343975468975469 0.0005102040816326531 0.013347763347763348
24 0.7278061224489796 0.33207070707070707 0.009693877551020408 0.006132756132756133
41 0.7232142857142857 0.3407287157287157 0.0005102040816326531 0.015512265512265512
41 0.5676020408163265 0.33784271284271283 0.0005102040816326531 0.01406926406926407
26 0.7668367346938776 0.33495670995670995 0.01020408163265306 0.006132756132756133
120 0.1510204081632653 0.31872294372294374 0.0663265306122449 0.007575757575757576
41 0.6451530612244898 0.33946608946608947 0.0005102040816326531 0.018037518037518036
24 0.6112244897959184 0.3259379509379509 0.01020408163265306 0.006132756132756133
41 0.6063775510204081 0.3347763347763348 0.0005102040816326531 0.015151515151515152
26 0.65 0.329004329004329 0.01020408163265306 0.006493506493506494
120 0.5913265306122449 0.3194444444444444 0.03877551020408163 0.006132756132756133
120 0.747704081632653 0.3255772005772006 0.03826530612244898 0.006132756132756133
121 0.7423469387755102 0.3504689754689755 0.03877551020408163 0.003246753246753247
121 0.664795918367347 0.3493867243867244 0.03877551020408163 0.003246753246753247
121 0.5872448979591837 0.34433621933621933 0.03877551020408163 0.003246753246753247
121 0.49387755102040815 0.3445165945165945 0.03877551020408163 0.002886002886002886
120 0.44566326530612244 0.31673881673881676 0.06683673469387755 0.005772005772005772
120 0.35459183673469385 0.31655844155844154 0.03877551020408163 0.006132756132756133
121 0.3494897959183674 0.3445165945165945 0.03877551020408163 0.002886002886002886
28 0.8298469387755102 0.33207070707070707 0.010714285714285714 0.006132756132756133
40 0.8418367346938775 0.3288239538239538 0.004081632653061225 0.0025252525252525255
41 0.8247448979591837 0.3430735930735931 0.0005102040816326531 0.01948051948051948
24 0.1846938775510204 0.3259379509379509 0.01020408163265306 0.006132756132756133
41 0.1798469387755102 0.33694083694083693 0.0005102040816326531 0.01948051948051948
26 0.2517857142857143 0.32305194805194803 0.009693877551020408 0.006132756132756133
41 0.24693877551020407 0.3338744588744589 0.0010204081632653062 0.01984126984126984
26 0.3346938775510204 0.32305194805194803 0.01020408163265306 0.006132756132756133
41 0.3298469387755102 0.3338744588744589 0.0005102040816326531 0.01984126984126984
5 0.06556122448979591 0.34235209235209235 0.02193877551020408 0.044733044733044736
67 0.0875 0.3407287157287157 0.007653061224489796 0.01479076479076479
26 0.11785714285714285 0.329004329004329 0.01020408163265306 0.006493506493506494
41 0.11301020408163265 0.3398268398268398 0.0005102040816326531 0.01948051948051948
41 0.4073979591836735 0.3373015873015873 0.0005102040816326531 0.01875901875901876
24 0.47908163265306125 0.3259379509379509 0.01020408163265306 0.006132756132756133
41 0.4744897959183674 0.3354978354978355 0.0010204081632653062 0.016594516594516596
24 0.4122448979591837 0.3259379509379509 0.01020408163265306 0.006132756132756133
26 0.5181122448979592 0.329004329004329 0.009693877551020408 0.006493506493506494
41 0.513265306122449 0.3374819624819625 0.0010204081632653062 0.01479076479076479
26 0.5724489795918367 0.329004329004329 0.01020408163265306 0.006493506493506494
24 0.373469387755102 0.3259379509379509 0.01020408163265306 0.006132756132756133
41 0.36862244897959184 0.336038961038961 0.0005102040816326531 0.017676767676767676
134 0.4997448979591837 0.4154040404040404 0.9045918367346939 0.024170274170274172
2 0.11454081632653061 0.4125180375180375 0.0035714285714285713 0.0025252525252525255
2 0.11454081632653061 0.41829004329004327 0.0035714285714285713 0.0025252525252525255
26 0.8066326530612244 0.4125180375180375 0.01020408163265306 0.006132756132756133
24 0.7693877551020408 0.4096320346320346 0.01020408163265306 0.006132756132756133
41 0.7645408163265306 0.41829004329004327 0.0005102040816326531 0.015512265512265512
41 0.8017857142857143 0.42207792207792205 0.0005102040816326531 0.017316017316017316
24 0.6540816326530612 0.4096320346320346 0.01020408163265306 0.006132756132756133
26 0.5908163265306122 0.4125180375180375 0.01020408163265306 0.006132756132756133
41 0.585969387755102 0.42334054834054835 0.0005102040816326531 0.01984126984126984
41 0.6492346938775511 0.4202741702741703 0.0005102040816326531 0.01948051948051948
26 0.7326530612244898 0.4063852813852814 0.01020408163265306 0.006132756132756133
41 0.7278061224489796 0.4163059163059163 0.0005102040816326531 0.017316017316017316
121 0.7461734693877551 0.42694805194805197 0.037244897959183676 0.003246753246753247
121 0.9035714285714286 0.40295815295815296 0.036734693877551024 0.002886002886002886
121 0.8201530612244898 0.4327200577200577 0.037244897959183676 0.003246753246753247
120 0.7512755102040817 0.3995310245310245 0.037244897959183676 0.005411255411255411
120 0.5591836734693878 0.4022366522366522 0.06326530612244897 0.007936507936507936
121 0.4520408163265306 0.42694805194805197 0.036734693877551024 0.003246753246753247
120 0.4066326530612245 0.3971861471861472 0.06326530612244897 0.005772005772005772
120 0.3211734693877551 0.3943001443001443 0.036224489795918365 0.005772005772005772
121 0.3168367346938776 0.4208152958152958 0.036734693877551024 0.003246753246753247
24 0.8433673469387755 0.4154040404040404 0.01020408163265306 0.006132756132756133
41 0.8385204081632653 0.424963924963925 0.0005102040816326531 0.016594516594516596
26 0.8801020408163265 0.4184704184704185 0.01020408163265306 0.006493506493506494
41 0.8849489795918367 0.409992784992785 0.0005102040816326531 0.01479076479076479
24 0.9173469387755102 0.42153679653679654 0.01020408163265306 0.006132756132756133
41 0.9221938775510204 0.411976911976912 0.0005102040816326531 0.016594516594516596
28 0.1982142857142857 0.4034992784992785 0.010714285714285714 0.006132756132756133
41 0.1931122448979592 0.4145021645021645 0.0005102040816326531 0.01948051948051948
24 0.30306122448979594 0.4034992784992785 0.01020408163265306 0.006132756132756133
41 0.2982142857142857 0.41305916305916307 0.0005102040816326531 0.016594516594516596
67 0.0875 0.41215728715728717 0.007653061224489796 0.01479076479076479
5 0.06556122448979591 0.41414141414141414 0.02193877551020408 0.044733044733044736
26 0.13418367346938775 0.4063852813852814 0.01020408163265306 0.006132756132756133
41 0.12959183673469388 0.41738816738816736 0.0010204081632653062 0.01948051948051948
26 0.43826530612244896 0.4063852813852814 0.01020408163265306 0.006132756132756133
41 0.4334183673469388 0.41684704184704185 0.0005102040816326531 0.0183982683982684
24 0.47551020408163264 0.4096320346320346 0.01020408163265306 0.006132756132756133
41 0.47066326530612246 0.41883116883116883 0.0005102040816326531 0.016594516594516596
24 0.5275510204081633 0.4096320346320346 0.01020408163265306 0.006132756132756133
41 0.522704081632653 0.4202741702741703 0.0005102040816326531 0.01948051948051948
26 0.34030612244897956 0.4006132756132756 0.01020408163265306 0.006132756132756133
41 0.3354591836734694 0.41089466089466087 0.0005102040816326531 0.01875901875901876
41 0.3701530612244898 0.41774891774891776 0.0005102040816326531 0.01875901875901876
26 0.375 0.4063852813852814 0.01020408163265306 0.006132756132756133
134 0.4971938775510204 0.49278499278499277 0.8994897959183673 0.023809523809523808
2 0.9385204081632653 0.4897186147186147 0.0035714285714285713 0.0025252525252525255
2 0.9385204081632653 0.4958513708513709 0.0035714285714285713 0.0025252525252525255
30 0.8191326530612245 0.4958513708513709 0.010714285714285714 0.006132756132756133
24 0.7081632653061225 0.49278499278499277 0.01020408163265306 0.006493506493506494
41 0.7130102040816326 0.48394660894660896 0.0005102040816326531 0.015512265512265512
26 0.75 0.4958513708513709 0.01020408163265306 0.006132756132756133
41 0.7548469387755102 0.48538961038961037 0.0005102040816326531 0.0183982683982684
41 0.5573979591836735 0.5012626262626263 0.0005102040816326531 0.0183982683982684
24 0.6352040816326531 0.49278499278499277 0.01020408163265306 0.006493506493506494
41 0.6303571428571428 0.5032467532467533 0.0005102040816326531 0.01875901875901876
120 0.7288265306122449 0.5037878787878788 0.0413265306122449 0.006854256854256854
121 0.7336734693877551 0.4754689754689755 0.04183673469387755 0.002886002886002886
120 0.5987244897959184 0.481962481962482 0.07295918367346939 0.007215007215007215
120 0.4061224489795918 0.5037878787878788 0.04183673469387755 0.006854256854256854
121 0.41122448979591836 0.4754689754689755 0.04183673469387755 0.002886002886002886
40 0.8308673469387755 0.4958513708513709 0.0035714285714285713 0.0025252525252525255
41 0.824234693877551 0.48484848484848486 0.0005102040816326531 0.01948051948051948
3 0.7887755102040817 0.46446608946608947 0.02040816326530612 0.022005772005772004
28 0.11836734693877551 0.49278499278499277 0.011224489795918367 0.006493506493506494
41 0.11301020408163265 0.5032467532467533 0.0005102040816326531 0.01875901875901876
24 0.2229591836734694 0.49278499278499277 0.01020408163265306 0.006493506493506494
41 0.2181122448979592 0.5032467532467533 0.0005102040816326531 0.01875901875901876
24 0.3127551020408163 0.49278499278499277 0.01020408163265306 0.006493506493506494
41 0.3079081632653061 0.5032467532467533 0.0005102040816326531 0.01875901875901876
26 0.5622448979591836 0.4897186147186147 0.01020408163265306 0.006132756132756133
5 0.06556122448979591 0.49134199134199136 0.02193877551020408 0.044733044733044736
67 0.0875 0.48953823953823955 0.007653061224489796 0.015151515151515152
41 0.43239795918367346 0.4852092352092352 0.0005102040816326531 0.018037518037518036
26 0.4275510204081633 0.4958513708513709 0.01020408163265306 0.006132756132756133
41 0.3905612244897959 0.4832251082251082 0.0005102040816326531 0.016233766233766232
24 0.46938775510204084 0.49873737373737376 0.01020408163265306 0.006132756132756133
41 0.474234693877551 0.4879148629148629 0.0005102040816326531 0.01984126984126984
24 0.38571428571428573 0.49278499278499277 0.01020408163265306 0.006493506493506494
