134 0.4997448979591837 0.057900432900432904 0.9045918367346939 0.024170274170274172
1 0.9331632653061225 0.13997113997113997 0.0163265306122449 0.0007215007215007215
1 0.9331632653061225 0.1461038961038961 0.0163265306122449 0.0007215007215007215
1 0.9043367346938775 0.13997113997113997 0.015816326530612244 0.0007215007215007215
1 0.9043367346938775 0.1461038961038961 0.015816326530612244 0.0007215007215007215
1 0.8329081632653061 0.13997113997113997 0.015816326530612244 0.0007215007215007215
1 0.8329081632653061 0.1461038961038961 0.015816326530612244 0.0007215007215007215
1 0.8040816326530612 0.13997113997113997 0.0163265306122449 0.0007215007215007215
1 0.8040816326530612 0.1461038961038961 0.0163265306122449 0.0007215007215007215
1 0.7270408163265306 0.13997113997113997 0.0163265306122449 0.0007215007215007215
1 0.7270408163265306 0.1461038961038961 0.0163265306122449 0.0007215007215007215
1 0.6974489795918367 0.13997113997113997 0.0163265306122449 0.0007215007215007215
1 0.6974489795918367 0.1461038961038961 0.0163265306122449 0.0007215007215007215
1 0.613265306122449 0.13997113997113997 0.0163265306122449 0.0007215007215007215
1 0.5854591836734694 0.13997113997113997 0.01479591836734694 0.0007215007215007215
1 0.5084183673469388 0.13997113997113997 0.015816326530612244 0.0007215007215007215
1 0.47959183673469385 0.13997113997113997 0.0163265306122449 0.0007215007215007215
1 0.3752551020408163 0.13997113997113997 0.015816326530612244 0.0007215007215007215
1 0.3352040816326531 0.13997113997113997 0.0163265306122449 0.0007215007215007215
1 0.2336734693877551 0.13997113997113997 0.0163265306122449 0.0007215007215007215
1 0.19362244897959183 0.13997113997113997 0.015816326530612244 0.0007215007215007215
1 0.8329081632653061 0.23304473304473305 0.015816326530612244 0.0007215007215007215
1 0.8048469387755102 0.23304473304473305 0.01479591836734694 0.0007215007215007215
1 0.7693877551020408 0.2270923520923521 0.0163265306122449 0.0010822510822510823
1 0.7693877551020408 0.23304473304473305 0.0163265306122449 0.0007215007215007215
1 0.7270408163265306 0.23304473304473305 0.0163265306122449 0.0007215007215007215
1 0.1586734693877551 0.23304473304473305 0.0163265306122449 0.0007215007215007215
134 0.4997448979591837 0.2509018759018759 0.9045918367346939 0.024170274170274172
134 0.4997448979591837 0.18668831168831168 0.9045918367346939 0.024170274170274172
134 0.4997448979591837 0.12211399711399712 0.9045918367346939 0.024170274170274172
1 0.9331632653061225 0.07575757575757576 0.0163265306122449 0.0007215007215007215
1 0.9043367346938775 0.07575757575757576 0.015816326530612244 0.0007215007215007215
1 0.8329081632653061 0.07575757575757576 0.015816326530612244 0.0007215007215007215
1 0.8040816326530612 0.07575757575757576 0.0163265306122449 0.0007215007215007215
1 0.7270408163265306 0.07575757575757576 0.0163265306122449 0.0007215007215007215
1 0.6974489795918367 0.07575757575757576 0.0163265306122449 0.0007215007215007215
1 0.613265306122449 0.07575757575757576 0.0163265306122449 0.0007215007215007215
1 0.5854591836734694 0.07575757575757576 0.01479591836734694 0.0007215007215007215
1 0.5084183673469388 0.07575757575757576 0.015816326530612244 0.0007215007215007215
1 0.48035714285714287 0.07575757575757576 0.01479591836734694 0.0007215007215007215
1 0.3752551020408163 0.07575757575757576 0.015816326530612244 0.0007215007215007215
1 0.33596938775510204 0.07575757575757576 0.01479591836734694 0.0007215007215007215
1 0.2336734693877551 0.07575757575757576 0.0163265306122449 0.0007215007215007215
1 0.19413265306122449 0.07575757575757576 0.01479591836734694 0.0007215007215007215
26 0.8040816326530612 0.22997835497835498 0.01020408163265306 0.006132756132756133
41 0.6926020408163265 0.25162337662337664 0.0005102040816326531 0.01406926406926407
41 0.7216836734693878 0.24476911976911978 0.0005102040816326531 0.01911976911976912
87 0.7686224489795919 0.057900432900432904 0.010714285714285714 0.011183261183261184
87 0.7686224489795919 0.12229437229437229 0.010714285714285714 0.011544011544011544
41 0.7318877551020408 0.1331168831168831 0.0005102040816326531 0.021645021645021644
41 0.7318877551020408 0.06583694083694083 0.0005102040816326531 0.015512265512265512
24 0.7267857142857143 0.23304473304473305 0.010714285714285714 0.005772005772005772
41 0.7318877551020408 0.19047619047619047 0.0005102040816326531 0.017316017316017316
26 0.7267857142857143 0.20147907647907648 0.010714285714285714 0.006132756132756133
24 0.7267857142857143 0.14592352092352093 0.010714285714285714 0.006132756132756133
24 0.7267857142857143 0.07557720057720058 0.010714285714285714 0.006132756132756133
41 0.7645408163265306 0.23953823953823955 0.0005102040816326531 0.020202020202020204
24 0.8040816326530612 0.07557720057720058 0.01020408163265306 0.006132756132756133
24 0.8040816326530612 0.14592352092352093 0.01020408163265306 0.006132756132756133
26 0.8040816326530612 0.20147907647907648 0.01020408163265306 0.006132756132756133
24 0.7696428571428572 0.2270923520923521 0.010714285714285714 0.006132756132756133
87 0.7686224489795919 0.18668831168831168 0.010714285714285714 0.011183261183261184
24 0.6448979591836734 0.2509018759018759 0.007142857142857143 0.003968253968253968
41 0.6482142857142857 0.24242424242424243 0.0005102040816326531 0.015151515151515152
47 0.65 0.24206349206349206 0.013265306122448979 0.013708513708513708
24 0.6135204081632653 0.07557720057720058 0.010714285714285714 0.006132756132756133
120 0.14260204081632652 0.2417027417027417 0.015816326530612244 0.002886002886002886
63 0.5714285714285714 0.07485569985569986 0.009183673469387756 0.024170274170274172
41 0.5895408163265307 0.1314935064935065 0.0005102040816326531 0.0183982683982684
61 0.5727040816326531 0.14321789321789322 0.0066326530612244895 0.025974025974025976
26 0.6135204081632653 0.14303751803751805 0.010714285714285714 0.006132756132756133
87 0.6125 0.18668831168831168 0.010714285714285714 0.011183261183261184
41 0.6183673469387755 0.0661976911976912 0.0010204081632653062 0.016233766233766232
41 0.6183673469387755 0.13203463203463203 0.0010204081632653062 0.01948051948051948
41 0.664030612244898 0.25703463203463206 0.0005102040816326531 0.013347763347763348
24 0.6977040816326531 0.07557720057720058 0.010714285714285714 0.006132756132756133
24 0.6977040816326531 0.14592352092352093 0.010714285714285714 0.006132756132756133
26 0.6977040816326531 0.20147907647907648 0.010714285714285714 0.006132756132756133
26 0.6977040816326531 0.2418831168831169 0.010714285714285714 0.006132756132756133
41 0.7028061224489796 0.06673881673881674 0.0005102040816326531 0.015151515151515152
41 0.7028061224489796 0.134018759018759 0.0005102040816326531 0.021284271284271284
41 0.7028061224489796 0.19173881673881674 0.0005102040816326531 0.016955266955266956
26 0.6691326530612245 0.24801587301587302 0.010714285714285714 0.006132756132756133
87 0.6681122448979592 0.057900432900432904 0.010714285714285714 0.011183261183261184
87 0.6681122448979592 0.12229437229437229 0.010714285714285714 0.011544011544011544
87 0.6681122448979592 0.18668831168831168 0.010714285714285714 0.011183261183261184
41 0.9380102040816326 0.13347763347763347 0.0005102040816326531 0.020202020202020204
41 0.9380102040816326 0.1911976911976912 0.0005102040816326531 0.015873015873015872
41 0.9380102040816326 0.0661976911976912 0.0005102040816326531 0.01406926406926407
41 0.9280612244897959 0.25234487734487737 0.0010204081632653062 0.0183982683982684
41 0.9094387755102041 0.13365800865800867 0.0005102040816326531 0.020562770562770564
41 0.9094387755102041 0.19137806637806637 0.0005102040816326531 0.016233766233766232
41 0.8992346938775511 0.25 0.0005102040816326531 0.017316017316017316
24 0.9331632653061225 0.07557720057720058 0.01020408163265306 0.006132756132756133
24 0.9331632653061225 0.14592352092352093 0.01020408163265306 0.006132756132756133
26 0.9331632653061225 0.20147907647907648 0.01020408163265306 0.006132756132756133
26 0.9331632653061225 0.2418831168831169 0.01020408163265306 0.006132756132756133
121 0.4989795918367347 0.12211399711399712 0.02857142857142857 0.0018037518037518038
121 0.7959183673469388 0.25162337662337664 0.06326530612244897 0.003246753246753247
121 0.7170918367346939 0.18181818181818182 0.029081632653061223 0.0021645021645021645
121 0.7170918367346939 0.12211399711399712 0.029081632653061223 0.0018037518037518038
121 0.7170918367346939 0.05772005772005772 0.029081632653061223 0.0021645021645021645
121 0.6931122448979592 0.2597402597402597 0.05765306122448979 0.010101010101010102
120 0.6530612244897959 0.25703463203463206 0.015306122448979591 0.00468975468975469
121 0.6040816326530613 0.12211399711399712 0.02857142857142857 0.0018037518037518038
121 0.6040816326530613 0.05772005772005772 0.02857142857142857 0.0021645021645021645
84 0.5798469387755102 0.24711399711399712 0.015816326530612244 0.0036075036075036075
121 0.823469387755102 0.05772005772005772 0.02857142857142857 0.0021645021645021645
121 0.4989795918367347 0.05772005772005772 0.02857142857142857 0.0021645021645021645
120 0.4316326530612245 0.26785714285714285 0.02346938775510204 0.005411255411255411
121 0.36020408163265305 0.12211399711399712 0.03979591836734694 0.0018037518037518038
121 0.36020408163265305 0.05772005772005772 0.03979591836734694 0.0021645021645021645
121 0.3448979591836735 0.23124098124098125 0.11020408163265306 0.007936507936507936
121 0.3448979591836735 0.23593073593073594 0.10918367346938776 0.007936507936507936
121 0.21836734693877552 0.12211399711399712 0.03979591836734694 0.0018037518037518038
121 0.21836734693877552 0.05772005772005772 0.03979591836734694 0.0021645021645021645
121 0.21836734693877552 0.25577200577200576 0.058163265306122446 0.006493506493506494
121 0.2010204081632653 0.2591991341991342 0.09489795918367347 0.009018759018759018
121 0.9237244897959184 0.18181818181818182 0.029081632653061223 0.0021645021645021645
121 0.9237244897959184 0.12211399711399712 0.029081632653061223 0.0018037518037518038
121 0.9237244897959184 0.05772005772005772 0.029081632653061223 0.0021645021645021645
121 0.8997448979591837 0.25992063492063494 0.05663265306122449 0.005411255411255411
121 0.823469387755102 0.18181818181818182 0.02857142857142857 0.0021645021645021645
121 0.823469387755102 0.12211399711399712 0.02857142857142857 0.0018037518037518038
26 0.8329081632653061 0.20147907647907648 0.010714285714285714 0.006132756132756133
24 0.8329081632653061 0.23304473304473305 0.010714285714285714 0.005772005772005772
41 0.8380102040816326 0.06601731601731602 0.0005102040816326531 0.015873015873015872
41 0.8380102040816326 0.1332972582972583 0.0005102040816326531 0.022005772005772004
24 0.8329081632653061 0.14592352092352093 0.010714285714285714 0.006132756132756133
41 0.8380102040816326 0.19101731601731603 0.0005102040816326531 0.0183982683982684
41 0.8278061224489796 0.24296536796536797 0.0005102040816326531 0.017676767676767676
41 0.8089285714285714 0.13347763347763347 0.0005102040816326531 0.022366522366522368
41 0.8089285714285714 0.19101731601731603 0.0005102040816326531 0.0183982683982684
87 0.8755102040816326 0.05808080808080808 0.01020408163265306 0.011544011544011544
41 0.799234693877551 0.24134199134199133 0.0005102040816326531 0.020202020202020204
59 0.7915816326530613 0.2269119769119769 0.007653061224489796 0.020202020202020204
24 0.8329081632653061 0.07557720057720058 0.010714285714285714 0.006132756132756133
41 0.8711734693877551 0.24801587301587302 0.0005102040816326531 0.01984126984126984
24 0.9043367346938775 0.07557720057720058 0.010714285714285714 0.006132756132756133
24 0.9043367346938775 0.14592352092352093 0.010714285714285714 0.006132756132756133
26 0.9043367346938775 0.20147907647907648 0.010714285714285714 0.006132756132756133
24 0.9043367346938775 0.23899711399711399 0.010714285714285714 0.006132756132756133
41 0.9094387755102041 0.0661976911976912 0.0005102040816326531 0.016233766233766232
87 0.8755102040816326 0.12229437229437229 0.01020408163265306 0.011544011544011544
87 0.8755102040816326 0.18668831168831168 0.01020408163265306 0.011183261183261184
26 0.8762755102040817 0.2361111111111111 0.010714285714285714 0.006132756132756133
41 0.8089285714285714 0.0661976911976912 0.0005102040816326531 0.016233766233766232
24 0.25357142857142856 0.24512987012987014 0.01020408163265306 0.006132756132756133
41 0.24846938775510205 0.25432900432900435 0.0010204081632653062 0.016594516594516596
87 0.2836734693877551 0.05808080808080808 0.01020408163265306 0.011544011544011544
87 0.2836734693877551 0.12229437229437229 0.01020408163265306 0.011544011544011544
26 0.2844387755102041 0.20147907647907648 0.010714285714285714 0.006132756132756133
26 0.2844387755102041 0.24801587301587302 0.010714285714285714 0.006132756132756133
24 0.23341836734693877 0.07557720057720058 0.010714285714285714 0.006132756132756133
26 0.23341836734693877 0.14303751803751805 0.010714285714285714 0.006132756132756133
87 0.23265306122448978 0.18668831168831168 0.01020408163265306 0.011183261183261184
26 0.2336734693877551 0.2418831168831169 0.01020408163265306 0.006132756132756133
41 0.2385204081632653 0.0661976911976912 0.0005102040816326531 0.016233766233766232
41 0.2385204081632653 0.13203463203463203 0.0005102040816326531 0.01948051948051948
41 0.22831632653061223 0.25216450216450215 0.0005102040816326531 0.018037518037518036
26 0.3352040816326531 0.2537878787878788 0.01020408163265306 0.006132756132756133
24 0.3153061224489796 0.2509018759018759 0.01020408163265306 0.006132756132756133
41 0.32040816326530613 0.2398989898989899 0.0010204081632653062 0.01948051948051948
59 0.3028061224489796 0.24765512265512266 0.007653061224489796 0.01984126984126984
24 0.3354591836734694 0.07557720057720058 0.010714285714285714 0.006132756132756133
26 0.3354591836734694 0.14303751803751805 0.010714285714285714 0.006132756132756133
41 0.34030612244897956 0.0661976911976912 0.0010204081632653062 0.016233766233766232
63 0.3221938775510204 0.07467532467532467 0.008673469387755102 0.024531024531024532
41 0.34030612244897956 0.13203463203463203 0.0010204081632653062 0.01948051948051948
41 0.2895408163265306 0.19047619047619047 0.0005102040816326531 0.01948051948051948
41 0.2895408163265306 0.23755411255411255 0.0005102040816326531 0.0183982683982684
26 0.13418367346938775 0.2361111111111111 0.007142857142857143 0.003968253968253968
67 0.0923469387755102 0.18632756132756131 0.007142857142857143 0.01984126984126984
67 0.10051020408163265 0.1773088023088023 0.007142857142857143 0.01984126984126984
67 0.10816326530612246 0.18921356421356422 0.007142857142857143 0.01984126984126984
8 0.07015306122448979 0.25162337662337664 0.03010204081632653 0.027056277056277056
67 0.09260204081632653 0.2537878787878788 0.007653061224489796 0.01984126984126984
67 0.10051020408163265 0.24458874458874458 0.007142857142857143 0.01948051948051948
67 0.10816326530612246 0.25667388167388167 0.007142857142857143 0.01984126984126984
6 0.0673469387755102 0.18632756132756131 0.025510204081632654 0.032106782106782104
41 0.13801020408163264 0.22853535353535354 0.0005102040816326531 0.013347763347763348
47 0.13954081632653062 0.2288961038961039 0.013775510204081633 0.013347763347763348
61 0.12525510204081633 0.2361111111111111 0.0035714285714285713 0.016233766233766232
87 0.1576530612244898 0.05808080808080808 0.01020408163265306 0.011544011544011544
87 0.1576530612244898 0.12229437229437229 0.01020408163265306 0.011544011544011544
26 0.1584183673469388 0.18957431457431456 0.010714285714285714 0.006132756132756133
24 0.1586734693877551 0.23304473304473305 0.01020408163265306 0.005772005772005772
5 0.06683673469387755 0.05808080808080808 0.02346938775510204 0.051226551226551224
67 0.0923469387755102 0.054653679653679656 0.007142857142857143 0.01984126984126984
67 0.10051020408163265 0.04563492063492063 0.007142857142857143 0.01984126984126984
67 0.10816326530612246 0.057539682539682536 0.007142857142857143 0.01984126984126984
5 0.06683673469387755 0.12265512265512266 0.02346938775510204 0.051226551226551224
67 0.09260204081632653 0.11886724386724387 0.007653061224489796 0.01984126984126984
67 0.10051020408163265 0.10984848484848485 0.007142857142857143 0.01984126984126984
67 0.10816326530612246 0.12211399711399712 0.007142857142857143 0.01984126984126984
63 0.18035714285714285 0.07485569985569986 0.008673469387755102 0.024170274170274172
41 0.19872448979591836 0.13167388167388167 0.0005102040816326531 0.01875901875901876
41 0.18852040816326532 0.2481962481962482 0.0005102040816326531 0.020202020202020204
59 0.18112244897959184 0.23286435786435786 0.007142857142857143 0.01984126984126984
24 0.2135204081632653 0.23899711399711399 0.010714285714285714 0.006132756132756133
41 0.20841836734693878 0.25 0.0005102040816326531 0.01948051948051948
41 0.1635204081632653 0.17857142857142858 0.0005102040816326531 0.01948051948051948
41 0.15331632653061225 0.24494949494949494 0.0005102040816326531 0.021645021645021644
24 0.19362244897959183 0.07557720057720058 0.010714285714285714 0.006132756132756133
26 0.19362244897959183 0.14303751803751805 0.010714285714285714 0.006132756132756133
26 0.19362244897959183 0.2361111111111111 0.010714285714285714 0.006132756132756133
41 0.19872448979591836 0.0661976911976912 0.0005102040816326531 0.016233766233766232
41 0.5135204081632653 0.06583694083694083 0.0005102040816326531 0.015512265512265512
63 0.46658163265306124 0.07467532467532467 0.008673469387755102 0.024531024531024532
41 0.48494897959183675 0.13185425685425686 0.0005102040816326531 0.01911976911976912
24 0.5084183673469388 0.07557720057720058 0.010714285714285714 0.006132756132756133
26 0.5084183673469388 0.14303751803751805 0.010714285714285714 0.006132756132756133
87 0.5076530612244898 0.18668831168831168 0.01020408163265306 0.011183261183261184
87 0.5076530612244898 0.2510822510822511 0.01020408163265306 0.011544011544011544
41 0.5135204081632653 0.13203463203463203 0.0005102040816326531 0.01948051948051948
41 0.44974489795918365 0.1782106782106782 0.0005102040816326531 0.01875901875901876
41 0.44974489795918365 0.25144300144300147 0.0005102040816326531 0.01875901875901876
24 0.4798469387755102 0.07557720057720058 0.010714285714285714 0.006132756132756133
26 0.4798469387755102 0.14303751803751805 0.010714285714285714 0.006132756132756133
41 0.48494897959183675 0.0661976911976912 0.0005102040816326531 0.016233766233766232
41 0.5543367346938776 0.18993506493506493 0.0005102040816326531 0.0183982683982684
24 0.5844387755102041 0.07557720057720058 0.010714285714285714 0.006132756132756133
26 0.5844387755102041 0.14303751803751805 0.010714285714285714 0.006132756132756133
41 0.5895408163265307 0.0661976911976912 0.0005102040816326531 0.016233766233766232
87 0.548469387755102 0.057900432900432904 0.01020408163265306 0.011183261183261184
87 0.548469387755102 0.12229437229437229 0.01020408163265306 0.011544011544011544
26 0.5494897959183673 0.20147907647907648 0.01020408163265306 0.006132756132756133
41 0.38035714285714284 0.13167388167388167 0.0005102040816326531 0.01875901875901876
41 0.38035714285714284 0.24567099567099568 0.0005102040816326531 0.024531024531024532
24 0.3951530612244898 0.25703463203463206 0.010714285714285714 0.006132756132756133
41 0.4002551020408163 0.24512987012987014 0.0005102040816326531 0.021284271284271284
41 0.34030612244897956 0.24206349206349206 0.0010204081632653062 0.021645021645021644
24 0.35535714285714287 0.25703463203463206 0.010714285714285714 0.006132756132756133
41 0.3604591836734694 0.24404761904761904 0.0005102040816326531 0.023448773448773448
24 0.4446428571428571 0.2628066378066378 0.010714285714285714 0.006132756132756133
24 0.3752551020408163 0.07557720057720058 0.010714285714285714 0.006132756132756133
26 0.3752551020408163 0.14303751803751805 0.010714285714285714 0.006132756132756133
87 0.37423469387755104 0.18668831168831168 0.010714285714285714 0.011183261183261184
26 0.3752551020408163 0.25992063492063494 0.010714285714285714 0.006132756132756133
41 0.38035714285714284 0.0661976911976912 0.0005102040816326531 0.016233766233766232
41 0.42372448979591837 0.2509018759018759 0.0005102040816326531 0.01479076479076479
47 0.425765306122449 0.25036075036075034 0.013775510204081633 0.013708513708513708
26 0.4204081632653061 0.25992063492063494 0.007142857142857143 0.003968253968253968
87 0.44362244897959185 0.05808080808080808 0.010714285714285714 0.011544011544011544
87 0.44362244897959185 0.12229437229437229 0.010714285714285714 0.011544011544011544
26 0.4446428571428571 0.18957431457431456 0.010714285714285714 0.006132756132756133
134 0.4997448979591837 0.39375901875901875 0.9045918367346939 0.024170274170274172
1 0.6489795918367347 0.5690836940836941 0.0163265306122449 0.0010822510822510823
1 0.6071428571428571 0.5690836940836941 0.0163265306122449 0.0010822510822510823
1 0.5841836734693877 0.5631313131313131 0.011224489795918367 0.0007215007215007215
1 0.5841836734693877 0.5690836940836941 0.011224489795918367 0.0010822510822510823
1 0.33979591836734696 0.604978354978355 0.0163265306122449 0.0007215007215007215
134 0.4997448979591837 0.5225468975468975 0.9045918367346939 0.024170274170274172
134 0.4997448979591837 0.4583333333333333 0.9045918367346939 0.024170274170274172
1 0.8714285714285714 0.47619047619047616 0.0163265306122449 0.0007215007215007215
1 0.7821428571428571 0.47619047619047616 0.0163265306122449 0.0007215007215007215
134 0.4997448979591837 0.5871212121212122 0.9045918367346939 0.024170274170274172
41 0.7869897959183674 0.46446608946608947 0.0005102040816326531 0.0183982683982684
26 0.8716836734693878 0.4027777777777778 0.010714285714285714 0.006132756132756133
41 0.7869897959183674 0.5171356421356421 0.0005102040816326531 0.0183982683982684
47 0.7913265306122449 0.4653679653679654 0.00816326530612245 0.01948051948051948
24 0.8716836734693878 0.476010101010101 0.010714285714285714 0.006132756132756133
41 0.7869897959183674 0.39574314574314573 0.0005102040816326531 0.015151515151515152
26 0.8716836734693878 0.5375180375180375 0.010714285714285714 0.005772005772005772
8 0.8028061224489796 0.5862193362193362 0.023979591836734693 0.021645021645021644
24 0.7821428571428571 0.5286796536796536 0.01020408163265306 0.006132756132756133
24 0.7821428571428571 0.476010101010101 0.01020408163265306 0.006132756132756133
41 0.8145408163265306 0.39790764790764793 0.0005102040816326531 0.017316017316017316
24 0.8344387755102041 0.40566378066378067 0.010714285714285714 0.006132756132756133
41 0.8392857142857143 0.3962842712842713 0.0010204081632653062 0.016233766233766232
86 0.8079081632653061 0.5229076479076479 0.009693877551020408 0.0183982683982684
86 0.8079081632653061 0.4583333333333333 0.009693877551020408 0.0183982683982684
26 0.809438775510204 0.4089105339105339 0.010714285714285714 0.006132756132756133
47 0.7913265306122449 0.5180375180375181 0.00816326530612245 0.01948051948051948
41 0.6441326530612245 0.5777417027417028 0.0005102040816326531 0.0183982683982684
40 0.6625 0.5661976911976911 0.004591836734693878 0.0025252525252525255
120 0.1336734693877551 0.5894660894660895 0.014285714285714285 0.002886002886002886
24 0.7821428571428571 0.40566378066378067 0.01020408163265306 0.006132756132756133
47 0.7645408163265306 0.3933982683982684 0.013775510204081633 0.013347763347763348
41 0.7627551020408163 0.3941197691197691 0.0010204081632653062 0.015512265512265512
26 0.7591836734693878 0.4027777777777778 0.007142857142857143 0.003968253968253968
84 0.7160714285714286 0.38997113997113997 0.015816326530612244 0.0036075036075036075
120 0.7698979591836734 0.41089466089466087 0.022448979591836733 0.005050505050505051
84 0.7160714285714286 0.5831529581529582 0.015816326530612244 0.003968253968253968
84 0.7160714285714286 0.5187590187590188 0.015816326530612244 0.0036075036075036075
84 0.7160714285714286 0.45436507936507936 0.015816326530612244 0.003968253968253968
84 0.6548469387755103 0.5187590187590188 0.015816326530612244 0.0036075036075036075
84 0.6548469387755103 0.45436507936507936 0.015816326530612244 0.003968253968253968
84 0.6548469387755103 0.38997113997113997 0.015816326530612244 0.0036075036075036075
120 0.5910714285714286 0.5708874458874459 0.015816326530612244 0.00468975468975469
121 0.813265306122449 0.3878066378066378 0.05204081632653061 0.0021645021645021645
84 0.7997448979591837 0.5831529581529582 0.015816326530612244 0.003968253968253968
121 0.9053571428571429 0.38492063492063494 0.05765306122448979 0.005772005772005772
84 0.3665816326530612 0.5187590187590188 0.015816326530612244 0.0036075036075036075
84 0.3665816326530612 0.45436507936507936 0.015816326530612244 0.003968253968253968
84 0.3665816326530612 0.38997113997113997 0.015816326530612244 0.0036075036075036075
120 0.29183673469387755 0.6044372294372294 0.022448979591836733 0.003968253968253968
121 0.275765306122449 0.5721500721500722 0.06377551020408163 0.005772005772005772
84 0.27168367346938777 0.5187590187590188 0.015816326530612244 0.0036075036075036075
84 0.27168367346938777 0.45436507936507936 0.015816326530612244 0.003968253968253968
84 0.27168367346938777 0.38997113997113997 0.015816326530612244 0.0036075036075036075
121 0.1719387755102041 0.601911976911977 0.05510204081632653 0.005411255411255411
121 0.3706632653061224 0.5835137085137085 0.05153061224489796 0.006854256854256854
84 0.4528061224489796 0.38997113997113997 0.015816326530612244 0.0036075036075036075
84 0.4528061224489796 0.45436507936507936 0.015816326530612244 0.003968253968253968
84 0.4528061224489796 0.5187590187590188 0.015816326530612244 0.0036075036075036075
121 0.45076530612244897 0.6020923520923521 0.05357142857142857 0.010101010101010102
84 0.5719387755102041 0.38997113997113997 0.015306122448979591 0.0036075036075036075
84 0.5719387755102041 0.45436507936507936 0.0163265306122449 0.003968253968253968
84 0.5719387755102041 0.5187590187590188 0.015306122448979591 0.0036075036075036075
121 0.5681122448979592 0.5954184704184704 0.06785714285714285 0.009018759018759018
41 0.8765306122448979 0.5266955266955267 0.0010204081632653062 0.01948051948051948
47 0.8808673469387756 0.5266955266955267 0.007653061224489796 0.01948051948051948
47 0.8811224489795918 0.4653679653679654 0.007142857142857143 0.01948051948051948
41 0.8765306122448979 0.465007215007215 0.0010204081632653062 0.01948051948051948
41 0.8765306122448979 0.39231601731601734 0.0010204081632653062 0.0183982683982684
59 0.9170918367346939 0.40566378066378067 0.007653061224489796 0.01984126984126984
41 0.934438775510204 0.39664502164502163 0.0005102040816326531 0.01984126984126984
26 0.9293367346938776 0.4089105339105339 0.010714285714285714 0.006132756132756133
41 0.9038265306122449 0.3943001443001443 0.0005102040816326531 0.01875901875901876
86 0.8971938775510204 0.5229076479076479 0.009693877551020408 0.0183982683982684
86 0.8974489795918368 0.4583333333333333 0.01020408163265306 0.0183982683982684
24 0.8987244897959183 0.40566378066378067 0.010714285714285714 0.006132756132756133
41 0.2683673469387755 0.5817099567099567 0.0010204081632653062 0.01984126984126984
24 0.26352040816326533 0.5928932178932179 0.010714285714285714 0.006132756132756133
24 0.2795918367346939 0.599025974025974 0.007142857142857143 0.003968253968253968
41 0.24362244897959184 0.579004329004329 0.0005102040816326531 0.017316017316017316
26 0.2385204081632653 0.590007215007215 0.010714285714285714 0.006132756132756133
41 0.3451530612244898 0.5945165945165946 0.0005102040816326531 0.017316017316017316
24 0.34005102040816326 0.6047979797979798 0.010714285714285714 0.006132756132756133
41 0.3076530612244898 0.584054834054834 0.0010204081632653062 0.020202020202020204
26 0.3028061224489796 0.5959595959595959 0.010714285714285714 0.005772005772005772
47 0.28520408163265304 0.5894660894660895 0.013265306122448979 0.013708513708513708
41 0.28341836734693876 0.5901875901875901 0.0005102040816326531 0.015873015873015872
8 0.07015306122448979 0.5874819624819625 0.03010204081632653 0.027056277056277056
67 0.09260204081632653 0.5225468975468975 0.007653061224489796 0.01984126984126984
67 0.10051020408163265 0.5133477633477633 0.007142857142857143 0.01948051948051948
67 0.10816326530612246 0.5254329004329005 0.007142857142857143 0.01984126984126984
6 0.0673469387755102 0.5223665223665224 0.025510204081632654 0.032467532467532464
67 0.0923469387755102 0.4550865800865801 0.007142857142857143 0.01984126984126984
67 0.10051020408163265 0.44606782106782106 0.007142857142857143 0.01984126984126984
67 0.10816326530612246 0.457972582972583 0.007142857142857143 0.01984126984126984
5 0.06683673469387755 0.45851370851370854 0.02346938775510204 0.051226551226551224
67 0.09260204081632653 0.39051226551226553 0.007653061224489796 0.01984126984126984
67 0.10051020408163265 0.3814935064935065 0.007142857142857143 0.01984126984126984
67 0.10816326530612246 0.39375901875901875 0.007142857142857143 0.01984126984126984
5 0.06683673469387755 0.3943001443001443 0.02346938775510204 0.051226551226551224
67 0.09260204081632653 0.5896464646464646 0.007653061224489796 0.01984126984126984
67 0.10051020408163265 0.5806277056277056 0.007142857142857143 0.01984126984126984
67 0.10816326530612246 0.5928932178932179 0.007142857142857143 0.01984126984126984
84 0.9015306122448979 0.5831529581529582 0.0163265306122449 0.003968253968253968
84 0.16505102040816327 0.5187590187590188 0.015816326530612244 0.0036075036075036075
84 0.16505102040816327 0.45436507936507936 0.015816326530612244 0.003968253968253968
84 0.16505102040816327 0.38997113997113997 0.015816326530612244 0.0036075036075036075
59 0.19183673469387755 0.5838744588744589 0.007142857142857143 0.01984126984126984
41 0.19923469387755102 0.5963203463203464 0.0005102040816326531 0.01443001443001443
24 0.20433673469387756 0.5871212121212122 0.010714285714285714 0.006132756132756133
41 0.16887755102040816 0.5932539682539683 0.0010204081632653062 0.016233766233766232
26 0.17372448979591837 0.584054834054834 0.010714285714285714 0.005772005772005772
41 0.1441326530612245 0.5916305916305916 0.0005102040816326531 0.016594516594516596
24 0.14923469387755103 0.5809884559884559 0.010714285714285714 0.006132756132756133
47 0.13163265306122449 0.5757575757575758 0.013265306122448979 0.013708513708513708
41 0.1298469387755102 0.5757575757575758 0.0005102040816326531 0.01443001443001443
26 0.12627551020408162 0.584054834054834 0.007653061224489796 0.004329004329004329
41 0.5344387755102041 0.5912698412698413 0.0005102040816326531 0.015151515151515152
7 0.5066326530612245 0.5809884559884559 0.02040816326530612 0.026334776334776336
24 0.5392857142857143 0.5809884559884559 0.01020408163265306 0.006132756132756133
41 0.4778061224489796 0.5876623376623377 0.0005102040816326531 0.020202020202020204
24 0.4826530612244898 0.5752164502164502 0.01020408163265306 0.006132756132756133
80 0.6487244897959183 0.5535714285714286 0.012755102040816327 0.016233766233766232
26 0.6489795918367347 0.5661976911976911 0.01020408163265306 0.006132756132756133
41 0.602295918367347 0.5800865800865801 0.0005102040816326531 0.023088023088023088
26 0.6071428571428571 0.5661976911976911 0.01020408163265306 0.006132756132756133
47 0.5895408163265307 0.5560966810966811 0.013775510204081633 0.013347763347763348
41 0.5877551020408164 0.5557359307359307 0.0010204081632653062 0.013347763347763348
24 0.5841836734693877 0.5631313131313131 0.007142857142857143 0.004329004329004329
41 0.5609693877551021 0.5865800865800865 0.0005102040816326531 0.01875901875901876
24 0.5660714285714286 0.5752164502164502 0.010714285714285714 0.006132756132756133
41 0.42397959183673467 0.5986652236652237 0.0010204081632653062 0.01406926406926407
26 0.4288265306122449 0.590007215007215 0.010714285714285714 0.006132756132756133
41 0.39668367346938777 0.5876623376623377 0.0005102040816326531 0.012987012987012988
26 0.39158163265306123 0.5959595959595959 0.010714285714285714 0.005772005772005772
41 0.37168367346938774 0.5901875901875901 0.0005102040816326531 0.012987012987012988
24 0.36683673469387756 0.599025974025974 0.01020408163265306 0.006132756132756133
26 0.4558673469387755 0.584054834054834 0.010714285714285714 0.005772005772005772
41 0.45076530612244897 0.5934343434343434 0.0005102040816326531 0.016594516594516596
134 0.4997448979591837 0.729978354978355 0.9045918367346939 0.024170274170274172
1 0.9048469387755103 0.9559884559884559 0.015816326530612244 0.0007215007215007215
1 0.4767857142857143 0.9559884559884559 0.015816326530612244 0.0007215007215007215
1 0.23316326530612244 0.9559884559884559 0.0163265306122449 0.0007215007215007215
134 0.4997448979591837 0.9381313131313131 0.9045918367346939 0.024170274170274172
1 0.8673469387755102 0.8122294372294372 0.0163265306122449 0.0010822510822510823
1 0.7803571428571429 0.8122294372294372 0.015816326530612244 0.0010822510822510823
1 0.7043367346938776 0.8122294372294372 0.015816326530612244 0.0010822510822510823
1 0.6135204081632653 0.8122294372294372 0.015816326530612244 0.0010822510822510823
1 0.5142857142857142 0.8122294372294372 0.0163265306122449 0.0010822510822510823
1 0.5142857142857142 0.8181818181818182 0.0163265306122449 0.0007215007215007215
1 0.4303571428571429 0.8122294372294372 0.01479591836734694 0.0010822510822510823
1 0.3318877551020408 0.8122294372294372 0.01479591836734694 0.0010822510822510823
1 0.23392857142857143 0.8122294372294372 0.01479591836734694 0.0010822510822510823
1 0.13877551020408163 0.8122294372294372 0.0163265306122449 0.0010822510822510823
134 0.4997448979591837 0.8587662337662337 0.9045918367346939 0.024170274170274172
1 0.8673469387755102 0.7478354978354979 0.0163265306122449 0.0007215007215007215
1 0.8673469387755102 0.7537878787878788 0.0163265306122449 0.0010822510822510823
1 0.7803571428571429 0.7478354978354979 0.015816326530612244 0.0007215007215007215
1 0.7803571428571429 0.7537878787878788 0.015816326530612244 0.0010822510822510823
1 0.7043367346938776 0.7478354978354979 0.015816326530612244 0.0007215007215007215
1 0.7043367346938776 0.7537878787878788 0.015816326530612244 0.0010822510822510823
1 0.6665816326530613 0.7478354978354979 0.015816326530612244 0.0007215007215007215
1 0.6413265306122449 0.7478354978354979 0.0163265306122449 0.0007215007215007215
1 0.13877551020408163 0.7478354978354979 0.0163265306122449 0.0007215007215007215
134 0.4997448979591837 0.7941919191919192 0.9045918367346939 0.024170274170274172
24 0.7043367346938776 0.7537878787878788 0.010714285714285714 0.006132756132756133
26 0.6665816326530613 0.7509018759018758 0.010714285714285714 0.006132756132756133
41 0.6716836734693877 0.7404401154401155 0.0005102040816326531 0.0183982683982684
41 0.7094387755102041 0.7413419913419913 0.0005102040816326531 0.022366522366522368
24 0.7043367346938776 0.8122294372294372 0.010714285714285714 0.006132756132756133
93 0.7043367346938776 0.7721861471861472 0.008673469387755102 0.011904761904761904
26 0.7043367346938776 0.8735569985569985 0.010714285714285714 0.006132756132756133
93 0.7043367346938776 0.8367604617604618 0.008673469387755102 0.011904761904761904
24 0.6413265306122449 0.7476551226551227 0.01020408163265306 0.006132756132756133
86 0.639795918367347 0.7945526695526696 0.01020408163265306 0.0183982683982684
86 0.6400510204081633 0.8589466089466089 0.009693877551020408 0.018037518037518036
41 0.6461734693877551 0.738997113997114 0.0005102040816326531 0.015512265512265512
121 0.6451530612244898 0.7297979797979798 0.052551020408163264 0.004329004329004329
84 0.7244897959183674 0.9343434343434344 0.015306122448979591 0.0036075036075036075
86 0.7306122448979592 0.729978354978355 0.01020408163265306 0.0183982683982684
86 0.7306122448979592 0.7945526695526696 0.01020408163265306 0.0183982683982684
47 0.7135204081632653 0.7400793650793651 0.007653061224489796 0.01984126984126984
41 0.7094387755102041 0.8012265512265512 0.0005102040816326531 0.01948051948051948
47 0.7135204081632653 0.8015873015873016 0.007653061224489796 0.01948051948051948
84 0.6369897959183674 0.9343434343434344 0.015816326530612244 0.0036075036075036075
41 0.7094387755102041 0.8625541125541125 0.0005102040816326531 0.01948051948051948
47 0.7135204081632653 0.862914862914863 0.007653061224489796 0.01948051948051948
24 0.5670918367346939 0.7418831168831169 0.010714285714285714 0.006132756132756133
41 0.5721938775510204 0.7323232323232324 0.0005102040816326531 0.016594516594516596
121 0.2545918367346939 0.7449494949494949 0.053061224489795916 0.005772005772005772
26 0.5420918367346939 0.738997113997114 0.010714285714285714 0.006132756132756133
86 0.5405612244897959 0.7945526695526696 0.009693877551020408 0.0183982683982684
86 0.5405612244897959 0.8587662337662337 0.009693877551020408 0.0183982683982684
86 0.5405612244897959 0.9383116883116883 0.009693877551020408 0.01875901875901876
41 0.5471938775510204 0.7301587301587301 0.0005102040816326531 0.015151515151515152
121 0.36147959183673467 0.7204184704184704 0.050510204081632655 0.006493506493506494
84 0.3528061224489796 0.9343434343434344 0.015816326530612244 0.0036075036075036075
41 0.6186224489795918 0.8621933621933622 0.0005102040816326531 0.01875901875901876
47 0.622704081632653 0.862914862914863 0.007653061224489796 0.01948051948051948
86 0.7306122448979592 0.8587662337662337 0.01020408163265306 0.0183982683982684
121 0.5459183673469388 0.7209595959595959 0.053061224489795916 0.005411255411255411
26 0.6135204081632653 0.7447691197691197 0.010714285714285714 0.006132756132756133
24 0.6135204081632653 0.8122294372294372 0.010714285714285714 0.006132756132756133
26 0.6135204081632653 0.8735569985569985 0.010714285714285714 0.006132756132756133
41 0.6186224489795918 0.7362914862914863 0.0005102040816326531 0.01443001443001443
59 0.6010204081632653 0.7415223665223665 0.007142857142857143 0.01984126984126984
41 0.6186224489795918 0.8012265512265512 0.0005102040816326531 0.01948051948051948
47 0.622704081632653 0.8015873015873016 0.007653061224489796 0.01948051948051948
40 0.8808673469387756 0.8091630591630592 0.004591836734693878 0.002886002886002886
41 0.8721938775510204 0.8006854256854257 0.0005102040816326531 0.0183982683982684
40 0.8808673469387756 0.8737373737373737 0.004591836734693878 0.002886002886002886
41 0.8721938775510204 0.862012987012987 0.0005102040816326531 0.0183982683982684
41 0.8721938775510204 0.7408008658008658 0.0005102040816326531 0.021284271284271284
24 0.8673469387755102 0.8122294372294372 0.01020408163265306 0.006132756132756133
26 0.8673469387755102 0.8735569985569985 0.01020408163265306 0.006132756132756133
86 0.8655612244897959 0.9384920634920635 0.009693877551020408 0.0183982683982684
40 0.8808673469387756 0.7507215007215007 0.004591836734693878 0.002886002886002886
16 0.940561224489796 0.9314574314574314 0.01173469387755102 0.013708513708513708
16 0.940561224489796 0.9455266955266955 0.01173469387755102 0.013708513708513708
47 0.9142857142857143 0.9365079365079365 0.007142857142857143 0.01948051948051948
16 0.940561224489796 0.7231240981240982 0.01173469387755102 0.013347763347763348
16 0.940561224489796 0.7371933621933622 0.01173469387755102 0.013347763347763348
16 0.940561224489796 0.7875180375180375 0.01173469387755102 0.013708513708513708
16 0.940561224489796 0.8015873015873016 0.01173469387755102 0.013708513708513708
16 0.940561224489796 0.851911976911977 0.01173469387755102 0.013347763347763348
16 0.940561224489796 0.865981240981241 0.01173469387755102 0.013347763347763348
41 0.9099489795918367 0.9402958152958153 0.0005102040816326531 0.027777777777777776
24 0.8673469387755102 0.7537878787878788 0.01020408163265306 0.006132756132756133
24 0.9048469387755103 0.9561688311688312 0.010714285714285714 0.006132756132756133
26 0.9048469387755103 0.9471500721500722 0.010714285714285714 0.006132756132756133
80 0.9048469387755103 0.88510101010101 0.012755102040816327 0.016233766233766232
47 0.789795918367347 0.7402597402597403 0.007142857142857143 0.01948051948051948
41 0.7854591836734693 0.8008658008658008 0.0005102040816326531 0.01875901875901876
41 0.7854591836734693 0.740981240981241 0.0005102040816326531 0.021645021645021644
47 0.7895408163265306 0.8015873015873016 0.007653061224489796 0.01948051948051948
41 0.7854591836734693 0.8621933621933622 0.0005102040816326531 0.01875901875901876
47 0.7895408163265306 0.862914862914863 0.007653061224489796 0.01948051948051948
84 0.8058673469387755 0.9343434343434344 0.015816326530612244 0.0036075036075036075
24 0.7803571428571429 0.7537878787878788 0.010714285714285714 0.006132756132756133
24 0.7803571428571429 0.8122294372294372 0.010714285714285714 0.006132756132756133
26 0.7803571428571429 0.8735569985569985 0.010714285714285714 0.006132756132756133
87 0.8071428571428572 0.8589466089466089 0.01020408163265306 0.011544011544011544
87 0.8313775510204081 0.8589466089466089 0.010714285714285714 0.011544011544011544
86 0.8066326530612244 0.729978354978355 0.01020408163265306 0.0183982683982684
86 0.8063775510204082 0.7945526695526696 0.009693877551020408 0.0183982683982684
47 0.24260204081632653 0.8569624819624819 0.007653061224489796 0.01984126984126984
41 0.23801020408163265 0.9446248196248196 0.0005102040816326531 0.0183982683982684
47 0.2423469387755102 0.9455266955266955 0.00816326530612245 0.01948051948051948
41 0.23801020408163265 0.8562409812409812 0.0005102040816326531 0.0183982683982684
41 0.23801020408163265 0.8006854256854257 0.0005102040816326531 0.0183982683982684
41 0.2280612244897959 0.7353896103896104 0.0010204081632653062 0.01479076479076479
47 0.2423469387755102 0.8015873015873016 0.00816326530612245 0.01948051948051948
63 0.21989795918367347 0.8113275613275613 0.009183673469387756 0.024531024531024532
26 0.28622448979591836 0.7328643578643579 0.01020408163265306 0.006132756132756133
41 0.2811224489795918 0.7402597402597403 0.0010204081632653062 0.012265512265512266
24 0.3311224489795918 0.7357503607503607 0.01020408163265306 0.006132756132756133
24 0.3311224489795918 0.8122294372294372 0.01020408163265306 0.006132756132756133
26 0.3311224489795918 0.8676046176046176 0.01020408163265306 0.005772005772005772
41 0.33596938775510204 0.7265512265512265 0.0005102040816326531 0.016594516594516596
41 0.33596938775510204 0.8012265512265512 0.0005102040816326531 0.01948051948051948
24 0.26096938775510203 0.729978354978355 0.010714285714285714 0.006132756132756133
86 0.25943877551020406 0.7943722943722944 0.009693877551020408 0.01875901875901876
86 0.25943877551020406 0.8587662337662337 0.009693877551020408 0.0183982683982684
86 0.25943877551020406 0.9383116883116883 0.009693877551020408 0.01875901875901876
41 0.2558673469387755 0.737914862914863 0.0005102040816326531 0.013347763347763348
24 0.2329081632653061 0.9561688311688312 0.010714285714285714 0.006132756132756133
6 0.0673469387755102 0.8584054834054834 0.025510204081632654 0.032106782106782104
67 0.0923469387755102 0.8584054834054834 0.007142857142857143 0.01984126984126984
67 0.10051020408163265 0.8493867243867244 0.007142857142857143 0.01984126984126984
67 0.10816326530612246 0.8612914862914863 0.007142857142857143 0.01984126984126984
8 0.07015306122448979 0.9388528138528138 0.03010204081632653 0.027056277056277056
67 0.0923469387755102 0.941017316017316 0.007142857142857143 0.01984126984126984
67 0.10051020408163265 0.931998556998557 0.007142857142857143 0.01984126984126984
67 0.10816326530612246 0.9439033189033189 0.007142857142857143 0.01984126984126984
67 0.09260204081632653 0.7911255411255411 0.007653061224489796 0.020202020202020204
67 0.10051020408163265 0.7821067821067821 0.007142857142857143 0.01948051948051948
67 0.10816326530612246 0.7941919191919192 0.007142857142857143 0.01984126984126984
24 0.13877551020408163 0.7476551226551227 0.01020408163265306 0.006132756132756133
24 0.13903061224489796 0.8122294372294372 0.010714285714285714 0.006132756132756133
24 0.13903061224489796 0.8526334776334776 0.010714285714285714 0.006132756132756133
86 0.1375 0.9383116883116883 0.009693877551020408 0.01875901875901876
41 0.14387755102040817 0.737012987012987 0.0010204081632653062 0.01948051948051948
47 0.14821428571428572 0.737012987012987 0.007653061224489796 0.01948051948051948
5 0.06683673469387755 0.7303391053391053 0.02346938775510204 0.050865800865800864
67 0.0923469387755102 0.7267316017316018 0.007142857142857143 0.01984126984126984
67 0.10051020408163265 0.7177128427128427 0.007142857142857143 0.01984126984126984
67 0.10816326530612246 0.7296176046176046 0.007142857142857143 0.01984126984126984
5 0.06683673469387755 0.7947330447330447 0.02346938775510204 0.051226551226551224
26 0.18596938775510205 0.9471500721500722 0.010714285714285714 0.006132756132756133
41 0.19107142857142856 0.9361471861471862 0.0005102040816326531 0.01948051948051948
47 0.1951530612244898 0.9365079365079365 0.007653061224489796 0.01948051948051948
26 0.2329081632653061 0.726911976911977 0.010714285714285714 0.005772005772005772
24 0.2329081632653061 0.8122294372294372 0.010714285714285714 0.006132756132756133
26 0.2329081632653061 0.8676046176046176 0.010714285714285714 0.005772005772005772
53 0.14005102040816325 0.8636363636363636 0.010714285714285714 0.01875901875901876
41 0.14387755102040817 0.8012265512265512 0.0010204081632653062 0.01948051948051948
47 0.14821428571428572 0.8015873015873016 0.007653061224489796 0.01948051948051948
41 0.13392857142857142 0.8636363636363636 0.0005102040816326531 0.01948051948051948
86 0.16505102040816327 0.729978354978355 0.009693877551020408 0.0183982683982684
86 0.16505102040816327 0.7945526695526696 0.009693877551020408 0.0183982683982684
86 0.16505102040816327 0.8587662337662337 0.009693877551020408 0.0183982683982684
86 0.4561224489795918 0.7301587301587301 0.01020408163265306 0.018037518037518036
86 0.4561224489795918 0.7945526695526696 0.01020408163265306 0.0183982683982684
86 0.4561224489795918 0.8587662337662337 0.01020408163265306 0.0183982683982684
63 0.41658163265306125 0.8113275613275613 0.008673469387755102 0.024531024531024532
47 0.4392857142857143 0.8569624819624819 0.007142857142857143 0.01984126984126984
47 0.5237244897959183 0.862914862914863 0.007653061224489796 0.01948051948051948
41 0.5191326530612245 0.8051948051948052 0.0005102040816326531 0.021645021645021644
47 0.523469387755102 0.8044733044733045 0.00816326530612245 0.01948051948051948
41 0.5191326530612245 0.862012987012987 0.0005102040816326531 0.0183982683982684
41 0.5191326530612245 0.9356060606060606 0.0005102040816326531 0.0183982683982684
47 0.523469387755102 0.9365079365079365 0.00816326530612245 0.01948051948051948
26 0.5142857142857142 0.8735569985569985 0.01020408163265306 0.006132756132756133
24 0.4767857142857143 0.9561688311688312 0.010714285714285714 0.006132756132756133
41 0.4818877551020408 0.9451659451659452 0.0005102040816326531 0.01948051948051948
47 0.48622448979591837 0.9455266955266955 0.00816326530612245 0.01948051948051948
24 0.5142857142857142 0.7357503607503607 0.01020408163265306 0.006132756132756133
24 0.5142857142857142 0.8181818181818182 0.01020408163265306 0.005772005772005772
41 0.43494897959183676 0.8562409812409812 0.0005102040816326531 0.0183982683982684
26 0.5142857142857142 0.9471500721500722 0.01020408163265306 0.006132756132756133
41 0.5191326530612245 0.7270923520923521 0.0005102040816326531 0.015512265512265512
26 0.35892857142857143 0.738997113997114 0.010714285714285714 0.006132756132756133
86 0.35739795918367345 0.7945526695526696 0.009693877551020408 0.0183982683982684
86 0.35739795918367345 0.8587662337662337 0.009693877551020408 0.0183982683982684
41 0.36403061224489797 0.7292568542568543 0.0005102040816326531 0.016955266955266956
47 0.34030612244897956 0.8015873015873016 0.00816326530612245 0.01948051948051948
63 0.31785714285714284 0.8113275613275613 0.009183673469387756 0.024531024531024532
41 0.33596938775510204 0.8567821067821068 0.0005102040816326531 0.01948051948051948
47 0.34030612244897956 0.8569624819624819 0.00816326530612245 0.01984126984126984
24 0.4298469387755102 0.7418831168831169 0.010714285714285714 0.006132756132756133
24 0.4298469387755102 0.8122294372294372 0.010714285714285714 0.006132756132756133
86 0.42831632653061225 0.9384920634920635 0.009693877551020408 0.0183982683982684
41 0.43494897959183676 0.7308802308802309 0.0005102040816326531 0.01948051948051948
47 0.439030612244898 0.7312409812409812 0.007653061224489796 0.01948051948051948
26 0.4298469387755102 0.8676046176046176 0.010714285714285714 0.005772005772005772
41 0.43494897959183676 0.8012265512265512 0.0005102040816326531 0.01948051948051948
47 0.439030612244898 0.8015873015873016 0.007653061224489796 0.01948051948051948
41 0.38698979591836735 0.7328643578643579 0.0005102040816326531 0.01984126984126984
26 0.3818877551020408 0.7447691197691197 0.010714285714285714 0.006132756132756133
