134 0.4997448979591837 0.057900432900432904 0.9045918367346939 0.024170274170274172
1 0.9303571428571429 0.1406926406926407 0.012755102040816327 0.0007215007215007215
1 0.9303571428571429 0.14664502164502163 0.012755102040816327 0.0010822510822510823
1 0.8997448979591837 0.1406926406926407 0.012755102040816327 0.0007215007215007215
1 0.8997448979591837 0.14664502164502163 0.012755102040816327 0.0010822510822510823
1 0.8224489795918367 0.1406926406926407 0.012244897959183673 0.0007215007215007215
1 0.8224489795918367 0.14664502164502163 0.012244897959183673 0.0010822510822510823
1 0.7918367346938775 0.1406926406926407 0.012244897959183673 0.0007215007215007215
1 0.7918367346938775 0.14664502164502163 0.012244897959183673 0.0010822510822510823
1 0.7091836734693877 0.1406926406926407 0.012244897959183673 0.0007215007215007215
1 0.7091836734693877 0.14664502164502163 0.012244897959183673 0.0010822510822510823
1 0.6780612244897959 0.1406926406926407 0.012244897959183673 0.0007215007215007215
1 0.6780612244897959 0.14664502164502163 0.012244897959183673 0.0010822510822510823
1 0.5936224489795918 0.1406926406926407 0.012755102040816327 0.0007215007215007215
1 0.5635204081632653 0.1406926406926407 0.01173469387755102 0.0007215007215007215
1 0.488265306122449 0.1406926406926407 0.012244897959183673 0.0007215007215007215
1 0.4576530612244898 0.1406926406926407 0.012244897959183673 0.0007215007215007215
1 0.3653061224489796 0.1406926406926407 0.012244897959183673 0.0007215007215007215
1 0.32602040816326533 0.1406926406926407 0.012244897959183673 0.0007215007215007215
1 0.2239795918367347 0.1406926406926407 0.012244897959183673 0.0007215007215007215
1 0.1846938775510204 0.1406926406926407 0.012244897959183673 0.0007215007215007215
1 0.8224489795918367 0.23466810966810966 0.012244897959183673 0.0010822510822510823
1 0.7920918367346939 0.23466810966810966 0.01173469387755102 0.0010822510822510823
1 0.7553571428571428 0.2287157287157287 0.012755102040816327 0.0007215007215007215
1 0.7553571428571428 0.23466810966810966 0.012755102040816327 0.0010822510822510823
1 0.7091836734693877 0.23466810966810966 0.012244897959183673 0.0010822510822510823
1 0.14795918367346939 0.23466810966810966 0.012244897959183673 0.0010822510822510823
134 0.4997448979591837 0.2527056277056277 0.9045918367346939 0.024170274170274172
134 0.4997448979591837 0.18777056277056278 0.9045918367346939 0.024170274170274172
134 0.4997448979591837 0.12283549783549784 0.9045918367346939 0.024170274170274172
1 0.9303571428571429 0.07575757575757576 0.012755102040816327 0.0007215007215007215
1 0.8997448979591837 0.07575757575757576 0.012755102040816327 0.0007215007215007215
1 0.8224489795918367 0.07575757575757576 0.012244897959183673 0.0007215007215007215
1 0.7918367346938775 0.07575757575757576 0.012244897959183673 0.0007215007215007215
1 0.7091836734693877 0.07575757575757576 0.012244897959183673 0.0007215007215007215
1 0.6780612244897959 0.07575757575757576 0.012244897959183673 0.0007215007215007215
1 0.5936224489795918 0.07575757575757576 0.012755102040816327 0.0007215007215007215
1 0.5635204081632653 0.07575757575757576 0.01173469387755102 0.0007215007215007215
1 0.488265306122449 0.07575757575757576 0.012244897959183673 0.0007215007215007215
1 0.45790816326530615 0.07575757575757576 0.01173469387755102 0.0007215007215007215
1 0.3653061224489796 0.07575757575757576 0.012244897959183673 0.0007215007215007215
1 0.32627551020408163 0.07575757575757576 0.01173469387755102 0.0007215007215007215
1 0.2239795918367347 0.07575757575757576 0.012244897959183673 0.0007215007215007215
1 0.18494897959183673 0.07575757575757576 0.01173469387755102 0.0007215007215007215
26 0.7918367346938775 0.23178210678210678 0.00816326530612245 0.005411255411255411
41 0.674234693877551 0.2528860028860029 0.0005102040816326531 0.01443001443001443
41 0.7053571428571429 0.24621212121212122 0.0005102040816326531 0.01984126984126984
87 0.7548469387755102 0.057900432900432904 0.007653061224489796 0.00974025974025974
87 0.7548469387755102 0.12283549783549784 0.007653061224489796 0.00974025974025974
41 0.7130102040816326 0.134018759018759 0.0005102040816326531 0.022005772005772004
41 0.7130102040816326 0.06601731601731602 0.0005102040816326531 0.015873015873015872
24 0.7091836734693877 0.23466810966810966 0.00816326530612245 0.005411255411255411
41 0.7130102040816326 0.1919191919191919 0.0005102040816326531 0.018037518037518036
26 0.7091836734693877 0.20256132756132755 0.00816326530612245 0.005411255411255411
24 0.7091836734693877 0.14664502164502163 0.00816326530612245 0.005411255411255411
24 0.7091836734693877 0.07575757575757576 0.00816326530612245 0.005772005772005772
41 0.7515306122448979 0.24116161616161616 0.0010204081632653062 0.022727272727272728
24 0.7918367346938775 0.07575757575757576 0.00816326530612245 0.005772005772005772
24 0.7918367346938775 0.14664502164502163 0.00816326530612245 0.005411255411255411
26 0.7918367346938775 0.20256132756132755 0.00816326530612245 0.005411255411255411
24 0.7551020408163265 0.2287157287157287 0.00816326530612245 0.005772005772005772
87 0.7548469387755102 0.18777056277056278 0.007653061224489796 0.00974025974025974
24 0.6283163265306122 0.2527056277056277 0.005612244897959183 0.003968253968253968
41 0.6308673469387756 0.24422799422799424 0.0005102040816326531 0.015151515151515152
47 0.6329081632653061 0.24025974025974026 0.005612244897959183 0.006493506493506494
24 0.5938775510204082 0.07575757575757576 0.00816326530612245 0.005772005772005772
120 0.13520408163265307 0.24296536796536797 0.012244897959183673 0.0025252525252525255
63 0.5520408163265306 0.07557720057720058 0.007142857142857143 0.01479076479076479
41 0.5665816326530613 0.1322150072150072 0.0005102040816326531 0.0183982683982684
61 0.5525510204081633 0.14339826839826839 0.006122448979591836 0.015512265512265512
26 0.5936224489795918 0.14357864357864358 0.007653061224489796 0.005772005772005772
87 0.5933673469387755 0.18777056277056278 0.007142857142857143 0.00974025974025974
41 0.5974489795918367 0.06637806637806638 0.0010204081632653062 0.016594516594516596
41 0.5974489795918367 0.13293650793650794 0.0010204081632653062 0.01984126984126984
41 0.6436224489795919 0.25811688311688313 0.0005102040816326531 0.012626262626262626
24 0.6780612244897959 0.07575757575757576 0.00816326530612245 0.005772005772005772
24 0.6780612244897959 0.14664502164502163 0.00816326530612245 0.005411255411255411
26 0.6780612244897959 0.20256132756132755 0.00816326530612245 0.005411255411255411
26 0.6780612244897959 0.24368686868686867 0.00816326530612245 0.005411255411255411
41 0.6818877551020408 0.06691919191919192 0.0005102040816326531 0.015512265512265512
41 0.6818877551020408 0.1349206349206349 0.0005102040816326531 0.021645021645021644
41 0.6818877551020408 0.193001443001443 0.0005102040816326531 0.017316017316017316
26 0.6471938775510204 0.24963924963924963 0.007653061224489796 0.005772005772005772
87 0.6469387755102041 0.057900432900432904 0.007142857142857143 0.00974025974025974
87 0.6469387755102041 0.12283549783549784 0.007142857142857143 0.00974025974025974
87 0.6469387755102041 0.18777056277056278 0.007142857142857143 0.00974025974025974
41 0.9339285714285714 0.1341991341991342 0.0005102040816326531 0.020202020202020204
41 0.9339285714285714 0.19246031746031747 0.0005102040816326531 0.016233766233766232
41 0.9339285714285714 0.06637806637806638 0.0005102040816326531 0.01443001443001443
41 0.9267857142857143 0.2545093795093795 0.0005102040816326531 0.017676767676767676
41 0.9033163265306122 0.13365800865800867 0.0005102040816326531 0.021284271284271284
41 0.9033163265306122 0.19173881673881674 0.0005102040816326531 0.017676767676767676
41 0.8961734693877551 0.25144300144300147 0.0005102040816326531 0.017316017316017316
24 0.9303571428571429 0.07575757575757576 0.007653061224489796 0.005772005772005772
24 0.9303571428571429 0.14664502164502163 0.007653061224489796 0.005411255411255411
26 0.9303571428571429 0.20256132756132755 0.007653061224489796 0.005411255411255411
26 0.9303571428571429 0.24368686868686867 0.007653061224489796 0.005411255411255411
121 0.47653061224489796 0.12265512265512266 0.030612244897959183 0.0021645021645021645
121 0.7852040816326531 0.25306637806637805 0.0673469387755102 0.003246753246753247
121 0.6971938775510204 0.1829004329004329 0.031122448979591835 0.0021645021645021645
121 0.6971938775510204 0.12265512265512266 0.031122448979591835 0.0021645021645021645
121 0.6971938775510204 0.05772005772005772 0.031122448979591835 0.0021645021645021645
121 0.6744897959183673 0.2615440115440115 0.06224489795918367 0.010101010101010102
120 0.6380102040816327 0.2584776334776335 0.018877551020408164 0.00468975468975469
121 0.5821428571428572 0.12265512265512266 0.030612244897959183 0.0021645021645021645
121 0.5821428571428572 0.05772005772005772 0.030612244897959183 0.0021645021645021645
84 0.5653061224489796 0.2483766233766234 0.011224489795918367 0.003246753246753247
121 0.8107142857142857 0.05772005772005772 0.030612244897959183 0.0021645021645021645
121 0.47653061224489796 0.05772005772005772 0.030612244897959183 0.0021645021645021645
120 0.41862244897959183 0.2691197691197691 0.01479591836734694 0.004329004329004329
121 0.3494897959183674 0.12265512265512266 0.03877551020408163 0.0021645021645021645
121 0.3494897959183674 0.05772005772005772 0.03877551020408163 0.0021645021645021645
121 0.33418367346938777 0.2326839826839827 0.10918367346938776 0.007936507936507936
121 0.33418367346938777 0.23773448773448774 0.10714285714285714 0.007936507936507936
121 0.20790816326530612 0.12265512265512266 0.039285714285714285 0.0021645021645021645
121 0.20790816326530612 0.05772005772005772 0.039285714285714285 0.0021645021645021645
121 0.21020408163265306 0.25757575757575757 0.05714285714285714 0.006493506493506494
121 0.19209183673469388 0.261002886002886 0.09540816326530613 0.009018759018759018
121 0.9188775510204081 0.1829004329004329 0.030612244897959183 0.0021645021645021645
121 0.9188775510204081 0.12265512265512266 0.030612244897959183 0.0021645021645021645
121 0.9188775510204081 0.05772005772005772 0.030612244897959183 0.0021645021645021645
121 0.8961734693877551 0.2615440115440115 0.060714285714285714 0.005772005772005772
121 0.8107142857142857 0.1829004329004329 0.030612244897959183 0.0021645021645021645
121 0.8107142857142857 0.12265512265512266 0.030612244897959183 0.0021645021645021645
26 0.8224489795918367 0.20256132756132755 0.00816326530612245 0.005411255411255411
24 0.8224489795918367 0.23466810966810966 0.00816326530612245 0.005411255411255411
41 0.8262755102040816 0.06601731601731602 0.0005102040816326531 0.015873015873015872
41 0.8262755102040816 0.13383838383838384 0.0005102040816326531 0.021645021645021644
24 0.8224489795918367 0.14664502164502163 0.00816326530612245 0.005411255411255411
41 0.8262755102040816 0.19227994227994227 0.0005102040816326531 0.01875901875901876
41 0.8186224489795918 0.24458874458874458 0.0005102040816326531 0.018037518037518036
41 0.7956632653061224 0.13437950937950938 0.0005102040816326531 0.022727272727272728
41 0.7956632653061224 0.19227994227994227 0.0005102040816326531 0.01875901875901876
87 0.8691326530612244 0.057900432900432904 0.007653061224489796 0.00974025974025974
41 0.7880102040816327 0.2427849927849928 0.0005102040816326531 0.020202020202020204
59 0.7806122448979592 0.2296176046176046 0.007142857142857143 0.013347763347763348
24 0.8224489795918367 0.07575757575757576 0.00816326530612245 0.005772005772005772
41 0.8655612244897959 0.24945887445887446 0.0005102040816326531 0.020562770562770564
24 0.8997448979591837 0.07575757575757576 0.007653061224489796 0.005772005772005772
24 0.8997448979591837 0.14664502164502163 0.007653061224489796 0.005411255411255411
26 0.8997448979591837 0.20256132756132755 0.007653061224489796 0.005411255411255411
24 0.8997448979591837 0.24062049062049062 0.007653061224489796 0.005772005772005772
41 0.9033163265306122 0.06637806637806638 0.0005102040816326531 0.016594516594516596
87 0.8691326530612244 0.12283549783549784 0.007653061224489796 0.00974025974025974
87 0.8691326530612244 0.18777056277056278 0.007653061224489796 0.00974025974025974
26 0.8693877551020408 0.23773448773448774 0.00816326530612245 0.005772005772005772
41 0.7956632653061224 0.06637806637806638 0.0005102040816326531 0.016594516594516596
24 0.24336734693877551 0.24657287157287158 0.00816326530612245 0.005411255411255411
41 0.23954081632653063 0.25595238095238093 0.0005102040816326531 0.016955266955266956
87 0.275765306122449 0.057900432900432904 0.007653061224489796 0.00974025974025974
87 0.275765306122449 0.12283549783549784 0.007653061224489796 0.00974025974025974
26 0.2760204081632653 0.20256132756132755 0.00816326530612245 0.005411255411255411
26 0.2760204081632653 0.24963924963924963 0.00816326530612245 0.005772005772005772
24 0.2239795918367347 0.07575757575757576 0.00816326530612245 0.005772005772005772
26 0.2239795918367347 0.14357864357864358 0.00816326530612245 0.005772005772005772
87 0.22372448979591836 0.18795093795093795 0.007653061224489796 0.010101010101010102
26 0.2239795918367347 0.24368686868686867 0.00816326530612245 0.005411255411255411
41 0.2278061224489796 0.06637806637806638 0.0005102040816326531 0.016594516594516596
41 0.2278061224489796 0.13293650793650794 0.0005102040816326531 0.01984126984126984
41 0.2201530612244898 0.2537878787878788 0.0005102040816326531 0.0183982683982684
26 0.32602040816326533 0.2555916305916306 0.00816326530612245 0.005411255411255411
24 0.3066326530612245 0.2527056277056277 0.00816326530612245 0.005411255411255411
41 0.31045918367346936 0.2417027417027417 0.0005102040816326531 0.020202020202020204
59 0.2951530612244898 0.25054112554112556 0.007653061224489796 0.013347763347763348
24 0.32602040816326533 0.07575757575757576 0.00816326530612245 0.005772005772005772
26 0.32602040816326533 0.14357864357864358 0.00816326530612245 0.005772005772005772
41 0.3298469387755102 0.06637806637806638 0.0005102040816326531 0.016594516594516596
63 0.31479591836734694 0.07557720057720058 0.007142857142857143 0.01479076479076479
41 0.3298469387755102 0.13293650793650794 0.0005102040816326531 0.01984126984126984
41 0.2798469387755102 0.19173881673881674 0.0005102040816326531 0.01984126984126984
41 0.2798469387755102 0.23953823953823955 0.0005102040816326531 0.01875901875901876
26 0.12831632653061226 0.23773448773448774 0.005612244897959183 0.0036075036075036075
67 0.0875 0.18867243867243869 0.007653061224489796 0.012987012987012988
67 0.09566326530612244 0.17965367965367965 0.007653061224489796 0.012987012987012988
67 0.10357142857142858 0.19155844155844157 0.007142857142857143 0.012987012987012988
8 0.06505102040816327 0.24927849927849927 0.020918367346938777 0.015151515151515152
67 0.0875 0.2564935064935065 0.007653061224489796 0.012987012987012988
67 0.09566326530612244 0.2474747474747475 0.007653061224489796 0.012987012987012988
67 0.10357142857142858 0.25955988455988455 0.007142857142857143 0.013347763347763348
6 0.0653061224489796 0.18759018759018758 0.02142857142857143 0.023088023088023088
41 0.1308673469387755 0.23033910533910534 0.0005102040816326531 0.013347763347763348
47 0.13316326530612244 0.2269119769119769 0.00510204081632653 0.006493506493506494
61 0.12040816326530612 0.23773448773448774 0.003061224489795918 0.005772005772005772
87 0.14770408163265306 0.057900432900432904 0.007653061224489796 0.00974025974025974
87 0.14770408163265306 0.12283549783549784 0.007653061224489796 0.00974025974025974
26 0.14795918367346939 0.19065656565656566 0.00816326530612245 0.005411255411255411
24 0.14795918367346939 0.23466810966810966 0.00816326530612245 0.005411255411255411
5 0.06505102040816327 0.05844155844155844 0.020918367346938777 0.03535353535353535
67 0.0875 0.055735930735930736 0.007653061224489796 0.013347763347763348
67 0.09540816326530613 0.046897546897546896 0.007142857142857143 0.012987012987012988
67 0.10357142857142858 0.0588023088023088 0.007142857142857143 0.012987012987012988
5 0.06505102040816327 0.12337662337662338 0.020918367346938777 0.03535353535353535
67 0.0875 0.12067099567099566 0.007653061224489796 0.013347763347763348
67 0.09540816326530613 0.11183261183261184 0.007142857142857143 0.012987012987012988
67 0.10357142857142858 0.12373737373737374 0.007142857142857143 0.012987012987012988
63 0.17346938775510204 0.07557720057720058 0.007142857142857143 0.01479076479076479
41 0.18852040816326532 0.13257575757575757 0.0005102040816326531 0.01911976911976912
41 0.18086734693877551 0.24981962481962483 0.0005102040816326531 0.020562770562770564
59 0.1732142857142857 0.23556998556998557 0.007653061224489796 0.012987012987012988
24 0.20408163265306123 0.24062049062049062 0.00816326530612245 0.005772005772005772
41 0.20051020408163264 0.25162337662337664 0.0010204081632653062 0.01984126984126984
41 0.15178571428571427 0.17983405483405485 0.0005102040816326531 0.01984126984126984
41 0.1441326530612245 0.24639249639249639 0.0005102040816326531 0.021645021645021644
24 0.1846938775510204 0.07575757575757576 0.00816326530612245 0.005772005772005772
26 0.1846938775510204 0.14357864357864358 0.00816326530612245 0.005772005772005772
26 0.1846938775510204 0.23773448773448774 0.00816326530612245 0.005772005772005772
41 0.18852040816326532 0.06637806637806638 0.0005102040816326531 0.016594516594516596
41 0.49209183673469387 0.06601731601731602 0.0005102040816326531 0.015873015873015872
63 0.44642857142857145 0.07557720057720058 0.007142857142857143 0.01479076479076479
41 0.4614795918367347 0.13257575757575757 0.0005102040816326531 0.01911976911976912
24 0.488265306122449 0.07575757575757576 0.00816326530612245 0.005772005772005772
26 0.488265306122449 0.14357864357864358 0.00816326530612245 0.005772005772005772
87 0.48801020408163265 0.18795093795093795 0.007653061224489796 0.010101010101010102
87 0.48801020408163265 0.2528860028860029 0.007653061224489796 0.010101010101010102
41 0.49209183673469387 0.13293650793650794 0.0005102040816326531 0.01984126984126984
41 0.43112244897959184 0.17965367965367965 0.0010204081632653062 0.01948051948051948
41 0.43112244897959184 0.2536075036075036 0.0010204081632653062 0.01948051948051948
24 0.4576530612244898 0.07575757575757576 0.00816326530612245 0.005772005772005772
26 0.4576530612244898 0.14357864357864358 0.00816326530612245 0.005772005772005772
41 0.4614795918367347 0.06637806637806638 0.0005102040816326531 0.016594516594516596
41 0.5364795918367347 0.1911976911976912 0.0005102040816326531 0.01875901875901876
24 0.5630102040816326 0.07575757575757576 0.007653061224489796 0.005772005772005772
26 0.5630102040816326 0.14357864357864358 0.007653061224489796 0.005772005772005772
41 0.5665816326530613 0.06637806637806638 0.0005102040816326531 0.016594516594516596
87 0.5326530612244897 0.057900432900432904 0.007142857142857143 0.00974025974025974
87 0.5326530612244897 0.12283549783549784 0.007142857142857143 0.00974025974025974
26 0.5329081632653061 0.20256132756132755 0.007653061224489796 0.005411255411255411
41 0.3691326530612245 0.1323953823953824 0.0005102040816326531 0.01875901875901876
41 0.3691326530612245 0.2472943722943723 0.0005102040816326531 0.024891774891774892
24 0.3852040816326531 0.25865800865800864 0.00816326530612245 0.005772005772005772
41 0.38877551020408163 0.24675324675324675 0.0010204081632653062 0.021645021645021644
41 0.3298469387755102 0.24368686868686867 0.0005102040816326531 0.022005772005772004
24 0.34591836734693876 0.25865800865800864 0.00816326530612245 0.005772005772005772
41 0.3497448979591837 0.24567099567099568 0.0005102040816326531 0.023809523809523808
24 0.4275510204081633 0.26461038961038963 0.00816326530612245 0.005411255411255411
24 0.3653061224489796 0.07575757575757576 0.00816326530612245 0.005772005772005772
26 0.3653061224489796 0.14357864357864358 0.00816326530612245 0.005772005772005772
87 0.3650510204081633 0.18777056277056278 0.007653061224489796 0.00974025974025974
26 0.3653061224489796 0.2615440115440115 0.00816326530612245 0.005772005772005772
41 0.3691326530612245 0.06637806637806638 0.0005102040816326531 0.016594516594516596
41 0.4145408163265306 0.2528860028860029 0.0005102040816326531 0.015873015873015872
47 0.4163265306122449 0.24855699855699856 0.00510204081632653 0.006493506493506494
26 0.411734693877551 0.2615440115440115 0.00510204081632653 0.0036075036075036075
87 0.4272959183673469 0.057900432900432904 0.007653061224489796 0.00974025974025974
87 0.4272959183673469 0.12283549783549784 0.007653061224489796 0.00974025974025974
26 0.4275510204081633 0.19065656565656566 0.00816326530612245 0.005411255411255411
134 0.4997448979591837 0.3991702741702742 0.9045918367346939 0.024170274170274172
1 0.6471938775510204 0.5761183261183261 0.012755102040816327 0.0007215007215007215
1 0.6025510204081632 0.5761183261183261 0.012244897959183673 0.0007215007215007215
1 0.5885204081632653 0.5701659451659452 0.008673469387755102 0.0010822510822510823
1 0.5885204081632653 0.5761183261183261 0.008673469387755102 0.0007215007215007215
1 0.33418367346938777 0.6118326118326118 0.012244897959183673 0.0007215007215007215
134 0.4997448979591837 0.5290404040404041 0.9045918367346939 0.024170274170274172
134 0.4997448979591837 0.46410533910533913 0.9045918367346939 0.024170274170274172
1 0.8683673469387755 0.481962481962482 0.012244897959183673 0.0007215007215007215
1 0.775765306122449 0.481962481962482 0.012755102040816327 0.0007215007215007215
134 0.4997448979591837 0.5939754689754689 0.9045918367346939 0.024170274170274172
41 0.7793367346938775 0.47059884559884557 0.0005102040816326531 0.0183982683982684
26 0.8683673469387755 0.4081890331890332 0.00816326530612245 0.005411255411255411
41 0.7793367346938775 0.5236291486291487 0.0005102040816326531 0.0183982683982684
47 0.7829081632653061 0.46464646464646464 0.0066326530612244895 0.006493506493506494
24 0.8683673469387755 0.48214285714285715 0.00816326530612245 0.005411255411255411
41 0.7793367346938775 0.4013347763347763 0.0005102040816326531 0.015512265512265512
26 0.8683673469387755 0.5440115440115441 0.00816326530612245 0.005772005772005772
8 0.8053571428571429 0.5903679653679653 0.01683673469387755 0.011904761904761904
24 0.7755102040816326 0.534992784992785 0.00816326530612245 0.005772005772005772
24 0.7755102040816326 0.48214285714285715 0.00816326530612245 0.005411255411255411
41 0.8058673469387755 0.4033189033189033 0.0005102040816326531 0.017316017316017316
24 0.8283163265306123 0.41125541125541126 0.007653061224489796 0.005772005772005772
41 0.8318877551020408 0.4024170274170274 0.0005102040816326531 0.015512265512265512
86 0.8012755102040816 0.5265151515151515 0.007653061224489796 0.01479076479076479
86 0.8012755102040816 0.4615800865800866 0.007653061224489796 0.01479076479076479
26 0.8020408163265306 0.41414141414141414 0.00816326530612245 0.005772005772005772
47 0.7829081632653061 0.5176767676767676 0.0066326530612244895 0.006493506493506494
41 0.6436224489795919 0.5845959595959596 0.0005102040816326531 0.0183982683982684
40 0.6571428571428571 0.5732323232323232 0.003061224489795918 0.0021645021645021645
120 0.1298469387755102 0.5965007215007215 0.017857142857142856 0.003246753246753247
24 0.7755102040816326 0.41125541125541126 0.00816326530612245 0.005772005772005772
47 0.7668367346938776 0.3943001443001443 0.004081632653061225 0.005050505050505051
41 0.764030612244898 0.3991702741702742 0.0005102040816326531 0.01479076479076479
26 0.7614795918367347 0.4081890331890332 0.005612244897959183 0.003968253968253968
84 0.7229591836734693 0.395021645021645 0.011224489795918367 0.002886002886002886
120 0.7676020408163265 0.4155844155844156 0.013775510204081633 0.004329004329004329
84 0.7229591836734693 0.5898268398268398 0.011224489795918367 0.002886002886002886
84 0.7229591836734693 0.5248917748917749 0.011224489795918367 0.002886002886002886
84 0.7229591836734693 0.45995670995670995 0.011224489795918367 0.002886002886002886
84 0.6596938775510204 0.5248917748917749 0.011224489795918367 0.002886002886002886
84 0.6596938775510204 0.45995670995670995 0.011224489795918367 0.002886002886002886
84 0.6596938775510204 0.395021645021645 0.011224489795918367 0.002886002886002886
120 0.5946428571428571 0.5775613275613276 0.013775510204081633 0.004329004329004329
121 0.8058673469387755 0.39321789321789324 0.052551020408163264 0.0021645021645021645
84 0.801530612244898 0.5898268398268398 0.011224489795918367 0.002886002886002886
121 0.9012755102040816 0.3903318903318903 0.058673469387755105 0.005772005772005772
84 0.36581632653061225 0.5248917748917749 0.011224489795918367 0.002886002886002886
84 0.36581632653061225 0.45995670995670995 0.011224489795918367 0.002886002886002886
84 0.36581632653061225 0.395021645021645 0.011224489795918367 0.002886002886002886
120 0.28622448979591836 0.6107503607503607 0.0163265306122449 0.0036075036075036075
121 0.2673469387755102 0.579004329004329 0.06020408163265306 0.005772005772005772
84 0.2683673469387755 0.5248917748917749 0.011224489795918367 0.002886002886002886
84 0.2683673469387755 0.45995670995670995 0.011224489795918367 0.002886002886002886
84 0.2683673469387755 0.395021645021645 0.011224489795918367 0.002886002886002886
121 0.16403061224489796 0.6089466089466089 0.05765306122448979 0.005772005772005772
121 0.3647959183673469 0.5903679653679653 0.05408163265306123 0.006854256854256854
84 0.45714285714285713 0.395021645021645 0.011224489795918367 0.002886002886002886
84 0.45714285714285713 0.45995670995670995 0.011224489795918367 0.002886002886002886
84 0.45714285714285713 0.5248917748917749 0.011224489795918367 0.002886002886002886
121 0.4530612244897959 0.6089466089466089 0.05612244897959184 0.010101010101010102
84 0.5739795918367347 0.395021645021645 0.011224489795918367 0.002886002886002886
84 0.5739795918367347 0.45995670995670995 0.011224489795918367 0.002886002886002886
84 0.5739795918367347 0.5248917748917749 0.011224489795918367 0.002886002886002886
121 0.5681122448979592 0.6024531024531025 0.06173469387755102 0.008658008658008658
41 0.8721938775510204 0.5333694083694084 0.0005102040816326531 0.01984126984126984
47 0.8755102040816326 0.5266955266955267 0.006122448979591836 0.006493506493506494
47 0.875765306122449 0.46464646464646464 0.005612244897959183 0.006493506493506494
41 0.8721938775510204 0.4713203463203463 0.0005102040816326531 0.01984126984126984
41 0.8721938775510204 0.39790764790764793 0.0005102040816326531 0.01875901875901876
59 0.9155612244897959 0.411976911976912 0.007653061224489796 0.012987012987012988
41 0.9306122448979591 0.4025974025974026 0.0010204081632653062 0.020923520923520924
26 0.9270408163265306 0.41414141414141414 0.00816326530612245 0.005772005772005772
41 0.8987244897959183 0.3998917748917749 0.0005102040816326531 0.01911976911976912
86 0.8938775510204081 0.5263347763347763 0.007142857142857143 0.015151515151515152
86 0.8938775510204081 0.4613997113997114 0.007142857142857143 0.015151515151515152
24 0.8948979591836734 0.4110750360750361 0.00816326530612245 0.005411255411255411
41 0.26352040816326533 0.5887445887445888 0.0005102040816326531 0.01948051948051948
24 0.2596938775510204 0.6001082251082251 0.00816326530612245 0.005411255411255411
24 0.27755102040816326 0.6060606060606061 0.00510204081632653 0.0036075036075036075
41 0.2375 0.5865800865800865 0.0005102040816326531 0.018037518037518036
26 0.2336734693877551 0.597041847041847 0.00816326530612245 0.005772005772005772
41 0.3377551020408163 0.601911976911977 0.0010204081632653062 0.017676767676767676
24 0.33418367346938777 0.612012987012987 0.00816326530612245 0.005411255411255411
41 0.29770408163265305 0.5910894660894661 0.0005102040816326531 0.01984126984126984
26 0.2938775510204082 0.602994227994228 0.00816326530612245 0.005411255411255411
47 0.2829081632653061 0.591991341991342 0.0035714285714285713 0.004329004329004329
41 0.2801020408163265 0.5974025974025974 0.0010204081632653062 0.015873015873015872
8 0.06505102040816327 0.5909090909090909 0.020918367346938777 0.015151515151515152
67 0.0875 0.5299422799422799 0.007653061224489796 0.012987012987012988
67 0.09540816326530613 0.5212842712842712 0.007142857142857143 0.012987012987012988
67 0.10357142857142858 0.533008658008658 0.007142857142857143 0.013347763347763348
6 0.0653061224489796 0.5292207792207793 0.02142857142857143 0.023088023088023088
67 0.0875 0.4621212121212121 0.007653061224489796 0.012987012987012988
67 0.09566326530612244 0.4531024531024531 0.007653061224489796 0.012987012987012988
67 0.10357142857142858 0.465007215007215 0.007142857142857143 0.012987012987012988
5 0.06505102040816327 0.4648268398268398 0.020918367346938777 0.03571428571428571
67 0.0875 0.3971861471861472 0.007653061224489796 0.012987012987012988
67 0.09566326530612244 0.38816738816738816 0.007653061224489796 0.012987012987012988
67 0.10357142857142858 0.4000721500721501 0.007142857142857143 0.012987012987012988
5 0.06505102040816327 0.3998917748917749 0.020918367346938777 0.03571428571428571
67 0.0875 0.5979437229437229 0.007653061224489796 0.013347763347763348
67 0.09540816326530613 0.5891053391053391 0.007142857142857143 0.012987012987012988
67 0.10357142857142858 0.601010101010101 0.007142857142857143 0.012987012987012988
84 0.9020408163265307 0.5898268398268398 0.011224489795918367 0.002886002886002886
84 0.16224489795918368 0.5248917748917749 0.011224489795918367 0.002886002886002886
84 0.16224489795918368 0.45995670995670995 0.011224489795918367 0.002886002886002886
84 0.16224489795918368 0.395021645021645 0.011224489795918367 0.002886002886002886
59 0.1854591836734694 0.591991341991342 0.007653061224489796 0.012987012987012988
41 0.1931122448979592 0.6033549783549783 0.0005102040816326531 0.01479076479076479
24 0.19693877551020408 0.5939754689754689 0.00816326530612245 0.005411255411255411
41 0.16096938775510203 0.6006493506493507 0.0005102040816326531 0.015873015873015872
26 0.16479591836734694 0.5910894660894661 0.00816326530612245 0.005411255411255411
41 0.13494897959183674 0.5984848484848485 0.0005102040816326531 0.017316017316017316
24 0.13877551020408163 0.588023088023088 0.00816326530612245 0.005772005772005772
47 0.12525510204081633 0.5793650793650794 0.005612244897959183 0.006493506493506494
41 0.12321428571428572 0.5827922077922078 0.0005102040816326531 0.01406926406926407
26 0.12066326530612245 0.5910894660894661 0.005612244897959183 0.003968253968253968
41 0.5369897959183674 0.5977633477633477 0.0005102040816326531 0.015873015873015872
7 0.5094387755102041 0.5882034632034632 0.01683673469387755 0.0183982683982684
24 0.5408163265306123 0.588023088023088 0.00816326530612245 0.005772005772005772
41 0.48086734693877553 0.5939754689754689 0.0005102040816326531 0.021284271284271284
24 0.4846938775510204 0.5820707070707071 0.00816326530612245 0.005411255411255411
80 0.6471938775510204 0.5661976911976911 0.015816326530612244 0.005411255411255411
26 0.6471938775510204 0.5732323232323232 0.007653061224489796 0.005772005772005772
41 0.5987244897959184 0.5867604617604618 0.0005102040816326531 0.024170274170274172
26 0.6025510204081632 0.5732323232323232 0.00816326530612245 0.005772005772005772
47 0.5931122448979592 0.5595238095238095 0.005612244897959183 0.006493506493506494
41 0.5910714285714286 0.5624098124098124 0.0005102040816326531 0.012987012987012988
24 0.5885204081632653 0.5701659451659452 0.005612244897959183 0.003968253968253968
41 0.5650510204081632 0.5930735930735931 0.0005102040816326531 0.01875901875901876
24 0.5688775510204082 0.5820707070707071 0.00816326530612245 0.005411255411255411
41 0.4247448979591837 0.6058802308802309 0.0005102040816326531 0.01406926406926407
26 0.42857142857142855 0.597041847041847 0.00816326530612245 0.005772005772005772
41 0.3920918367346939 0.5948773448773449 0.0005102040816326531 0.012987012987012988
26 0.38826530612244897 0.602994227994228 0.00816326530612245 0.005411255411255411
41 0.36607142857142855 0.5974025974025974 0.0005102040816326531 0.013708513708513708
24 0.3622448979591837 0.6060606060606061 0.00816326530612245 0.005772005772005772
26 0.45663265306122447 0.5910894660894661 0.00816326530612245 0.005411255411255411
41 0.4528061224489796 0.6004689754689755 0.0005102040816326531 0.016955266955266956
134 0.4997448979591837 0.7408008658008658 0.9045918367346939 0.024170274170274172
1 0.9048469387755103 0.9541847041847041 0.012755102040816327 0.0007215007215007215
1 0.4683673469387755 0.9541847041847041 0.012244897959183673 0.0007215007215007215
1 0.22653061224489796 0.9541847041847041 0.012244897959183673 0.0007215007215007215
134 0.4997448979591837 0.9363275613275613 0.9045918367346939 0.024170274170274172
1 0.8635204081632653 0.8235930735930735 0.012755102040816327 0.0007215007215007215
1 0.7755102040816326 0.8235930735930735 0.012244897959183673 0.0007215007215007215
1 0.6964285714285714 0.8235930735930735 0.012244897959183673 0.0007215007215007215
1 0.6056122448979592 0.8235930735930735 0.012244897959183673 0.0007215007215007215
1 0.5058673469387756 0.8235930735930735 0.012755102040816327 0.0007215007215007215
1 0.5058673469387756 0.8293650793650794 0.012755102040816327 0.0007215007215007215
1 0.42066326530612247 0.8235930735930735 0.01173469387755102 0.0007215007215007215
1 0.32321428571428573 0.8235930735930735 0.01173469387755102 0.0007215007215007215
1 0.22678571428571428 0.8235930735930735 0.01173469387755102 0.0007215007215007215
1 0.1326530612244898 0.8235930735930735 0.012244897959183673 0.0007215007215007215
134 0.4997448979591837 0.8706709956709957 0.9045918367346939 0.024170274170274172
1 0.8635204081632653 0.7586580086580087 0.012755102040816327 0.0007215007215007215
1 0.8635204081632653 0.7644300144300145 0.012755102040816327 0.0007215007215007215
1 0.7755102040816326 0.7586580086580087 0.012244897959183673 0.0007215007215007215
1 0.7755102040816326 0.7644300144300145 0.012244897959183673 0.0007215007215007215
1 0.6964285714285714 0.7586580086580087 0.012244897959183673 0.0007215007215007215
1 0.6964285714285714 0.7644300144300145 0.012244897959183673 0.0007215007215007215
1 0.6571428571428571 0.7586580086580087 0.012244897959183673 0.0007215007215007215
1 0.6316326530612245 0.7586580086580087 0.012244897959183673 0.0007215007215007215
1 0.1326530612244898 0.7586580086580087 0.012244897959183673 0.0007215007215007215
134 0.4997448979591837 0.8057359307359307 0.9045918367346939 0.024170274170274172
24 0.6964285714285714 0.7646103896103896 0.00816326530612245 0.005411255411255411
26 0.6571428571428571 0.7615440115440115 0.00816326530612245 0.005772005772005772
41 0.6609693877551021 0.7509018759018758 0.0005102040816326531 0.01984126984126984
41 0.7002551020408163 0.7523448773448773 0.0005102040816326531 0.022727272727272728
24 0.6964285714285714 0.8235930735930735 0.00816326530612245 0.005772005772005772
93 0.6951530612244898 0.7858946608946609 0.008673469387755102 0.007575757575757576
26 0.6964285714285714 0.8854617604617605 0.00816326530612245 0.005411255411255411
93 0.6951530612244898 0.8508297258297258 0.008673469387755102 0.007575757575757576
24 0.6316326530612245 0.7584776334776335 0.00816326530612245 0.005411255411255411
86 0.6306122448979592 0.803030303030303 0.007142857142857143 0.015151515151515152
86 0.6306122448979592 0.8679653679653679 0.007142857142857143 0.015151515151515152
41 0.6354591836734694 0.7494588744588745 0.0005102040816326531 0.016233766233766232
121 0.6349489795918367 0.7400793650793651 0.05153061224489796 0.003246753246753247
84 0.7204081632653061 0.9321789321789322 0.011224489795918367 0.002886002886002886
86 0.7214285714285714 0.7380952380952381 0.007142857142857143 0.015151515151515152
86 0.7214285714285714 0.803030303030303 0.007142857142857143 0.015151515151515152
47 0.7035714285714286 0.7442279942279942 0.006122448979591836 0.006493506493506494
41 0.7002551020408163 0.8125901875901876 0.0005102040816326531 0.01984126984126984
47 0.7035714285714286 0.8062770562770563 0.006122448979591836 0.006493506493506494
84 0.6313775510204082 0.9321789321789322 0.010714285714285714 0.002886002886002886
41 0.7002551020408163 0.8746392496392497 0.0005102040816326531 0.01984126984126984
47 0.7035714285714286 0.8681457431457431 0.006122448979591836 0.006854256854256854
24 0.5576530612244898 0.7525252525252525 0.00816326530612245 0.005772005772005772
41 0.5614795918367347 0.7427849927849928 0.0005102040816326531 0.018037518037518036
121 0.24872448979591838 0.7555916305916306 0.05153061224489796 0.005411255411255411
26 0.5318877551020408 0.7496392496392497 0.007653061224489796 0.005772005772005772
86 0.5311224489795918 0.803030303030303 0.007142857142857143 0.015151515151515152
86 0.5311224489795918 0.8679653679653679 0.007142857142857143 0.015151515151515152
86 0.5311224489795918 0.9336219336219336 0.007142857142857143 0.015151515151515152
41 0.5357142857142857 0.740981240981241 0.0010204081632653062 0.015873015873015872
121 0.3517857142857143 0.7310606060606061 0.049489795918367344 0.006854256854256854
84 0.3479591836734694 0.9321789321789322 0.011224489795918367 0.002886002886002886
41 0.6091836734693877 0.8744588744588745 0.0010204081632653062 0.01948051948051948
47 0.6127551020408163 0.8681457431457431 0.006122448979591836 0.006854256854256854
86 0.7214285714285714 0.8679653679653679 0.007142857142857143 0.015151515151515152
121 0.5354591836734693 0.7316017316017316 0.05153061224489796 0.005772005772005772
26 0.6056122448979592 0.7555916305916306 0.00816326530612245 0.005411255411255411
24 0.6056122448979592 0.8235930735930735 0.00816326530612245 0.005772005772005772
26 0.6056122448979592 0.8854617604617605 0.00816326530612245 0.005411255411255411
41 0.6091836734693877 0.7472943722943723 0.0010204081632653062 0.01479076479076479
59 0.5941326530612245 0.7536075036075036 0.007653061224489796 0.012987012987012988
41 0.6091836734693877 0.8125901875901876 0.0010204081632653062 0.01984126984126984
47 0.6127551020408163 0.8062770562770563 0.006122448979591836 0.006493506493506494
40 0.8734693877551021 0.8205266955266955 0.003061224489795918 0.0018037518037518038
41 0.8673469387755102 0.8125901875901876 0.0010204081632653062 0.01984126984126984
40 0.8734693877551021 0.8856421356421357 0.003061224489795918 0.0021645021645021645
41 0.8673469387755102 0.8746392496392497 0.0010204081632653062 0.01984126984126984
41 0.8673469387755102 0.7523448773448773 0.0010204081632653062 0.022727272727272728
24 0.8637755102040816 0.8235930735930735 0.00816326530612245 0.005772005772005772
26 0.8635204081632653 0.8854617604617605 0.007653061224489796 0.005411255411255411
86 0.8627551020408163 0.9336219336219336 0.007142857142857143 0.015151515151515152
40 0.8734693877551021 0.7615440115440115 0.003061224489795918 0.0021645021645021645
16 0.9410714285714286 0.9303751803751804 0.013775510204081633 0.011544011544011544
16 0.9410714285714286 0.9426406926406926 0.013775510204081633 0.011544011544011544
47 0.9125 0.928030303030303 0.005612244897959183 0.006132756132756133
16 0.9413265306122449 0.7348484848484849 0.013265306122448979 0.011544011544011544
16 0.9410714285714286 0.7467532467532467 0.013775510204081633 0.011544011544011544
16 0.9413265306122449 0.7997835497835498 0.013265306122448979 0.011544011544011544
16 0.9410714285714286 0.8116883116883117 0.013775510204081633 0.011544011544011544
16 0.9413265306122449 0.8647186147186147 0.013265306122448979 0.011544011544011544
16 0.9410714285714286 0.8766233766233766 0.013775510204081633 0.011544011544011544
41 0.9086734693877551 0.9388528138528138 0.0010204081632653062 0.0284992784992785
24 0.8635204081632653 0.7646103896103896 0.007653061224489796 0.005411255411255411
24 0.9051020408163265 0.9541847041847041 0.00816326530612245 0.005772005772005772
26 0.9051020408163265 0.9453463203463204 0.00816326530612245 0.005411255411255411
80 0.9051020408163265 0.8915945165945166 0.015306122448979591 0.005411255411255411
47 0.7829081632653061 0.7442279942279942 0.005612244897959183 0.006493506493506494
41 0.7793367346938775 0.8122294372294372 0.0005102040816326531 0.01911976911976912
41 0.7793367346938775 0.7518037518037518 0.0005102040816326531 0.021645021645021644
47 0.7826530612244897 0.8062770562770563 0.006122448979591836 0.006493506493506494
41 0.7793367346938775 0.8742784992784993 0.0005102040816326531 0.01911976911976912
47 0.7826530612244897 0.8681457431457431 0.006122448979591836 0.006854256854256854
84 0.8040816326530612 0.9321789321789322 0.011224489795918367 0.002886002886002886
24 0.7755102040816326 0.7646103896103896 0.00816326530612245 0.005411255411255411
24 0.7755102040816326 0.8234126984126984 0.00816326530612245 0.005411255411255411
26 0.7755102040816326 0.8854617604617605 0.00816326530612245 0.005411255411255411
87 0.8012755102040816 0.8706709956709957 0.007653061224489796 0.00974025974025974
87 0.8262755102040816 0.8706709956709957 0.007653061224489796 0.00974025974025974
86 0.8005102040816326 0.7380952380952381 0.007142857142857143 0.015151515151515152
86 0.8005102040816326 0.803030303030303 0.007142857142857143 0.015151515151515152
47 0.23418367346938776 0.8621933621933622 0.006122448979591836 0.006493506493506494
41 0.23035714285714284 0.943001443001443 0.0005102040816326531 0.01875901875901876
47 0.23392857142857143 0.9368686868686869 0.0066326530612244895 0.006493506493506494
41 0.23035714285714284 0.8683261183261183 0.0005102040816326531 0.01875901875901876
41 0.23035714285714284 0.8122294372294372 0.0005102040816326531 0.01911976911976912
41 0.22270408163265307 0.7465728715728716 0.0005102040816326531 0.01406926406926407
47 0.23392857142857143 0.8062770562770563 0.0066326530612244895 0.006493506493506494
63 0.2153061224489796 0.8234126984126984 0.007142857142857143 0.01479076479076479
26 0.2780612244897959 0.7436868686868687 0.00816326530612245 0.005411255411255411
41 0.27448979591836736 0.7509018759018758 0.0010204081632653062 0.012626262626262626
24 0.3229591836734694 0.7465728715728716 0.00816326530612245 0.005411255411255411
24 0.3229591836734694 0.8235930735930735 0.00816326530612245 0.005772005772005772
26 0.3229591836734694 0.8795093795093795 0.00816326530612245 0.005772005772005772
41 0.3267857142857143 0.7373737373737373 0.0005102040816326531 0.016594516594516596
41 0.3267857142857143 0.8125901875901876 0.0005102040816326531 0.01984126984126984
24 0.25255102040816324 0.7406204906204906 0.00816326530612245 0.005772005772005772
86 0.2517857142857143 0.803030303030303 0.007653061224489796 0.015151515151515152
86 0.2517857142857143 0.8679653679653679 0.007653061224489796 0.015151515151515152
86 0.2517857142857143 0.9336219336219336 0.007653061224489796 0.015151515151515152
41 0.24872448979591838 0.7485569985569985 0.0005102040816326531 0.013708513708513708
24 0.22653061224489796 0.9541847041847041 0.00816326530612245 0.005772005772005772
6 0.0653061224489796 0.8704906204906205 0.02142857142857143 0.023088023088023088
67 0.0875 0.8715728715728716 0.007653061224489796 0.012987012987012988
67 0.09566326530612244 0.8625541125541125 0.007653061224489796 0.012987012987012988
67 0.10357142857142858 0.8744588744588745 0.007142857142857143 0.012987012987012988
8 0.06505102040816327 0.9332611832611832 0.020918367346938777 0.015151515151515152
67 0.0875 0.9402958152958153 0.007653061224489796 0.013347763347763348
67 0.09540816326530613 0.9314574314574314 0.007142857142857143 0.012987012987012988
67 0.10357142857142858 0.9431818181818182 0.007142857142857143 0.013347763347763348
67 0.0875 0.8035714285714286 0.007653061224489796 0.013347763347763348
67 0.09540816326530613 0.7947330447330447 0.007142857142857143 0.012987012987012988
67 0.10357142857142858 0.8066378066378066 0.007142857142857143 0.012987012987012988
24 0.1326530612244898 0.7586580086580087 0.00816326530612245 0.005772005772005772
24 0.1326530612244898 0.8235930735930735 0.00816326530612245 0.005772005772005772
24 0.1326530612244898 0.8645382395382395 0.00816326530612245 0.005411255411255411
86 0.13188775510204082 0.9336219336219336 0.007653061224489796 0.015151515151515152
41 0.1364795918367347 0.7476551226551227 0.0005102040816326531 0.01984126984126984
47 0.14005102040816325 0.7413419913419913 0.0066326530612244895 0.006493506493506494
5 0.06505102040816327 0.7413419913419913 0.020918367346938777 0.03535353535353535
67 0.0875 0.7386363636363636 0.007653061224489796 0.013347763347763348
67 0.09540816326530613 0.7297979797979798 0.007142857142857143 0.012987012987012988
67 0.10357142857142858 0.7417027417027418 0.007142857142857143 0.012987012987012988
5 0.06505102040816327 0.8062770562770563 0.020918367346938777 0.03535353535353535
26 0.18112244897959184 0.9453463203463204 0.00816326530612245 0.005411255411255411
41 0.1846938775510204 0.9345238095238095 0.0010204081632653062 0.01984126984126984
47 0.188265306122449 0.9278499278499278 0.006122448979591836 0.006493506493506494
26 0.22653061224489796 0.7377344877344877 0.00816326530612245 0.005772005772005772
24 0.22653061224489796 0.8234126984126984 0.00816326530612245 0.005411255411255411
26 0.22653061224489796 0.8795093795093795 0.00816326530612245 0.005772005772005772
53 0.13316326530612244 0.8818542568542569 0.006122448979591836 0.006854256854256854
41 0.1364795918367347 0.8125901875901876 0.0005102040816326531 0.01984126984126984
47 0.14005102040816325 0.8062770562770563 0.0066326530612244895 0.006493506493506494
41 0.12908163265306122 0.8753607503607503 0.0010204081632653062 0.01984126984126984
86 0.15816326530612246 0.7380952380952381 0.007142857142857143 0.015151515151515152
86 0.15816326530612246 0.803030303030303 0.007142857142857143 0.015151515151515152
86 0.15816326530612246 0.8679653679653679 0.007142857142857143 0.015151515151515152
86 0.44540816326530613 0.7380952380952381 0.007142857142857143 0.015151515151515152
86 0.44540816326530613 0.803030303030303 0.007142857142857143 0.015151515151515152
86 0.44540816326530613 0.8679653679653679 0.007142857142857143 0.015151515151515152
63 0.4091836734693878 0.8234126984126984 0.007142857142857143 0.01479076479076479
47 0.4278061224489796 0.8621933621933622 0.005612244897959183 0.006493506493506494
47 0.513265306122449 0.8681457431457431 0.006122448979591836 0.006854256854256854
41 0.5094387755102041 0.8165584415584416 0.0005102040816326531 0.021284271284271284
47 0.5130102040816327 0.8091630591630592 0.0066326530612244895 0.006493506493506494
41 0.5094387755102041 0.8740981240981242 0.0005102040816326531 0.01875901875901876
41 0.5094387755102041 0.933982683982684 0.0005102040816326531 0.01875901875901876
47 0.5130102040816327 0.9278499278499278 0.0066326530612244895 0.006493506493506494
26 0.5058673469387756 0.8854617604617605 0.007653061224489796 0.005411255411255411
24 0.4683673469387755 0.9541847041847041 0.00816326530612245 0.005772005772005772
41 0.47219387755102044 0.9435425685425686 0.0005102040816326531 0.01984126984126984
47 0.475765306122449 0.9368686868686869 0.0066326530612244895 0.006493506493506494
24 0.5058673469387756 0.7465728715728716 0.007653061224489796 0.005411255411255411
24 0.5058673469387756 0.8295454545454546 0.007653061224489796 0.005411255411255411
41 0.42423469387755103 0.8685064935064936 0.0005102040816326531 0.01911976911976912
26 0.5058673469387756 0.9453463203463204 0.007653061224489796 0.005411255411255411
41 0.5094387755102041 0.737914862914863 0.0005102040816326531 0.015512265512265512
26 0.3489795918367347 0.7496392496392497 0.00816326530612245 0.005772005772005772
86 0.3482142857142857 0.803030303030303 0.007653061224489796 0.015151515151515152
86 0.3482142857142857 0.8679653679653679 0.007653061224489796 0.015151515151515152
41 0.3528061224489796 0.7402597402597403 0.0005102040816326531 0.017316017316017316
47 0.33035714285714285 0.8062770562770563 0.0066326530612244895 0.006493506493506494
63 0.31173469387755104 0.8234126984126984 0.007142857142857143 0.01479076479076479
41 0.3267857142857143 0.8688672438672439 0.0005102040816326531 0.01984126984126984
47 0.33035714285714285 0.8621933621933622 0.0066326530612244895 0.006493506493506494
24 0.4204081632653061 0.7525252525252525 0.00816326530612245 0.005772005772005772
24 0.4204081632653061 0.8234126984126984 0.00816326530612245 0.005411255411255411
86 0.4193877551020408 0.9336219336219336 0.007142857142857143 0.015151515151515152
41 0.42423469387755103 0.7418831168831169 0.0005102040816326531 0.01984126984126984
47 0.4275510204081633 0.7352092352092352 0.006122448979591836 0.006493506493506494
26 0.4204081632653061 0.8795093795093795 0.00816326530612245 0.005772005772005772
41 0.42423469387755103 0.8125901875901876 0.0005102040816326531 0.01984126984126984
47 0.4275510204081633 0.8062770562770563 0.006122448979591836 0.006493506493506494
41 0.3762755102040816 0.7436868686868687 0.0005102040816326531 0.01984126984126984
26 0.37244897959183676 0.7555916305916306 0.00816326530612245 0.005411255411255411
