134 0.5354591836734693 0.08892496392496392 0.8331632653061225 0.024170274170274172
1 0.798469387755102 0.12463924963924963 0.012244897959183673 0.0010822510822510823
1 0.5862244897959183 0.12463924963924963 0.012244897959183673 0.0010822510822510823
1 0.4051020408163265 0.12463924963924963 0.018367346938775512 0.0010822510822510823
1 0.3683673469387755 0.12463924963924963 0.012244897959183673 0.0010822510822510823
1 0.7321428571428571 0.07106782106782107 0.012244897959183673 0.0007215007215007215
1 0.7176020408163265 0.06493506493506493 0.012755102040816327 0.0007215007215007215
1 0.7176020408163265 0.07106782106782107 0.012755102040816327 0.0007215007215007215
1 0.7010204081632653 0.07106782106782107 0.012244897959183673 0.0007215007215007215
134 0.5354591836734693 0.14267676767676768 0.8331632653061225 0.024170274170274172
41 0.7283163265306123 0.08062770562770563 0.0005102040816326531 0.016233766233766232
86 0.7311224489795919 0.13997113997113997 0.007142857142857143 0.015151515151515152
24 0.7321428571428571 0.07106782106782107 0.00816326530612245 0.005772005772005772
41 0.7140306122448979 0.07756132756132757 0.0005102040816326531 0.020923520923520924
24 0.7178571428571429 0.06511544011544011 0.00816326530612245 0.005411255411255411
24 0.5778061224489796 0.1424963924963925 0.007653061224489796 0.005772005772005772
26 0.5867346938775511 0.1396103896103896 0.007142857142857143 0.005772005772005772
24 0.5862244897959183 0.12463924963924963 0.00816326530612245 0.005411255411255411
26 0.7650510204081633 0.07395382395382395 0.007653061224489796 0.005772005772005772
26 0.7816326530612245 0.07990620490620491 0.00816326530612245 0.005411255411255411
53 0.7653061224489796 0.09722222222222222 0.006122448979591836 0.006854256854256854
41 0.7614795918367347 0.08766233766233766 0.0005102040816326531 0.025974025974025976
87 0.764795918367347 0.14267676767676768 0.007142857142857143 0.00974025974025974
26 0.7650510204081633 0.07990620490620491 0.007653061224489796 0.005411255411255411
87 0.7487244897959183 0.0891053391053391 0.007653061224489796 0.010101010101010102
122 0.386734693877551 0.10714285714285714 0.0336734693877551 0.0036075036075036075
40 0.6403061224489796 0.1396103896103896 0.003061224489795918 0.0021645021645021645
30 0.6285714285714286 0.13365800865800867 0.012244897959183673 0.006132756132756133
40 0.6403061224489796 0.13365800865800867 0.003061224489795918 0.0018037518037518038
41 0.622704081632653 0.14953102453102454 0.0005102040816326531 0.02922077922077922
40 0.6403061224489796 0.14574314574314573 0.003061224489795918 0.0021645021645021645
59 0.6150510204081633 0.07485569985569986 0.007653061224489796 0.013347763347763348
41 0.5823979591836734 0.14393939393939395 0.0005102040816326531 0.0367965367965368
41 0.6971938775510204 0.07918470418470419 0.0005102040816326531 0.01911976911976912
86 0.7 0.13997113997113997 0.007142857142857143 0.015151515151515152
26 0.7010204081632653 0.06800144300144301 0.00816326530612245 0.005411255411255411
32 0.6306122448979592 0.07702020202020202 0.0163265306122449 0.005411255411255411
30 0.6285714285714286 0.14556277056277056 0.012244897959183673 0.006132756132756133
30 0.6285714285714286 0.1396103896103896 0.012244897959183673 0.005772005772005772
86 0.6668367346938775 0.13997113997113997 0.007142857142857143 0.015151515151515152
24 0.9403061224489796 0.08297258297258298 0.00816326530612245 0.005772005772005772
41 0.9196428571428571 0.09505772005772006 0.0005102040816326531 0.01479076479076479
26 0.923469387755102 0.08585858585858586 0.00816326530612245 0.005772005772005772
41 0.9033163265306122 0.09758297258297258 0.0005102040816326531 0.013347763347763348
24 0.9068877551020408 0.08892496392496392 0.007653061224489796 0.005411255411255411
41 0.9364795918367347 0.09271284271284272 0.0005102040816326531 0.018037518037518036
41 0.8869897959183674 0.14953102453102454 0.0005102040816326531 0.03354978354978355
28 0.8928571428571429 0.1305916305916306 0.012244897959183673 0.005772005772005772
30 0.8928571428571429 0.1396103896103896 0.012244897959183673 0.005772005772005772
28 0.8928571428571429 0.14862914862914864 0.012244897959183673 0.005772005772005772
87 0.8905612244897959 0.0891053391053391 0.007653061224489796 0.010101010101010102
47 0.8816326530612245 0.07467532467532467 0.006122448979591836 0.006493506493506494
122 0.38290816326530613 0.1516955266955267 0.026020408163265306 0.003246753246753247
122 0.3852040816326531 0.1277056277056277 0.02142857142857143 0.002886002886002886
122 0.386734693877551 0.11832611832611832 0.0336734693877551 0.0036075036075036075
121 0.45790816326530615 0.0762987012987013 0.01683673469387755 0.003246753246753247
121 0.5112244897959184 0.10335497835497835 0.05 0.006854256854256854
121 0.7130102040816326 0.08946608946608947 0.031122448979591835 0.002886002886002886
122 0.8247448979591837 0.08621933621933622 0.013775510204081633 0.0021645021645021645
121 0.9196428571428571 0.1038961038961039 0.03316326530612245 0.005772005772005772
24 0.798469387755102 0.12463924963924963 0.00816326530612245 0.005411255411255411
40 0.8474489795918367 0.08585858585858586 0.003061224489795918 0.0021645021645021645
86 0.8367346938775511 0.13997113997113997 0.007142857142857143 0.015151515151515152
24 0.8375 0.08892496392496392 0.007653061224489796 0.005411255411255411
53 0.811734693877551 0.10533910533910534 0.006122448979591836 0.006493506493506494
41 0.8079081632653061 0.09992784992784992 0.0005102040816326531 0.018037518037518036
24 0.811734693877551 0.08892496392496392 0.00816326530612245 0.005411255411255411
41 0.7946428571428571 0.14285714285714285 0.0005102040816326531 0.03463203463203463
41 0.8339285714285715 0.0992063492063492 0.0005102040816326531 0.01875901875901876
26 0.798469387755102 0.13365800865800867 0.00816326530612245 0.005411255411255411
26 0.798469387755102 0.1396103896103896 0.00816326530612245 0.005772005772005772
47 0.789030612244898 0.12373737373737374 0.005612244897959183 0.006493506493506494
41 0.7852040816326531 0.13546176046176045 0.0010204081632653062 0.029942279942279944
41 0.7778061224489796 0.09072871572871573 0.0005102040816326531 0.01984126984126984
26 0.7816326530612245 0.1396103896103896 0.00816326530612245 0.005772005772005772
26 0.7813775510204082 0.14556277056277056 0.007653061224489796 0.005411255411255411
41 0.8778061224489796 0.08044733044733045 0.0005102040816326531 0.01875901875901876
26 0.8739795918367347 0.09181096681096682 0.00816326530612245 0.005411255411255411
86 0.860204081632653 0.13997113997113997 0.007142857142857143 0.015151515151515152
26 0.7816326530612245 0.15151515151515152 0.00816326530612245 0.005772005772005772
87 0.3517857142857143 0.0891053391053391 0.007653061224489796 0.010101010101010102
47 0.34311224489795916 0.07467532467532467 0.005612244897959183 0.006493506493506494
41 0.3395408163265306 0.08062770562770563 0.0005102040816326531 0.01911976911976912
87 0.3354591836734694 0.14267676767676768 0.007653061224489796 0.00974025974025974
26 0.3357142857142857 0.09181096681096682 0.00816326530612245 0.005411255411255411
87 0.3517857142857143 0.14267676767676768 0.007653061224489796 0.00974025974025974
86 0.3112244897959184 0.13997113997113997 0.007142857142857143 0.015151515151515152
87 0.29591836734693877 0.14267676767676768 0.007142857142857143 0.00974025974025974
41 0.41096938775510206 0.08928571428571429 0.0005102040816326531 0.0183982683982684
40 0.4173469387755102 0.09776334776334776 0.003061224489795918 0.0021645021645021645
28 0.40535714285714286 0.12481962481962482 0.01173469387755102 0.005772005772005772
30 0.4058673469387755 0.13365800865800867 0.010714285714285714 0.006132756132756133
30 0.4058673469387755 0.14556277056277056 0.010714285714285714 0.006132756132756133
28 0.40535714285714286 0.10082972582972582 0.01173469387755102 0.006132756132756133
41 0.3645408163265306 0.1453823953823954 0.0005102040816326531 0.03751803751803752
41 0.3721938775510204 0.08964646464646464 0.0005102040816326531 0.01911976911976912
24 0.3683673469387755 0.12463924963924963 0.00816326530612245 0.005411255411255411
26 0.3683673469387755 0.13365800865800867 0.00816326530612245 0.005411255411255411
26 0.3683673469387755 0.14556277056277056 0.00816326530612245 0.005411255411255411
24 0.3683673469387755 0.10082972582972582 0.00816326530612245 0.005411255411255411
5 0.1364795918367347 0.08946608946608947 0.020918367346938777 0.03535353535353535
41 0.2038265306122449 0.08351370851370851 0.0005102040816326531 0.0183982683982684
16 0.16785714285714284 0.13672438672438672 0.013265306122448979 0.011544011544011544
16 0.16785714285714284 0.14862914862914864 0.013265306122448979 0.011544011544011544
8 0.1364795918367347 0.13924963924963926 0.020918367346938777 0.015151515151515152
16 0.16785714285714284 0.08297258297258298 0.013265306122448979 0.011544011544011544
16 0.16785714285714284 0.09505772005772006 0.013265306122448979 0.011904761904761904
75 0.1982142857142857 0.10371572871572872 0.007653061224489796 0.00036075036075036075
28 0.1982142857142857 0.09487734487734488 0.01173469387755102 0.005772005772005772
0 0.11173469387755101 0.11580086580086581 0.00816326530612245 0.07792207792207792
84 0.2209183673469388 0.13834776334776336 0.011224489795918367 0.003246753246753247
41 0.28775510204081634 0.0836940836940837 0.0010204081632653062 0.01875901875901876
87 0.2798469387755102 0.14285714285714285 0.007653061224489796 0.010101010101010102
75 0.28188775510204084 0.10371572871572872 0.007653061224489796 0.00036075036075036075
28 0.28214285714285714 0.09487734487734488 0.012244897959183673 0.005772005772005772
41 0.24081632653061225 0.08387445887445888 0.0010204081632653062 0.01911976911976912
75 0.23494897959183675 0.10371572871572872 0.007653061224489796 0.00036075036075036075
28 0.23520408163265305 0.09487734487734488 0.012244897959183673 0.005772005772005772
41 0.5028061224489796 0.09577922077922078 0.0005102040816326531 0.016233766233766232
26 0.5066326530612245 0.08585858585858586 0.00816326530612245 0.005772005772005772
41 0.48596938775510207 0.09776334776334776 0.0005102040816326531 0.015151515151515152
86 0.48903061224489797 0.13997113997113997 0.007653061224489796 0.015151515151515152
24 0.4897959183673469 0.08892496392496392 0.00816326530612245 0.005411255411255411
41 0.5359693877551021 0.0910894660894661 0.0005102040816326531 0.01911976911976912
59 0.551530612244898 0.07178932178932179 0.007142857142857143 0.012987012987012988
41 0.5589285714285714 0.08531746031746032 0.0005102040816326531 0.0183982683982684
86 0.561734693877551 0.13997113997113997 0.007142857142857143 0.015151515151515152
30 0.564795918367347 0.07395382395382395 0.012244897959183673 0.005772005772005772
26 0.539795918367347 0.07990620490620491 0.00816326530612245 0.005411255411255411
41 0.5196428571428572 0.09361471861471861 0.0005102040816326531 0.016955266955266956
86 0.5224489795918368 0.13997113997113997 0.007142857142857143 0.015151515151515152
24 0.5232142857142857 0.08297258297258298 0.007653061224489796 0.005772005772005772
41 0.44974489795918365 0.08513708513708514 0.0005102040816326531 0.015873015873015872
86 0.4448979591836735 0.13997113997113997 0.007142857142857143 0.015151515151515152
24 0.4459183673469388 0.09487734487734488 0.00816326530612245 0.005772005772005772
40 0.4173469387755102 0.12175324675324675 0.003061224489795918 0.0018037518037518038
40 0.4173469387755102 0.13365800865800867 0.003061224489795918 0.0018037518037518038
41 0.39948979591836736 0.14502164502164502 0.0010204081632653062 0.03823953823953824
40 0.4173469387755102 0.14556277056277056 0.003061224489795918 0.0018037518037518038
26 0.4625 0.09181096681096682 0.007653061224489796 0.005411255411255411
41 0.4660714285714286 0.08351370851370851 0.0005102040816326531 0.01479076479076479
134 0.4997448979591837 0.2141053391053391 0.9045918367346939 0.024170274170274172
1 0.8196428571428571 0.19624819624819625 0.01173469387755102 0.0007215007215007215
1 0.7954081632653062 0.19624819624819625 0.012244897959183673 0.0007215007215007215
1 0.5596938775510204 0.19624819624819625 0.012244897959183673 0.0007215007215007215
1 0.5464285714285714 0.19624819624819625 0.012244897959183673 0.0007215007215007215
1 0.2357142857142857 0.1902958152958153 0.018367346938775512 0.0010822510822510823
1 0.2357142857142857 0.19624819624819625 0.018367346938775512 0.0007215007215007215
1 0.13316326530612244 0.19624819624819625 0.012244897959183673 0.0007215007215007215
1 0.11785714285714285 0.1902958152958153 0.012244897959183673 0.0010822510822510823
1 0.11785714285714285 0.19624819624819625 0.012244897959183673 0.0007215007215007215
1 0.10051020408163265 0.19624819624819625 0.012244897959183673 0.0007215007215007215
1 0.8673469387755102 0.25 0.018367346938775512 0.0007215007215007215
1 0.8301020408163265 0.25 0.012244897959183673 0.0007215007215007215
1 0.7454081632653061 0.25 0.018367346938775512 0.0007215007215007215
1 0.6341836734693878 0.25 0.024489795918367346 0.0007215007215007215
1 0.5897959183673469 0.25 0.012244897959183673 0.0007215007215007215
1 0.3339285714285714 0.25 0.018877551020408164 0.0007215007215007215
1 0.2857142857142857 0.25 0.018367346938775512 0.0007215007215007215
1 0.1933673469387755 0.25 0.012244897959183673 0.0007215007215007215
134 0.4997448979591837 0.26785714285714285 0.9045918367346939 0.024170274170274172
86 0.6903061224489796 0.26515151515151514 0.007142857142857143 0.015151515151515152
26 0.6913265306122449 0.21717171717171718 0.00816326530612245 0.005772005772005772
41 0.6875 0.22727272727272727 0.0005102040816326531 0.01875901875901876
121 0.549234693877551 0.20869408369408368 0.01173469387755102 0.003246753246753247
121 0.549234693877551 0.21356421356421357 0.012755102040816327 0.002886002886002886
122 0.4857142857142857 0.25901875901875904 0.03163265306122449 0.0036075036075036075
122 0.48494897959183675 0.27074314574314573 0.03010204081632653 0.003246753246753247
122 0.4854591836734694 0.19444444444444445 0.031122448979591835 0.0036075036075036075
41 0.7135204081632653 0.22258297258297258 0.0005102040816326531 0.01948051948051948
26 0.7173469387755103 0.21121933621933622 0.00816326530612245 0.005411255411255411
41 0.700765306122449 0.22492784992784992 0.0005102040816326531 0.017676767676767676
24 0.7043367346938776 0.2141053391053391 0.007653061224489796 0.005411255411255411
122 0.6099489795918367 0.2527056277056277 0.02806122448979592 0.003246753246753247
122 0.6119897959183673 0.2709235209235209 0.04030612244897959 0.0036075036075036075
122 0.6119897959183673 0.19733044733044733 0.04030612244897959 0.0036075036075036075
122 0.6119897959183673 0.21735209235209235 0.04030612244897959 0.003968253968253968
26 0.5719387755102041 0.2647907647907648 0.007142857142857143 0.005772005772005772
26 0.5719387755102041 0.27074314574314573 0.007142857142857143 0.005411255411255411
26 0.5724489795918367 0.2768759018759019 0.00816326530612245 0.005411255411255411
87 0.5721938775510204 0.21428571428571427 0.007653061224489796 0.010101010101010102
41 0.5558673469387755 0.204004329004329 0.0005102040816326531 0.017676767676767676
26 0.5596938775510204 0.19336219336219337 0.00816326530612245 0.005772005772005772
41 0.5426020408163266 0.205988455988456 0.0005102040816326531 0.015873015873015872
87 0.5461734693877551 0.268037518037518 0.007653061224489796 0.010101010101010102
24 0.5464285714285714 0.19624819624819625 0.00816326530612245 0.005772005772005772
121 0.10561224489795919 0.21482683982683984 0.017346938775510204 0.003246753246753247
32 0.6341836734693878 0.25 0.0163265306122449 0.005772005772005772
122 0.4816326530612245 0.2113997113997114 0.036734693877551024 0.0036075036075036075
34 0.6341836734693878 0.25901875901875904 0.0163265306122449 0.005772005772005772
34 0.6341836734693878 0.26497113997113997 0.0163265306122449 0.005411255411255411
34 0.6341836734693878 0.20526695526695526 0.0163265306122449 0.005772005772005772
34 0.6341836734693878 0.21121933621933622 0.0163265306122449 0.005411255411255411
41 0.585969387755102 0.2685786435786436 0.0005102040816326531 0.03427128427128427
41 0.585969387755102 0.21933621933621933 0.0005102040816326531 0.025252525252525252
24 0.5897959183673469 0.25 0.00816326530612245 0.005772005772005772
26 0.5897959183673469 0.2588383838383838 0.00816326530612245 0.005411255411255411
26 0.5897959183673469 0.2647907647907648 0.00816326530612245 0.005772005772005772
26 0.5897959183673469 0.20526695526695526 0.00816326530612245 0.005772005772005772
26 0.5897959183673469 0.21121933621933622 0.00816326530612245 0.005411255411255411
47 0.5801020408163265 0.24891774891774893 0.006122448979591836 0.006493506493506494
41 0.5762755102040816 0.26082251082251084 0.0005102040816326531 0.030303030303030304
85 0.9051020408163265 0.2662337662337662 0.011224489795918367 0.002886002886002886
75 0.9033163265306122 0.2231240981240981 0.007653061224489796 0.00036075036075036075
26 0.9035714285714286 0.21717171717171718 0.00816326530612245 0.005772005772005772
122 0.8477040816326531 0.20526695526695526 0.02295918367346939 0.002886002886002886
121 0.7908163265306123 0.21176046176046176 0.04795918367346939 0.006493506493506494
121 0.7905612244897959 0.21663059163059162 0.049489795918367344 0.006854256854256854
41 0.9073979591836735 0.20634920634920634 0.0005102040816326531 0.01948051948051948
41 0.8614795918367347 0.26731601731601734 0.0005102040816326531 0.030303030303030304
121 0.7068877551020408 0.2296176046176046 0.03826530612244898 0.006854256854256854
121 0.7071428571428572 0.2344877344877345 0.03877551020408163 0.006493506493506494
41 0.8614795918367347 0.2196969696969697 0.0005102040816326531 0.018037518037518036
28 0.8673469387755102 0.25 0.012244897959183673 0.005772005772005772
28 0.8673469387755102 0.25595238095238093 0.012244897959183673 0.006132756132756133
28 0.8673469387755102 0.2619047619047619 0.012244897959183673 0.005772005772005772
122 0.8448979591836735 0.27074314574314573 0.025510204081632654 0.003246753246753247
122 0.8487244897959184 0.24224386724386723 0.03316326530612245 0.003246753246753247
122 0.8469387755102041 0.25144300144300147 0.02142857142857143 0.002886002886002886
28 0.8673469387755102 0.20815295815295815 0.012244897959183673 0.005772005772005772
41 0.9262755102040816 0.22492784992784992 0.0005102040816326531 0.017676767676767676
74 0.9298469387755102 0.20526695526695526 0.007653061224489796 0.0007215007215007215
24 0.9301020408163265 0.2141053391053391 0.00816326530612245 0.005411255411255411
41 0.7788265306122449 0.20941558441558442 0.0005102040816326531 0.016233766233766232
26 0.7826530612244897 0.1993145743145743 0.00816326530612245 0.005411255411255411
122 0.6119897959183673 0.2435064935064935 0.04030612244897959 0.0036075036075036075
41 0.7658163265306123 0.21103896103896103 0.0010204081632653062 0.015151515151515152
24 0.7693877551020408 0.20220057720057721 0.00816326530612245 0.005411255411255411
41 0.7395408163265306 0.2709235209235209 0.0005102040816326531 0.03751803751803752
41 0.7395408163265306 0.21645021645021645 0.0005102040816326531 0.01875901875901876
28 0.7454081632653061 0.25 0.012244897959183673 0.005772005772005772
30 0.7454081632653061 0.25901875901875904 0.012244897959183673 0.005772005772005772
30 0.7454081632653061 0.2709235209235209 0.012244897959183673 0.005772005772005772
26 0.7433673469387755 0.20526695526695526 0.00816326530612245 0.005772005772005772
41 0.7267857142857143 0.22113997113997114 0.0005102040816326531 0.021645021645021644
24 0.7303571428571428 0.20815295815295815 0.007653061224489796 0.005772005772005772
41 0.8262755102040816 0.26695526695526695 0.0005102040816326531 0.031024531024531024
41 0.8262755102040816 0.21915584415584416 0.0005102040816326531 0.01911976911976912
24 0.8301020408163265 0.25 0.00816326530612245 0.005772005772005772
24 0.8301020408163265 0.25595238095238093 0.00816326530612245 0.005411255411255411
24 0.8301020408163265 0.2619047619047619 0.00816326530612245 0.005772005772005772
24 0.8301020408163265 0.20815295815295815 0.00816326530612245 0.005772005772005772
63 0.8081632653061225 0.19318181818181818 0.007142857142857143 0.01479076479076479
41 0.815561224489796 0.20454545454545456 0.0005102040816326531 0.01875901875901876
26 0.8193877551020409 0.19318181818181818 0.00816326530612245 0.005411255411255411
41 0.7918367346938775 0.2068903318903319 0.0010204081632653062 0.01911976911976912
24 0.7954081632653062 0.19624819624819625 0.00816326530612245 0.005772005772005772
24 0.1933673469387755 0.25 0.00816326530612245 0.005772005772005772
41 0.23010204081632654 0.20274170274170275 0.0010204081632653062 0.022366522366522368
86 0.2329081632653061 0.26515151515151514 0.007653061224489796 0.015151515151515152
28 0.23596938775510204 0.1902958152958153 0.01173469387755102 0.006132756132756133
87 0.20688775510204083 0.21428571428571427 0.007653061224489796 0.010101010101010102
41 0.1895408163265306 0.26821789321789324 0.0005102040816326531 0.03499278499278499
26 0.1933673469387755 0.2588383838383838 0.00816326530612245 0.005411255411255411
26 0.1933673469387755 0.2647907647907648 0.00816326530612245 0.005772005772005772
47 0.1836734693877551 0.24891774891774893 0.006122448979591836 0.006493506493506494
41 0.1798469387755102 0.2602813852813853 0.0005102040816326531 0.02922077922077922
41 0.17219387755102042 0.21645021645021645 0.0005102040816326531 0.01875901875901876
26 0.1760204081632653 0.2647907647907648 0.00816326530612245 0.005772005772005772
26 0.1760204081632653 0.27074314574314573 0.00816326530612245 0.005411255411255411
26 0.1760204081632653 0.2768759018759019 0.00816326530612245 0.005411255411255411
26 0.1760204081632653 0.20526695526695526 0.00816326530612245 0.005772005772005772
41 0.2798469387755102 0.2671356421356421 0.0005102040816326531 0.030663780663780664
28 0.2857142857142857 0.25 0.012244897959183673 0.005772005772005772
28 0.2857142857142857 0.25595238095238093 0.012244897959183673 0.006132756132756133
28 0.2857142857142857 0.2619047619047619 0.012244897959183673 0.005772005772005772
85 0.28520408163265304 0.2124819624819625 0.011224489795918367 0.002886002886002886
86 0.25790816326530613 0.26515151515151514 0.007653061224489796 0.015151515151515152
41 0.09668367346938775 0.2049062049062049 0.0005102040816326531 0.020202020202020204
86 0.09974489795918368 0.26515151515151514 0.007653061224489796 0.015151515151515152
26 0.10051020408163265 0.19336219336219337 0.00816326530612245 0.005772005772005772
8 0.06505102040816327 0.26461038961038963 0.020918367346938777 0.015512265512265512
5 0.06505102040816327 0.21464646464646464 0.020918367346938777 0.03535353535353535
0 0.04005102040816327 0.240981240981241 0.008673469387755102 0.07792207792207792
53 0.15918367346938775 0.22258297258297258 0.006122448979591836 0.006493506493506494
41 0.15510204081632653 0.21302308802308803 0.0010204081632653062 0.025613275613275612
87 0.1586734693877551 0.268037518037518 0.007142857142857143 0.010101010101010102
26 0.15892857142857142 0.1993145743145743 0.007653061224489796 0.005411255411255411
26 0.15892857142857142 0.20526695526695526 0.007653061224489796 0.005772005772005772
41 0.12959183673469388 0.20707070707070707 0.0010204081632653062 0.01948051948051948
86 0.13239795918367347 0.26515151515151514 0.007653061224489796 0.015151515151515152
24 0.13316326530612244 0.19624819624819625 0.00816326530612245 0.005772005772005772
41 0.11428571428571428 0.20274170274170275 0.0010204081632653062 0.022366522366522368
24 0.11785714285714285 0.1902958152958153 0.00816326530612245 0.005411255411255411
24 0.4423469387755102 0.20220057720057721 0.00816326530612245 0.005411255411255411
41 0.4385204081632653 0.21302308802308803 0.0005102040816326531 0.01984126984126984
53 0.4420918367346939 0.21951659451659453 0.0066326530612244895 0.006854256854256854
59 0.4308673469387755 0.2002164502164502 0.007653061224489796 0.012987012987012988
41 0.40714285714285714 0.2132034632034632 0.0010204081632653062 0.01948051948051948
40 0.42091836734693877 0.19913419913419914 0.003061224489795918 0.0021645021645021645
85 0.4122448979591837 0.2662337662337662 0.011224489795918367 0.002886002886002886
24 0.4107142857142857 0.20220057720057721 0.00816326530612245 0.005411255411255411
28 0.5094387755102041 0.2619047619047619 0.01173469387755102 0.005772005772005772
41 0.5038265306122449 0.27525252525252525 0.0005102040816326531 0.024531024531024532
41 0.5038265306122449 0.21374458874458874 0.0005102040816326531 0.024170274170274172
28 0.5094387755102041 0.26785714285714285 0.01173469387755102 0.006132756132756133
30 0.5094387755102041 0.1993145743145743 0.01173469387755102 0.006132756132756133
30 0.5094387755102041 0.20526695526695526 0.01173469387755102 0.005772005772005772
41 0.4558673469387755 0.2757936507936508 0.0005102040816326531 0.023448773448773448
41 0.4558673469387755 0.21356421356421357 0.0005102040816326531 0.024531024531024532
28 0.461734693877551 0.2619047619047619 0.012244897959183673 0.005772005772005772
28 0.461734693877551 0.26785714285714285 0.012244897959183673 0.006132756132756133
30 0.461734693877551 0.1993145743145743 0.012244897959183673 0.006132756132756133
30 0.461734693877551 0.20526695526695526 0.012244897959183673 0.005772005772005772
40 0.3448979591836735 0.21121933621933622 0.003061224489795918 0.0018037518037518038
40 0.34591836734693876 0.24711399711399712 0.003061224489795918 0.0021645021645021645
40 0.34591836734693876 0.25901875901875904 0.003061224489795918 0.0021645021645021645
41 0.32831632653061227 0.2711038961038961 0.0005102040816326531 0.03715728715728716
40 0.34591836734693876 0.2709235209235209 0.003061224489795918 0.0021645021645021645
86 0.3747448979591837 0.26515151515151514 0.007653061224489796 0.015151515151515152
85 0.33341836734693875 0.2124819624819625 0.010714285714285714 0.002886002886002886
30 0.3339285714285714 0.2709235209235209 0.01173469387755102 0.005772005772005772
41 0.37168367346938774 0.22474747474747475 0.0005102040816326531 0.018037518037518036
24 0.37551020408163266 0.2141053391053391 0.00816326530612245 0.005411255411255411
30 0.3339285714285714 0.25901875901875904 0.01173469387755102 0.005772005772005772
28 0.3339285714285714 0.25 0.01173469387755102 0.005772005772005772
134 0.4997448979591837 0.3392857142857143 0.9045918367346939 0.024170274170274172
2 0.24642857142857144 0.3365800865800866 0.003061224489795918 0.0021645021645021645
2 0.24642857142857144 0.34235209235209235 0.003061224489795918 0.0021645021645021645
2 0.24642857142857144 0.3948412698412698 0.003061224489795918 0.0018037518037518038
2 0.24642857142857144 0.4007936507936508 0.003061224489795918 0.0021645021645021645
2 0.698469387755102 0.3365800865800866 0.003061224489795918 0.0021645021645021645
2 0.698469387755102 0.34235209235209235 0.003061224489795918 0.0021645021645021645
2 0.698469387755102 0.39466089466089466 0.003061224489795918 0.0021645021645021645
2 0.698469387755102 0.4007936507936508 0.003061224489795918 0.0021645021645021645
1 0.8525510204081632 0.31565656565656564 0.024489795918367346 0.0007215007215007215
1 0.8525510204081632 0.32142857142857145 0.024489795918367346 0.0007215007215007215
1 0.7525510204081632 0.32142857142857145 0.012244897959183673 0.0007215007215007215
1 0.7387755102040816 0.31565656565656564 0.012244897959183673 0.0007215007215007215
1 0.7387755102040816 0.32142857142857145 0.012244897959183673 0.0007215007215007215
1 0.7229591836734693 0.32142857142857145 0.012244897959183673 0.0007215007215007215
1 0.32653061224489793 0.32142857142857145 0.012244897959183673 0.0007215007215007215
1 0.2755102040816326 0.31565656565656564 0.012244897959183673 0.0007215007215007215
1 0.2755102040816326 0.32142857142857145 0.012244897959183673 0.0007215007215007215
1 0.2599489795918367 0.32142857142857145 0.012755102040816327 0.0007215007215007215
1 0.19591836734693877 0.3573232323232323 0.024489795918367346 0.0010822510822510823
1 0.15510204081632653 0.3573232323232323 0.012244897959183673 0.0010822510822510823
134 0.4997448979591837 0.3977272727272727 0.9045918367346939 0.024170274170274172
1 0.8525510204081632 0.37987012987012986 0.024489795918367346 0.0007215007215007215
1 0.8071428571428572 0.37987012987012986 0.012244897959183673 0.0007215007215007215
1 0.6005102040816327 0.37987012987012986 0.024489795918367346 0.0007215007215007215
1 0.5614795918367347 0.37987012987012986 0.012755102040816327 0.0007215007215007215
1 0.5127551020408163 0.37987012987012986 0.012244897959183673 0.0007215007215007215
1 0.4818877551020408 0.37987012987012986 0.012755102040816327 0.0007215007215007215
1 0.29489795918367345 0.37987012987012986 0.017346938775510204 0.0007215007215007215
1 0.19591836734693877 0.37987012987012986 0.024489795918367346 0.0007215007215007215
1 0.15510204081632653 0.37987012987012986 0.012244897959183673 0.0007215007215007215
26 0.5127551020408163 0.34235209235209235 0.00816326530612245 0.005772005772005772
24 0.513265306122449 0.3917748917748918 0.007142857142857143 0.005772005772005772
34 0.6596938775510204 0.3948412698412698 0.0163265306122449 0.005411255411255411
34 0.6596938775510204 0.4007936507936508 0.0163265306122449 0.005772005772005772
32 0.6596938775510204 0.33351370851370854 0.0163265306122449 0.005411255411255411
24 0.513265306122449 0.38582251082251084 0.007142857142857143 0.005411255411255411
32 0.6596938775510204 0.33946608946608947 0.0163265306122449 0.005772005772005772
24 0.5127551020408163 0.37987012987012986 0.00816326530612245 0.005772005772005772
41 0.5089285714285714 0.35263347763347763 0.0005102040816326531 0.0183982683982684
86 0.7221938775510204 0.395021645021645 0.007653061224489796 0.015151515151515152
41 0.49923469387755104 0.3383838383838384 0.0005102040816326531 0.021645021645021644
41 0.7191326530612245 0.33026695526695526 0.0005102040816326531 0.01984126984126984
26 0.7229591836734693 0.3185425685425685 0.00816326530612245 0.005772005772005772
122 0.17551020408163265 0.36363636363636365 0.036734693877551024 0.0036075036075036075
24 0.525 0.33946608946608947 0.00816326530612245 0.005772005772005772
41 0.5579081632653061 0.3418109668109668 0.0005102040816326531 0.0183982683982684
24 0.5614795918367347 0.37987012987012986 0.007653061224489796 0.005772005772005772
26 0.5619897959183674 0.3888888888888889 0.0066326530612244895 0.005772005772005772
26 0.5619897959183674 0.4007936507936508 0.0066326530612244895 0.005772005772005772
26 0.5614795918367347 0.33044733044733043 0.007653061224489796 0.005772005772005772
41 0.5579081632653061 0.4000721500721501 0.0005102040816326531 0.03896103896103896
41 0.5211734693877551 0.34974747474747475 0.0005102040816326531 0.01911976911976912
41 0.5456632653061224 0.3463203463203463 0.0005102040816326531 0.021645021645021644
24 0.5494897959183673 0.33351370851370854 0.00816326530612245 0.005411255411255411
41 0.5334183673469388 0.34794372294372294 0.0005102040816326531 0.01911976911976912
26 0.5372448979591836 0.3363997113997114 0.00816326530612245 0.005411255411255411
32 0.6005102040816327 0.37987012987012986 0.0163265306122449 0.005772005772005772
34 0.6005102040816327 0.3888888888888889 0.0163265306122449 0.005772005772005772
41 0.5089285714285714 0.39646464646464646 0.0005102040816326531 0.031746031746031744
34 0.6005102040816327 0.4007936507936508 0.0163265306122449 0.005772005772005772
34 0.6005102040816327 0.33044733044733043 0.0163265306122449 0.005772005772005772
32 0.8525510204081632 0.37987012987012986 0.0163265306122449 0.005772005772005772
34 0.8525510204081632 0.3888888888888889 0.0163265306122449 0.005772005772005772
34 0.8525510204081632 0.4007936507936508 0.0163265306122449 0.005772005772005772
122 0.5790816326530612 0.38293650793650796 0.022448979591836733 0.003246753246753247
122 0.17576530612244898 0.4069264069264069 0.037244897959183676 0.0036075036075036075
122 0.17346938775510204 0.38293650793650796 0.024489795918367346 0.003246753246753247
122 0.17576530612244898 0.37355699855699853 0.037244897959183676 0.003968253968253968
121 0.26377551020408163 0.340007215007215 0.015306122448979591 0.003246753246753247
121 0.36147959183673467 0.3448773448773449 0.015816326530612244 0.002886002886002886
122 0.4086734693877551 0.40584415584415584 0.07346938775510205 0.004329004329004329
122 0.40433673469387754 0.38582251082251084 0.08214285714285714 0.003968253968253968
122 0.4091836734693878 0.3777056277056277 0.07448979591836735 0.004329004329004329
121 0.47806122448979593 0.32341269841269843 0.04285714285714286 0.007575757575757576
121 0.5272959183673469 0.3547979797979798 0.036224489795918365 0.006854256854256854
121 0.5272959183673469 0.35984848484848486 0.036224489795918365 0.006854256854256854
122 0.5790816326530612 0.3259379509379509 0.022448979591836733 0.003246753246753247
122 0.5808673469387755 0.4069264069264069 0.03520408163265306 0.0036075036075036075
32 0.8525510204081632 0.31565656565656564 0.0163265306122449 0.005772005772005772
122 0.5808673469387755 0.37355699855699853 0.03520408163265306 0.003246753246753247
121 0.7270408163265306 0.340007215007215 0.015306122448979591 0.003246753246753247
24 0.7525510204081632 0.3216089466089466 0.00816326530612245 0.005411255411255411
53 0.7747448979591837 0.3477633477633478 0.0066326530612244895 0.006493506493506494
41 0.7706632653061225 0.33856421356421357 0.0005102040816326531 0.024891774891774892
87 0.7742346938775511 0.39790764790764793 0.007653061224489796 0.010101010101010102
26 0.7744897959183673 0.3244949494949495 0.00816326530612245 0.005411255411255411
26 0.7744897959183673 0.33044733044733043 0.00816326530612245 0.005772005772005772
41 0.7487244897959183 0.3324314574314574 0.0005102040816326531 0.01984126984126984
86 0.7515306122448979 0.395021645021645 0.007142857142857143 0.015151515151515152
41 0.7349489795918367 0.3282828282828283 0.0005102040816326531 0.021645021645021644
24 0.7387755102040816 0.31547619047619047 0.00816326530612245 0.005411255411255411
87 0.8191326530612245 0.33964646464646464 0.007653061224489796 0.00974025974025974
41 0.8033163265306122 0.3986291486291486 0.0005102040816326531 0.03391053391053391
24 0.8071428571428572 0.37987012987012986 0.00816326530612245 0.005772005772005772
26 0.8071428571428572 0.3887085137085137 0.00816326530612245 0.005411255411255411
26 0.8071428571428572 0.3948412698412698 0.00816326530612245 0.005411255411255411
47 0.7974489795918367 0.3787878787878788 0.006122448979591836 0.006493506493506494
41 0.7936224489795919 0.38997113997113997 0.0005102040816326531 0.02886002886002886
41 0.7864795918367347 0.3418109668109668 0.0005102040816326531 0.0183982683982684
26 0.7900510204081632 0.3948412698412698 0.007653061224489796 0.005411255411255411
26 0.7900510204081632 0.4007936507936508 0.007653061224489796 0.005772005772005772
26 0.7900510204081632 0.40674603174603174 0.007653061224489796 0.005411255411255411
26 0.7900510204081632 0.33044733044733043 0.007653061224489796 0.005772005772005772
41 0.25637755102040816 0.33044733044733043 0.0005102040816326531 0.01948051948051948
87 0.2596938775510204 0.39790764790764793 0.007142857142857143 0.010101010101010102
26 0.2599489795918367 0.3185425685425685 0.007653061224489796 0.005772005772005772
26 0.275 0.4007936507936508 0.007142857142857143 0.005772005772005772
28 0.2943877551020408 0.37987012987012986 0.012244897959183673 0.005772005772005772
30 0.29489795918367345 0.3888888888888889 0.011224489795918367 0.005772005772005772
30 0.29489795918367345 0.3948412698412698 0.011224489795918367 0.006132756132756133
30 0.2943877551020408 0.3246753246753247 0.012244897959183673 0.005772005772005772
47 0.2829081632653061 0.3787878787878788 0.005612244897959183 0.006493506493506494
24 0.4954081632653061 0.3513708513708514 0.00816326530612245 0.005772005772005772
41 0.27168367346938777 0.3282828282828283 0.0005102040816326531 0.021645021645021644
26 0.275 0.3948412698412698 0.007142857142857143 0.005411255411255411
32 0.19591836734693877 0.37987012987012986 0.0163265306122449 0.005772005772005772
26 0.2755102040816326 0.40674603174603174 0.00816326530612245 0.005411255411255411
24 0.2755102040816326 0.31547619047619047 0.00816326530612245 0.005411255411255411
41 0.09668367346938775 0.3475829725829726 0.0005102040816326531 0.01911976911976912
86 0.09974489795918368 0.395021645021645 0.007653061224489796 0.015151515151515152
74 0.10076530612244898 0.33044733044733043 0.007653061224489796 0.0007215007215007215
26 0.10051020408163265 0.3363997113997114 0.00816326530612245 0.005411255411255411
8 0.06505102040816327 0.39466089466089466 0.020918367346938777 0.015151515151515152
5 0.06505102040816327 0.3401875901875902 0.020918367346938777 0.03535353535353535
0 0.04030612244897959 0.3686868686868687 0.00816326530612245 0.08225108225108226
34 0.19591836734693877 0.3888888888888889 0.0163265306122449 0.005772005772005772
34 0.19591836734693877 0.4007936507936508 0.0163265306122449 0.005772005772005772
32 0.19591836734693877 0.3575036075036075 0.0163265306122449 0.005772005772005772
41 0.15153061224489797 0.40025252525252525 0.0010204081632653062 0.0386002886002886
41 0.15892857142857142 0.34595959595959597 0.0005102040816326531 0.01875901875901876
24 0.15510204081632653 0.37987012987012986 0.00816326530612245 0.005772005772005772
26 0.15510204081632653 0.3888888888888889 0.00816326530612245 0.005772005772005772
26 0.15510204081632653 0.4007936507936508 0.00816326530612245 0.005772005772005772
24 0.15510204081632653 0.3573232323232323 0.00816326530612245 0.005411255411255411
41 0.27933673469387754 0.3906926406926407 0.0005102040816326531 0.030303030303030304
41 0.11760204081632653 0.4053030303030303 0.0005102040816326531 0.0284992784992785
41 0.1288265306122449 0.3428932178932179 0.0005102040816326531 0.0183982683982684
30 0.12321428571428572 0.3888888888888889 0.01173469387755102 0.005772005772005772
30 0.12321428571428572 0.3948412698412698 0.01173469387755102 0.006132756132756133
30 0.12321428571428572 0.4007936507936508 0.01173469387755102 0.005772005772005772
30 0.12321428571428572 0.35425685425685427 0.01173469387755102 0.005772005772005772
86 0.38801020408163267 0.33676046176046176 0.007653061224489796 0.01479076479076479
26 0.4683673469387755 0.3363997113997114 0.00816326530612245 0.005411255411255411
41 0.47219387755102044 0.3291847041847042 0.0005102040816326531 0.012626262626262626
41 0.40688775510204084 0.34505772005772006 0.0005102040816326531 0.024170274170274172
30 0.41275510204081634 0.33044733044733043 0.012244897959183673 0.005772005772005772
30 0.41275510204081634 0.3365800865800866 0.012244897959183673 0.005772005772005772
41 0.36964285714285716 0.3353174603174603 0.0005102040816326531 0.017676767676767676
26 0.3732142857142857 0.3244949494949495 0.007653061224489796 0.005411255411255411
24 0.48214285714285715 0.3454184704184704 0.00816326530612245 0.005411255411255411
41 0.4487244897959184 0.40205627705627706 0.0005102040816326531 0.03499278499278499
41 0.45637755102040817 0.3291847041847042 0.0005102040816326531 0.016955266955266956
26 0.45255102040816325 0.38275613275613274 0.00816326530612245 0.005772005772005772
24 0.45255102040816325 0.3917748917748918 0.00816326530612245 0.005772005772005772
26 0.45255102040816325 0.4007936507936508 0.00816326530612245 0.005772005772005772
24 0.45255102040816325 0.33946608946608947 0.00816326530612245 0.005772005772005772
32 0.36147959183673467 0.3917748917748918 0.015816326530612244 0.005772005772005772
24 0.3576530612244898 0.32756132756132755 0.00816326530612245 0.005772005772005772
41 0.47831632653061223 0.3971861471861472 0.0005102040816326531 0.0367965367965368
41 0.3227040816326531 0.332972582972583 0.0005102040816326531 0.01875901875901876
24 0.32653061224489793 0.3216089466089466 0.00816326530612245 0.005411255411255411
34 0.36147959183673467 0.4007936507936508 0.015816326530612244 0.005772005772005772
40 0.30612244897959184 0.376984126984127 0.003061224489795918 0.0021645021645021645
40 0.30612244897959184 0.3888888888888889 0.003061224489795918 0.0021645021645021645
41 0.2885204081632653 0.39844877344877344 0.0005102040816326531 0.03427128427128427
40 0.30612244897959184 0.39466089466089466 0.003061224489795918 0.0021645021645021645
41 0.2885204081632653 0.3354978354978355 0.0005102040816326531 0.01948051948051948
26 0.48214285714285715 0.3948412698412698 0.00816326530612245 0.005411255411255411
26 0.48214285714285715 0.3888888888888889 0.00816326530612245 0.005772005772005772
26 0.48214285714285715 0.3768037518037518 0.00816326530612245 0.005411255411255411
41 0.4857142857142857 0.3345959595959596 0.0010204081632653062 0.01984126984126984
34 0.36147959183673467 0.38293650793650796 0.015816326530612244 0.005411255411255411
41 0.3538265306122449 0.33676046176046176 0.0005102040816326531 0.016955266955266956
134 0.4971938775510204 0.46933621933621933 0.8994897959183673 0.023809523809523808
134 0.4997448979591837 0.5229076479076479 0.9045918367346939 0.024170274170274172
1 0.7198979591836735 0.5050505050505051 0.024489795918367346 0.0007215007215007215
32 0.6 0.4754689754689755 0.0163265306122449 0.005772005772005772
32 0.6 0.46933621933621933 0.0163265306122449 0.005772005772005772
34 0.6 0.5261544011544012 0.0163265306122449 0.005411255411255411
34 0.6 0.5202020202020202 0.0163265306122449 0.005772005772005772
34 0.7196428571428571 0.4604978354978355 0.015816326530612244 0.005411255411255411
34 0.7196428571428571 0.525974025974026 0.015816326530612244 0.005772005772005772
34 0.7196428571428571 0.5140692640692641 0.015816326530612244 0.005772005772005772
32 0.7196428571428571 0.5052308802308803 0.015816326530612244 0.005411255411255411
34 0.7196428571428571 0.46645021645021645 0.015816326530612244 0.005772005772005772
30 0.10255102040816326 0.4603174603174603 0.012244897959183673 0.005772005772005772
34 0.10459183673469388 0.5261544011544012 0.0163265306122449 0.005411255411255411
34 0.10459183673469388 0.5202020202020202 0.0163265306122449 0.005772005772005772
41 0.09668367346938775 0.4715007215007215 0.0005102040816326531 0.01948051948051948
28 0.17653061224489797 0.4633838383838384 0.012244897959183673 0.006132756132756133
41 0.17066326530612244 0.4743867243867244 0.0005102040816326531 0.01948051948051948
26 0.2612244897959184 0.45436507936507936 0.00816326530612245 0.005411255411255411
28 0.26377551020408163 0.5290404040404041 0.011224489795918367 0.006132756132756133
28 0.26377551020408163 0.523088023088023 0.011224489795918367 0.005772005772005772
30 0.26326530612244897 0.5140692640692641 0.012244897959183673 0.005772005772005772
41 0.2573979591836735 0.4651875901875902 0.0005102040816326531 0.01984126984126984
4 0.07576530612244899 0.44173881673881676 0.02193877551020408 0.020562770562770564
0 0.04030612244897959 0.4962121212121212 0.00816326530612245 0.07756132756132757
84 0.877295918367347 0.4660894660894661 0.004591836734693878 0.005050505050505051
84 0.877295918367347 0.5198412698412699 0.004591836734693878 0.005050505050505051
5 0.06505102040816327 0.47005772005772006 0.020918367346938777 0.03535353535353535
8 0.06505102040816327 0.5198412698412699 0.020918367346938777 0.015151515151515152
26 0.3556122448979592 0.4662698412698413 0.00816326530612245 0.005411255411255411
30 0.3576530612244898 0.5321067821067821 0.012244897959183673 0.005772005772005772
30 0.35714285714285715 0.525974025974026 0.011224489795918367 0.005772005772005772
28 0.35714285714285715 0.516955266955267 0.011224489795918367 0.005772005772005772
41 0.3517857142857143 0.47709235209235207 0.0005102040816326531 0.01984126984126984
41 0.3635204081632653 0.51497113997114 0.0005102040816326531 0.031385281385281384
26 0.40408163265306124 0.4724025974025974 0.00816326530612245 0.005411255411255411
41 0.4079081632653061 0.4615800865800866 0.0005102040816326531 0.01984126984126984
32 0.48035714285714287 0.46933621933621933 0.015816326530612244 0.005772005772005772
32 0.48035714285714287 0.46356421356421357 0.015816326530612244 0.005772005772005772
34 0.48035714285714287 0.5261544011544012 0.015816326530612244 0.005411255411255411
34 0.48035714285714287 0.5202020202020202 0.015816326530612244 0.005772005772005772
41 0.2573979591836735 0.5310245310245311 0.0005102040816326531 0.031024531024531024
41 0.30459183673469387 0.4713203463203463 0.0010204081632653062 0.01984126984126984
26 0.3081632653061224 0.4603174603174603 0.00816326530612245 0.005772005772005772
