134 0.4997448979591837 0.06800144300144301 0.9045918367346939 0.024170274170274172
134 0.4997448979591837 0.2068903318903319 0.9045918367346939 0.024170274170274172
1 0.7464285714285714 0.18885281385281386 0.022448979591836733 0.0010822510822510823
1 0.5923469387755103 0.18885281385281386 0.015306122448979591 0.0010822510822510823
1 0.23877551020408164 0.1829004329004329 0.0163265306122449 0.0007215007215007215
1 0.23877551020408164 0.18885281385281386 0.0163265306122449 0.0010822510822510823
1 0.21581632653061225 0.18885281385281386 0.0163265306122449 0.0010822510822510823
1 0.19285714285714287 0.17694805194805194 0.0163265306122449 0.0010822510822510823
1 0.19285714285714287 0.1829004329004329 0.0163265306122449 0.0007215007215007215
1 0.19285714285714287 0.18885281385281386 0.0163265306122449 0.0010822510822510823
1 0.17015306122448978 0.18885281385281386 0.015816326530612244 0.0010822510822510823
1 0.8377551020408164 0.10912698412698413 0.0163265306122449 0.0010822510822510823
1 0.8377551020408164 0.11507936507936507 0.0163265306122449 0.0007215007215007215
1 0.8377551020408164 0.12121212121212122 0.0163265306122449 0.0007215007215007215
1 0.8150510204081632 0.12121212121212122 0.015816326530612244 0.0007215007215007215
1 0.7964285714285714 0.10912698412698413 0.0163265306122449 0.0010822510822510823
1 0.7964285714285714 0.11507936507936507 0.0163265306122449 0.0007215007215007215
1 0.7964285714285714 0.12121212121212122 0.0163265306122449 0.0007215007215007215
1 0.7739795918367347 0.12121212121212122 0.0163265306122449 0.0007215007215007215
1 0.7104591836734694 0.11507936507936507 0.015816326530612244 0.0007215007215007215
1 0.7104591836734694 0.12121212121212122 0.015816326530612244 0.0007215007215007215
1 0.685204081632653 0.11507936507936507 0.0163265306122449 0.0007215007215007215
1 0.685204081632653 0.12121212121212122 0.0163265306122449 0.0007215007215007215
1 0.6596938775510204 0.12121212121212122 0.0163265306122449 0.0007215007215007215
1 0.6352040816326531 0.12121212121212122 0.015306122448979591 0.0007215007215007215
134 0.4997448979591837 0.41035353535353536 0.9045918367346939 0.024170274170274172
1 0.9073979591836735 0.03823953823953824 0.01479591836734694 0.0007215007215007215
1 0.9073979591836735 0.04401154401154401 0.01479591836734694 0.0007215007215007215
1 0.9073979591836735 0.050144300144300144 0.01479591836734694 0.0007215007215007215
1 0.8905612244897959 0.050144300144300144 0.015816326530612244 0.0007215007215007215
1 0.8732142857142857 0.03823953823953824 0.015816326530612244 0.0007215007215007215
1 0.8732142857142857 0.04401154401154401 0.015816326530612244 0.0007215007215007215
1 0.8732142857142857 0.050144300144300144 0.015816326530612244 0.0007215007215007215
1 0.8556122448979592 0.050144300144300144 0.0163265306122449 0.0007215007215007215
1 0.7436224489795918 0.050144300144300144 0.01479591836734694 0.0007215007215007215
134 0.4997448979591837 0.2747113997113997 0.9045918367346939 0.024170274170274172
1 0.7104591836734694 0.4282106782106782 0.015816326530612244 0.0007215007215007215
134 0.4997448979591837 0.3425324675324675 0.9045918367346939 0.024170274170274172
134 0.4997448979591837 0.13906926406926406 0.9045918367346939 0.024170274170274172
1 0.2895408163265306 0.25667388167388167 0.015816326530612244 0.0010822510822510823
41 0.7395408163265306 0.13275613275613277 0.0005102040816326531 0.012265512265512266
34 0.6364795918367347 0.1919191919191919 0.01479591836734694 0.006493506493506494
24 0.6346938775510204 0.12103174603174603 0.01020408163265306 0.006132756132756133
32 0.7466836734693878 0.42207792207792205 0.01479591836734694 0.006493506493506494
34 0.7466836734693878 0.18578643578643578 0.01479591836734694 0.006493506493506494
94 0.7433673469387755 0.22835497835497837 0.00816326530612245 0.007936507936507936
93 0.7520408163265306 0.2288961038961039 0.00816326530612245 0.011904761904761904
34 0.7466836734693878 0.2597402597402597 0.01479591836734694 0.006493506493506494
94 0.7433673469387755 0.2961760461760462 0.00816326530612245 0.007936507936507936
93 0.7520408163265306 0.2967171717171717 0.00816326530612245 0.011904761904761904
32 0.7466836734693878 0.3484848484848485 0.01479591836734694 0.006493506493506494
32 0.7466836734693878 0.34235209235209235 0.01479591836734694 0.006493506493506494
28 0.6346938775510204 0.42207792207792205 0.011224489795918367 0.006493506493506494
94 0.7433673469387755 0.363997113997114 0.00816326530612245 0.007936507936507936
93 0.7520408163265306 0.36453823953823955 0.00816326530612245 0.011904761904761904
34 0.6364795918367347 0.2656926406926407 0.01479591836734694 0.006132756132756133
94 0.7433673469387755 0.4348845598845599 0.00816326530612245 0.008297258297258298
93 0.7520408163265306 0.4356060606060606 0.00816326530612245 0.011904761904761904
41 0.7395408163265306 0.06060606060606061 0.0005102040816326531 0.021645021645021644
32 0.6364795918367347 0.34235209235209235 0.01479591836734694 0.006493506493506494
94 0.7405612244897959 0.16414141414141414 0.007653061224489796 0.007936507936507936
95 0.7497448979591836 0.16287878787878787 0.008673469387755102 0.015512265512265512
121 0.1538265306122449 0.20743145743145744 0.02295918367346939 0.002886002886002886
63 0.5785714285714286 0.18813131313131312 0.009183673469387756 0.024170274170274172
40 0.6487244897959183 0.41919191919191917 0.004591836734693878 0.002886002886002886
41 0.6400510204081633 0.41125541125541126 0.0005102040816326531 0.01948051948051948
41 0.6293367346938775 0.13203463203463203 0.0005102040816326531 0.01948051948051948
63 0.6214285714285714 0.12031024531024531 0.009183673469387756 0.024170274170274172
41 0.7053571428571429 0.1266233766233766 0.0005102040816326531 0.024531024531024532
24 0.685204081632653 0.11525974025974026 0.01020408163265306 0.006132756132756133
41 0.6801020408163265 0.1275252525252525 0.0010204081632653062 0.022727272727272728
26 0.7104591836734694 0.11814574314574315 0.010714285714285714 0.006132756132756133
26 0.7104591836734694 0.11201298701298701 0.010714285714285714 0.006132756132756133
26 0.7104591836734694 0.4310966810966811 0.010714285714285714 0.005772005772005772
41 0.7155612244897959 0.4202741702741703 0.0005102040816326531 0.01948051948051948
26 0.7443877551020408 0.04707792207792208 0.01020408163265306 0.006132756132756133
26 0.7443877551020408 0.1240981240981241 0.01020408163265306 0.005772005772005772
26 0.6599489795918367 0.11814574314574315 0.010714285714285714 0.006132756132756133
41 0.6548469387755103 0.12914862914862915 0.0005102040816326531 0.01948051948051948
41 0.9329081632653061 0.06547619047619048 0.0005102040816326531 0.01406926406926407
26 0.9219387755102041 0.05303030303030303 0.01020408163265306 0.005772005772005772
41 0.9170918367346939 0.061507936507936505 0.0005102040816326531 0.01479076479076479
24 0.9377551020408164 0.056096681096681096 0.01020408163265306 0.006132756132756133
121 0.9104591836734693 0.06439393939393939 0.012755102040816327 0.003968253968253968
121 0.9178571428571428 0.07034632034632035 0.02959183673469388 0.006493506493506494
121 0.2938775510204082 0.2783189033189033 0.018367346938775512 0.006854256854256854
84 0.4599489795918367 0.27074314574314573 0.015816326530612244 0.003968253968253968
84 0.4599489795918367 0.20292207792207792 0.015816326530612244 0.003968253968253968
84 0.4599489795918367 0.1351010101010101 0.015816326530612244 0.003968253968253968
84 0.4599489795918367 0.06403318903318904 0.015816326530612244 0.003968253968253968
121 0.35535714285714287 0.292027417027417 0.06785714285714285 0.003246753246753247
84 0.4599489795918367 0.33856421356421357 0.015816326530612244 0.003968253968253968
84 0.32831632653061227 0.33856421356421357 0.015816326530612244 0.003968253968253968
84 0.32831632653061227 0.20292207792207792 0.015816326530612244 0.003968253968253968
84 0.32831632653061227 0.1351010101010101 0.015816326530612244 0.003968253968253968
84 0.32831632653061227 0.06403318903318904 0.015816326530612244 0.003968253968253968
121 0.22244897959183674 0.20743145743145744 0.022448979591836733 0.002886002886002886
121 0.8589285714285714 0.06259018759018758 0.050510204081632655 0.003246753246753247
121 0.8589285714285714 0.06727994227994227 0.052551020408163264 0.003246753246753247
121 0.7747448979591837 0.1396103896103896 0.07091836734693878 0.002886002886002886
121 0.7456632653061225 0.06854256854256854 0.012755102040816327 0.002886002886002886
121 0.7461734693877551 0.07341269841269842 0.013775510204081633 0.003246753246753247
84 0.6686224489795919 0.06403318903318904 0.015816326530612244 0.003968253968253968
122 0.5829081632653061 0.42893217893217894 0.10051020408163265 0.004329004329004329
84 0.5609693877551021 0.1351010101010101 0.015816326530612244 0.003968253968253968
84 0.5609693877551021 0.06403318903318904 0.015816326530612244 0.003968253968253968
41 0.7915816326530613 0.12391774891774891 0.0005102040816326531 0.030663780663780664
41 0.7688775510204081 0.1296897546897547 0.0010204081632653062 0.01984126984126984
26 0.7966836734693877 0.10624098124098125 0.010714285714285714 0.006132756132756133
26 0.8150510204081632 0.11814574314574315 0.010714285714285714 0.006132756132756133
41 0.8099489795918368 0.12914862914862915 0.0005102040816326531 0.01948051948051948
41 0.753061224489796 0.06385281385281386 0.0010204081632653062 0.01948051948051948
26 0.7579081632653061 0.05303030303030303 0.010714285714285714 0.005772005772005772
26 0.7739795918367347 0.05303030303030303 0.01020408163265306 0.005772005772005772
26 0.7737244897959183 0.11814574314574315 0.010714285714285714 0.006132756132756133
40 0.7875 0.05303030303030303 0.004591836734693878 0.002886002886002886
41 0.7688775510204081 0.06385281385281386 0.0010204081632653062 0.01948051948051948
41 0.8686224489795918 0.05230880230880231 0.0005102040816326531 0.02958152958152958
26 0.8903061224489796 0.04707792207792208 0.01020408163265306 0.006132756132756133
41 0.8852040816326531 0.057539682539682536 0.0010204081632653062 0.0183982683982684
26 0.8737244897959183 0.035173160173160176 0.010714285714285714 0.006132756132756133
24 0.9081632653061225 0.038059163059163056 0.01020408163265306 0.006132756132756133
86 0.9066326530612245 0.13906926406926406 0.01020408163265306 0.0183982683982684
41 0.9033163265306122 0.05357142857142857 0.0005102040816326531 0.0284992784992785
26 0.8377551020408164 0.05303030303030303 0.01020408163265306 0.005772005772005772
95 0.8375 0.09199134199134198 0.008673469387755102 0.015151515151515152
24 0.8377551020408164 0.10912698412698413 0.01020408163265306 0.006132756132756133
41 0.8329081632653061 0.06096681096681097 0.0005102040816326531 0.013708513708513708
41 0.8329081632653061 0.12463924963924963 0.0005102040816326531 0.0284992784992785
26 0.8556122448979592 0.04707792207792208 0.01020408163265306 0.006132756132756133
41 0.8507653061224489 0.057900432900432904 0.0005102040816326531 0.01911976911976912
30 0.26632653061224487 0.41323953823953824 0.011224489795918367 0.006854256854256854
86 0.2645408163265306 0.2747113997113997 0.009693877551020408 0.0183982683982684
41 0.18775510204081633 0.2851731601731602 0.0010204081632653062 0.0183982683982684
26 0.21607142857142858 0.18596681096681097 0.010714285714285714 0.006132756132756133
41 0.21096938775510204 0.1975108225108225 0.0005102040816326531 0.020562770562770564
26 0.23877551020408164 0.17983405483405485 0.01020408163265306 0.006132756132756133
41 0.2336734693877551 0.1939033189033189 0.0010204081632653062 0.025613275613275612
28 0.32653061224489793 0.4163059163059163 0.011224489795918367 0.006493506493506494
26 0.3079081632653061 0.2656926406926407 0.010714285714285714 0.006132756132756133
41 0.3028061224489796 0.2736291486291486 0.0005102040816326531 0.013347763347763348
26 0.32653061224489793 0.27164502164502163 0.01020408163265306 0.005772005772005772
41 0.3211734693877551 0.2824675324675325 0.0005102040816326531 0.01948051948051948
41 0.3318877551020408 0.4051226551226551 0.0005102040816326531 0.01948051948051948
41 0.27168367346938777 0.4022366522366522 0.0005102040816326531 0.01948051948051948
24 0.2895408163265306 0.25667388167388167 0.010714285714285714 0.006132756132756133
41 0.2844387755102041 0.2667748917748918 0.0005102040816326531 0.017676767676767676
8 0.06938775510204082 0.06854256854256854 0.02959183673469388 0.026695526695526696
69 0.09260204081632653 0.061147186147186144 0.008673469387755102 0.024170274170274172
8 0.06938775510204082 0.13943001443001443 0.02959183673469388 0.027056277056277056
69 0.09260204081632653 0.1322150072150072 0.008673469387755102 0.024170274170274172
84 0.17270408163265305 0.4063852813852814 0.015816326530612244 0.003968253968253968
8 0.06964285714285715 0.20725108225108224 0.03010204081632653 0.027056277056277056
69 0.09260204081632653 0.20003607503607504 0.008673469387755102 0.024170274170274172
8 0.06938775510204082 0.2750721500721501 0.02959183673469388 0.027056277056277056
69 0.09260204081632653 0.26785714285714285 0.008673469387755102 0.024170274170274172
84 0.17270408163265305 0.06403318903318904 0.015816326530612244 0.003968253968253968
84 0.17270408163265305 0.1351010101010101 0.015816326530612244 0.003968253968253968
84 0.17270408163265305 0.33856421356421357 0.015816326530612244 0.003968253968253968
26 0.17015306122448978 0.18596681096681097 0.010714285714285714 0.006132756132756133
26 0.14744897959183673 0.19173881673881674 0.01020408163265306 0.006132756132756133
41 0.14260204081632652 0.2003968253968254 0.0005102040816326531 0.01479076479076479
41 0.11913265306122449 0.2833694083694084 0.0005102040816326531 0.017676767676767676
41 0.16505102040816327 0.19696969696969696 0.0005102040816326531 0.01948051948051948
26 0.19285714285714287 0.17406204906204906 0.01020408163265306 0.006132756132756133
28 0.1931122448979592 0.2745310245310245 0.010714285714285714 0.006493506493506494
41 0.18775510204081633 0.19101731601731603 0.0010204081632653062 0.031385281385281384
8 0.06938775510204082 0.3428932178932179 0.02959183673469388 0.027056277056277056
69 0.09260204081632653 0.3354978354978355 0.008673469387755102 0.024531024531024532
8 0.06938775510204082 0.4107142857142857 0.02959183673469388 0.027056277056277056
69 0.09260204081632653 0.4033189033189033 0.008673469387755102 0.024531024531024532
86 0.12244897959183673 0.2068903318903319 0.01020408163265306 0.0183982683982684
30 0.12448979591836734 0.27164502164502163 0.011224489795918367 0.006493506493506494
26 0.4711734693877551 0.4072871572871573 0.010714285714285714 0.005772005772005772
41 0.4660714285714286 0.4181096681096681 0.0005102040816326531 0.01948051948051948
41 0.4915816326530612 0.4213564213564214 0.0005102040816326531 0.017316017316017316
85 0.5298469387755103 0.2050865800865801 0.012755102040816327 0.003246753246753247
85 0.5298469387755103 0.27290764790764793 0.012755102040816327 0.003246753246753247
86 0.5272959183673469 0.3425324675324675 0.009693877551020408 0.0183982683982684
32 0.5308673469387755 0.42207792207792205 0.01479591836734694 0.006493506493506494
41 0.5471938775510204 0.3537157287157287 0.0005102040816326531 0.016955266955266956
86 0.5650510204081632 0.2068903318903319 0.009693877551020408 0.0183982683982684
30 0.5668367346938775 0.2597402597402597 0.011224489795918367 0.006493506493506494
40 0.5663265306122449 0.33946608946608947 0.00510204081632653 0.002886002886002886
41 0.5614795918367347 0.27056277056277056 0.0005102040816326531 0.01948051948051948
24 0.5918367346938775 0.18885281385281386 0.01020408163265306 0.006132756132756133
41 0.5864795918367347 0.19985569985569984 0.0005102040816326531 0.01948051948051948
24 0.49642857142857144 0.41035353535353536 0.01020408163265306 0.006132756132756133
28 0.5525510204081633 0.34235209235209235 0.011224489795918367 0.006493506493506494
41 0.425765306122449 0.4018759018759019 0.0005102040816326531 0.01875901875901876
26 0.42066326530612247 0.41323953823953824 0.010714285714285714 0.006132756132756133
24 0.3943877551020408 0.2685786435786436 0.01020408163265306 0.006132756132756133
41 0.3895408163265306 0.2804834054834055 0.0005102040816326531 0.021284271284271284
24 0.35331632653061223 0.2747113997113997 0.010714285714285714 0.006132756132756133
41 0.3482142857142857 0.2839105339105339 0.0005102040816326531 0.015873015873015872
41 0.4487244897959184 0.40764790764790765 0.0005102040816326531 0.018037518037518036
26 0.44387755102040816 0.41919191919191917 0.01020408163265306 0.005772005772005772
63 0.34005102040816326 0.27380952380952384 0.008673469387755102 0.024531024531024532
41 0.36862244897959184 0.28264790764790765 0.0005102040816326531 0.017676767676767676
26 0.3737244897959184 0.27164502164502163 0.010714285714285714 0.005772005772005772
134 0.4997448979591837 0.575937950937951 0.9045918367346939 0.024170274170274172
1 0.7844387755102041 0.6944444444444444 0.01683673469387755 0.0007215007215007215
1 0.7844387755102041 0.7002164502164502 0.01683673469387755 0.0007215007215007215
1 0.7515306122448979 0.6944444444444444 0.0163265306122449 0.0007215007215007215
1 0.7515306122448979 0.7002164502164502 0.0163265306122449 0.0007215007215007215
1 0.7244897959183674 0.6944444444444444 0.0163265306122449 0.0007215007215007215
1 0.7244897959183674 0.7002164502164502 0.0163265306122449 0.0007215007215007215
1 0.7066326530612245 0.6883116883116883 0.0163265306122449 0.0007215007215007215
1 0.7066326530612245 0.6944444444444444 0.0163265306122449 0.0007215007215007215
1 0.7066326530612245 0.7002164502164502 0.0163265306122449 0.0007215007215007215
1 0.6880102040816326 0.6944444444444444 0.015816326530612244 0.0007215007215007215
1 0.6880102040816326 0.7002164502164502 0.015816326530612244 0.0007215007215007215
1 0.6698979591836735 0.7002164502164502 0.0163265306122449 0.0007215007215007215
1 0.6520408163265307 0.7002164502164502 0.0163265306122449 0.0007215007215007215
1 0.6344387755102041 0.7002164502164502 0.015816326530612244 0.0007215007215007215
1 0.6170918367346939 0.7002164502164502 0.015816326530612244 0.0007215007215007215
1 0.5811224489795919 0.7002164502164502 0.0163265306122449 0.0007215007215007215
1 0.563265306122449 0.7002164502164502 0.0163265306122449 0.0007215007215007215
1 0.5451530612244898 0.7002164502164502 0.015816326530612244 0.0007215007215007215
1 0.48775510204081635 0.7002164502164502 0.022448979591836733 0.0007215007215007215
1 0.13673469387755102 0.6944444444444444 0.03571428571428571 0.0007215007215007215
1 0.13673469387755102 0.7002164502164502 0.03571428571428571 0.0007215007215007215
134 0.4997448979591837 0.6504329004329005 0.9045918367346939 0.023809523809523808
1 0.7844387755102041 0.9395743145743146 0.01683673469387755 0.0010822510822510823
1 0.7844387755102041 0.9455266955266955 0.01683673469387755 0.0007215007215007215
1 0.7844387755102041 0.9514790764790765 0.01683673469387755 0.0010822510822510823
1 0.7844387755102041 0.9574314574314574 0.01683673469387755 0.0007215007215007215
1 0.7844387755102041 0.9633838383838383 0.01683673469387755 0.0010822510822510823
1 0.6880102040816326 0.9395743145743146 0.015816326530612244 0.0010822510822510823
1 0.6880102040816326 0.9455266955266955 0.015816326530612244 0.0007215007215007215
1 0.6880102040816326 0.9514790764790765 0.015816326530612244 0.0010822510822510823
1 0.6880102040816326 0.9574314574314574 0.015816326530612244 0.0007215007215007215
1 0.6880102040816326 0.9633838383838383 0.015816326530612244 0.0010822510822510823
1 0.5811224489795919 0.9395743145743146 0.0163265306122449 0.0010822510822510823
1 0.563265306122449 0.9395743145743146 0.0163265306122449 0.0010822510822510823
1 0.5451530612244898 0.9395743145743146 0.015816326530612244 0.0010822510822510823
1 0.48775510204081635 0.9395743145743146 0.022448979591836733 0.0010822510822510823
1 0.7844387755102041 0.7680375180375181 0.01683673469387755 0.0007215007215007215
1 0.7515306122448979 0.7680375180375181 0.0163265306122449 0.0007215007215007215
1 0.7244897959183674 0.7680375180375181 0.0163265306122449 0.0007215007215007215
1 0.7066326530612245 0.7680375180375181 0.0163265306122449 0.0007215007215007215
1 0.6880102040816326 0.7680375180375181 0.015816326530612244 0.0007215007215007215
1 0.6698979591836735 0.7680375180375181 0.0163265306122449 0.0007215007215007215
1 0.6520408163265307 0.7680375180375181 0.0163265306122449 0.0007215007215007215
1 0.6344387755102041 0.7680375180375181 0.015816326530612244 0.0007215007215007215
1 0.6170918367346939 0.7680375180375181 0.015816326530612244 0.0007215007215007215
1 0.5811224489795919 0.7680375180375181 0.0163265306122449 0.0007215007215007215
1 0.563265306122449 0.7680375180375181 0.0163265306122449 0.0007215007215007215
1 0.5451530612244898 0.7680375180375181 0.015816326530612244 0.0007215007215007215
1 0.48775510204081635 0.7680375180375181 0.022448979591836733 0.0007215007215007215
134 0.4997448979591837 0.9215367965367965 0.9045918367346939 0.024170274170274172
1 0.7844387755102041 0.6204906204906205 0.01683673469387755 0.0007215007215007215
1 0.7844387755102041 0.6266233766233766 0.01683673469387755 0.0007215007215007215
1 0.7844387755102041 0.6325757575757576 0.01683673469387755 0.0010822510822510823
1 0.7515306122448979 0.6204906204906205 0.0163265306122449 0.0007215007215007215
1 0.7515306122448979 0.6266233766233766 0.0163265306122449 0.0007215007215007215
1 0.7515306122448979 0.6325757575757576 0.0163265306122449 0.0010822510822510823
1 0.7244897959183674 0.6204906204906205 0.0163265306122449 0.0007215007215007215
1 0.7244897959183674 0.6266233766233766 0.0163265306122449 0.0007215007215007215
1 0.7244897959183674 0.6325757575757576 0.0163265306122449 0.0010822510822510823
1 0.7066326530612245 0.6204906204906205 0.0163265306122449 0.0007215007215007215
1 0.7066326530612245 0.6266233766233766 0.0163265306122449 0.0007215007215007215
1 0.7066326530612245 0.6325757575757576 0.0163265306122449 0.0010822510822510823
1 0.6880102040816326 0.6204906204906205 0.015816326530612244 0.0007215007215007215
1 0.6880102040816326 0.6266233766233766 0.015816326530612244 0.0007215007215007215
1 0.6880102040816326 0.6325757575757576 0.015816326530612244 0.0010822510822510823
1 0.6698979591836735 0.6204906204906205 0.0163265306122449 0.0007215007215007215
1 0.6698979591836735 0.6266233766233766 0.0163265306122449 0.0007215007215007215
1 0.6698979591836735 0.6325757575757576 0.0163265306122449 0.0010822510822510823
1 0.6520408163265307 0.6204906204906205 0.0163265306122449 0.0007215007215007215
1 0.6520408163265307 0.6266233766233766 0.0163265306122449 0.0007215007215007215
1 0.6520408163265307 0.6325757575757576 0.0163265306122449 0.0010822510822510823
1 0.6344387755102041 0.6204906204906205 0.015816326530612244 0.0007215007215007215
1 0.6344387755102041 0.6266233766233766 0.015816326530612244 0.0007215007215007215
1 0.6344387755102041 0.6325757575757576 0.015816326530612244 0.0010822510822510823
1 0.6170918367346939 0.6204906204906205 0.015816326530612244 0.0007215007215007215
1 0.6170918367346939 0.6266233766233766 0.015816326530612244 0.0007215007215007215
1 0.6170918367346939 0.6325757575757576 0.015816326530612244 0.0010822510822510823
1 0.5811224489795919 0.6204906204906205 0.0163265306122449 0.0007215007215007215
1 0.5811224489795919 0.6266233766233766 0.0163265306122449 0.0007215007215007215
1 0.5811224489795919 0.6325757575757576 0.0163265306122449 0.0010822510822510823
1 0.563265306122449 0.6204906204906205 0.0163265306122449 0.0007215007215007215
1 0.563265306122449 0.6266233766233766 0.0163265306122449 0.0007215007215007215
1 0.563265306122449 0.6325757575757576 0.0163265306122449 0.0010822510822510823
1 0.5451530612244898 0.6204906204906205 0.015816326530612244 0.0007215007215007215
1 0.5451530612244898 0.6266233766233766 0.015816326530612244 0.0007215007215007215
1 0.5451530612244898 0.6325757575757576 0.015816326530612244 0.0010822510822510823
1 0.48775510204081635 0.6204906204906205 0.022448979591836733 0.0007215007215007215
1 0.48775510204081635 0.6266233766233766 0.022448979591836733 0.0007215007215007215
1 0.48775510204081635 0.6325757575757576 0.022448979591836733 0.0010822510822510823
134 0.4997448979591837 0.786075036075036 0.9045918367346939 0.023809523809523808
134 0.4997448979591837 0.8537157287157288 0.9045918367346939 0.024170274170274172
134 0.4997448979591837 0.7182539682539683 0.9045918367346939 0.023809523809523808
1 0.7844387755102041 0.5461760461760462 0.01683673469387755 0.0007215007215007215
1 0.7844387755102041 0.5521284271284271 0.01683673469387755 0.0010822510822510823
1 0.7844387755102041 0.5580808080808081 0.01683673469387755 0.0007215007215007215
1 0.752295918367347 0.5521284271284271 0.01479591836734694 0.0010822510822510823
1 0.7515306122448979 0.5580808080808081 0.0163265306122449 0.0007215007215007215
1 0.7244897959183674 0.5521284271284271 0.0163265306122449 0.0010822510822510823
1 0.7244897959183674 0.5580808080808081 0.0163265306122449 0.0007215007215007215
1 0.7066326530612245 0.5580808080808081 0.0163265306122449 0.0007215007215007215
1 0.6880102040816326 0.5580808080808081 0.015816326530612244 0.0007215007215007215
1 0.6344387755102041 0.5580808080808081 0.015816326530612244 0.0007215007215007215
1 0.6170918367346939 0.5461760461760462 0.015816326530612244 0.0007215007215007215
1 0.6170918367346939 0.5521284271284271 0.015816326530612244 0.0010822510822510823
1 0.6170918367346939 0.5580808080808081 0.015816326530612244 0.0007215007215007215
1 0.5811224489795919 0.5461760461760462 0.0163265306122449 0.0007215007215007215
1 0.5811224489795919 0.5521284271284271 0.0163265306122449 0.0010822510822510823
1 0.5811224489795919 0.5580808080808081 0.0163265306122449 0.0007215007215007215
1 0.563265306122449 0.5461760461760462 0.0163265306122449 0.0007215007215007215
1 0.563265306122449 0.5521284271284271 0.0163265306122449 0.0010822510822510823
1 0.563265306122449 0.5580808080808081 0.0163265306122449 0.0007215007215007215
1 0.5451530612244898 0.5461760461760462 0.015816326530612244 0.0007215007215007215
1 0.5451530612244898 0.5521284271284271 0.015816326530612244 0.0010822510822510823
1 0.5451530612244898 0.5580808080808081 0.015816326530612244 0.0007215007215007215
1 0.48775510204081635 0.5461760461760462 0.022448979591836733 0.0007215007215007215
1 0.48775510204081635 0.5521284271284271 0.022448979591836733 0.0010822510822510823
1 0.48775510204081635 0.5580808080808081 0.022448979591836733 0.0007215007215007215
1 0.43112244897959184 0.5402236652236653 0.0163265306122449 0.0010822510822510823
1 0.43112244897959184 0.5461760461760462 0.0163265306122449 0.0007215007215007215
1 0.43112244897959184 0.5521284271284271 0.0163265306122449 0.0010822510822510823
1 0.43112244897959184 0.5580808080808081 0.0163265306122449 0.0007215007215007215
1 0.413265306122449 0.5402236652236653 0.0163265306122449 0.0010822510822510823
1 0.413265306122449 0.5461760461760462 0.0163265306122449 0.0007215007215007215
1 0.413265306122449 0.5521284271284271 0.0163265306122449 0.0010822510822510823
1 0.413265306122449 0.5580808080808081 0.0163265306122449 0.0007215007215007215
1 0.39540816326530615 0.5461760461760462 0.015306122448979591 0.0007215007215007215
1 0.39540816326530615 0.5521284271284271 0.015306122448979591 0.0010822510822510823
1 0.39540816326530615 0.5580808080808081 0.015306122448979591 0.0007215007215007215
1 0.3790816326530612 0.5402236652236653 0.014285714285714285 0.0010822510822510823
1 0.37831632653061226 0.5461760461760462 0.015816326530612244 0.0007215007215007215
1 0.37831632653061226 0.5521284271284271 0.015816326530612244 0.0010822510822510823
1 0.37831632653061226 0.5580808080808081 0.015816326530612244 0.0007215007215007215
1 0.35153061224489796 0.5461760461760462 0.0163265306122449 0.0007215007215007215
1 0.35153061224489796 0.5521284271284271 0.0163265306122449 0.0010822510822510823
1 0.35153061224489796 0.5580808080808081 0.0163265306122449 0.0007215007215007215
1 0.33163265306122447 0.5521284271284271 0.0163265306122449 0.0010822510822510823
1 0.33163265306122447 0.5580808080808081 0.0163265306122449 0.0007215007215007215
1 0.3137755102040816 0.5521284271284271 0.015306122448979591 0.0010822510822510823
1 0.3137755102040816 0.5580808080808081 0.015306122448979591 0.0007215007215007215
1 0.29668367346938773 0.5461760461760462 0.015816326530612244 0.0007215007215007215
1 0.29668367346938773 0.5521284271284271 0.015816326530612244 0.0010822510822510823
1 0.29668367346938773 0.5580808080808081 0.015816326530612244 0.0007215007215007215
1 0.2767857142857143 0.5521284271284271 0.015816326530612244 0.0010822510822510823
1 0.2767857142857143 0.5580808080808081 0.015816326530612244 0.0007215007215007215
1 0.2566326530612245 0.5580808080808081 0.0163265306122449 0.0007215007215007215
1 0.23903061224489797 0.5580808080808081 0.015816326530612244 0.0007215007215007215
1 0.22168367346938775 0.5521284271284271 0.015816326530612244 0.0010822510822510823
1 0.22168367346938775 0.5580808080808081 0.015816326530612244 0.0007215007215007215
1 0.20408163265306123 0.5580808080808081 0.0163265306122449 0.0007215007215007215
1 0.18596938775510205 0.5580808080808081 0.015816326530612244 0.0007215007215007215
1 0.16862244897959183 0.5580808080808081 0.01479591836734694 0.0007215007215007215
1 0.14107142857142857 0.5521284271284271 0.015816326530612244 0.0010822510822510823
1 0.14107142857142857 0.5580808080808081 0.015816326530612244 0.0007215007215007215
40 0.5946428571428571 0.9188311688311688 0.004591836734693878 0.002886002886002886
41 0.6829081632653061 0.6349206349206349 0.0005102040816326531 0.030303030303030304
41 0.6931122448979592 0.9415584415584416 0.0005102040816326531 0.03968253968253968
41 0.6829081632653061 0.7072510822510822 0.0005102040816326531 0.021284271284271284
41 0.6829081632653061 0.8618326118326118 0.0005102040816326531 0.03535353535353535
41 0.6829081632653061 0.7795815295815296 0.0005102040816326531 0.024531024531024532
24 0.6880102040816326 0.8537157287157288 0.010714285714285714 0.006132756132756133
24 0.6880102040816326 0.5580808080808081 0.010714285714285714 0.005772005772005772
26 0.6880102040816326 0.6176046176046176 0.010714285714285714 0.005772005772005772
24 0.6170918367346939 0.5461760461760462 0.010714285714285714 0.005772005772005772
24 0.6880102040816326 0.6942640692640693 0.010714285714285714 0.006132756132756133
24 0.6880102040816326 0.773989898989899 0.010714285714285714 0.006132756132756133
26 0.6880102040816326 0.7651515151515151 0.010714285714285714 0.005772005772005772
26 0.6880102040816326 0.8627344877344877 0.010714285714285714 0.006132756132756133
24 0.6780612244897959 0.8418109668109668 0.01020408163265306 0.006132756132756133
24 0.6880102040816326 0.8418109668109668 0.010714285714285714 0.006132756132756133
24 0.6880102040816326 0.9633838383838383 0.010714285714285714 0.006132756132756133
26 0.6880102040816326 0.9424603174603174 0.010714285714285714 0.006132756132756133
41 0.6829081632653061 0.5674603174603174 0.0005102040816326531 0.016594516594516596
24 0.7244897959183674 0.5521284271284271 0.01020408163265306 0.006132756132756133
26 0.7244897959183674 0.6176046176046176 0.01020408163265306 0.005772005772005772
26 0.7244897959183674 0.6913780663780664 0.01020408163265306 0.006132756132756133
24 0.7252551020408163 0.773989898989899 0.009693877551020408 0.006132756132756133
26 0.7244897959183674 0.7651515151515151 0.01020408163265306 0.005772005772005772
41 0.7196428571428571 0.5636724386724387 0.0005102040816326531 0.020562770562770564
121 0.1673469387755102 0.575937950937951 0.061224489795918366 0.0018037518037518038
121 0.16760204081632654 0.5808080808080808 0.06275510204081633 0.0021645021645021645
41 0.7196428571428571 0.6338383838383839 0.0005102040816326531 0.030303030303030304
41 0.7196428571428571 0.7047258297258298 0.0005102040816326531 0.024170274170274172
41 0.7196428571428571 0.7784992784992785 0.0005102040816326531 0.024531024531024532
41 0.6119897959183673 0.63510101010101 0.0005102040816326531 0.029942279942279944
41 0.701530612244898 0.6338383838383839 0.0010204081632653062 0.030303030303030304
41 0.585969387755102 0.920995670995671 0.0005102040816326531 0.03823953823953824
26 0.7066326530612245 0.55501443001443 0.01020408163265306 0.006132756132756133
26 0.7063775510204081 0.6176046176046176 0.010714285714285714 0.005772005772005772
24 0.7066326530612245 0.6884920634920635 0.01020408163265306 0.006132756132756133
24 0.7071428571428572 0.773989898989899 0.009183673469387756 0.006132756132756133
26 0.7066326530612245 0.7651515151515151 0.01020408163265306 0.005772005772005772
41 0.701530612244898 0.5652958152958153 0.0010204081632653062 0.018037518037518036
41 0.701530612244898 0.7032828282828283 0.0010204081632653062 0.027056277056277056
41 0.701530612244898 0.7784992784992785 0.0010204081632653062 0.024531024531024532
26 0.6346938775510204 0.7651515151515151 0.01020408163265306 0.005772005772005772
41 0.6293367346938775 0.5667388167388168 0.0005102040816326531 0.01875901875901876
41 0.6293367346938775 0.6343795093795094 0.0005102040816326531 0.02922077922077922
24 0.6349489795918367 0.773989898989899 0.009693877551020408 0.006132756132756133
41 0.6293367346938775 0.7081529581529582 0.0005102040816326531 0.017316017316017316
41 0.6293367346938775 0.7784992784992785 0.0005102040816326531 0.024531024531024532
41 0.6119897959183673 0.5615079365079365 0.0005102040816326531 0.0284992784992785
41 0.6119897959183673 0.7088744588744589 0.0005102040816326531 0.018037518037518036
41 0.6119897959183673 0.7797619047619048 0.0005102040816326531 0.024170274170274172
26 0.6344387755102041 0.55501443001443 0.010714285714285714 0.006132756132756133
26 0.6344387755102041 0.6176046176046176 0.010714285714285714 0.005772005772005772
26 0.6344387755102041 0.6973304473304474 0.010714285714285714 0.005772005772005772
26 0.6170918367346939 0.6973304473304474 0.010714285714285714 0.005772005772005772
26 0.6701530612244898 0.5611471861471862 0.010714285714285714 0.006132756132756133
26 0.6701530612244898 0.6176046176046176 0.010714285714285714 0.005772005772005772
26 0.6701530612244898 0.6973304473304474 0.010714285714285714 0.005772005772005772
26 0.6170918367346939 0.6176046176046176 0.010714285714285714 0.005772005772005772
24 0.6706632653061224 0.773989898989899 0.009693877551020408 0.006132756132756133
26 0.6701530612244898 0.7651515151515151 0.010714285714285714 0.005772005772005772
41 0.6650510204081632 0.5714285714285714 0.0005102040816326531 0.018037518037518036
41 0.6650510204081632 0.6343795093795094 0.0005102040816326531 0.031385281385281384
41 0.6650510204081632 0.7081529581529582 0.0005102040816326531 0.01948051948051948
41 0.6471938775510204 0.6345598845598845 0.0005102040816326531 0.02886002886002886
86 0.6155612244897959 0.9218975468975469 0.009693877551020408 0.0183982683982684
24 0.6520408163265307 0.564033189033189 0.01020408163265306 0.006132756132756133
26 0.6520408163265307 0.6176046176046176 0.01020408163265306 0.005772005772005772
26 0.6520408163265307 0.6973304473304474 0.01020408163265306 0.005772005772005772
24 0.6525510204081633 0.773989898989899 0.009183673469387756 0.006132756132756133
26 0.6520408163265307 0.7651515151515151 0.01020408163265306 0.005772005772005772
41 0.6471938775510204 0.5716089466089466 0.0005102040816326531 0.012626262626262626
86 0.6155612244897959 0.8540764790764791 0.009693877551020408 0.0183982683982684
41 0.6650510204081632 0.7790404040404041 0.0005102040816326531 0.025613275613275612
26 0.6170918367346939 0.7651515151515151 0.010714285714285714 0.005772005772005772
41 0.6471938775510204 0.7076118326118326 0.0005102040816326531 0.0183982683982684
24 0.6170918367346939 0.773989898989899 0.010714285714285714 0.006132756132756133
41 0.6471938775510204 0.7784992784992785 0.0005102040816326531 0.024531024531024532
121 0.5589285714285714 0.9007936507936508 0.017857142857142856 0.0021645021645021645
121 0.5591836734693878 0.9056637806637806 0.0163265306122449 0.0018037518037518038
121 0.5589285714285714 0.8288239538239538 0.017857142857142856 0.0018037518037518038
121 0.5591836734693878 0.8336940836940837 0.0163265306122449 0.0021645021645021645
121 0.5489795918367347 0.7871572871572872 0.0163265306122449 0.0021645021645021645
121 0.549234693877551 0.7920274170274171 0.017857142857142856 0.0018037518037518038
121 0.5489795918367347 0.7133838383838383 0.0163265306122449 0.0018037518037518038
121 0.549234693877551 0.7182539682539683 0.017857142857142856 0.0021645021645021645
121 0.5489795918367347 0.6455627705627706 0.0163265306122449 0.0018037518037518038
121 0.549234693877551 0.6504329004329005 0.017857142857142856 0.0021645021645021645
121 0.5489795918367347 0.5710678210678211 0.0163265306122449 0.0021645021645021645
121 0.549234693877551 0.575937950937951 0.017857142857142856 0.0018037518037518038
121 0.6385204081632653 0.5735930735930735 0.052551020408163264 0.006493506493506494
121 0.6385204081632653 0.5784632034632035 0.052551020408163264 0.006854256854256854
121 0.4 0.5710678210678211 0.05102040816326531 0.0021645021645021645
121 0.39974489795918366 0.575937950937951 0.052551020408163264 0.0018037518037518038
121 0.3193877551020408 0.5710678210678211 0.053061224489795916 0.0021645021645021645
121 0.3191326530612245 0.575937950937951 0.05459183673469388 0.0018037518037518038
121 0.2443877551020408 0.5710678210678211 0.053061224489795916 0.0021645021645021645
121 0.2443877551020408 0.575937950937951 0.05510204081632653 0.0018037518037518038
122 0.7395408163265306 0.9343434343434344 0.08622448979591837 0.004329004329004329
122 0.7362244897959184 0.9715007215007215 0.09285714285714286 0.004329004329004329
122 0.7362244897959184 0.8336940836940837 0.09285714285714286 0.004329004329004329
122 0.7311224489795919 0.8479437229437229 0.08979591836734693 0.003968253968253968
122 0.7311224489795919 0.8598484848484849 0.08979591836734693 0.003968253968253968
122 0.7326530612244898 0.8708513708513709 0.08571428571428572 0.004329004329004329
121 0.7142857142857143 0.7871572871572872 0.06224489795918367 0.0021645021645021645
121 0.7147959183673469 0.7920274170274171 0.06326530612244897 0.0018037518037518038
121 0.7142857142857143 0.7133838383838383 0.06224489795918367 0.0018037518037518038
121 0.7147959183673469 0.7182539682539683 0.06326530612244897 0.0021645021645021645
121 0.7142857142857143 0.6455627705627706 0.06224489795918367 0.0018037518037518038
121 0.7147959183673469 0.6504329004329005 0.06326530612244897 0.0021645021645021645
121 0.7142857142857143 0.5705266955266955 0.06224489795918367 0.003246753246753247
121 0.7147959183673469 0.5753968253968254 0.06326530612244897 0.002886002886002886
121 0.6385204081632653 0.7871572871572872 0.052551020408163264 0.0021645021645021645
121 0.6385204081632653 0.7920274170274171 0.052551020408163264 0.0018037518037518038
121 0.6385204081632653 0.7133838383838383 0.052551020408163264 0.0018037518037518038
121 0.6385204081632653 0.7182539682539683 0.052551020408163264 0.0021645021645021645
121 0.6385204081632653 0.6455627705627706 0.052551020408163264 0.0018037518037518038
121 0.6385204081632653 0.6504329004329005 0.052551020408163264 0.0021645021645021645
28 0.7846938775510204 0.9633838383838383 0.011224489795918367 0.006854256854256854
28 0.7846938775510204 0.5461760461760462 0.011224489795918367 0.006493506493506494
30 0.7846938775510204 0.6176046176046176 0.011224489795918367 0.006493506493506494
30 0.7846938775510204 0.6913780663780664 0.011224489795918367 0.006854256854256854
28 0.7852040816326531 0.7741702741702742 0.01020408163265306 0.006493506493506494
30 0.7846938775510204 0.7651515151515151 0.011224489795918367 0.006493506493506494
30 0.7852040816326531 0.862914862914863 0.01020408163265306 0.006493506493506494
28 0.7852040816326531 0.8538961038961039 0.01020408163265306 0.006493506493506494
28 0.7739795918367347 0.841991341991342 0.011224489795918367 0.006493506493506494
28 0.7846938775510204 0.841991341991342 0.011224489795918367 0.006493506493506494
41 0.7464285714285714 0.7790404040404041 0.0010204081632653062 0.025613275613275612
30 0.7841836734693878 0.9426406926406926 0.01020408163265306 0.006493506493506494
41 0.7793367346938775 0.5615079365079365 0.0005102040816326531 0.0284992784992785
41 0.7793367346938775 0.6343795093795094 0.0005102040816326531 0.031385281385281384
26 0.7515306122448979 0.5492424242424242 0.01020408163265306 0.006132756132756133
26 0.7515306122448979 0.6176046176046176 0.01020408163265306 0.005772005772005772
24 0.7515306122448979 0.6942640692640693 0.01020408163265306 0.006132756132756133
24 0.7512755102040817 0.773989898989899 0.010714285714285714 0.006132756132756133
26 0.7512755102040817 0.7651515151515151 0.010714285714285714 0.005772005772005772
41 0.7464285714285714 0.5625901875901876 0.0010204081632653062 0.024170274170274172
63 0.738265306122449 0.5483405483405484 0.009183673469387756 0.024531024531024532
41 0.7464285714285714 0.6343795093795094 0.0010204081632653062 0.031385281385281384
41 0.7464285714285714 0.7067099567099567 0.0010204081632653062 0.022366522366522368
85 0.8247448979591837 0.7164502164502164 0.012755102040816327 0.002886002886002886
85 0.8247448979591837 0.5743145743145743 0.012755102040816327 0.002886002886002886
85 0.8247448979591837 0.6486291486291487 0.012755102040816327 0.002886002886002886
85 0.8247448979591837 0.7842712842712842 0.012755102040816327 0.002886002886002886
85 0.8247448979591837 0.8520923520923521 0.012755102040816327 0.002886002886002886
85 0.8247448979591837 0.9199134199134199 0.012755102040816327 0.002886002886002886
41 0.7793367346938775 0.7052669552669553 0.0005102040816326531 0.025252525252525252
41 0.7793367346938775 0.7804834054834054 0.0005102040816326531 0.0284992784992785
41 0.7793367346938775 0.8612914862914863 0.0005102040816326531 0.03643578643578643
41 0.7900510204081632 0.9419191919191919 0.0005102040816326531 0.04040404040404041
24 0.2767857142857143 0.5521284271284271 0.010714285714285714 0.006132756132756133
41 0.27168367346938777 0.5645743145743146 0.0005102040816326531 0.022366522366522368
26 0.2969387755102041 0.5431096681096681 0.01020408163265306 0.006132756132756133
41 0.29209183673469385 0.560064935064935 0.0005102040816326531 0.031385281385281384
41 0.2517857142857143 0.5681818181818182 0.0005102040816326531 0.015151515151515152
24 0.3135204081632653 0.5521284271284271 0.010714285714285714 0.006132756132756133
41 0.3084183673469388 0.5645743145743146 0.0005102040816326531 0.022366522366522368
24 0.33163265306122447 0.5521284271284271 0.01020408163265306 0.006132756132756133
41 0.3267857142857143 0.5645743145743146 0.0005102040816326531 0.022366522366522368
24 0.22193877551020408 0.5521284271284271 0.01020408163265306 0.006132756132756133
24 0.18596938775510205 0.5580808080808081 0.010714285714285714 0.005772005772005772
41 0.18086734693877551 0.56998556998557 0.0005102040816326531 0.021645021645021644
26 0.20408163265306123 0.55501443001443 0.01020408163265306 0.006132756132756133
41 0.1989795918367347 0.5685425685425686 0.0010204081632653062 0.024531024531024532
41 0.21709183673469387 0.5645743145743146 0.0005102040816326531 0.022366522366522368
24 0.23877551020408164 0.5580808080808081 0.01020408163265306 0.005772005772005772
41 0.2336734693877551 0.5674603174603174 0.0010204081632653062 0.016594516594516596
24 0.2566326530612245 0.5580808080808081 0.01020408163265306 0.005772005772005772
96 0.4816326530612245 0.7451298701298701 0.006122448979591836 0.011183261183261184
95 0.48801020408163265 0.7422438672438673 0.008673469387755102 0.015512265512265512
93 0.4951530612244898 0.7440476190476191 0.008673469387755102 0.011904761904761904
26 0.43137755102040815 0.5373376623376623 0.010714285714285714 0.006132756132756133
41 0.4262755102040816 0.556998556998557 0.0005102040816326531 0.03751803751803752
32 0.4875 0.5461760461760462 0.01479591836734694 0.006493506493506494
96 0.4816326530612245 0.6028138528138528 0.006122448979591836 0.010822510822510822
95 0.48801020408163265 0.6001082251082251 0.008673469387755102 0.015512265512265512
93 0.4951530612244898 0.601911976911977 0.008673469387755102 0.011904761904761904
7 0.45 0.56998556998557 0.02040816326530612 0.025974025974025976
34 0.4875 0.6176046176046176 0.01479591836734694 0.006493506493506494
96 0.4816326530612245 0.6773088023088023 0.006122448979591836 0.011183261183261184
95 0.48801020408163265 0.6744227994227994 0.008673469387755102 0.015512265512265512
93 0.4951530612244898 0.6762265512265512 0.008673469387755102 0.011904761904761904
34 0.4875 0.6973304473304474 0.01479591836734694 0.006493506493506494
32 0.4875 0.7741702741702742 0.01479591836734694 0.006493506493506494
40 0.5946428571428571 0.9426406926406926 0.004591836734693878 0.002886002886002886
96 0.4816326530612245 0.812950937950938 0.006122448979591836 0.011183261183261184
95 0.48801020408163265 0.810064935064935 0.008673469387755102 0.015512265512265512
93 0.4951530612244898 0.8118686868686869 0.008673469387755102 0.011904761904761904
34 0.4875 0.862914862914863 0.01479591836734694 0.006493506493506494
32 0.4875 0.8538961038961039 0.01479591836734694 0.006493506493506494
32 0.4875 0.8477633477633477 0.01479591836734694 0.006493506493506494
96 0.4816326530612245 0.8809523809523809 0.006122448979591836 0.010822510822510822
95 0.48801020408163265 0.8778860028860029 0.008673469387755102 0.015512265512265512
93 0.4951530612244898 0.8796897546897547 0.008673469387755102 0.011904761904761904
34 0.4875 0.9426406926406926 0.01479591836734694 0.006493506493506494
32 0.4875 0.9217171717171717 0.01479591836734694 0.006493506493506494
96 0.4816326530612245 0.9606782106782107 0.006122448979591836 0.010822510822510822
95 0.48801020408163265 0.9576118326118326 0.008673469387755102 0.015512265512265512
93 0.4951530612244898 0.9594155844155844 0.008673469387755102 0.011904761904761904
26 0.3517857142857143 0.5431096681096681 0.010714285714285714 0.006132756132756133
41 0.3466836734693878 0.560064935064935 0.0005102040816326531 0.031385281385281384
26 0.37857142857142856 0.5373376623376623 0.01020408163265306 0.006132756132756133
41 0.3737244897959184 0.556998556998557 0.0005102040816326531 0.03751803751803752
63 0.3653061224489796 0.5364357864357865 0.009183673469387756 0.024531024531024532
26 0.3951530612244898 0.5431096681096681 0.010714285714285714 0.006132756132756133
41 0.39005102040816325 0.560064935064935 0.0005102040816326531 0.031385281385281384
24 0.413265306122449 0.5402236652236653 0.01020408163265306 0.006132756132756133
41 0.40841836734693876 0.5586219336219336 0.0005102040816326531 0.03427128427128427
8 0.06938775510204082 0.7187950937950938 0.02959183673469388 0.027056277056277056
84 0.9056122448979592 0.9193722943722944 0.00510204081632653 0.006854256854256854
8 0.06938775510204082 0.5766594516594516 0.02959183673469388 0.027056277056277056
69 0.09260204081632653 0.5692640692640693 0.008673469387755102 0.024531024531024532
8 0.06938775510204082 0.650974025974026 0.02959183673469388 0.027056277056277056
69 0.09260204081632653 0.6435786435786436 0.008673469387755102 0.024531024531024532
69 0.09260204081632653 0.7113997113997114 0.008673469387755102 0.024531024531024532
8 0.06938775510204082 0.7866161616161617 0.02959183673469388 0.027056277056277056
69 0.09260204081632653 0.7792207792207793 0.008673469387755102 0.024531024531024532
8 0.06938775510204082 0.8544372294372294 0.02959183673469388 0.027056277056277056
69 0.09260204081632653 0.847041847041847 0.008673469387755102 0.024531024531024532
8 0.06938775510204082 0.9222582972582972 0.02959183673469388 0.027056277056277056
69 0.09260204081632653 0.9148629148629148 0.008673469387755102 0.024531024531024532
84 0.26607142857142857 0.6466450216450217 0.015816326530612244 0.003968253968253968
84 0.9056122448979592 0.5737734487734488 0.00510204081632653 0.006854256854256854
84 0.9056122448979592 0.648088023088023 0.00510204081632653 0.006854256854256854
84 0.9056122448979592 0.7159090909090909 0.00510204081632653 0.006854256854256854
84 0.9056122448979592 0.7837301587301587 0.00510204081632653 0.006854256854256854
84 0.9056122448979592 0.8515512265512265 0.00510204081632653 0.006854256854256854
63 0.1278061224489796 0.8560606060606061 0.008673469387755102 0.024531024531024532
63 0.11479591836734694 0.6996753246753247 0.009183673469387756 0.024170274170274172
24 0.16811224489795917 0.5580808080808081 0.010714285714285714 0.005772005772005772
41 0.16301020408163266 0.56998556998557 0.0005102040816326531 0.021645021645021644
63 0.1548469387755102 0.5573593073593074 0.008673469387755102 0.024531024531024532
32 0.14311224489795918 0.7741702741702742 0.01479591836734694 0.006493506493506494
24 0.14107142857142857 0.5521284271284271 0.010714285714285714 0.006132756132756133
95 0.1405612244897959 0.6001082251082251 0.008673469387755102 0.015512265512265512
32 0.14311224489795918 0.7002164502164502 0.01479591836734694 0.006493506493506494
32 0.1298469387755102 0.6944444444444444 0.01479591836734694 0.006493506493506494
32 0.14311224489795918 0.6944444444444444 0.01479591836734694 0.006493506493506494
94 0.13954081632653062 0.7435064935064936 0.007653061224489796 0.007936507936507936
95 0.14846938775510204 0.7422438672438673 0.009183673469387756 0.015512265512265512
34 0.4875 0.7651515151515151 0.01479591836734694 0.006493506493506494
94 0.13954081632653062 0.8111471861471862 0.007653061224489796 0.008297258297258298
95 0.14846938775510204 0.810064935064935 0.009183673469387756 0.015512265512265512
34 0.14311224489795918 0.8567821067821068 0.01479591836734694 0.006493506493506494
34 0.14311224489795918 0.8508297258297258 0.01479591836734694 0.006132756132756133
94 0.13954081632653062 0.878968253968254 0.007653061224489796 0.008297258297258298
95 0.14846938775510204 0.8778860028860029 0.009183673469387756 0.015512265512265512
34 0.14311224489795918 0.9305555555555556 0.01479591836734694 0.006132756132756133
94 0.13954081632653062 0.946969696969697 0.007653061224489796 0.007936507936507936
95 0.14846938775510204 0.9457070707070707 0.009183673469387756 0.015512265512265512
41 0.13596938775510203 0.5670995670995671 0.0005102040816326531 0.027417027417027416
24 0.563265306122449 0.5461760461760462 0.01020408163265306 0.005772005772005772
26 0.563265306122449 0.6176046176046176 0.01020408163265306 0.005772005772005772
26 0.563265306122449 0.6973304473304474 0.01020408163265306 0.005772005772005772
24 0.5637755102040817 0.773989898989899 0.009183673469387756 0.006132756132756133
26 0.563265306122449 0.7651515151515151 0.01020408163265306 0.005772005772005772
26 0.5630102040816326 0.8627344877344877 0.010714285714285714 0.006132756132756133
24 0.5625 0.8537157287157288 0.009693877551020408 0.006132756132756133
24 0.5625 0.8479437229437229 0.009693877551020408 0.006132756132756133
26 0.5630102040816326 0.9424603174603174 0.010714285714285714 0.006132756132756133
24 0.5625 0.9215367965367965 0.009693877551020408 0.006132756132756133
41 0.5581632653061225 0.5615079365079365 0.0010204081632653062 0.0284992784992785
41 0.5581632653061225 0.6343795093795094 0.0010204081632653062 0.031385281385281384
41 0.5581632653061225 0.7081529581529582 0.0010204081632653062 0.01948051948051948
41 0.5581632653061225 0.7790404040404041 0.0010204081632653062 0.025613275613275612
41 0.5502551020408163 0.8448773448773449 0.0005102040816326531 0.031746031746031744
41 0.5502551020408163 0.9206349206349206 0.0005102040816326531 0.03968253968253968
41 0.5762755102040816 0.7812049062049062 0.0005102040816326531 0.027056277056277056
40 0.5946428571428571 0.6176046176046176 0.004591836734693878 0.002886002886002886
41 0.5762755102040816 0.63510101010101 0.0005102040816326531 0.029942279942279944
40 0.5946428571428571 0.6973304473304474 0.004591836734693878 0.002886002886002886
41 0.5762755102040816 0.7088744588744589 0.0005102040816326531 0.018037518037518036
40 0.5946428571428571 0.7712842712842712 0.004591836734693878 0.002886002886002886
40 0.5946428571428571 0.7651515151515151 0.004591836734693878 0.002886002886002886
40 0.5946428571428571 0.862914862914863 0.004591836734693878 0.002886002886002886
41 0.585969387755102 0.8452380952380952 0.0005102040816326531 0.030303030303030304
40 0.5946428571428571 0.851010101010101 0.004591836734693878 0.002886002886002886
40 0.5946428571428571 0.8448773448773449 0.004591836734693878 0.002886002886002886
26 0.5811224489795919 0.6176046176046176 0.01020408163265306 0.005772005772005772
41 0.5681122448979592 0.8452380952380952 0.0005102040816326531 0.032467532467532464
41 0.5681122448979592 0.920995670995671 0.0005102040816326531 0.04040404040404041
24 0.5811224489795919 0.5461760461760462 0.01020408163265306 0.005772005772005772
26 0.5811224489795919 0.6973304473304474 0.01020408163265306 0.005772005772005772
24 0.5811224489795919 0.773989898989899 0.01020408163265306 0.006132756132756133
26 0.5811224489795919 0.7651515151515151 0.01020408163265306 0.005772005772005772
26 0.5811224489795919 0.8627344877344877 0.01020408163265306 0.006132756132756133
24 0.5811224489795919 0.8537157287157288 0.01020408163265306 0.006132756132756133
24 0.5811224489795919 0.8479437229437229 0.01020408163265306 0.006132756132756133
26 0.5811224489795919 0.9424603174603174 0.01020408163265306 0.006132756132756133
24 0.5811224489795919 0.9215367965367965 0.01020408163265306 0.006132756132756133
40 0.5946428571428571 0.5432900432900433 0.004591836734693878 0.002886002886002886
41 0.5762755102040816 0.5615079365079365 0.0005102040816326531 0.0284992784992785
24 0.5451530612244898 0.5461760461760462 0.010714285714285714 0.005772005772005772
95 0.5372448979591836 0.6001082251082251 0.00816326530612245 0.015512265512265512
95 0.5443877551020408 0.6001082251082251 0.00816326530612245 0.015512265512265512
95 0.5522959183673469 0.6001082251082251 0.008673469387755102 0.015512265512265512
26 0.5451530612244898 0.6176046176046176 0.010714285714285714 0.005772005772005772
95 0.5372448979591836 0.6744227994227994 0.00816326530612245 0.015512265512265512
95 0.5443877551020408 0.6744227994227994 0.00816326530612245 0.015512265512265512
95 0.5522959183673469 0.6744227994227994 0.008673469387755102 0.015512265512265512
26 0.5451530612244898 0.6973304473304474 0.010714285714285714 0.005772005772005772
95 0.5372448979591836 0.7422438672438673 0.00816326530612245 0.015512265512265512
95 0.5443877551020408 0.7422438672438673 0.00816326530612245 0.015512265512265512
95 0.5522959183673469 0.7422438672438673 0.008673469387755102 0.015512265512265512
41 0.5400510204081632 0.7081529581529582 0.0005102040816326531 0.01948051948051948
41 0.5400510204081632 0.6343795093795094 0.0005102040816326531 0.031385281385281384
24 0.5456632653061224 0.773989898989899 0.009693877551020408 0.006132756132756133
26 0.5451530612244898 0.7651515151515151 0.010714285714285714 0.005772005772005772
41 0.5400510204081632 0.7790404040404041 0.0005102040816326531 0.025613275613275612
95 0.5372448979591836 0.810064935064935 0.00816326530612245 0.015512265512265512
95 0.5443877551020408 0.810064935064935 0.00816326530612245 0.015512265512265512
95 0.5522959183673469 0.810064935064935 0.008673469387755102 0.015512265512265512
26 0.5451530612244898 0.8627344877344877 0.010714285714285714 0.006132756132756133
24 0.5451530612244898 0.8537157287157288 0.010714285714285714 0.006132756132756133
24 0.5451530612244898 0.8479437229437229 0.010714285714285714 0.006132756132756133
41 0.5400510204081632 0.5615079365079365 0.0005102040816326531 0.0284992784992785
95 0.5372448979591836 0.8778860028860029 0.00816326530612245 0.015512265512265512
95 0.5443877551020408 0.8778860028860029 0.00816326530612245 0.015512265512265512
95 0.5522959183673469 0.8778860028860029 0.008673469387755102 0.015512265512265512
26 0.5451530612244898 0.9424603174603174 0.010714285714285714 0.006132756132756133
95 0.5372448979591836 0.9576118326118326 0.00816326530612245 0.015512265512265512
95 0.5443877551020408 0.9576118326118326 0.00816326530612245 0.015512265512265512
95 0.5522959183673469 0.9576118326118326 0.008673469387755102 0.015512265512265512
24 0.5451530612244898 0.9215367965367965 0.010714285714285714 0.006132756132756133
