134 0.5356180784196348 0.8704761904761905 0.832984136486082 0.014391534391534391
134 0.5356180784196348 0.90994708994709 0.832984136486082 0.01417989417989418
134 0.5354684226279557 0.9495238095238095 0.8326848249027238 0.01417989417989418
134 0.5356180784196348 0.2347089947089947 0.832984136486082 0.014391534391534391
134 0.5356180784196348 0.15566137566137567 0.832984136486082 0.01417989417989418
134 0.5356180784196348 0.2741798941798942 0.832984136486082 0.01417989417989418
134 0.5356180784196348 0.7466666666666667 0.832984136486082 0.014391534391534391
134 0.5356180784196348 0.3532275132275132 0.832984136486082 0.014391534391534391
134 0.5356180784196348 0.19513227513227513 0.832984136486082 0.014391534391534391
1 0.8385214007782101 0.7211640211640211 0.0074827895839568994 0.0006349206349206349
1 0.7243340317270278 0.7211640211640211 0.007183478000598623 0.0006349206349206349
1 0.2782101167315175 0.7211640211640211 0.0074827895839568994 0.0006349206349206349
1 0.19470218497455852 0.7211640211640211 0.0074827895839568994 0.0006349206349206349
134 0.5356180784196348 0.3928042328042328 0.832984136486082 0.014391534391534391
134 0.5356180784196348 0.7106878306878307 0.832984136486082 0.014391534391534391
134 0.5356180784196348 0.6659259259259259 0.832984136486082 0.01417989417989418
1 0.8956899131996409 0.6553439153439153 0.0074827895839568994 0.0006349206349206349
1 0.7813528883567794 0.6553439153439153 0.0074827895839568994 0.0006349206349206349
1 0.6858724932654894 0.6553439153439153 0.0074827895839568994 0.0006349206349206349
1 0.6721041604310087 0.6553439153439153 0.0074827895839568994 0.0006349206349206349
1 0.6581861718048488 0.6553439153439153 0.007183478000598623 0.0006349206349206349
1 0.6026638730918886 0.6553439153439153 0.0074827895839568994 0.0006349206349206349
1 0.5885962286740497 0.6553439153439153 0.0074827895839568994 0.0006349206349206349
1 0.574827895839569 0.6553439153439153 0.0074827895839568994 0.0006349206349206349
1 0.5110745285842562 0.6553439153439153 0.0074827895839568994 0.0006349206349206349
1 0.4985034420832086 0.651957671957672 0.0074827895839568994 0.0006349206349206349
1 0.4985034420832086 0.6553439153439153 0.0074827895839568994 0.0006349206349206349
1 0.48323855133193655 0.6553439153439153 0.0074827895839568994 0.0006349206349206349
1 0.42771625261897633 0.6553439153439153 0.007183478000598623 0.0006349206349206349
1 0.41499551032624965 0.651957671957672 0.0074827895839568994 0.0006349206349206349
1 0.41499551032624965 0.6553439153439153 0.0074827895839568994 0.0006349206349206349
1 0.3998802753666567 0.6553439153439153 0.007183478000598623 0.0006349206349206349
1 0.3362765639030231 0.6553439153439153 0.0074827895839568994 0.0006349206349206349
1 0.32355582161029633 0.651957671957672 0.007183478000598623 0.0006349206349206349
1 0.32355582161029633 0.6553439153439153 0.007183478000598623 0.0006349206349206349
1 0.3084405866507034 0.6553439153439153 0.0074827895839568994 0.0006349206349206349
1 0.25276863214606404 0.6553439153439153 0.0074827895839568994 0.0006349206349206349
1 0.24019754564501647 0.651957671957672 0.0074827895839568994 0.0006349206349206349
1 0.24019754564501647 0.6553439153439153 0.0074827895839568994 0.0006349206349206349
1 0.2249326548937444 0.6553439153439153 0.0074827895839568994 0.0006349206349206349
134 0.5356180784196348 0.43227513227513226 0.832984136486082 0.01417989417989418
134 0.5356180784196348 0.6299470899470899 0.832984136486082 0.01417989417989418
134 0.5356180784196348 0.5903703703703703 0.832984136486082 0.01417989417989418
134 0.5356180784196348 0.47185185185185186 0.832984136486082 0.01417989417989418
134 0.5356180784196348 0.5508994708994709 0.832984136486082 0.014391534391534391
134 0.5356180784196348 0.5113227513227513 0.832984136486082 0.014391534391534391
134 0.5356180784196348 0.07661375661375662 0.832984136486082 0.014391534391534391
134 0.5356180784196348 0.8308994708994709 0.832984136486082 0.014391534391534391
134 0.5356180784196348 0.31375661375661373 0.832984136486082 0.01417989417989418
134 0.5356180784196348 0.11608465608465608 0.832984136486082 0.01417989417989418
134 0.5356180784196348 0.7914285714285715 0.832984136486082 0.01417989417989418
41 0.7452858425621072 0.7061375661375662 0.000598623166716552 0.01417989417989418
41 0.7410954803950913 0.6691005291005291 0.000598623166716552 0.014603174603174604
41 0.7518706973959892 0.9154497354497354 0.000598623166716552 0.01925925925925926
26 0.7539658784794971 0.9047619047619048 0.004788985333732416 0.0033862433862433864
41 0.7410954803950913 0.9197883597883598 0.000598623166716552 0.010582010582010581
24 0.7431906614785992 0.7141798941798941 0.004788985333732416 0.0031746031746031746
41 0.7219395390601616 0.92 0.000598623166716552 0.011005291005291006
63 0.7174498653097875 0.9133333333333333 0.004190362167015863 0.008677248677248678
41 0.7327147560610595 0.9153439153439153 0.000598623166716552 0.019470899470899472
24 0.7431906614785992 0.9134391534391534 0.004788985333732416 0.0033862433862433864
26 0.7431906614785992 0.6606349206349207 0.004788985333732416 0.0031746031746031746
26 0.7348099371445675 0.9047619047619048 0.004788985333732416 0.0033862433862433864
41 0.7898832684824902 0.9153439153439153 0.000598623166716552 0.019470899470899472
26 0.7919784495659982 0.9046560846560846 0.004788985333732416 0.0031746031746031746
24 0.6025142173002095 0.6553439153439153 0.004788985333732416 0.0031746031746031746
41 0.7791080514815923 0.9197883597883598 0.000598623166716552 0.010582010582010581
26 0.6025142173002095 0.7088888888888889 0.004788985333732416 0.0031746031746031746
41 0.7832984136486082 0.7025396825396826 0.000598623166716552 0.006984126984126984
121 0.22807542651900628 0.6714285714285714 0.06944028733912003 0.004867724867724868
121 0.22807542651900628 0.6742857142857143 0.07063753367255313 0.005079365079365079
41 0.8024543549835379 0.7044444444444444 0.000598623166716552 0.010793650793650795
41 0.5908410655492368 0.7028571428571428 0.000598623166716552 0.007619047619047619
41 0.798263992816522 0.6657142857142857 0.000598623166716552 0.015026455026455027
24 0.80035917390003 0.9134391534391534 0.004788985333732416 0.0033862433862433864
24 0.80035917390003 0.7106878306878307 0.004788985333732416 0.0033862433862433864
26 0.80035917390003 0.6571428571428571 0.004788985333732416 0.0033862433862433864
41 0.7644417838970368 0.7045502645502646 0.000598623166716552 0.011005291005291006
41 0.7602514217300209 0.9198941798941799 0.000598623166716552 0.01037037037037037
63 0.7556120921879677 0.7105820105820105 0.004489673750374139 0.008677248677248678
41 0.6046093983837174 0.7037037037037037 0.000598623166716552 0.009312169312169312
63 0.7556120921879677 0.6570370370370371 0.004489673750374139 0.008677248677248678
41 0.7602514217300209 0.6668783068783068 0.000598623166716552 0.016931216931216932
24 0.7621969470218497 0.9134391534391534 0.004489673750374139 0.0033862433862433864
24 0.7621969470218497 0.7106878306878307 0.004489673750374139 0.0033862433862433864
41 0.6004190362167016 0.6641269841269841 0.000598623166716552 0.01650793650793651
41 0.7791080514815923 0.6644444444444444 0.000598623166716552 0.019682539682539683
24 0.7812032325651003 0.9134391534391534 0.004788985333732416 0.0033862433862433864
24 0.7812032325651003 0.7071957671957672 0.004788985333732416 0.0031746031746031746
26 0.7812032325651003 0.6536507936507937 0.004788985333732416 0.0031746031746031746
26 0.7621969470218497 0.6571428571428571 0.004489673750374139 0.0033862433862433864
41 0.7708769829392398 0.9151322751322751 0.0008979347500748278 0.019894179894179895
26 0.7729721640227477 0.9047619047619048 0.004489673750374139 0.0033862433862433864
24 0.6429212810535768 0.7141798941798941 0.004788985333732416 0.0031746031746031746
41 0.6408260999700689 0.6682539682539682 0.000598623166716552 0.013333333333333334
41 0.700688416641724 0.7058201058201058 0.000598623166716552 0.014814814814814815
41 0.6964980544747081 0.666984126984127 0.000598623166716552 0.01037037037037037
24 0.6985932355582161 0.7141798941798941 0.004788985333732416 0.0031746031746031746
26 0.6985932355582161 0.6606349206349207 0.004788985333732416 0.0031746031746031746
41 0.6300508829691709 0.7086772486772487 0.000598623166716552 0.02052910052910053
93 0.7170008979347501 0.9312169312169312 0.0050882969170906915 0.004232804232804233
93 0.7214905716851242 0.9311111111111111 0.0050882969170906915 0.0044444444444444444
93 0.72568093385214 0.9311111111111111 0.0050882969170906915 0.0044444444444444444
93 0.730020951810835 0.9312169312169312 0.005387608500448967 0.004232804232804233
24 0.7240347201436695 0.9134391534391534 0.004788985333732416 0.0033862433862433864
26 0.7240347201436695 0.7228571428571429 0.004788985333732416 0.0031746031746031746
26 0.6429212810535768 0.6606349206349207 0.004788985333732416 0.0031746031746031746
24 0.7240347201436695 0.6694179894179895 0.004788985333732416 0.0033862433862433864
24 0.6719545046393296 0.7071957671957672 0.004788985333732416 0.0031746031746031746
26 0.6719545046393296 0.6536507936507937 0.004788985333732416 0.0031746031746031746
41 0.6450164621370847 0.7063492063492064 0.000598623166716552 0.014603174603174604
41 0.6602813528883568 0.7035978835978836 0.000598623166716552 0.0091005291005291
41 0.6698593235558216 0.6637037037037037 0.000598623166716552 0.01904761904761905
41 0.6560909907213409 0.6651851851851852 0.000598623166716552 0.017354497354497355
26 0.6581861718048488 0.7088888888888889 0.004788985333732416 0.0031746031746031746
24 0.6581861718048488 0.6553439153439153 0.004788985333732416 0.0031746031746031746
41 0.6881173301406764 0.7037037037037037 0.000598623166716552 0.009312169312169312
41 0.6839269679736606 0.6644444444444444 0.000598623166716552 0.015873015873015872
26 0.6860221490571685 0.7088888888888889 0.004788985333732416 0.0031746031746031746
24 0.6860221490571685 0.6553439153439153 0.004788985333732416 0.0031746031746031746
41 0.6740496857228375 0.7028571428571428 0.000598623166716552 0.007619047619047619
41 0.7219395390601616 0.673968253968254 0.000598623166716552 0.008253968253968255
41 0.6129901227177492 0.6667724867724868 0.000598623166716552 0.010793650793650795
63 0.7174498653097875 0.7228571428571429 0.004190362167015863 0.008677248677248678
41 0.7261299012271775 0.7103703703703703 0.000598623166716552 0.023915343915343914
26 0.6150853038012571 0.6606349206349207 0.004788985333732416 0.0031746031746031746
63 0.7174498653097875 0.6693121693121693 0.004190362167015863 0.008677248677248678
24 0.6150853038012571 0.7141798941798941 0.004788985333732416 0.0031746031746031746
24 0.627955701885663 0.6659259259259259 0.004788985333732416 0.0031746031746031746
26 0.6278060460939838 0.7193650793650793 0.004489673750374139 0.0033862433862433864
41 0.625860520802155 0.6713227513227513 0.000598623166716552 0.009735449735449736
41 0.6173301406764442 0.706031746031746 0.0008979347500748278 0.015238095238095238
121 0.8838671056569889 0.6725925925925926 0.09398383717449865 0.006349206349206349
121 0.8838671056569889 0.6755555555555556 0.09518108350793175 0.006349206349206349
84 0.6230170607602514 0.946984126984127 0.0062855432505237955 0.0019047619047619048
121 0.6611792876384316 0.6714285714285714 0.07063753367255313 0.004867724867724868
121 0.6611792876384316 0.6742857142857143 0.07063753367255313 0.005079365079365079
121 0.6653696498054474 0.6984126984126984 0.07063753367255313 0.0008465608465608466
121 0.6653696498054474 0.7012698412698413 0.07063753367255313 0.0010582010582010583
121 0.7692307692307693 0.6726984126984127 0.0945824603412152 0.006137566137566138
121 0.7695300808141275 0.6755555555555556 0.09518108350793175 0.006349206349206349
121 0.7738700987728225 0.6984126984126984 0.09548039509129003 0.0008465608465608466
121 0.7735707871894643 0.7012698412698413 0.09488177192457348 0.0010582010582010583
121 0.7746183777312182 0.9198941798941799 0.10535767734211314 0.0010582010582010583
121 0.7746183777312182 0.9228571428571428 0.10535767734211314 0.0010582010582010583
121 0.7749176893145765 0.9257142857142857 0.10595630050882969 0.0008465608465608466
124 0.832984136486082 0.9335449735449736 0.201736007183478 0.005079365079365079
121 0.8880574678240047 0.6984126984126984 0.09518108350793175 0.0008465608465608466
121 0.8880574678240047 0.7012698412698413 0.09398383717449865 0.0010582010582010583
121 0.8892547141574378 0.9198941798941799 0.10475905417539659 0.0010582010582010583
121 0.8892547141574378 0.9228571428571428 0.10475905417539659 0.0010582010582010583
121 0.8892547141574378 0.9257142857142857 0.10595630050882969 0.0008465608465608466
84 0.6230170607602514 0.9074074074074074 0.0062855432505237955 0.0019047619047619048
121 0.40287339120023946 0.6679365079365079 0.06944028733912003 0.0038095238095238095
121 0.40287339120023946 0.6708994708994709 0.07063753367255313 0.0038095238095238095
84 0.44806944028733914 0.4693121693121693 0.006584854833882071 0.0019047619047619048
84 0.44806944028733914 0.5088888888888888 0.006584854833882071 0.0019047619047619048
84 0.44806944028733914 0.5483597883597884 0.006584854833882071 0.0016931216931216932
84 0.44806944028733914 0.587936507936508 0.006584854833882071 0.0016931216931216932
84 0.44806944028733914 0.6274074074074074 0.006584854833882071 0.0019047619047619048
84 0.44806944028733914 0.42984126984126986 0.006584854833882071 0.0016931216931216932
121 0.4070637533672553 0.6972486772486772 0.07063753367255313 0.0010582010582010583
121 0.4070637533672553 0.7002116402116402 0.06944028733912003 0.0010582010582010583
84 0.44806944028733914 0.7441269841269841 0.006584854833882071 0.0016931216931216932
84 0.44806944028733914 0.7888888888888889 0.006584854833882071 0.0019047619047619048
84 0.44806944028733914 0.8283597883597884 0.006584854833882071 0.0016931216931216932
84 0.44806944028733914 0.8679365079365079 0.006584854833882071 0.0016931216931216932
84 0.44806944028733914 0.9074074074074074 0.006584854833882071 0.0019047619047619048
84 0.2699790481891649 0.07407407407407407 0.006584854833882071 0.0016931216931216932
121 0.23226578868602216 0.6972486772486772 0.07063753367255313 0.0010582010582010583
121 0.23226578868602216 0.7002116402116402 0.06944028733912003 0.0010582010582010583
121 0.311284046692607 0.6714285714285714 0.06944028733912003 0.004867724867724868
121 0.31143370248428615 0.6743915343915344 0.0709368452559114 0.004867724867724868
121 0.315624064651302 0.6972486772486772 0.0709368452559114 0.0010582010582010583
121 0.315624064651302 0.7002116402116402 0.0697395989224783 0.0010582010582010583
84 0.44806944028733914 0.07407407407407407 0.006584854833882071 0.0016931216931216932
84 0.44806944028733914 0.11365079365079366 0.006584854833882071 0.0016931216931216932
84 0.44806944028733914 0.15312169312169313 0.006584854833882071 0.0019047619047619048
84 0.44806944028733914 0.1926984126984127 0.006584854833882071 0.0019047619047619048
84 0.44806944028733914 0.23216931216931216 0.006584854833882071 0.0016931216931216932
84 0.44806944028733914 0.27174603174603174 0.006584854833882071 0.0016931216931216932
84 0.44806944028733914 0.3112169312169312 0.006584854833882071 0.0019047619047619048
84 0.44806944028733914 0.35079365079365077 0.006584854833882071 0.0019047619047619048
84 0.44806944028733914 0.39026455026455026 0.006584854833882071 0.0016931216931216932
84 0.6230170607602514 0.42984126984126986 0.0062855432505237955 0.0016931216931216932
84 0.6230170607602514 0.4693121693121693 0.0062855432505237955 0.0019047619047619048
84 0.6230170607602514 0.5088888888888888 0.0062855432505237955 0.0019047619047619048
84 0.6230170607602514 0.5483597883597884 0.0062855432505237955 0.0016931216931216932
84 0.6230170607602514 0.587936507936508 0.0062855432505237955 0.0016931216931216932
84 0.6230170607602514 0.6274074074074074 0.0062855432505237955 0.0019047619047619048
121 0.5779706674648308 0.6714285714285714 0.07003891050583658 0.004867724867724868
121 0.5776713558814726 0.6742857142857143 0.07063753367255313 0.005079365079365079
121 0.5818617180484885 0.6984126984126984 0.07063753367255313 0.0008465608465608466
121 0.5821610296318468 0.7012698412698413 0.07003891050583658 0.0010582010582010583
84 0.6230170607602514 0.7441269841269841 0.0062855432505237955 0.0016931216931216932
84 0.6230170607602514 0.7888888888888889 0.0062855432505237955 0.0019047619047619048
84 0.6230170607602514 0.8283597883597884 0.0062855432505237955 0.0016931216931216932
84 0.6230170607602514 0.8679365079365079 0.0062855432505237955 0.0016931216931216932
84 0.6230170607602514 0.1926984126984127 0.0062855432505237955 0.0019047619047619048
84 0.44806944028733914 0.946984126984127 0.006584854833882071 0.0019047619047619048
121 0.48638132295719844 0.6679365079365079 0.06944028733912003 0.0038095238095238095
121 0.48638132295719844 0.6708994708994709 0.07063753367255313 0.0038095238095238095
121 0.4905716851242143 0.6972486772486772 0.07063753367255313 0.0010582010582010583
121 0.4905716851242143 0.7002116402116402 0.06944028733912003 0.0010582010582010583
84 0.6230170607602514 0.07407407407407407 0.0062855432505237955 0.0016931216931216932
84 0.6230170607602514 0.11365079365079366 0.0062855432505237955 0.0016931216931216932
84 0.6230170607602514 0.15312169312169313 0.0062855432505237955 0.0019047619047619048
84 0.6230170607602514 0.23216931216931216 0.0062855432505237955 0.0016931216931216932
84 0.6230170607602514 0.27174603174603174 0.0062855432505237955 0.0016931216931216932
84 0.6230170607602514 0.3112169312169312 0.0062855432505237955 0.0019047619047619048
84 0.6230170607602514 0.35079365079365077 0.0062855432505237955 0.0019047619047619048
84 0.6230170607602514 0.39026455026455026 0.0062855432505237955 0.0016931216931216932
41 0.847051780903921 0.9156613756613756 0.000598623166716552 0.019682539682539683
41 0.8554325052379527 0.6694179894179895 0.000598623166716552 0.015238095238095238
24 0.8575276863214606 0.9134391534391534 0.004788985333732416 0.0033862433862433864
24 0.8575276863214606 0.7141798941798941 0.004788985333732416 0.0031746031746031746
26 0.8575276863214606 0.6606349206349207 0.004788985333732416 0.0031746031746031746
26 0.8491469619874289 0.9046560846560846 0.004788985333732416 0.0031746031746031746
41 0.8362765639030231 0.92 0.000598623166716552 0.011005291005291006
26 0.8683029033223586 0.9047619047619048 0.004788985333732416 0.0033862433862433864
41 0.8742891349895241 0.6668783068783068 0.000598623166716552 0.0182010582010582
24 0.876384316073032 0.9134391534391534 0.004788985333732416 0.0033862433862433864
24 0.876384316073032 0.7106878306878307 0.004788985333732416 0.0033862433862433864
26 0.876384316073032 0.6571428571428571 0.004788985333732416 0.0033862433862433864
41 0.8662077222388507 0.9153439153439153 0.000598623166716552 0.020317460317460317
41 0.8404669260700389 0.7101587301587302 0.000598623166716552 0.02349206349206349
41 0.8554325052379527 0.9197883597883598 0.000598623166716552 0.011428571428571429
41 0.8596228674049686 0.706031746031746 0.000598623166716552 0.015238095238095238
41 0.8216102963184675 0.706031746031746 0.000598623166716552 0.015238095238095238
41 0.8172702783597725 0.666984126984127 0.0008979347500748278 0.01164021164021164
24 0.8192158036516013 0.9134391534391534 0.004788985333732416 0.0033862433862433864
24 0.8192158036516013 0.7141798941798941 0.004788985333732416 0.0031746031746031746
26 0.8192158036516013 0.6606349206349207 0.004788985333732416 0.0031746031746031746
41 0.80903920981742 0.9156613756613756 0.000598623166716552 0.019682539682539683
26 0.8111343909009279 0.9047619047619048 0.004788985333732416 0.0033862433862433864
41 0.798263992816522 0.9197883597883598 0.000598623166716552 0.011428571428571429
41 0.8362765639030231 0.6742857142857143 0.000598623166716552 0.007619047619047619
24 0.838371744986531 0.9134391534391534 0.004788985333732416 0.0033862433862433864
26 0.838371744986531 0.7228571428571429 0.004788985333732416 0.0031746031746031746
24 0.838371744986531 0.6694179894179895 0.004788985333732416 0.0033862433862433864
41 0.8280454953606704 0.9154497354497354 0.0008979347500748278 0.020105820105820106
26 0.8299910206524993 0.9047619047619048 0.004788985333732416 0.0033862433862433864
41 0.8172702783597725 0.9197883597883598 0.0008979347500748278 0.011428571428571429
24 0.9335528284944627 0.7141798941798941 0.004788985333732416 0.0031746031746031746
26 0.9335528284944627 0.6606349206349207 0.004788985333732416 0.0031746031746031746
41 0.9233762346602814 0.9157671957671958 0.000598623166716552 0.019470899470899472
26 0.9253217599521102 0.9047619047619048 0.004489673750374139 0.0033862433862433864
24 0.9335528284944627 0.9134391534391534 0.004788985333732416 0.0033862433862433864
41 0.9126010176593834 0.9201058201058201 0.000598623166716552 0.010793650793650795
41 0.9167913798263992 0.7042328042328042 0.000598623166716552 0.01164021164021164
41 0.9314576474109548 0.9197883597883598 0.000598623166716552 0.011428571428571429
41 0.9422328644118527 0.9155555555555556 0.000598623166716552 0.019894179894179895
94 0.9422328644118527 0.9338624338624338 0.006584854833882071 0.0031746031746031746
95 0.9477701287039808 0.9340740740740741 0.0050882969170906915 0.005291005291005291
26 0.9443280454953606 0.9047619047619048 0.004788985333732416 0.0033862433862433864
41 0.9126010176593834 0.6661375661375661 0.000598623166716552 0.01544973544973545
41 0.9356480095779707 0.706031746031746 0.000598623166716552 0.015238095238095238
41 0.9314576474109548 0.666984126984127 0.000598623166716552 0.01164021164021164
41 0.8934450763244538 0.6647619047619048 0.000598623166716552 0.020317460317460317
24 0.8955402574079617 0.9134391534391534 0.004788985333732416 0.0033862433862433864
24 0.8955402574079617 0.7071957671957672 0.004788985333732416 0.0031746031746031746
26 0.8955402574079617 0.6536507936507937 0.004788985333732416 0.0031746031746031746
41 0.885064351990422 0.9155555555555556 0.000598623166716552 0.019894179894179895
26 0.8871595330739299 0.9047619047619048 0.004788985333732416 0.0033862433862433864
41 0.8742891349895241 0.9197883597883598 0.000598623166716552 0.011428571428571429
41 0.8786291529482191 0.7042328042328042 0.0008979347500748278 0.01164021164021164
24 0.9145465429512122 0.9134391534391534 0.004489673750374139 0.0033862433862433864
24 0.9146961987428913 0.7106878306878307 0.004788985333732416 0.0033862433862433864
26 0.9146961987428913 0.6571428571428571 0.004788985333732416 0.0033862433862433864
41 0.9042202933253517 0.9156613756613756 0.000598623166716552 0.019682539682539683
26 0.9063154744088596 0.9046560846560846 0.004788985333732416 0.0031746031746031746
41 0.8934450763244538 0.9197883597883598 0.000598623166716552 0.011428571428571429
41 0.8976354384914697 0.7025396825396826 0.000598623166716552 0.008253968253968255
41 0.24214307093684526 0.7008465608465608 0.000598623166716552 0.006984126984126984
41 0.23795270876982938 0.6631746031746032 0.000598623166716552 0.02095238095238095
26 0.24004788985333733 0.7053968253968254 0.004788985333732416 0.0033862433862433864
24 0.24004788985333733 0.6518518518518519 0.004788985333732416 0.0033862433862433864
41 0.22717749176893146 0.7028571428571428 0.000598623166716552 0.011005291005291006
41 0.2229871296019156 0.6655026455026455 0.000598623166716552 0.01798941798941799
26 0.22508231068542353 0.7088888888888889 0.004788985333732416 0.0031746031746031746
41 0.2675845555222987 0.7052910052910053 0.000598623166716552 0.015873015873015872
41 0.26339419335528286 0.666984126984127 0.000598623166716552 0.01037037037037037
24 0.2654893744387908 0.7141798941798941 0.004788985333732416 0.0031746031746031746
26 0.2654893744387908 0.6606349206349207 0.004788985333732416 0.0031746031746031746
24 0.22508231068542353 0.6553439153439153 0.004788985333732416 0.0031746031746031746
41 0.2550134690212511 0.7028571428571428 0.000598623166716552 0.011005291005291006
41 0.25082310685423526 0.6648677248677248 0.000598623166716552 0.016296296296296295
26 0.25276863214606404 0.7088888888888889 0.004489673750374139 0.0031746031746031746
24 0.25276863214606404 0.6553439153439153 0.004489673750374139 0.0031746031746031746
41 0.19694702184974558 0.708994708994709 0.000598623166716552 0.02328042328042328
41 0.19275665968272973 0.6724867724867725 0.000598623166716552 0.007407407407407408
24 0.20981741993415146 0.7141798941798941 0.004788985333732416 0.0031746031746031746
41 0.21191260101765938 0.7055026455026455 0.000598623166716552 0.016296296296296295
41 0.20772223885064353 0.6684656084656084 0.000598623166716552 0.013756613756613757
26 0.20981741993415146 0.6606349206349207 0.004788985333732416 0.0031746031746031746
41 0.3467524693205627 0.6666666666666666 0.0008979347500748278 0.011005291005291006
24 0.3488476504040706 0.7141798941798941 0.004489673750374139 0.0031746031746031746
26 0.3488476504040706 0.6606349206349207 0.004489673750374139 0.0031746031746031746
41 0.33822208919485186 0.7025396825396826 0.000598623166716552 0.01037037037037037
41 0.33403172702783596 0.6646560846560846 0.000598623166716552 0.01671957671957672
26 0.33612690811134394 0.7088888888888889 0.004788985333732416 0.0031746031746031746
24 0.33612690811134394 0.6553439153439153 0.004788985333732416 0.0031746031746031746
41 0.32565100269380426 0.700952380952381 0.000598623166716552 0.0071957671957671955
26 0.36964980544747084 0.6641269841269841 0.004788985333732416 0.0033862433862433864
41 0.3510924872792577 0.7055026455026455 0.000598623166716552 0.016296296296296295
41 0.2954205327746184 0.7053968253968254 0.000598623166716552 0.016084656084656083
41 0.29123017060760253 0.6685714285714286 0.000598623166716552 0.013544973544973546
24 0.29332535169111046 0.7141798941798941 0.004788985333732416 0.0031746031746031746
26 0.29332535169111046 0.6606349206349207 0.004788985333732416 0.0031746031746031746
41 0.2801556420233463 0.7086772486772487 0.000598623166716552 0.022645502645502646
41 0.27596527985633046 0.6723809523809524 0.000598623166716552 0.007619047619047619
24 0.2780604609398384 0.7211640211640211 0.004788985333732416 0.0031746031746031746
26 0.2780604609398384 0.6676190476190477 0.004788985333732416 0.0031746031746031746
41 0.3105357677342113 0.7028571428571428 0.0008979347500748278 0.011005291005291006
41 0.3214606405267884 0.6632804232804232 0.000598623166716552 0.02074074074074074
26 0.32355582161029633 0.7053968253968254 0.004788985333732416 0.0033862433862433864
24 0.32355582161029633 0.6518518518518519 0.004788985333732416 0.0033862433862433864
41 0.30619574977551633 0.6653968253968254 0.000598623166716552 0.0182010582010582
26 0.30829093085902426 0.7088888888888889 0.004788985333732416 0.0031746031746031746
24 0.30829093085902426 0.6553439153439153 0.004788985333732416 0.0031746031746031746
84 0.2699790481891649 0.9074074074074074 0.006584854833882071 0.0019047619047619048
84 0.2699790481891649 0.8679365079365079 0.006584854833882071 0.0016931216931216932
84 0.2699790481891649 0.8283597883597884 0.006584854833882071 0.0016931216931216932
84 0.2699790481891649 0.7888888888888889 0.006584854833882071 0.0019047619047619048
0 0.11433702484286141 0.7286772486772487 0.004788985333732416 0.05037037037037037
84 0.2699790481891649 0.7441269841269841 0.006584854833882071 0.0016931216931216932
124 0.5778210116731517 0.7307936507936508 0.7395989224783 0.005079365079365079
0 0.11433702484286141 0.6479365079365079 0.004788985333732416 0.05015873015873016
84 0.8308889554025741 0.11365079365079366 0.006584854833882071 0.0016931216931216932
84 0.8308889554025741 0.5088888888888888 0.006584854833882071 0.0019047619047619048
84 0.8308889554025741 0.4693121693121693 0.006584854833882071 0.0019047619047619048
84 0.8308889554025741 0.42984126984126986 0.006584854833882071 0.0016931216931216932
84 0.8308889554025741 0.39026455026455026 0.006584854833882071 0.0016931216931216932
84 0.8308889554025741 0.35079365079365077 0.006584854833882071 0.0019047619047619048
84 0.8308889554025741 0.3112169312169312 0.006584854833882071 0.0019047619047619048
84 0.8308889554025741 0.27174603174603174 0.006584854833882071 0.0016931216931216932
84 0.8308889554025741 0.23216931216931216 0.006584854833882071 0.0016931216931216932
84 0.8308889554025741 0.1926984126984127 0.006584854833882071 0.0019047619047619048
84 0.8308889554025741 0.15312169312169313 0.006584854833882071 0.0019047619047619048
84 0.8308889554025741 0.07407407407407407 0.006584854833882071 0.0016931216931216932
84 0.2699790481891649 0.946984126984127 0.006584854833882071 0.0019047619047619048
84 0.2699790481891649 0.35079365079365077 0.006584854833882071 0.0019047619047619048
84 0.2699790481891649 0.3112169312169312 0.006584854833882071 0.0019047619047619048
84 0.2699790481891649 0.27174603174603174 0.006584854833882071 0.0016931216931216932
84 0.2699790481891649 0.23216931216931216 0.006584854833882071 0.0016931216931216932
84 0.2699790481891649 0.1926984126984127 0.006584854833882071 0.0019047619047619048
84 0.2699790481891649 0.15312169312169313 0.006584854833882071 0.0019047619047619048
84 0.2699790481891649 0.11365079365079366 0.006584854833882071 0.0016931216931216932
124 0.5746782400478898 0.6832804232804233 0.7458844657288237 0.004867724867724868
84 0.2699790481891649 0.6274074074074074 0.006584854833882071 0.0019047619047619048
84 0.2699790481891649 0.587936507936508 0.006584854833882071 0.0016931216931216932
84 0.2699790481891649 0.5483597883597884 0.006584854833882071 0.0016931216931216932
84 0.8308889554025741 0.5483597883597884 0.006584854833882071 0.0016931216931216932
84 0.2699790481891649 0.5088888888888888 0.006584854833882071 0.0019047619047619048
84 0.2699790481891649 0.4693121693121693 0.006584854833882071 0.0019047619047619048
84 0.2699790481891649 0.42984126984126986 0.006584854833882071 0.0016931216931216932
84 0.2699790481891649 0.39026455026455026 0.006584854833882071 0.0016931216931216932
8 0.12930260401077523 0.6640211640211641 0.012571086501047591 0.0091005291005291
5 0.12930260401077523 0.7917460317460318 0.012571086501047591 0.02074074074074074
18 0.17704280155642024 0.7430687830687831 0.0062855432505237955 0.006772486772486773
20 0.17719245734809938 0.7502645502645503 0.006584854833882071 0.006772486772486773
69 0.14247231367853935 0.7430687830687831 0.004190362167015863 0.008888888888888889
69 0.14711164322059264 0.7482539682539683 0.004489673750374139 0.008677248677248678
69 0.1517509727626459 0.7412698412698413 0.004190362167015863 0.008677248677248678
69 0.15624064651302005 0.7465608465608465 0.004190362167015863 0.008677248677248678
8 0.12930260401077523 0.7447619047619047 0.012571086501047591 0.008888888888888889
18 0.17704280155642024 0.7070899470899471 0.0062855432505237955 0.006772486772486773
20 0.17719245734809938 0.7142857142857143 0.006584854833882071 0.006772486772486773
69 0.14247231367853935 0.7035978835978836 0.004190362167015863 0.008677248677248678
69 0.14711164322059264 0.7088888888888889 0.004489673750374139 0.008677248677248678
69 0.1517509727626459 0.7019047619047619 0.004190362167015863 0.008677248677248678
69 0.15624064651302005 0.7070899470899471 0.004190362167015863 0.008888888888888889
5 0.12930260401077523 0.7111111111111111 0.012571086501047591 0.02074074074074074
93 0.18781801855731817 0.7319576719576719 0.0050882969170906915 0.0044444444444444444
93 0.19200838072433404 0.7319576719576719 0.0050882969170906915 0.0044444444444444444
93 0.19634839868302903 0.7319576719576719 0.004788985333732416 0.0044444444444444444
93 0.20068841664172404 0.7319576719576719 0.0050882969170906915 0.0044444444444444444
24 0.19470218497455852 0.7211640211640211 0.004489673750374139 0.0031746031746031746
18 0.17704280155642024 0.6624338624338625 0.0062855432505237955 0.006772486772486773
20 0.17719245734809938 0.6694179894179895 0.006584854833882071 0.006772486772486773
69 0.14247231367853935 0.6623280423280423 0.004190362167015863 0.008677248677248678
69 0.14711164322059264 0.6676190476190477 0.004489673750374139 0.008677248677248678
69 0.1517509727626459 0.6605291005291005 0.004190362167015863 0.008888888888888889
69 0.15624064651302005 0.6658201058201059 0.004190362167015863 0.008888888888888889
69 0.14247231367853935 0.7843386243386243 0.004190362167015863 0.008888888888888889
69 0.14711164322059264 0.7895238095238095 0.004489673750374139 0.008677248677248678
69 0.1517509727626459 0.7825396825396825 0.004190362167015863 0.008677248677248678
69 0.15624064651302005 0.7878306878306879 0.004190362167015863 0.008677248677248678
93 0.19410356180784197 0.6843386243386244 0.0050882969170906915 0.0044444444444444444
26 0.19470218497455852 0.6676190476190477 0.004489673750374139 0.0031746031746031746
18 0.17704280155642024 0.6264550264550265 0.0062855432505237955 0.006772486772486773
20 0.17719245734809938 0.6334391534391535 0.006584854833882071 0.006772486772486773
69 0.14247231367853935 0.6228571428571429 0.004190362167015863 0.008888888888888889
69 0.14711164322059264 0.6281481481481481 0.004489673750374139 0.008888888888888889
69 0.1517509727626459 0.6210582010582011 0.004190362167015863 0.008677248677248678
69 0.15624064651302005 0.6263492063492063 0.004190362167015863 0.008677248677248678
5 0.12930260401077523 0.6302645502645503 0.012571086501047591 0.02074074074074074
18 0.17704280155642024 0.5868783068783069 0.0062855432505237955 0.006772486772486773
20 0.17719245734809938 0.5939682539682539 0.006584854833882071 0.006984126984126984
69 0.14247231367853935 0.5867724867724867 0.004190362167015863 0.008677248677248678
69 0.14711164322059264 0.5920634920634921 0.004489673750374139 0.008677248677248678
69 0.1517509727626459 0.5850793650793651 0.004190362167015863 0.008677248677248678
69 0.15624064651302005 0.5903703703703703 0.004190362167015863 0.008677248677248678
8 0.12930260401077523 0.5885714285714285 0.012571086501047591 0.008888888888888889
18 0.17704280155642024 0.5473015873015873 0.0062855432505237955 0.006772486772486773
20 0.17719245734809938 0.5544973544973545 0.006584854833882071 0.006772486772486773
69 0.14247231367853935 0.5438095238095239 0.004190362167015863 0.008677248677248678
69 0.14711164322059264 0.5491005291005291 0.004489673750374139 0.008677248677248678
69 0.1517509727626459 0.5421164021164021 0.004190362167015863 0.008677248677248678
69 0.15624064651302005 0.5473015873015873 0.004190362167015863 0.008888888888888889
69 0.16102963184675248 0.5525925925925926 0.004190362167015863 0.008888888888888889
69 0.1655193055971266 0.5456084656084657 0.004190362167015863 0.008888888888888889
8 0.12930260401077523 0.9476190476190476 0.012571086501047591 0.0091005291005291
18 0.17704280155642024 0.946031746031746 0.0062855432505237955 0.006772486772486773
20 0.17719245734809938 0.953015873015873 0.006584854833882071 0.006772486772486773
69 0.14247231367853935 0.945925925925926 0.004190362167015863 0.008677248677248678
69 0.14711164322059264 0.9512169312169312 0.004489673750374139 0.008677248677248678
69 0.1517509727626459 0.9441269841269841 0.004190362167015863 0.008888888888888889
69 0.15624064651302005 0.9494179894179894 0.004190362167015863 0.008888888888888889
10 0.1276563903023047 0.959047619047619 0.0032924274169410356 0.0031746031746031746
5 0.12930260401077523 0.5513227513227513 0.012571086501047591 0.02074074074074074
18 0.17704280155642024 0.9064550264550264 0.0062855432505237955 0.006772486772486773
20 0.17719245734809938 0.9134391534391534 0.006584854833882071 0.006772486772486773
69 0.14247231367853935 0.9063492063492063 0.004190362167015863 0.008677248677248678
69 0.14711164322059264 0.9116402116402117 0.004489673750374139 0.008677248677248678
69 0.1517509727626459 0.9046560846560846 0.004190362167015863 0.008677248677248678
69 0.15624064651302005 0.90994708994709 0.004190362167015863 0.008677248677248678
8 0.12930260401077523 0.9081481481481481 0.012571086501047591 0.008888888888888889
18 0.17704280155642024 0.8668783068783069 0.0062855432505237955 0.006772486772486773
20 0.17719245734809938 0.8740740740740741 0.006584854833882071 0.006772486772486773
69 0.14247231367853935 0.8650793650793651 0.004190362167015863 0.008677248677248678
69 0.14711164322059264 0.8703703703703703 0.004489673750374139 0.008677248677248678
69 0.1517509727626459 0.8633862433862434 0.004190362167015863 0.008677248677248678
69 0.15624064651302005 0.8686772486772487 0.004190362167015863 0.008677248677248678
6 0.12930260401077523 0.8704761904761905 0.012571086501047591 0.013544973544973546
18 0.17704280155642024 0.8275132275132275 0.0062855432505237955 0.006772486772486773
20 0.17719245734809938 0.8344973544973545 0.006584854833882071 0.006772486772486773
69 0.14247231367853935 0.8238095238095238 0.004190362167015863 0.008677248677248678
69 0.14711164322059264 0.8291005291005291 0.004489673750374139 0.008677248677248678
69 0.1517509727626459 0.8221164021164021 0.004190362167015863 0.008677248677248678
69 0.15624064651302005 0.8274074074074074 0.004190362167015863 0.008677248677248678
5 0.12930260401077523 0.8313227513227514 0.012571086501047591 0.02074074074074074
18 0.17704280155642024 0.7879365079365079 0.0062855432505237955 0.006772486772486773
20 0.17719245734809938 0.7949206349206349 0.006584854833882071 0.006772486772486773
5 0.12930260401077523 0.1165079365079365 0.012571086501047591 0.02095238095238095
69 0.14247231367853935 0.2311111111111111 0.004190362167015863 0.008888888888888889
69 0.14711164322059264 0.2364021164021164 0.004489673750374139 0.008888888888888889
69 0.1517509727626459 0.2293121693121693 0.004190362167015863 0.008677248677248678
69 0.15624064651302005 0.2346031746031746 0.004190362167015863 0.008677248677248678
8 0.12930260401077523 0.2328042328042328 0.012571086501047591 0.008888888888888889
18 0.17704280155642024 0.19174603174603175 0.0062855432505237955 0.006772486772486773
20 0.17719245734809938 0.19873015873015873 0.006584854833882071 0.006772486772486773
69 0.14247231367853935 0.18804232804232804 0.004190362167015863 0.008677248677248678
69 0.14711164322059264 0.19333333333333333 0.004489673750374139 0.008677248677248678
69 0.1517509727626459 0.18634920634920635 0.004190362167015863 0.008677248677248678
69 0.15624064651302005 0.19164021164021164 0.004190362167015863 0.008677248677248678
5 0.12930260401077523 0.19555555555555557 0.012571086501047591 0.02074074074074074
18 0.17704280155642024 0.15216931216931218 0.0062855432505237955 0.006772486772486773
20 0.17719245734809938 0.15915343915343916 0.006584854833882071 0.006772486772486773
69 0.14247231367853935 0.14857142857142858 0.004190362167015863 0.008888888888888889
69 0.14711164322059264 0.15386243386243387 0.004489673750374139 0.008888888888888889
69 0.1517509727626459 0.14677248677248678 0.004190362167015863 0.008677248677248678
69 0.15624064651302005 0.15206349206349207 0.004190362167015863 0.008677248677248678
5 0.12930260401077523 0.15597883597883597 0.012571086501047591 0.02074074074074074
18 0.17704280155642024 0.11259259259259259 0.0062855432505237955 0.006772486772486773
20 0.17719245734809938 0.11968253968253968 0.006584854833882071 0.006984126984126984
69 0.14247231367853935 0.1091005291005291 0.004190362167015863 0.008677248677248678
69 0.14711164322059264 0.11428571428571428 0.004489673750374139 0.008888888888888889
69 0.1517509727626459 0.1073015873015873 0.004190362167015863 0.008888888888888889
69 0.15624064651302005 0.11259259259259259 0.004190362167015863 0.008888888888888889
18 0.17704280155642024 0.2311111111111111 0.0062855432505237955 0.006772486772486773
20 0.17719245734809938 0.2383068783068783 0.006584854833882071 0.006772486772486773
18 0.17704280155642024 0.07301587301587302 0.0062855432505237955 0.006772486772486773
20 0.17719245734809938 0.0802116402116402 0.006584854833882071 0.006772486772486773
69 0.14247231367853935 0.06952380952380953 0.004190362167015863 0.008677248677248678
69 0.14711164322059264 0.07481481481481482 0.004489673750374139 0.008677248677248678
69 0.1517509727626459 0.06783068783068782 0.004190362167015863 0.008677248677248678
69 0.15624064651302005 0.07301587301587302 0.004190362167015863 0.008888888888888889
5 0.12930260401077523 0.07703703703703704 0.012571086501047591 0.02074074074074074
84 0.8308889554025741 0.946984126984127 0.006584854833882071 0.0019047619047619048
84 0.8308889554025741 0.8679365079365079 0.006584854833882071 0.0016931216931216932
84 0.8308889554025741 0.8283597883597884 0.006584854833882071 0.0016931216931216932
84 0.8308889554025741 0.7888888888888889 0.006584854833882071 0.0019047619047619048
84 0.8308889554025741 0.7441269841269841 0.006584854833882071 0.0016931216931216932
84 0.8308889554025741 0.6274074074074074 0.006584854833882071 0.0019047619047619048
84 0.8308889554025741 0.587936507936508 0.006584854833882071 0.0016931216931216932
69 0.14247231367853935 0.38571428571428573 0.004190362167015863 0.008677248677248678
69 0.14711164322059264 0.391005291005291 0.004489673750374139 0.008677248677248678
69 0.1517509727626459 0.38402116402116404 0.004190362167015863 0.008677248677248678
69 0.15624064651302005 0.3892063492063492 0.004190362167015863 0.008888888888888889
69 0.16102963184675248 0.3944973544973545 0.004190362167015863 0.008888888888888889
18 0.17704280155642024 0.5079365079365079 0.0062855432505237955 0.006772486772486773
20 0.17719245734809938 0.5149206349206349 0.006584854833882071 0.006772486772486773
69 0.14247231367853935 0.5042328042328043 0.004190362167015863 0.008677248677248678
69 0.14711164322059264 0.5095238095238095 0.004489673750374139 0.008677248677248678
69 0.1517509727626459 0.5025396825396825 0.004190362167015863 0.008677248677248678
69 0.15624064651302005 0.5078306878306879 0.004190362167015863 0.008677248677248678
69 0.16102963184675248 0.513015873015873 0.004190362167015863 0.008888888888888889
69 0.1655193055971266 0.506031746031746 0.004190362167015863 0.008888888888888889
5 0.12930260401077523 0.5117460317460317 0.012571086501047591 0.02074074074074074
18 0.17704280155642024 0.46835978835978836 0.0062855432505237955 0.006772486772486773
20 0.17719245734809938 0.47534391534391535 0.006584854833882071 0.006772486772486773
69 0.14247231367853935 0.46476190476190476 0.004190362167015863 0.008888888888888889
69 0.14711164322059264 0.47005291005291006 0.004489673750374139 0.008888888888888889
69 0.1517509727626459 0.46296296296296297 0.004190362167015863 0.008677248677248678
69 0.15624064651302005 0.46825396825396826 0.004190362167015863 0.008677248677248678
69 0.16102963184675248 0.47354497354497355 0.004190362167015863 0.008677248677248678
5 0.12930260401077523 0.4721693121693122 0.012571086501047591 0.02074074074074074
18 0.17704280155642024 0.42878306878306877 0.0062855432505237955 0.006772486772486773
20 0.17719245734809938 0.43587301587301586 0.006584854833882071 0.006984126984126984
69 0.14247231367853935 0.4252910052910053 0.004190362167015863 0.008677248677248678
69 0.14711164322059264 0.43047619047619046 0.004489673750374139 0.008888888888888889
69 0.1517509727626459 0.4234920634920635 0.004190362167015863 0.008888888888888889
69 0.15624064651302005 0.42878306878306877 0.004190362167015863 0.008888888888888889
69 0.16102963184675248 0.43396825396825395 0.004190362167015863 0.008677248677248678
5 0.12930260401077523 0.4326984126984127 0.012571086501047591 0.02095238095238095
18 0.17704280155642024 0.3892063492063492 0.0062855432505237955 0.006772486772486773
20 0.17719245734809938 0.3964021164021164 0.006584854833882071 0.006772486772486773
24 0.36964980544747084 0.7176719576719577 0.004788985333732416 0.0033862433862433864
5 0.12930260401077523 0.3932275132275132 0.012571086501047591 0.02074074074074074
18 0.17704280155642024 0.34984126984126984 0.0062855432505237955 0.006772486772486773
20 0.17719245734809938 0.3568253968253968 0.006584854833882071 0.006772486772486773
69 0.14247231367853935 0.34613756613756613 0.004190362167015863 0.008677248677248678
69 0.14711164322059264 0.3514285714285714 0.004489673750374139 0.008677248677248678
69 0.1517509727626459 0.34444444444444444 0.004190362167015863 0.008677248677248678
69 0.15624064651302005 0.34973544973544973 0.004190362167015863 0.008677248677248678
69 0.16102963184675248 0.3549206349206349 0.004190362167015863 0.008888888888888889
5 0.12930260401077523 0.35365079365079366 0.012571086501047591 0.02074074074074074
18 0.17704280155642024 0.31026455026455024 0.0062855432505237955 0.006772486772486773
20 0.17719245734809938 0.3172486772486772 0.006584854833882071 0.006772486772486773
69 0.14247231367853935 0.30666666666666664 0.004190362167015863 0.008888888888888889
69 0.14711164322059264 0.31195767195767193 0.004489673750374139 0.008888888888888889
69 0.1517509727626459 0.30486772486772484 0.004190362167015863 0.008677248677248678
69 0.15624064651302005 0.31015873015873013 0.004190362167015863 0.008677248677248678
69 0.16102963184675248 0.3154497354497354 0.004190362167015863 0.008677248677248678
69 0.1655193055971266 0.30846560846560844 0.004190362167015863 0.008677248677248678
5 0.12930260401077523 0.31407407407407406 0.012571086501047591 0.02074074074074074
18 0.17704280155642024 0.2706878306878307 0.0062855432505237955 0.006772486772486773
20 0.17719245734809938 0.2777777777777778 0.006584854833882071 0.006984126984126984
69 0.14247231367853935 0.2671957671957672 0.004190362167015863 0.008677248677248678
69 0.14711164322059264 0.2723809523809524 0.004489673750374139 0.008888888888888889
69 0.1517509727626459 0.2653968253968254 0.004190362167015863 0.008888888888888889
69 0.15624064651302005 0.2706878306878307 0.004190362167015863 0.008888888888888889
69 0.16102963184675248 0.2758730158730159 0.004190362167015863 0.008677248677248678
69 0.1655193055971266 0.2688888888888889 0.004190362167015863 0.008677248677248678
5 0.12930260401077523 0.2746031746031746 0.012571086501047591 0.02095238095238095
26 0.5444477701287039 0.7193650793650793 0.004788985333732416 0.0033862433862433864
24 0.5444477701287039 0.6659259259259259 0.004788985333732416 0.0031746031746031746
41 0.5258904519604909 0.7053968253968254 0.000598623166716552 0.016084656084656083
41 0.521700089793475 0.6655026455026455 0.000598623166716552 0.007407407407407408
24 0.523795270876983 0.7141798941798941 0.004788985333732416 0.0031746031746031746
26 0.523795270876983 0.6606349206349207 0.004788985333732416 0.0031746031746031746
41 0.5133193654594432 0.7028571428571428 0.000598623166716552 0.011005291005291006
41 0.48129302604010776 0.6637037037037037 0.000598623166716552 0.014391534391534391
26 0.48323855133193655 0.7088888888888889 0.004489673750374139 0.0031746031746031746
24 0.48323855133193655 0.6553439153439153 0.004489673750374139 0.0031746031746031746
41 0.47021849745585154 0.7052910052910053 0.000598623166716552 0.015873015873015872
41 0.4660281352888357 0.6665608465608466 0.000598623166716552 0.009947089947089947
24 0.4681233163723436 0.7141798941798941 0.004788985333732416 0.0031746031746031746
26 0.4681233163723436 0.6606349206349207 0.004788985333732416 0.0031746031746031746
41 0.45525291828793774 0.7071957671957672 0.000598623166716552 0.019682539682539683
41 0.5089793475007482 0.6628571428571428 0.0008979347500748278 0.013968253968253968
26 0.5110745285842562 0.7088888888888889 0.004489673750374139 0.0031746031746031746
24 0.5110745285842562 0.6553439153439153 0.004489673750374139 0.0031746031746031746
41 0.5004489673750374 0.7008465608465608 0.000598623166716552 0.006984126984126984
41 0.49625860520802156 0.6615873015873016 0.000598623166716552 0.017354497354497355
26 0.4983537862915295 0.7053968253968254 0.004788985333732416 0.0033862433862433864
24 0.4983537862915295 0.6518518518518519 0.004788985333732416 0.0033862433862433864
41 0.4854833882071236 0.7028571428571428 0.000598623166716552 0.011005291005291006
41 0.5576174797964681 0.6685714285714286 0.000598623166716552 0.013544973544973546
24 0.5595630050882969 0.7141798941798941 0.004489673750374139 0.0031746031746031746
26 0.5595630050882969 0.6606349206349207 0.004489673750374139 0.0031746031746031746
41 0.5866507033822209 0.6642328042328043 0.000598623166716552 0.018835978835978835
24 0.5885962286740497 0.7071957671957672 0.004489673750374139 0.0031746031746031746
26 0.5885962286740497 0.6536507936507937 0.004489673750374139 0.0031746031746031746
41 0.5767734211313977 0.7030687830687831 0.000598623166716552 0.009312169312169312
41 0.5725830589643819 0.6653968253968254 0.000598623166716552 0.0182010582010582
26 0.5746782400478898 0.7088888888888889 0.004788985333732416 0.0031746031746031746
24 0.5746782400478898 0.6553439153439153 0.004788985333732416 0.0031746031746031746
41 0.561807841963484 0.706031746031746 0.000598623166716552 0.015238095238095238
41 0.542352589045196 0.6713227513227513 0.000598623166716552 0.009735449735449736
41 0.5465429512122119 0.7086772486772487 0.000598623166716552 0.02052910052910053
41 0.3868602214905717 0.7055026455026455 0.0008979347500748278 0.016296296296296295
41 0.3826698593235558 0.6664550264550264 0.0008979347500748278 0.010158730158730159
24 0.38461538461538464 0.7141798941798941 0.004788985333732416 0.0031746031746031746
26 0.38461538461538464 0.6606349206349207 0.004788985333732416 0.0031746031746031746
41 0.37174498653097876 0.7071957671957672 0.000598623166716552 0.019682539682539683
41 0.3675546243639629 0.6684656084656084 0.000598623166716552 0.007407407407407408
41 0.4298114337024843 0.7026455026455026 0.000598623166716552 0.010582010582010581
41 0.4256210715354684 0.6631746031746032 0.000598623166716552 0.013333333333333334
26 0.42771625261897633 0.7088888888888889 0.004788985333732416 0.0031746031746031746
41 0.4172403472014367 0.7011640211640212 0.000598623166716552 0.007619047619047619
41 0.4130499850344208 0.6616931216931217 0.000598623166716552 0.017142857142857144
41 0.45091290032924275 0.6684656084656084 0.0008979347500748278 0.007407407407407408
24 0.45285842562107154 0.7176719576719577 0.004788985333732416 0.0033862433862433864
26 0.45285842562107154 0.6641269841269841 0.004788985333732416 0.0033862433862433864
24 0.42771625261897633 0.6553439153439153 0.004788985333732416 0.0031746031746031746
41 0.44238252020353186 0.7051851851851851 0.000598623166716552 0.01566137566137566
41 0.438192158036516 0.6653968253968254 0.000598623166716552 0.007619047619047619
24 0.44028733912002394 0.7141798941798941 0.004788985333732416 0.0031746031746031746
26 0.44028733912002394 0.6606349206349207 0.004788985333732416 0.0031746031746031746
41 0.40197545645016464 0.7026455026455026 0.000598623166716552 0.010582010582010581
24 0.3998802753666567 0.6553439153439153 0.004788985333732416 0.0031746031746031746
26 0.3998802753666567 0.7088888888888889 0.004788985333732416 0.0031746031746031746
41 0.39778509428314873 0.6633862433862434 0.000598623166716552 0.015026455026455027
24 0.41499551032624965 0.6518518518518519 0.004489673750374139 0.0033862433862433864
26 0.41499551032624965 0.7053968253968254 0.004489673750374139 0.0033862433862433864
