134 0.4997448979591837 0.07196969696969698 0.9045918367346939 0.024170274170274172
1 0.6385204081632653 0.11471861471861472 0.015816326530612244 0.0007215007215007215
134 0.4997448979591837 0.13257575757575757 0.9045918367346939 0.024170274170274172
1 0.2181122448979592 0.05411255411255411 0.015816326530612244 0.0007215007215007215
58 0.6732142857142858 0.1397907647907648 0.008673469387755102 0.031385281385281384
41 0.6681122448979592 0.13943001443001443 0.0005102040816326531 0.03354978354978355
72 0.6729591836734694 0.1148989898989899 0.003061224489795918 0.0018037518037518038
24 0.6729591836734694 0.12067099567099566 0.01020408163265306 0.006132756132756133
72 0.6920918367346939 0.056998556998557 0.002551020408163265 0.0021645021645021645
90 0.664795918367347 0.06367243867243867 0.015306122448979591 0.027777777777777776
57 0.639030612244898 0.13041125541125542 0.008673469387755102 0.024891774891774892
41 0.6339285714285714 0.1305916305916306 0.0005102040816326531 0.027417027417027416
40 0.6502551020408164 0.11165223665223666 0.0035714285714285713 0.0025252525252525255
57 0.639030612244898 0.07557720057720058 0.008673469387755102 0.024891774891774892
41 0.7216836734693878 0.1423160173160173 0.0005102040816326531 0.03354978354978355
26 0.726530612244898 0.12355699855699856 0.01020408163265306 0.006132756132756133
90 0.7183673469387755 0.06367243867243867 0.015306122448979591 0.027777777777777776
72 0.726530612244898 0.1176046176046176 0.003061224489795918 0.0021645021645021645
57 0.6926020408163265 0.1332972582972583 0.008673469387755102 0.024891774891774892
41 0.6875 0.13347763347763347 0.0005102040816326531 0.027417027417027416
26 0.6923469387755102 0.06295093795093795 0.01020408163265306 0.006132756132756133
40 0.7038265306122449 0.11778499278499278 0.0035714285714285713 0.0025252525252525255
57 0.6926020408163265 0.07864357864357864 0.008673469387755102 0.025252525252525252
58 0.726530612244898 0.14321789321789322 0.009183673469387756 0.031746031746031744
41 0.6875 0.07828282828282829 0.0005102040816326531 0.02886002886002886
72 0.6920918367346939 0.11201298701298701 0.002551020408163265 0.0018037518037518038
26 0.6923469387755102 0.11778499278499278 0.01020408163265306 0.006132756132756133
41 0.5801020408163265 0.08152958152958154 0.0010204081632653062 0.02813852813852814
57 0.5854591836734694 0.13618326118326118 0.008673469387755102 0.024891774891774892
41 0.5801020408163265 0.13636363636363635 0.0010204081632653062 0.02813852813852814
40 0.5961734693877551 0.11778499278499278 0.0035714285714285713 0.0025252525252525255
57 0.5849489795918368 0.08225108225108226 0.009693877551020408 0.025974025974025976
72 0.5849489795918368 0.1148989898989899 0.002551020408163265 0.0018037518037518038
24 0.5846938775510204 0.12067099567099566 0.01020408163265306 0.006132756132756133
72 0.5849489795918368 0.056998556998557 0.002551020408163265 0.0021645021645021645
24 0.5846938775510204 0.06583694083694083 0.01020408163265306 0.006132756132756133
52 0.5428571428571428 0.05844155844155844 0.00816326530612245 0.03391053391053391
41 0.5380102040816327 0.05627705627705628 0.0005102040816326531 0.03391053391053391
72 0.5380102040816327 0.0367965367965368 0.002551020408163265 0.0021645021645021645
26 0.5331632653061225 0.07485569985569986 0.01020408163265306 0.006132756132756133
41 0.6339285714285714 0.07593795093795094 0.0005102040816326531 0.027056277056277056
72 0.6385204081632653 0.10912698412698413 0.002551020408163265 0.0018037518037518038
24 0.6385204081632653 0.11453823953823954 0.009693877551020408 0.006132756132756133
72 0.6385204081632653 0.054292929292929296 0.002551020408163265 0.0018037518037518038
24 0.6387755102040816 0.060064935064935064 0.01020408163265306 0.006132756132756133
58 0.6196428571428572 0.13672438672438672 0.008673469387755102 0.031024531024531024
41 0.6145408163265306 0.13654401154401155 0.0005102040816326531 0.03354978354978355
72 0.6191326530612244 0.11201298701298701 0.002551020408163265 0.0018037518037518038
26 0.6193877551020408 0.11778499278499278 0.01020408163265306 0.006132756132756133
90 0.6112244897959184 0.06367243867243867 0.015306122448979591 0.027777777777777776
57 0.885969387755102 0.1424963924963925 0.008673469387755102 0.025252525252525252
41 0.8808673469387756 0.1424963924963925 0.0005102040816326531 0.027417027417027416
40 0.8971938775510204 0.12355699855699856 0.0035714285714285713 0.0025252525252525255
51 0.8954081632653061 0.06746031746031746 0.00816326530612245 0.02886002886002886
41 0.8905612244897959 0.06511544011544011 0.0005102040816326531 0.027777777777777776
72 0.8857142857142857 0.1176046176046176 0.003061224489795918 0.0021645021645021645
24 0.8857142857142857 0.1266233766233766 0.01020408163265306 0.006493506493506494
72 0.8905612244897959 0.048701298701298704 0.002551020408163265 0.0021645021645021645
26 0.8857142857142857 0.08098845598845598 0.01020408163265306 0.006132756132756133
58 0.8665816326530612 0.1488095238095238 0.008673469387755102 0.031385281385281384
41 0.8614795918367347 0.14826839826839827 0.0005102040816326531 0.03391053391053391
72 0.8665816326530612 0.12355699855699856 0.002551020408163265 0.0018037518037518038
26 0.8663265306122448 0.1296897546897547 0.01020408163265306 0.006132756132756133
90 0.8581632653061224 0.06367243867243867 0.015306122448979591 0.027777777777777776
52 0.938265306122449 0.11904761904761904 0.00816326530612245 0.03391053391053391
41 0.9334183673469387 0.11706349206349206 0.0005102040816326531 0.03427128427128427
72 0.9331632653061225 0.09740259740259741 0.003061224489795918 0.0021645021645021645
26 0.9285714285714286 0.13546176046176045 0.01020408163265306 0.006132756132756133
90 0.9204081632653062 0.06367243867243867 0.015306122448979591 0.027777777777777776
40 0.7813775510204082 0.11778499278499278 0.0035714285714285713 0.0025252525252525255
57 0.7701530612244898 0.13690476190476192 0.008673469387755102 0.026334776334776336
41 0.7650510204081633 0.13636363636363635 0.0005102040816326531 0.02813852813852814
57 0.7701530612244898 0.08225108225108226 0.008673469387755102 0.025974025974025976
41 0.7650510204081633 0.08152958152958154 0.0005102040816326531 0.02813852813852814
72 0.7701530612244898 0.1148989898989899 0.002551020408163265 0.0018037518037518038
24 0.7698979591836734 0.12067099567099566 0.01020408163265306 0.006132756132756133
72 0.7701530612244898 0.056998556998557 0.002551020408163265 0.0021645021645021645
24 0.7698979591836734 0.06583694083694083 0.01020408163265306 0.006132756132756133
57 0.824234693877551 0.13906926406926406 0.008673469387755102 0.024891774891774892
41 0.8191326530612245 0.1396103896103896 0.0005102040816326531 0.027417027417027416
40 0.8354591836734694 0.12355699855699856 0.0035714285714285713 0.0025252525252525255
51 0.8334183673469387 0.06385281385281386 0.008673469387755102 0.030303030303030304
41 0.8283163265306123 0.06204906204906205 0.0005102040816326531 0.027417027417027416
72 0.8237244897959184 0.11778499278499278 0.002551020408163265 0.0018037518037518038
26 0.8237244897959184 0.12355699855699856 0.009693877551020408 0.006132756132756133
72 0.8285714285714286 0.04563492063492063 0.003061224489795918 0.0018037518037518038
24 0.8237244897959184 0.07774170274170274 0.009693877551020408 0.006132756132756133
58 0.8048469387755102 0.14556277056277056 0.008673469387755102 0.030663780663780664
41 0.7997448979591837 0.14556277056277056 0.0005102040816326531 0.03354978354978355
72 0.8043367346938776 0.1176046176046176 0.002551020408163265 0.0021645021645021645
24 0.8045918367346939 0.1266233766233766 0.01020408163265306 0.006493506493506494
90 0.7964285714285714 0.06367243867243867 0.015306122448979591 0.027777777777777776
41 0.25612244897959185 0.07846320346320346 0.0010204081632653062 0.03427128427128427
72 0.26096938775510203 0.054292929292929296 0.002551020408163265 0.0018037518037518038
24 0.26071428571428573 0.060064935064935064 0.01020408163265306 0.006132756132756133
90 0.2528061224489796 0.12427849927849928 0.015816326530612244 0.027777777777777776
51 0.2280612244897959 0.12824675324675325 0.00816326530612245 0.0284992784992785
41 0.22321428571428573 0.1259018759018759 0.0005102040816326531 0.02813852813852814
57 0.21862244897959185 0.0698051948051948 0.008673469387755102 0.024891774891774892
41 0.2135204081632653 0.06998556998556998 0.0005102040816326531 0.027417027417027416
40 0.2298469387755102 0.05104617604617605 0.0035714285714285713 0.0025252525252525255
72 0.2229591836734694 0.10930735930735931 0.003061224489795918 0.0021645021645021645
26 0.21836734693877552 0.1415945165945166 0.01020408163265306 0.006132756132756133
72 0.2181122448979592 0.048340548340548344 0.002551020408163265 0.0021645021645021645
24 0.21836734693877552 0.053932178932178935 0.01020408163265306 0.006132756132756133
58 0.19923469387755102 0.07611832611832611 0.008673469387755102 0.031024531024531024
41 0.3181122448979592 0.0817099567099567 0.0005102040816326531 0.03354978354978355
72 0.3229591836734694 0.056998556998557 0.003061224489795918 0.0021645021645021645
26 0.3229591836734694 0.06295093795093795 0.01020408163265306 0.006132756132756133
51 0.2900510204081633 0.13095238095238096 0.008673469387755102 0.02958152958152958
41 0.28494897959183674 0.12860750360750361 0.0005102040816326531 0.027777777777777776
41 0.19413265306122449 0.07593795093795094 0.0005102040816326531 0.03354978354978355
57 0.28035714285714286 0.07305194805194805 0.008673469387755102 0.025613275613275612
41 0.2752551020408163 0.0726911976911977 0.0005102040816326531 0.027777777777777776
40 0.29158163265306125 0.056998556998557 0.0035714285714285713 0.002886002886002886
72 0.28494897959183674 0.11237373737373738 0.002551020408163265 0.0018037518037518038
24 0.2801020408163265 0.1444805194805195 0.01020408163265306 0.006132756132756133
72 0.28035714285714286 0.05140692640692641 0.002551020408163265 0.0018037518037518038
26 0.2801020408163265 0.056998556998557 0.01020408163265306 0.006493506493506494
58 0.26096938775510203 0.07936507936507936 0.009693877551020408 0.031746031746031744
69 0.08801020408163265 0.1204906204906205 0.008673469387755102 0.017316017316017316
69 0.09719387755102041 0.12950937950937952 0.008673469387755102 0.017316017316017316
5 0.06556122448979591 0.13131313131313133 0.02193877551020408 0.044733044733044736
69 0.08801020408163265 0.05988455988455989 0.008673469387755102 0.017316017316017316
69 0.09719387755102041 0.0689033189033189 0.008673469387755102 0.017316017316017316
5 0.06556122448979591 0.07052669552669552 0.02193877551020408 0.045093795093795096
15 0.12295918367346939 0.12644300144300144 0.009183673469387756 0.010461760461760462
15 0.11683673469387755 0.1387085137085137 0.009183673469387756 0.010461760461760462
14 0.12806122448979593 0.1387085137085137 0.01020408163265306 0.010461760461760462
15 0.12295918367346939 0.06583694083694083 0.009183673469387756 0.010461760461760462
15 0.11683673469387755 0.0781024531024531 0.009183673469387756 0.010461760461760462
14 0.12806122448979593 0.0781024531024531 0.01020408163265306 0.010461760461760462
72 0.1989795918367347 0.05140692640692641 0.003061224489795918 0.0018037518037518038
26 0.1989795918367347 0.056998556998557 0.01020408163265306 0.006493506493506494
90 0.19081632653061226 0.12427849927849928 0.015306122448979591 0.027777777777777776
51 0.16607142857142856 0.134018759018759 0.008673469387755102 0.02922077922077922
41 0.16096938775510203 0.13167388167388167 0.0005102040816326531 0.027417027417027416
90 0.31479591836734694 0.12427849927849928 0.015306122448979591 0.027777777777777776
57 0.15637755102040815 0.07611832611832611 0.008673469387755102 0.025974025974025976
41 0.15127551020408164 0.07557720057720058 0.0005102040816326531 0.027777777777777776
40 0.16760204081632654 0.056998556998557 0.0035714285714285713 0.002886002886002886
72 0.16096938775510203 0.11525974025974026 0.002551020408163265 0.0018037518037518038
26 0.15612244897959185 0.14736652236652237 0.01020408163265306 0.006132756132756133
72 0.15637755102040815 0.054292929292929296 0.002551020408163265 0.0018037518037518038
24 0.15612244897959185 0.060064935064935064 0.01020408163265306 0.006132756132756133
41 0.4854591836734694 0.0817099567099567 0.0005102040816326531 0.027777777777777776
41 0.42372448979591837 0.07900432900432901 0.0005102040816326531 0.027417027417027416
40 0.44005102040816324 0.06295093795093795 0.0035714285714285713 0.0025252525252525255
72 0.4331632653061224 0.10642135642135642 0.003061224489795918 0.0021645021645021645
26 0.4903061224489796 0.1415945165945166 0.01020408163265306 0.006132756132756133
72 0.4951530612244898 0.10930735930735931 0.002551020408163265 0.0021645021645021645
24 0.42857142857142855 0.13852813852813853 0.01020408163265306 0.006493506493506494
72 0.42831632653061225 0.056998556998557 0.002551020408163265 0.0021645021645021645
26 0.42857142857142855 0.06295093795093795 0.01020408163265306 0.006132756132756133
40 0.5017857142857143 0.06295093795093795 0.0035714285714285713 0.0025252525252525255
58 0.4094387755102041 0.08513708513708514 0.008673469387755102 0.031024531024531024
41 0.40433673469387754 0.08495670995670995 0.0005102040816326531 0.03354978354978355
72 0.4091836734693878 0.056998556998557 0.003061224489795918 0.0021645021645021645
24 0.4091836734693878 0.06583694083694083 0.01020408163265306 0.006132756132756133
57 0.4903061224489796 0.08225108225108226 0.009183673469387756 0.025974025974025976
90 0.4010204081632653 0.12427849927849928 0.015306122448979591 0.027777777777777776
41 0.4660714285714286 0.08766233766233766 0.0005102040816326531 0.03391053391053391
72 0.4711734693877551 0.06295093795093795 0.002551020408163265 0.0018037518037518038
26 0.47091836734693876 0.0689033189033189 0.01020408163265306 0.006493506493506494
58 0.47091836734693876 0.08838383838383838 0.009183673469387756 0.031746031746031744
90 0.4627551020408163 0.12427849927849928 0.015306122448979591 0.027777777777777776
51 0.43826530612244896 0.12536075036075037 0.00816326530612245 0.0284992784992785
41 0.4331632653061224 0.12319624819624819 0.0010204081632653062 0.0284992784992785
57 0.42857142857142855 0.07918470418470419 0.009183673469387756 0.026334776334776336
24 0.4903061224489796 0.06583694083694083 0.01020408163265306 0.006132756132756133
72 0.4903061224489796 0.056998556998557 0.003061224489795918 0.0021645021645021645
26 0.3663265306122449 0.14736652236652237 0.01020408163265306 0.006132756132756133
57 0.3665816326530612 0.07593795093795094 0.008673469387755102 0.025613275613275612
41 0.36147959183673467 0.07557720057720058 0.0005102040816326531 0.027777777777777776
40 0.3778061224489796 0.056818181818181816 0.0035714285714285713 0.0025252525252525255
72 0.3711734693877551 0.11525974025974026 0.002551020408163265 0.0018037518037518038
72 0.3663265306122449 0.054292929292929296 0.003061224489795918 0.0018037518037518038
24 0.3663265306122449 0.060064935064935064 0.01020408163265306 0.006132756132756133
51 0.5 0.12806637806637808 0.00816326530612245 0.02886002886002886
90 0.525 0.12427849927849928 0.015306122448979591 0.027777777777777776
58 0.3229591836734694 0.08261183261183261 0.009183673469387756 0.031746031746031744
41 0.3711734693877551 0.1322150072150072 0.0005102040816326531 0.0284992784992785
41 0.4951530612244898 0.12608225108225107 0.0005102040816326531 0.0284992784992785
51 0.37576530612244896 0.1332972582972583 0.008673469387755102 0.030663780663780664
134 0.4997448979591837 0.2653318903318903 0.9045918367346939 0.024170274170274172
1 0.6214285714285714 0.2474747474747475 0.015306122448979591 0.0007215007215007215
1 0.551530612244898 0.2474747474747475 0.015306122448979591 0.0007215007215007215
1 0.1982142857142857 0.31367243867243866 0.015816326530612244 0.0010822510822510823
1 0.12857142857142856 0.31367243867243866 0.015306122448979591 0.0010822510822510823
134 0.4997448979591837 0.33170995670995673 0.9045918367346939 0.024170274170274172
24 0.6948979591836735 0.3255772005772006 0.01020408163265306 0.006132756132756133
90 0.6974489795918367 0.25703463203463206 0.015306122448979591 0.027777777777777776
72 0.6415816326530612 0.3226911976911977 0.002551020408163265 0.0018037518037518038
51 0.676530612244898 0.255050505050505 0.00816326530612245 0.02813852813852814
41 0.6900510204081632 0.3425324675324675 0.0005102040816326531 0.031385281385281384
41 0.6714285714285714 0.2527056277056277 0.0010204081632653062 0.0284992784992785
72 0.6714285714285714 0.2361111111111111 0.003061224489795918 0.0018037518037518038
26 0.6668367346938775 0.26821789321789324 0.01020408163265306 0.006132756132756133
56 0.6415816326530612 0.341991341991342 0.008673469387755102 0.022366522366522368
41 0.6364795918367347 0.3421717171717172 0.0005102040816326531 0.023448773448773448
24 0.551530612244898 0.2472943722943723 0.01020408163265306 0.006132756132756133
57 0.749234693877551 0.3465007215007215 0.008673469387755102 0.024891774891774892
41 0.7438775510204082 0.34686147186147187 0.0010204081632653062 0.027056277056277056
41 0.7438775510204082 0.2689393939393939 0.0010204081632653062 0.03427128427128427
72 0.7487244897959183 0.3226911976911977 0.002551020408163265 0.0018037518037518038
24 0.7484693877551021 0.33170995670995673 0.01020408163265306 0.006132756132756133
26 0.7484693877551021 0.25036075036075034 0.01020408163265306 0.006493506493506494
41 0.7076530612244898 0.34505772005772006 0.0010204081632653062 0.029942279942279944
26 0.7122448979591837 0.3286435786435786 0.01020408163265306 0.006493506493506494
51 0.5614795918367347 0.32106782106782106 0.008673469387755102 0.02886002886002886
41 0.5642857142857143 0.26821789321789324 0.0010204081632653062 0.03282828282828283
26 0.5688775510204082 0.25036075036075034 0.01020408163265306 0.006493506493506494
41 0.5563775510204082 0.31872294372294374 0.0005102040816326531 0.027777777777777776
41 0.5466836734693877 0.26731601731601734 0.0005102040816326531 0.03751803751803752
72 0.5563775510204082 0.3024891774891775 0.002551020408163265 0.0018037518037518038
26 0.551530612244898 0.3345959595959596 0.01020408163265306 0.006132756132756133
121 0.14974489795918366 0.33170995670995673 0.050510204081632655 0.0018037518037518038
121 0.14974489795918366 0.33694083694083693 0.050510204081632655 0.0021645021645021645
121 0.14974489795918366 0.341991341991342 0.050510204081632655 0.0021645021645021645
121 0.14974489795918366 0.3472222222222222 0.050510204081632655 0.0018037518037518038
121 0.14974489795918366 0.35245310245310246 0.052551020408163264 0.0021645021645021645
90 0.6438775510204081 0.25703463203463206 0.015306122448979591 0.027777777777777776
57 0.6216836734693878 0.26334776334776333 0.008673469387755102 0.025252525252525252
41 0.6165816326530612 0.26316738816738816 0.0005102040816326531 0.027777777777777776
24 0.6214285714285714 0.2472943722943723 0.01020408163265306 0.006132756132756133
41 0.599234693877551 0.2693001443001443 0.0005102040816326531 0.03354978354978355
26 0.6040816326530613 0.25036075036075034 0.01020408163265306 0.006493506493506494
26 0.6413265306122449 0.3286435786435786 0.01020408163265306 0.006493506493506494
56 0.5869897959183673 0.33874458874458874 0.008673469387755102 0.021645021645021644
41 0.5818877551020408 0.3392857142857143 0.0005102040816326531 0.022727272727272728
41 0.5818877551020408 0.2702020202020202 0.0005102040816326531 0.02886002886002886
72 0.5864795918367347 0.31673881673881676 0.002551020408163265 0.0021645021645021645
24 0.5867346938775511 0.3255772005772006 0.01020408163265306 0.006132756132756133
24 0.5867346938775511 0.25342712842712845 0.01020408163265306 0.006132756132756133
24 0.9081632653061225 0.3198051948051948 0.01020408163265306 0.006132756132756133
41 0.9339285714285714 0.3356782106782107 0.0005102040816326531 0.03354978354978355
26 0.9387755102040817 0.31673881673881676 0.01020408163265306 0.006493506493506494
41 0.9033163265306122 0.3373015873015873 0.0005102040816326531 0.03318903318903319
41 0.9033163265306122 0.2745310245310245 0.0005102040816326531 0.026695526695526696
24 0.9081632653061225 0.2591991341991342 0.01020408163265306 0.006132756132756133
41 0.885969387755102 0.3401875901875902 0.0005102040816326531 0.030303030303030304
26 0.8908163265306123 0.3226911976911977 0.01020408163265306 0.006132756132756133
41 0.8686224489795918 0.3425324675324675 0.0005102040816326531 0.02922077922077922
120 0.16326530612244897 0.3042929292929293 0.06938775510204082 0.006132756132756133
121 0.275765306122449 0.2721861471861472 0.015816326530612244 0.003968253968253968
121 0.275765306122449 0.2774170274170274 0.015816326530612244 0.0036075036075036075
121 0.275765306122449 0.2824675324675325 0.015816326530612244 0.0036075036075036075
121 0.275765306122449 0.2878787878787879 0.015816326530612244 0.0036075036075036075
121 0.2755102040816326 0.29292929292929293 0.017346938775510204 0.0036075036075036075
121 0.3469387755102041 0.33261183261183264 0.05102040816326531 0.0036075036075036075
121 0.3469387755102041 0.33784271284271283 0.05102040816326531 0.003968253968253968
121 0.3469387755102041 0.3430735930735931 0.05102040816326531 0.0036075036075036075
121 0.3469387755102041 0.3483044733044733 0.05102040816326531 0.003968253968253968
121 0.3469387755102041 0.35335497835497837 0.05204081632653061 0.003968253968253968
120 0.3520408163265306 0.3097041847041847 0.05204081632653061 0.006854256854256854
121 0.43545918367346936 0.33874458874458874 0.08826530612244898 0.0021645021645021645
121 0.43545918367346936 0.343975468975469 0.08826530612244898 0.0018037518037518038
121 0.43545918367346936 0.3492063492063492 0.08826530612244898 0.0021645021645021645
121 0.43520408163265306 0.35425685425685427 0.08979591836734693 0.0021645021645021645
121 0.4191326530612245 0.2721861471861472 0.015816326530612244 0.003968253968253968
121 0.4191326530612245 0.2774170274170274 0.015816326530612244 0.0036075036075036075
121 0.4191326530612245 0.2824675324675325 0.015816326530612244 0.0036075036075036075
121 0.4191326530612245 0.2878787878787879 0.015816326530612244 0.0036075036075036075
121 0.4188775510204082 0.2931096681096681 0.017346938775510204 0.003968253968253968
121 0.4778061224489796 0.2683982683982684 0.06377551020408163 0.007936507936507936
121 0.4778061224489796 0.27344877344877344 0.06377551020408163 0.007936507936507936
121 0.4778061224489796 0.2786796536796537 0.06377551020408163 0.007575757575757576
121 0.4778061224489796 0.2839105339105339 0.06377551020408163 0.007936507936507936
121 0.47806122448979593 0.28914141414141414 0.0653061224489796 0.007575757575757576
121 0.5729591836734694 0.2653318903318903 0.05204081632653061 0.0018037518037518038
121 0.5729591836734694 0.27056277056277056 0.05204081632653061 0.0021645021645021645
121 0.5729591836734694 0.2756132756132756 0.05204081632653061 0.0021645021645021645
121 0.5729591836734694 0.281024531024531 0.05204081632653061 0.0021645021645021645
121 0.5729591836734694 0.2860750360750361 0.05204081632653061 0.0021645021645021645
121 0.6989795918367347 0.33856421356421357 0.017346938775510204 0.003968253968253968
121 0.6989795918367347 0.3437950937950938 0.017346938775510204 0.0036075036075036075
121 0.6989795918367347 0.349025974025974 0.017346938775510204 0.003968253968253968
121 0.6989795918367347 0.35425685425685427 0.017346938775510204 0.0036075036075036075
121 0.6989795918367347 0.35948773448773447 0.017346938775510204 0.003968253968253968
121 0.7696428571428572 0.2662337662337662 0.05153061224489796 0.0036075036075036075
121 0.7696428571428572 0.27146464646464646 0.05153061224489796 0.003968253968253968
121 0.7696428571428572 0.2766955266955267 0.05153061224489796 0.0036075036075036075
121 0.7696428571428572 0.2819264069264069 0.05153061224489796 0.003968253968253968
121 0.7698979591836734 0.286976911976912 0.05204081632653061 0.003968253968253968
121 0.8586734693877551 0.27236652236652237 0.08877551020408163 0.0021645021645021645
121 0.8586734693877551 0.2775974025974026 0.08877551020408163 0.0018037518037518038
121 0.8586734693877551 0.2828282828282828 0.08877551020408163 0.0021645021645021645
121 0.8584183673469388 0.2878787878787879 0.08928571428571429 0.0021645021645021645
121 0.8420918367346939 0.33856421356421357 0.015816326530612244 0.003968253968253968
121 0.8420918367346939 0.3437950937950938 0.015816326530612244 0.0036075036075036075
121 0.8420918367346939 0.34884559884559885 0.015816326530612244 0.0036075036075036075
121 0.8420918367346939 0.35425685425685427 0.015816326530612244 0.0036075036075036075
121 0.8423469387755103 0.35948773448773447 0.017346938775510204 0.003968253968253968
121 0.9010204081632653 0.3347763347763348 0.0653061224489796 0.007936507936507936
121 0.9010204081632653 0.3398268398268398 0.0653061224489796 0.007936507936507936
121 0.9010204081632653 0.34523809523809523 0.0653061224489796 0.007936507936507936
121 0.9010204081632653 0.3502886002886003 0.0653061224489796 0.007936507936507936
121 0.9010204081632653 0.35533910533910534 0.0653061224489796 0.007936507936507936
63 0.925765306122449 0.31673881673881676 0.008673469387755102 0.017316017316017316
72 0.7836734693877551 0.31673881673881676 0.003061224489795918 0.0021645021645021645
41 0.7961734693877551 0.27164502164502163 0.0005102040816326531 0.032467532467532464
24 0.8010204081632653 0.25342712842712845 0.01020408163265306 0.006132756132756133
56 0.7839285714285714 0.33585858585858586 0.008673469387755102 0.021645021645021644
41 0.7788265306122449 0.3363997113997114 0.0005102040816326531 0.022727272727272728
41 0.7788265306122449 0.27290764790764793 0.0005102040816326531 0.0284992784992785
26 0.7836734693877551 0.3226911976911977 0.01020408163265306 0.006132756132756133
26 0.7836734693877551 0.2563131313131313 0.01020408163265306 0.006132756132756133
41 0.7614795918367347 0.2711038961038961 0.0005102040816326531 0.030663780663780664
24 0.7663265306122449 0.25342712842712845 0.01020408163265306 0.006132756132756133
41 0.8334183673469387 0.3428932178932179 0.0005102040816326531 0.030663780663780664
41 0.8686224489795918 0.2718253968253968 0.0005102040816326531 0.032106782106782104
24 0.8732142857142857 0.3255772005772006 0.009693877551020408 0.006132756132756133
24 0.8734693877551021 0.25342712842712845 0.01020408163265306 0.006132756132756133
41 0.8507653061224489 0.34505772005772006 0.0005102040816326531 0.029942279942279944
26 0.8556122448979592 0.3286435786435786 0.01020408163265306 0.006493506493506494
41 0.8334183673469387 0.2745310245310245 0.0005102040816326531 0.026695526695526696
24 0.838265306122449 0.3255772005772006 0.01020408163265306 0.006132756132756133
24 0.838265306122449 0.2591991341991342 0.01020408163265306 0.006132756132756133
41 0.8135204081632653 0.270021645021645 0.0005102040816326531 0.03571428571428571
26 0.8183673469387756 0.25036075036075034 0.01020408163265306 0.006493506493506494
24 0.27193877551020407 0.2591991341991342 0.01020408163265306 0.006132756132756133
51 0.25331632653061226 0.3208874458874459 0.008673469387755102 0.02922077922077922
41 0.24821428571428572 0.31872294372294374 0.0005102040816326531 0.027777777777777776
72 0.24821428571428572 0.3024891774891775 0.002551020408163265 0.0018037518037518038
26 0.24336734693877551 0.3345959595959596 0.01020408163265306 0.006132756132756133
56 0.21862244897959185 0.2754329004329004 0.008673469387755102 0.022005772005772004
90 0.27448979591836736 0.32341269841269843 0.015306122448979591 0.027777777777777776
41 0.2135204081632653 0.275974025974026 0.0005102040816326531 0.023088023088023088
90 0.2209183673469388 0.32341269841269843 0.015306122448979591 0.027777777777777776
72 0.2181122448979592 0.2563131313131313 0.002551020408163265 0.0018037518037518038
26 0.21836734693877552 0.26226551226551226 0.01020408163265306 0.006493506493506494
57 0.19872448979591836 0.32936507936507936 0.008673469387755102 0.025252525252525252
41 0.19362244897959183 0.3297258297258297 0.0005102040816326531 0.027417027417027416
24 0.19846938775510203 0.31367243867243866 0.01020408163265306 0.006132756132756133
41 0.32066326530612244 0.3356782106782107 0.0005102040816326531 0.03354978354978355
57 0.32576530612244897 0.2803030303030303 0.008673469387755102 0.025252525252525252
41 0.32066326530612244 0.28066378066378067 0.0005102040816326531 0.026695526695526696
26 0.32551020408163267 0.31673881673881676 0.01020408163265306 0.006493506493506494
72 0.32551020408163267 0.2563131313131313 0.003061224489795918 0.0018037518037518038
24 0.32551020408163267 0.2653318903318903 0.01020408163265306 0.006132756132756133
41 0.1760204081632653 0.3353174603174603 0.0010204081632653062 0.03427128427128427
41 0.2844387755102041 0.27904040404040403 0.0005102040816326531 0.02922077922077922
26 0.2892857142857143 0.26226551226551226 0.01020408163265306 0.006493506493506494
41 0.2670918367346939 0.27615440115440115 0.0005102040816326531 0.031385281385281384
70 0.12831632653061226 0.299963924963925 0.015816326530612244 0.006132756132756133
24 0.12857142857142856 0.31367243867243866 0.01020408163265306 0.006132756132756133
72 0.13316326530612244 0.2361111111111111 0.003061224489795918 0.0018037518037518038
26 0.12857142857142856 0.26821789321789324 0.01020408163265306 0.006132756132756133
69 0.08801020408163265 0.31962481962481964 0.008673469387755102 0.017316017316017316
69 0.09719387755102041 0.3286435786435786 0.008673469387755102 0.017316017316017316
5 0.06556122448979591 0.3300865800865801 0.02193877551020408 0.044733044733044736
41 0.13341836734693877 0.2528860028860029 0.0005102040816326531 0.02886002886002886
69 0.08801020408163265 0.2532467532467532 0.008673469387755102 0.017316017316017316
69 0.09719387755102041 0.26226551226551226 0.008673469387755102 0.017316017316017316
5 0.06556122448979591 0.2637085137085137 0.02193877551020408 0.044733044733044736
26 0.18061224489795918 0.31673881673881676 0.01020408163265306 0.006493506493506494
41 0.1584183673469388 0.33694083694083693 0.0005102040816326531 0.031024531024531024
56 0.1635204081632653 0.2727272727272727 0.008673469387755102 0.022366522366522368
41 0.1584183673469388 0.27290764790764793 0.0005102040816326531 0.023448773448773448
24 0.16326530612244897 0.3198051948051948 0.01020408163265306 0.006132756132756133
72 0.16326530612244897 0.25036075036075034 0.003061224489795918 0.0021645021645021645
24 0.16326530612244897 0.2591991341991342 0.01020408163265306 0.006132756132756133
70 0.3252551020408163 0.3033910533910534 0.015816326530612244 0.005772005772005772
41 0.14107142857142857 0.3356782106782107 0.0005102040816326531 0.03354978354978355
26 0.14591836734693878 0.31673881673881676 0.01020408163265306 0.006493506493506494
41 0.12372448979591837 0.3336940836940837 0.0005102040816326531 0.03751803751803752
51 0.13801020408163264 0.25396825396825395 0.008673469387755102 0.030303030303030304
41 0.4451530612244898 0.33784271284271283 0.0005102040816326531 0.03282828282828283
41 0.4451530612244898 0.2765151515151515 0.0005102040816326531 0.030663780663780664
24 0.45 0.3198051948051948 0.01020408163265306 0.006132756132756133
24 0.45 0.2591991341991342 0.01020408163265306 0.006132756132756133
41 0.4278061224489796 0.27904040404040403 0.0005102040816326531 0.02922077922077922
26 0.4326530612244898 0.26226551226551226 0.01020408163265306 0.006493506493506494
41 0.4104591836734694 0.3410894660894661 0.0005102040816326531 0.026334776334776336
41 0.4104591836734694 0.2766955266955267 0.0005102040816326531 0.030303030303030304
24 0.4153061224489796 0.3255772005772006 0.01020408163265306 0.006132756132756133
24 0.4153061224489796 0.2591991341991342 0.01020408163265306 0.006132756132756133
63 0.502295918367347 0.25036075036075034 0.008673469387755102 0.017316017316017316
41 0.5104591836734694 0.2691197691197691 0.0005102040816326531 0.03391053391053391
26 0.5153061224489796 0.25036075036075034 0.01020408163265306 0.006493506493506494
41 0.48035714285714287 0.3410894660894661 0.0005102040816326531 0.026334776334776336
41 0.48035714285714287 0.2721861471861472 0.0005102040816326531 0.03282828282828283
24 0.48494897959183675 0.3255772005772006 0.009693877551020408 0.006132756132756133
24 0.48520408163265305 0.25342712842712845 0.01020408163265306 0.006132756132756133
41 0.4625 0.2741702741702742 0.0005102040816326531 0.032467532467532464
26 0.4673469387755102 0.2563131313131313 0.01020408163265306 0.006132756132756133
26 0.36020408163265305 0.3226911976911977 0.01020408163265306 0.006132756132756133
26 0.36020408163265305 0.2563131313131313 0.01020408163265306 0.006132756132756133
72 0.3604591836734694 0.25036075036075034 0.002551020408163265 0.0021645021645021645
41 0.3556122448979592 0.33856421356421357 0.0010204081632653062 0.029942279942279944
24 0.34285714285714286 0.3198051948051948 0.01020408163265306 0.006132756132756133
41 0.3380102040816326 0.33676046176046176 0.0005102040816326531 0.032106782106782104
56 0.3607142857142857 0.2691197691197691 0.00816326530612245 0.021645021645021644
41 0.3556122448979592 0.2693001443001443 0.0010204081632653062 0.024170274170274172
26 0.39540816326530615 0.31673881673881676 0.01020408163265306 0.006493506493506494
41 0.3732142857142857 0.33820346320346323 0.0005102040816326531 0.032106782106782104
41 0.3905612244897959 0.336038961038961 0.0005102040816326531 0.03643578643578643
24 0.3780612244897959 0.3198051948051948 0.01020408163265306 0.006132756132756133
134 0.4989795918367347 0.4642857142857143 0.9030612244897959 0.023809523809523808
134 0.4997448979591837 0.523088023088023 0.9045918367346939 0.023809523809523808
1 0.8280612244897959 0.4823232323232323 0.015306122448979591 0.0007215007215007215
1 0.8280612244897959 0.4880952380952381 0.015306122448979591 0.0007215007215007215
1 0.7428571428571429 0.4823232323232323 0.015306122448979591 0.0007215007215007215
1 0.7428571428571429 0.4880952380952381 0.015306122448979591 0.0007215007215007215
1 0.4147959183673469 0.5052308802308803 0.015306122448979591 0.0010822510822510823
1 0.12857142857142856 0.5052308802308803 0.015306122448979591 0.0010822510822510823
41 0.6951530612244898 0.5357142857142857 0.0005102040816326531 0.02813852813852814
121 0.1556122448979592 0.46825396825396826 0.06224489795918367 0.005772005772005772
121 0.1556122448979592 0.4734848484848485 0.06224489795918367 0.006132756132756133
121 0.1556122448979592 0.4787157287157287 0.06224489795918367 0.005772005772005772
121 0.1556122448979592 0.48394660894660896 0.06224489795918367 0.006132756132756133
121 0.1556122448979592 0.488997113997114 0.06428571428571428 0.006132756132756133
41 0.7048469387755102 0.4536435786435786 0.0005102040816326531 0.023448773448773448
26 0.7 0.520021645021645 0.01020408163265306 0.006132756132756133
26 0.7 0.46735209235209235 0.01020408163265306 0.006132756132756133
26 0.7642857142857142 0.5142496392496393 0.01020408163265306 0.006132756132756133
41 0.7380102040816326 0.5310245310245311 0.0005102040816326531 0.02958152958152958
41 0.747704081632653 0.466991341991342 0.0005102040816326531 0.0386002886002886
26 0.7428571428571429 0.5142496392496393 0.01020408163265306 0.006132756132756133
24 0.7428571428571429 0.48827561327561325 0.01020408163265306 0.006132756132756133
26 0.6494897959183673 0.45544733044733043 0.01020408163265306 0.006132756132756133
41 0.7165816326530612 0.5315656565656566 0.0005102040816326531 0.031385281385281384
26 0.7214285714285714 0.5142496392496393 0.01020408163265306 0.006132756132756133
41 0.5803571428571429 0.5248917748917749 0.0005102040816326531 0.02958152958152958
26 0.5428571428571428 0.45544733044733043 0.01020408163265306 0.006132756132756133
41 0.5803571428571429 0.47709235209235207 0.0005102040816326531 0.027777777777777776
26 0.5428571428571428 0.5261544011544012 0.01020408163265306 0.006132756132756133
26 0.585204081632653 0.5081168831168831 0.01020408163265306 0.006132756132756133
26 0.585204081632653 0.4612193362193362 0.01020408163265306 0.006132756132756133
41 0.5591836734693878 0.47186147186147187 0.0010204081632653062 0.030303030303030304
26 0.5637755102040817 0.45544733044733043 0.01020408163265306 0.006132756132756133
41 0.5380102040816327 0.5393217893217893 0.0005102040816326531 0.024531024531024532
26 0.628061224489796 0.5142496392496393 0.01020408163265306 0.006132756132756133
41 0.5380102040816327 0.4716810966810967 0.0005102040816326531 0.030663780663780664
41 0.6232142857142857 0.5294011544011544 0.0005102040816326531 0.0284992784992785
41 0.6232142857142857 0.4722222222222222 0.0005102040816326531 0.02958152958152958
41 0.6446428571428572 0.4716810966810967 0.0005102040816326531 0.030663780663780664
26 0.628061224489796 0.45544733044733043 0.01020408163265306 0.006132756132756133
41 0.6017857142857143 0.47294372294372294 0.0005102040816326531 0.031024531024531024
26 0.6066326530612245 0.45544733044733043 0.01020408163265306 0.006132756132756133
63 0.5721938775510204 0.5081168831168831 0.008673469387755102 0.017676767676767676
41 0.9084183673469388 0.5308441558441559 0.0005102040816326531 0.029942279942279944
41 0.9298469387755102 0.5303030303030303 0.0005102040816326531 0.02813852813852814
26 0.9346938775510204 0.5142496392496393 0.01020408163265306 0.006132756132756133
41 0.9181122448979592 0.4615800865800866 0.0005102040816326531 0.025613275613275612
26 0.9132653061224489 0.5142496392496393 0.01020408163265306 0.006132756132756133
24 0.9132653061224489 0.4763708513708514 0.01020408163265306 0.006132756132756133
41 0.8872448979591837 0.5313852813852814 0.0010204081632653062 0.031746031746031744
26 0.8918367346938776 0.5142496392496393 0.01020408163265306 0.006132756132756133
121 0.8114795918367347 0.44841269841269843 0.042346938775510205 0.0036075036075036075
121 0.8114795918367347 0.4536435786435786 0.0413265306122449 0.003968253968253968
121 0.8114795918367347 0.4588744588744589 0.0413265306122449 0.0036075036075036075
121 0.8114795918367347 0.46410533910533913 0.0413265306122449 0.003968253968253968
121 0.14489795918367346 0.5353535353535354 0.04081632653061224 0.011544011544011544
121 0.14489795918367346 0.5404040404040404 0.04081632653061224 0.011544011544011544
121 0.14489795918367346 0.5456349206349206 0.04081632653061224 0.011904761904761904
121 0.14489795918367346 0.551046176046176 0.04285714285714286 0.011904761904761904
121 0.24081632653061225 0.46825396825396826 0.06224489795918367 0.005772005772005772
121 0.24081632653061225 0.4734848484848485 0.06224489795918367 0.006132756132756133
121 0.24081632653061225 0.4787157287157287 0.06224489795918367 0.005772005772005772
121 0.24081632653061225 0.48394660894660896 0.06224489795918367 0.006132756132756133
121 0.24107142857142858 0.488997113997114 0.06377551020408163 0.006132756132756133
121 0.23035714285714284 0.5331890331890332 0.0413265306122449 0.007936507936507936
121 0.23035714285714284 0.5384199134199135 0.0413265306122449 0.007575757575757576
121 0.23035714285714284 0.5436507936507936 0.0413265306122449 0.007936507936507936
121 0.23035714285714284 0.5488816738816739 0.042346938775510205 0.007575757575757576
121 0.32627551020408163 0.46825396825396826 0.06275510204081633 0.005772005772005772
121 0.32627551020408163 0.4734848484848485 0.06275510204081633 0.006132756132756133
121 0.32627551020408163 0.4787157287157287 0.06275510204081633 0.005772005772005772
121 0.32627551020408163 0.48394660894660896 0.06275510204081633 0.006132756132756133
121 0.32627551020408163 0.488997113997114 0.06377551020408163 0.006132756132756133
121 0.3155612244897959 0.5263347763347763 0.0413265306122449 0.005772005772005772
121 0.3155612244897959 0.5315656565656566 0.0413265306122449 0.006132756132756133
121 0.3155612244897959 0.5366161616161617 0.0413265306122449 0.006132756132756133
121 0.3155612244897959 0.5420274170274171 0.042346938775510205 0.006132756132756133
121 0.4418367346938776 0.46825396825396826 0.06224489795918367 0.005772005772005772
121 0.4418367346938776 0.4734848484848485 0.06224489795918367 0.006132756132756133
121 0.4418367346938776 0.4787157287157287 0.06224489795918367 0.005772005772005772
121 0.4418367346938776 0.48394660894660896 0.06224489795918367 0.006132756132756133
121 0.4418367346938776 0.488997113997114 0.06428571428571428 0.006132756132756133
121 0.43112244897959184 0.5353535353535354 0.04081632653061224 0.011544011544011544
121 0.43112244897959184 0.5404040404040404 0.04081632653061224 0.011544011544011544
121 0.43112244897959184 0.5456349206349206 0.04081632653061224 0.011904761904761904
121 0.43112244897959184 0.551046176046176 0.04285714285714286 0.011904761904761904
121 0.5275510204081633 0.46825396825396826 0.06326530612244897 0.005772005772005772
121 0.5275510204081633 0.4734848484848485 0.06326530612244897 0.006132756132756133
121 0.5275510204081633 0.47853535353535354 0.06326530612244897 0.006132756132756133
121 0.5275510204081633 0.48394660894660896 0.06326530612244897 0.006132756132756133
121 0.5272959183673469 0.488997113997114 0.06377551020408163 0.006132756132756133
121 0.5168367346938776 0.5331890331890332 0.04183673469387755 0.007936507936507936
121 0.5168367346938776 0.5384199134199135 0.04183673469387755 0.007575757575757576
121 0.5168367346938776 0.5436507936507936 0.04183673469387755 0.007936507936507936
121 0.5165816326530612 0.5488816738816739 0.042346938775510205 0.007575757575757576
121 0.6125 0.46825396825396826 0.06377551020408163 0.005772005772005772
121 0.6125 0.4734848484848485 0.06377551020408163 0.006132756132756133
121 0.6125 0.47853535353535354 0.06377551020408163 0.006132756132756133
121 0.6125 0.48394660894660896 0.06377551020408163 0.006132756132756133
121 0.6125 0.488997113997114 0.06377551020408163 0.006132756132756133
121 0.6017857142857143 0.5261544011544012 0.042346938775510205 0.006132756132756133
121 0.6017857142857143 0.5315656565656566 0.042346938775510205 0.006132756132756133
121 0.6017857142857143 0.5366161616161617 0.042346938775510205 0.006132756132756133
121 0.6017857142857143 0.5420274170274171 0.042346938775510205 0.006132756132756133
121 0.7262755102040817 0.4444444444444444 0.042346938775510205 0.007936507936507936
121 0.7262755102040817 0.44985569985569984 0.042346938775510205 0.007936507936507936
121 0.7262755102040817 0.4549062049062049 0.042346938775510205 0.007936507936507936
121 0.7262755102040817 0.4603174603174603 0.042346938775510205 0.007936507936507936
121 0.7270408163265306 0.5270562770562771 0.06326530612244897 0.005772005772005772
121 0.7270408163265306 0.5322871572871573 0.06326530612244897 0.006132756132756133
121 0.7270408163265306 0.5373376623376623 0.06326530612244897 0.006132756132756133
121 0.7270408163265306 0.5427489177489178 0.06326530612244897 0.006132756132756133
121 0.727295918367347 0.5477994227994228 0.06377551020408163 0.006132756132756133
121 0.8127551020408164 0.5270562770562771 0.06224489795918367 0.005772005772005772
121 0.8127551020408164 0.5322871572871573 0.06224489795918367 0.006132756132756133
121 0.8127551020408164 0.5373376623376623 0.06224489795918367 0.006132756132756133
121 0.8127551020408164 0.5427489177489178 0.06224489795918367 0.006132756132756133
121 0.8125 0.5477994227994228 0.06377551020408163 0.006132756132756133
121 0.8969387755102041 0.4453463203463203 0.04285714285714286 0.006132756132756133
121 0.8974489795918368 0.45075757575757575 0.04183673469387755 0.006132756132756133
121 0.8974489795918368 0.455988455988456 0.04183673469387755 0.005772005772005772
121 0.8974489795918368 0.4612193362193362 0.04183673469387755 0.006132756132756133
121 0.898469387755102 0.5268759018759018 0.06326530612244897 0.006132756132756133
121 0.898469387755102 0.5322871572871573 0.06326530612244897 0.006132756132756133
121 0.898469387755102 0.5373376623376623 0.06326530612244897 0.006132756132756133
121 0.898469387755102 0.5427489177489178 0.06326530612244897 0.006132756132756133
121 0.8979591836734694 0.5477994227994228 0.06428571428571428 0.006132756132756133
41 0.8329081632653061 0.4678932178932179 0.0005102040816326531 0.0367965367965368
26 0.8280612244897959 0.5142496392496393 0.01020408163265306 0.006132756132756133
24 0.8280612244897959 0.48827561327561325 0.01020408163265306 0.006132756132756133
41 0.8017857142857143 0.5321067821067821 0.0005102040816326531 0.032467532467532464
26 0.8066326530612244 0.5142496392496393 0.01020408163265306 0.006132756132756133
41 0.7806122448979592 0.5355339105339105 0.0010204081632653062 0.0284992784992785
41 0.7900510204081632 0.46085858585858586 0.0005102040816326531 0.026334776334776336
26 0.7854591836734693 0.520021645021645 0.009693877551020408 0.006132756132756133
24 0.7854591836734693 0.4763708513708514 0.009693877551020408 0.006132756132756133
41 0.8660714285714286 0.536075036075036 0.0005102040816326531 0.027417027417027416
63 0.8579081632653062 0.47023809523809523 0.008673469387755102 0.017676767676767676
41 0.8755102040816326 0.45634920634920634 0.0010204081632653062 0.025252525252525252
26 0.8709183673469387 0.520021645021645 0.01020408163265306 0.006132756132756133
24 0.8709183673469387 0.47023809523809523 0.01020408163265306 0.006132756132756133
41 0.7594387755102041 0.5304834054834054 0.0005102040816326531 0.030663780663780664
41 0.8446428571428571 0.5310245310245311 0.0005102040816326531 0.02958152958152958
26 0.8494897959183674 0.5142496392496393 0.01020408163265306 0.006132756132756133
41 0.8232142857142857 0.5310245310245311 0.0005102040816326531 0.031746031746031744
41 0.20892857142857144 0.5310245310245311 0.0005102040816326531 0.02958152958152958
41 0.2517857142857143 0.47294372294372294 0.0005102040816326531 0.030303030303030304
26 0.25637755102040816 0.5261544011544012 0.009693877551020408 0.006132756132756133
26 0.25637755102040816 0.45544733044733043 0.009693877551020408 0.006132756132756133
41 0.23035714285714284 0.4734848484848485 0.0005102040816326531 0.032106782106782104
26 0.23520408163265305 0.45544733044733043 0.01020408163265306 0.006132756132756133
41 0.20892857142857144 0.4772727272727273 0.0005102040816326531 0.027417027417027416
26 0.21377551020408164 0.5142496392496393 0.01020408163265306 0.006132756132756133
26 0.21377551020408164 0.4612193362193362 0.01020408163265306 0.006132756132756133
41 0.1875 0.47204184704184704 0.0005102040816326531 0.029942279942279944
26 0.1923469387755102 0.45544733044733043 0.01020408163265306 0.006132756132756133
41 0.2941326530612245 0.5248917748917749 0.0005102040816326531 0.02958152958152958
41 0.2941326530612245 0.47709235209235207 0.0005102040816326531 0.027777777777777776
26 0.29897959183673467 0.5081168831168831 0.01020408163265306 0.006132756132756133
26 0.29897959183673467 0.4612193362193362 0.01020408163265306 0.006132756132756133
41 0.2727040816326531 0.47204184704184704 0.0005102040816326531 0.029942279942279944
26 0.27755102040816326 0.45544733044733043 0.01020408163265306 0.006132756132756133
41 0.2517857142857143 0.5393217893217893 0.0005102040816326531 0.024531024531024532
69 0.08801020408163265 0.4523809523809524 0.008673469387755102 0.017316017316017316
69 0.09719387755102041 0.4613997113997114 0.008673469387755102 0.017316017316017316
24 0.12857142857142856 0.5052308802308803 0.01020408163265306 0.006132756132756133
26 0.12857142857142856 0.4612193362193362 0.01020408163265306 0.006132756132756133
69 0.08801020408163265 0.5111832611832612 0.008673469387755102 0.017316017316017316
69 0.09719387755102041 0.520021645021645 0.008673469387755102 0.017676767676767676
5 0.06556122448979591 0.5216450216450217 0.02193877551020408 0.044733044733044736
41 0.12372448979591837 0.47673160173160173 0.0005102040816326531 0.0284992784992785
5 0.06556122448979591 0.46284271284271283 0.02193877551020408 0.044733044733044736
41 0.16607142857142856 0.5416666666666666 0.0005102040816326531 0.027777777777777776
41 0.16607142857142856 0.4725829725829726 0.0005102040816326531 0.031024531024531024
26 0.17091836734693877 0.5261544011544012 0.01020408163265306 0.006132756132756133
26 0.17091836734693877 0.45544733044733043 0.01020408163265306 0.006132756132756133
41 0.1451530612244898 0.4736652236652237 0.0005102040816326531 0.031746031746031744
26 0.15 0.45544733044733043 0.01020408163265306 0.006132756132756133
41 0.12372448979591837 0.525974025974026 0.0005102040816326531 0.03968253968253968
41 0.45255102040816325 0.4724025974025974 0.0010204081632653062 0.031385281385281384
26 0.45714285714285713 0.5261544011544012 0.01020408163265306 0.006132756132756133
26 0.45714285714285713 0.45544733044733043 0.01020408163265306 0.006132756132756133
41 0.43137755102040815 0.4736652236652237 0.0005102040816326531 0.031746031746031744
26 0.4362244897959184 0.45544733044733043 0.01020408163265306 0.006132756132756133
63 0.28596938775510206 0.5081168831168831 0.008673469387755102 0.017676767676767676
41 0.40994897959183674 0.5265151515151515 0.0005102040816326531 0.0386002886002886
26 0.5 0.4612193362193362 0.01020408163265306 0.006132756132756133
41 0.5165816326530612 0.4734848484848485 0.0005102040816326531 0.032106782106782104
26 0.5214285714285715 0.45544733044733043 0.01020408163265306 0.006132756132756133
41 0.4951530612244898 0.5310245310245311 0.0005102040816326531 0.02958152958152958
41 0.4951530612244898 0.47673160173160173 0.0005102040816326531 0.0284992784992785
26 0.5 0.5142496392496393 0.01020408163265306 0.006132756132756133
41 0.47372448979591836 0.47204184704184704 0.0005102040816326531 0.029942279942279944
26 0.4785714285714286 0.45544733044733043 0.01020408163265306 0.006132756132756133
41 0.45255102040816325 0.5413059163059163 0.0010204081632653062 0.0284992784992785
41 0.33698979591836736 0.4727633477633478 0.0005102040816326531 0.030663780663780664
26 0.34183673469387754 0.45544733044733043 0.01020408163265306 0.006132756132756133
26 0.34183673469387754 0.5142496392496393 0.01020408163265306 0.006132756132756133
41 0.35841836734693877 0.4724025974025974 0.0005102040816326531 0.02922077922077922
26 0.36301020408163265 0.45544733044733043 0.009693877551020408 0.006132756132756133
41 0.33698979591836736 0.5294011544011544 0.0005102040816326531 0.0284992784992785
26 0.32040816326530613 0.45544733044733043 0.01020408163265306 0.006132756132756133
41 0.3155612244897959 0.47294372294372294 0.0005102040816326531 0.03318903318903319
41 0.40994897959183674 0.4772727272727273 0.0005102040816326531 0.027417027417027416
24 0.4147959183673469 0.5052308802308803 0.01020408163265306 0.006132756132756133
26 0.4147959183673469 0.4612193362193362 0.01020408163265306 0.006132756132756133
134 0.4997448979591837 0.7144660894660895 0.9045918367346939 0.024170274170274172
1 0.9346938775510204 0.6378066378066378 0.015306122448979591 0.0007215007215007215
1 0.9132653061224489 0.6378066378066378 0.015306122448979591 0.0007215007215007215
1 0.8920918367346938 0.6378066378066378 0.015816326530612244 0.0007215007215007215
1 0.8706632653061225 0.6378066378066378 0.015816326530612244 0.0007215007215007215
1 0.25637755102040816 0.6737012987012987 0.015816326530612244 0.0010822510822510823
1 0.25637755102040816 0.6796536796536796 0.015816326530612244 0.0007215007215007215
1 0.1711734693877551 0.6737012987012987 0.015816326530612244 0.0010822510822510823
1 0.1711734693877551 0.6796536796536796 0.015816326530612244 0.0007215007215007215
134 0.4997448979591837 0.6556637806637806 0.9045918367346939 0.024170274170274172
24 0.7214285714285714 0.6437590187590188 0.01020408163265306 0.006132756132756133
24 0.7214285714285714 0.7086940836940837 0.01020408163265306 0.006132756132756133
41 0.7165816326530612 0.6601731601731602 0.0005102040816326531 0.030303030303030304
41 0.6951530612244898 0.661075036075036 0.0005102040816326531 0.030663780663780664
41 0.6951530612244898 0.7258297258297258 0.0005102040816326531 0.031024531024531024
41 0.7380102040816326 0.7252886002886003 0.0005102040816326531 0.02922077922077922
24 0.563265306122449 0.6498917748917749 0.01020408163265306 0.006132756132756133
41 0.7594387755102041 0.726010101010101 0.0005102040816326531 0.030663780663780664
41 0.7594387755102041 0.6612554112554112 0.0005102040816326531 0.030303030303030304
24 0.7642857142857142 0.7086940836940837 0.01020408163265306 0.006132756132756133
24 0.7642857142857142 0.6437590187590188 0.01020408163265306 0.006132756132756133
41 0.7380102040816326 0.6607142857142857 0.0005102040816326531 0.02922077922077922
24 0.7428571428571429 0.7086940836940837 0.01020408163265306 0.006132756132756133
24 0.7428571428571429 0.6437590187590188 0.01020408163265306 0.006132756132756133
41 0.7165816326530612 0.7247474747474747 0.0005102040816326531 0.030303030303030304
41 0.6010204081632653 0.6616161616161617 0.0010204081632653062 0.027417027417027416
26 0.6058673469387755 0.7115800865800865 0.009693877551020408 0.006132756132756133
26 0.6058673469387755 0.6468253968253969 0.009693877551020408 0.006493506493506494
41 0.5798469387755102 0.726911976911977 0.0005102040816326531 0.025974025974025976
41 0.6010204081632653 0.7261904761904762 0.0010204081632653062 0.027417027417027416
41 0.5798469387755102 0.6621572871572872 0.0005102040816326531 0.026334776334776336
26 0.5846938775510204 0.7115800865800865 0.01020408163265306 0.006132756132756133
26 0.5846938775510204 0.6468253968253969 0.01020408163265306 0.006493506493506494
41 0.5584183673469387 0.7319624819624819 0.0005102040816326531 0.030303030303030304
41 0.5584183673469387 0.6666666666666666 0.0005102040816326531 0.031746031746031744
24 0.563265306122449 0.7144660894660895 0.01020408163265306 0.006132756132756133
121 0.15459183673469387 0.636002886002886 0.04285714285714286 0.007936507936507936
121 0.15459183673469387 0.6412337662337663 0.04081632653061224 0.007575757575757576
121 0.15459183673469387 0.6464646464646465 0.04081632653061224 0.007936507936507936
121 0.15459183673469387 0.6516955266955267 0.04081632653061224 0.007575757575757576
24 0.7 0.7086940836940837 0.01020408163265306 0.006132756132756133
24 0.7 0.6437590187590188 0.01020408163265306 0.006132756132756133
41 0.6436224489795919 0.7267316017316018 0.0005102040816326531 0.026334776334776336
41 0.6436224489795919 0.661976911976912 0.0005102040816326531 0.026695526695526696
26 0.648469387755102 0.7115800865800865 0.01020408163265306 0.006132756132756133
26 0.648469387755102 0.6468253968253969 0.01020408163265306 0.006493506493506494
41 0.6221938775510204 0.7265512265512265 0.0005102040816326531 0.026695526695526696
41 0.6221938775510204 0.661976911976912 0.0005102040816326531 0.026695526695526696
26 0.6270408163265306 0.7115800865800865 0.01020408163265306 0.006132756132756133
26 0.6270408163265306 0.6468253968253969 0.01020408163265306 0.006493506493506494
41 0.9298469387755102 0.7193362193362194 0.0005102040816326531 0.02958152958152958
41 0.9298469387755102 0.6554834054834054 0.0005102040816326531 0.031024531024531024
24 0.9346938775510204 0.7025613275613276 0.01020408163265306 0.006132756132756133
24 0.9346938775510204 0.637987012987013 0.01020408163265306 0.006132756132756133
41 0.9084183673469388 0.7193362193362194 0.0005102040816326531 0.02958152958152958
41 0.9084183673469388 0.6553030303030303 0.0005102040816326531 0.031385281385281384
24 0.9132653061224489 0.7025613275613276 0.01020408163265306 0.006132756132756133
24 0.9132653061224489 0.637987012987013 0.01020408163265306 0.006132756132756133
41 0.8872448979591837 0.7189754689754689 0.0010204081632653062 0.030303030303030304
121 0.898469387755102 0.6516955266955267 0.06326530612244897 0.0018037518037518038
121 0.898469387755102 0.6569264069264069 0.06326530612244897 0.0021645021645021645
121 0.898469387755102 0.6621572871572872 0.06326530612244897 0.0018037518037518038
121 0.898469387755102 0.6673881673881674 0.06326530612244897 0.0021645021645021645
121 0.8979591836734694 0.6724386724386724 0.06428571428571428 0.0021645021645021645
121 0.1556122448979592 0.7184343434343434 0.06224489795918367 0.006132756132756133
121 0.1556122448979592 0.7236652236652237 0.06224489795918367 0.005772005772005772
121 0.1556122448979592 0.7288961038961039 0.06224489795918367 0.006132756132756133
121 0.1556122448979592 0.7341269841269841 0.06224489795918367 0.005772005772005772
121 0.1556122448979592 0.7393578643578643 0.06428571428571428 0.006132756132756133
121 0.23979591836734693 0.63997113997114 0.04285714285714286 0.0036075036075036075
121 0.23979591836734693 0.6452020202020202 0.04081632653061224 0.003968253968253968
121 0.23979591836734693 0.6504329004329005 0.04081632653061224 0.0036075036075036075
121 0.23979591836734693 0.6554834054834054 0.04081632653061224 0.0036075036075036075
121 0.24081632653061225 0.7184343434343434 0.06224489795918367 0.006132756132756133
121 0.24081632653061225 0.7236652236652237 0.06224489795918367 0.005772005772005772
121 0.24081632653061225 0.7288961038961039 0.06224489795918367 0.006132756132756133
121 0.24081632653061225 0.7341269841269841 0.06224489795918367 0.005772005772005772
121 0.24107142857142858 0.7393578643578643 0.06377551020408163 0.006132756132756133
121 0.3252551020408163 0.6369047619047619 0.042346938775510205 0.006132756132756133
121 0.3252551020408163 0.6421356421356421 0.0413265306122449 0.005772005772005772
121 0.3252551020408163 0.6473665223665224 0.0413265306122449 0.006132756132756133
121 0.3252551020408163 0.6525974025974026 0.0413265306122449 0.005772005772005772
121 0.32627551020408163 0.7184343434343434 0.06275510204081633 0.006132756132756133
121 0.32627551020408163 0.7236652236652237 0.06275510204081633 0.005772005772005772
121 0.32627551020408163 0.7288961038961039 0.06275510204081633 0.006132756132756133
121 0.32627551020408163 0.7341269841269841 0.06275510204081633 0.005772005772005772
121 0.32627551020408163 0.7393578643578643 0.06377551020408163 0.006132756132756133
121 0.44107142857142856 0.6617965367965368 0.06275510204081633 0.0018037518037518038
121 0.44107142857142856 0.6670274170274171 0.06275510204081633 0.0021645021645021645
121 0.44107142857142856 0.6722582972582972 0.06275510204081633 0.0018037518037518038
121 0.44107142857142856 0.6774891774891775 0.06275510204081633 0.0021645021645021645
121 0.44107142857142856 0.6825396825396826 0.06377551020408163 0.0021645021645021645
121 0.44107142857142856 0.7265512265512265 0.06275510204081633 0.0021645021645021645
121 0.44107142857142856 0.7317821067821068 0.06275510204081633 0.0018037518037518038
121 0.44107142857142856 0.737012987012987 0.06275510204081633 0.0021645021645021645
121 0.44107142857142856 0.7420634920634921 0.06275510204081633 0.0021645021645021645
121 0.44107142857142856 0.7472943722943723 0.06377551020408163 0.0018037518037518038
121 0.5267857142857143 0.6617965367965368 0.06275510204081633 0.0018037518037518038
121 0.5267857142857143 0.6670274170274171 0.06275510204081633 0.0021645021645021645
121 0.5267857142857143 0.6722582972582972 0.06275510204081633 0.0018037518037518038
121 0.5267857142857143 0.6774891774891775 0.06275510204081633 0.0021645021645021645
121 0.5262755102040816 0.6825396825396826 0.06377551020408163 0.0021645021645021645
121 0.5267857142857143 0.7265512265512265 0.06275510204081633 0.0021645021645021645
121 0.5267857142857143 0.7317821067821068 0.06275510204081633 0.0018037518037518038
121 0.5267857142857143 0.737012987012987 0.06275510204081633 0.0021645021645021645
121 0.5267857142857143 0.7420634920634921 0.06275510204081633 0.0021645021645021645
121 0.5262755102040816 0.7472943722943723 0.06377551020408163 0.0018037518037518038
121 0.611734693877551 0.6558441558441559 0.06428571428571428 0.0021645021645021645
121 0.611734693877551 0.661075036075036 0.06428571428571428 0.0018037518037518038
121 0.611734693877551 0.6663059163059163 0.06428571428571428 0.0021645021645021645
121 0.611734693877551 0.6713564213564214 0.06428571428571428 0.0021645021645021645
121 0.611734693877551 0.6765873015873016 0.06428571428571428 0.0018037518037518038
121 0.611734693877551 0.7205988455988456 0.06428571428571428 0.0018037518037518038
121 0.611734693877551 0.7258297258297258 0.06428571428571428 0.0021645021645021645
121 0.611734693877551 0.7308802308802309 0.06428571428571428 0.0021645021645021645
121 0.611734693877551 0.7362914862914863 0.06428571428571428 0.0021645021645021645
121 0.611734693877551 0.7413419913419913 0.06428571428571428 0.0021645021645021645
121 0.727295918367347 0.6558441558441559 0.06377551020408163 0.0021645021645021645
121 0.727295918367347 0.661075036075036 0.06377551020408163 0.0018037518037518038
121 0.727295918367347 0.6663059163059163 0.06377551020408163 0.0021645021645021645
121 0.727295918367347 0.6713564213564214 0.06377551020408163 0.0021645021645021645
121 0.727295918367347 0.6765873015873016 0.06377551020408163 0.0018037518037518038
121 0.727295918367347 0.7205988455988456 0.06377551020408163 0.0018037518037518038
121 0.727295918367347 0.7258297258297258 0.06377551020408163 0.0021645021645021645
121 0.727295918367347 0.7308802308802309 0.06377551020408163 0.0021645021645021645
121 0.727295918367347 0.7362914862914863 0.06377551020408163 0.0021645021645021645
121 0.727295918367347 0.7413419913419913 0.06377551020408163 0.0021645021645021645
121 0.8127551020408164 0.6516955266955267 0.06224489795918367 0.0018037518037518038
121 0.8127551020408164 0.6569264069264069 0.06224489795918367 0.0021645021645021645
121 0.8127551020408164 0.6621572871572872 0.06224489795918367 0.0018037518037518038
121 0.8127551020408164 0.6673881673881674 0.06224489795918367 0.0021645021645021645
121 0.8125 0.6724386724386724 0.06377551020408163 0.0021645021645021645
121 0.8127551020408164 0.7146464646464646 0.06224489795918367 0.0021645021645021645
121 0.8127551020408164 0.7196969696969697 0.06224489795918367 0.0021645021645021645
121 0.8127551020408164 0.7251082251082251 0.06224489795918367 0.0021645021645021645
121 0.8127551020408164 0.7301587301587301 0.06224489795918367 0.0021645021645021645
121 0.8125 0.7353896103896104 0.06377551020408163 0.0018037518037518038
41 0.8872448979591837 0.6558441558441559 0.0010204081632653062 0.03318903318903319
121 0.898469387755102 0.7146464646464646 0.06326530612244897 0.0021645021645021645
121 0.898469387755102 0.7196969696969697 0.06326530612244897 0.0021645021645021645
121 0.898469387755102 0.7251082251082251 0.06326530612244897 0.0021645021645021645
121 0.898469387755102 0.7301587301587301 0.06326530612244897 0.0021645021645021645
121 0.8979591836734694 0.7353896103896104 0.06428571428571428 0.0018037518037518038
41 0.8232142857142857 0.6576479076479076 0.0005102040816326531 0.02958152958152958
26 0.8280612244897959 0.7056277056277056 0.01020408163265306 0.006493506493506494
26 0.8280612244897959 0.6408730158730159 0.01020408163265306 0.006132756132756133
41 0.8017857142857143 0.7213203463203464 0.0005102040816326531 0.027777777777777776
41 0.8232142857142857 0.7209595959595959 0.0005102040816326531 0.0284992784992785
41 0.8017857142857143 0.6574675324675324 0.0005102040816326531 0.029942279942279944
26 0.8066326530612244 0.7056277056277056 0.01020408163265306 0.006493506493506494
26 0.8066326530612244 0.6408730158730159 0.01020408163265306 0.006132756132756133
41 0.7806122448979592 0.7209595959595959 0.0010204081632653062 0.0284992784992785
41 0.7806122448979592 0.6572871572871573 0.0010204081632653062 0.030303030303030304
26 0.7852040816326531 0.7056277056277056 0.01020408163265306 0.006493506493506494
26 0.7852040816326531 0.6408730158730159 0.01020408163265306 0.006132756132756133
24 0.8918367346938776 0.7025613275613276 0.01020408163265306 0.006132756132756133
24 0.8918367346938776 0.637987012987013 0.01020408163265306 0.006132756132756133
41 0.8660714285714286 0.7200577200577201 0.0005102040816326531 0.030303030303030304
41 0.8660714285714286 0.6562049062049062 0.0005102040816326531 0.032467532467532464
24 0.8709183673469387 0.7025613275613276 0.01020408163265306 0.006132756132756133
24 0.8709183673469387 0.637987012987013 0.01020408163265306 0.006132756132756133
41 0.8446428571428571 0.7215007215007215 0.0005102040816326531 0.027417027417027416
41 0.8446428571428571 0.6576479076479076 0.0005102040816326531 0.02958152958152958
26 0.8494897959183674 0.7056277056277056 0.01020408163265306 0.006493506493506494
26 0.8494897959183674 0.6408730158730159 0.01020408163265306 0.006132756132756133
41 0.2729591836734694 0.722041847041847 0.0010204081632653062 0.029942279942279944
26 0.27755102040816326 0.7056277056277056 0.01020408163265306 0.006493506493506494
41 0.2517857142857143 0.7231240981240982 0.0005102040816326531 0.030663780663780664
41 0.2612244897959184 0.6598124098124099 0.0010204081632653062 0.03751803751803752
26 0.25637755102040816 0.7056277056277056 0.009693877551020408 0.006493506493506494
24 0.25637755102040816 0.6796536796536796 0.009693877551020408 0.006493506493506494
41 0.23035714285714284 0.7238455988455988 0.0005102040816326531 0.032106782106782104
26 0.23520408163265305 0.7056277056277056 0.01020408163265306 0.006493506493506494
41 0.20892857142857144 0.7274531024531025 0.0005102040816326531 0.027777777777777776
41 0.21862244897959185 0.6525974025974026 0.0005102040816326531 0.026695526695526696
26 0.21377551020408164 0.7115800865800865 0.01020408163265306 0.006132756132756133
41 0.33698979591836736 0.7231240981240982 0.0005102040816326531 0.030663780663780664
41 0.3466836734693878 0.6527777777777778 0.0005102040816326531 0.027056277056277056
26 0.34183673469387754 0.7056277056277056 0.01020408163265306 0.006493506493506494
24 0.34183673469387754 0.6675685425685426 0.01020408163265306 0.006132756132756133
41 0.3155612244897959 0.7238455988455988 0.0005102040816326531 0.032106782106782104
26 0.32040816326530613 0.7056277056277056 0.01020408163265306 0.006493506493506494
24 0.21377551020408164 0.6675685425685426 0.01020408163265306 0.006132756132756133
41 0.2941326530612245 0.7274531024531025 0.0005102040816326531 0.027777777777777776
63 0.28596938775510206 0.6616161616161617 0.008673469387755102 0.017316017316017316
41 0.3038265306122449 0.6475468975468975 0.0005102040816326531 0.024531024531024532
26 0.29897959183673467 0.7115800865800865 0.01020408163265306 0.006132756132756133
24 0.29897959183673467 0.6617965367965368 0.01020408163265306 0.006132756132756133
41 0.13341836734693877 0.6453823953823954 0.0005102040816326531 0.023809523809523808
26 0.12857142857142856 0.7115800865800865 0.01020408163265306 0.006132756132756133
26 0.12857142857142856 0.6587301587301587 0.01020408163265306 0.006493506493506494
69 0.08801020408163265 0.7025613275613276 0.008673469387755102 0.017676767676767676
69 0.09719387755102041 0.7113997113997114 0.008673469387755102 0.017316017316017316
5 0.06556122448979591 0.7132034632034632 0.02193877551020408 0.044733044733044736
69 0.08801020408163265 0.6437590187590188 0.008673469387755102 0.017676767676767676
69 0.09719387755102041 0.6527777777777778 0.008673469387755102 0.017676767676767676
5 0.06556122448979591 0.6544011544011544 0.02193877551020408 0.044733044733044736
41 0.17576530612244898 0.6583694083694084 0.0005102040816326531 0.03823953823953824
41 0.1875 0.7222222222222222 0.0005102040816326531 0.02958152958152958
26 0.1923469387755102 0.7056277056277056 0.01020408163265306 0.006493506493506494
41 0.1663265306122449 0.7227633477633477 0.0010204081632653062 0.031385281385281384
26 0.17091836734693877 0.7056277056277056 0.01020408163265306 0.006493506493506494
24 0.17091836734693877 0.6796536796536796 0.01020408163265306 0.006493506493506494
41 0.1451530612244898 0.7238455988455988 0.0005102040816326531 0.032106782106782104
26 0.14974489795918366 0.7056277056277056 0.009693877551020408 0.006493506493506494
41 0.12372448979591837 0.726911976911977 0.0005102040816326531 0.02886002886002886
26 0.47806122448979593 0.7175324675324676 0.01020408163265306 0.006493506493506494
41 0.49464285714285716 0.6673881673881674 0.0005102040816326531 0.030303030303030304
24 0.49923469387755104 0.7144660894660895 0.009693877551020408 0.006132756132756133
24 0.49923469387755104 0.6498917748917749 0.009693877551020408 0.006132756132756133
41 0.4732142857142857 0.7328643578643579 0.0005102040816326531 0.0284992784992785
41 0.4732142857142857 0.6688311688311688 0.0005102040816326531 0.027417027417027416
26 0.47806122448979593 0.6527777777777778 0.01020408163265306 0.006132756132756133
41 0.4517857142857143 0.7334054834054834 0.0005102040816326531 0.027417027417027416
41 0.4517857142857143 0.6686507936507936 0.0005102040816326531 0.027777777777777776
26 0.45663265306122447 0.7175324675324676 0.01020408163265306 0.006493506493506494
26 0.45663265306122447 0.6527777777777778 0.01020408163265306 0.006132756132756133
41 0.5369897959183674 0.7317821067821068 0.0005102040816326531 0.030663780663780664
41 0.5369897959183674 0.6672077922077922 0.0005102040816326531 0.030663780663780664
24 0.5418367346938775 0.7144660894660895 0.01020408163265306 0.006132756132756133
24 0.5418367346938775 0.6498917748917749 0.01020408163265306 0.006132756132756133
41 0.5155612244897959 0.7316017316017316 0.0005102040816326531 0.031024531024531024
41 0.5155612244897959 0.6670274170274171 0.0005102040816326531 0.031024531024531024
24 0.5204081632653061 0.7144660894660895 0.01020408163265306 0.006132756132756133
24 0.5204081632653061 0.6498917748917749 0.01020408163265306 0.006132756132756133
41 0.49464285714285716 0.7314213564213564 0.0005102040816326531 0.031385281385281384
41 0.4089285714285714 0.7332251082251082 0.0005102040816326531 0.027777777777777776
41 0.4089285714285714 0.6684704184704184 0.0005102040816326531 0.02813852813852814
26 0.41377551020408165 0.7175324675324676 0.01020408163265306 0.006493506493506494
26 0.41377551020408165 0.6527777777777778 0.01020408163265306 0.006132756132756133
41 0.35841836734693877 0.7224025974025974 0.0005102040816326531 0.02922077922077922
26 0.36301020408163265 0.7056277056277056 0.009693877551020408 0.006493506493506494
41 0.4303571428571429 0.6686507936507936 0.0005102040816326531 0.027777777777777776
26 0.43520408163265306 0.7175324675324676 0.01020408163265306 0.006493506493506494
26 0.43520408163265306 0.6527777777777778 0.01020408163265306 0.006132756132756133
41 0.4303571428571429 0.7328643578643579 0.0005102040816326531 0.0284992784992785
134 0.4997448979591837 0.8472222222222222 0.9045918367346939 0.024170274170274172
1 0.9247448979591837 0.9336219336219336 0.015816326530612244 0.0007215007215007215
1 0.9010204081632653 0.9336219336219336 0.015306122448979591 0.0007215007215007215
1 0.8770408163265306 0.9336219336219336 0.015306122448979591 0.0007215007215007215
1 0.8530612244897959 0.9336219336219336 0.015306122448979591 0.0007215007215007215
1 0.8196428571428571 0.9336219336219336 0.015816326530612244 0.0007215007215007215
1 0.8196428571428571 0.9395743145743146 0.015816326530612244 0.0010822510822510823
1 0.7989795918367347 0.9336219336219336 0.015306122448979591 0.0007215007215007215
1 0.7989795918367347 0.9395743145743146 0.015306122448979591 0.0010822510822510823
1 0.7785714285714286 0.9336219336219336 0.015306122448979591 0.0007215007215007215
1 0.7785714285714286 0.9395743145743146 0.015306122448979591 0.0010822510822510823
1 0.7579081632653061 0.9336219336219336 0.015816326530612244 0.0007215007215007215
1 0.7579081632653061 0.9395743145743146 0.015816326530612244 0.0010822510822510823
1 0.7375 0.9336219336219336 0.015816326530612244 0.0007215007215007215
1 0.7375 0.9395743145743146 0.015816326530612244 0.0010822510822510823
1 0.7168367346938775 0.9336219336219336 0.015306122448979591 0.0007215007215007215
1 0.7168367346938775 0.9395743145743146 0.015306122448979591 0.0010822510822510823
1 0.6964285714285714 0.9336219336219336 0.015306122448979591 0.0007215007215007215
1 0.6964285714285714 0.9395743145743146 0.015306122448979591 0.0010822510822510823
1 0.675765306122449 0.9336219336219336 0.015816326530612244 0.0007215007215007215
1 0.675765306122449 0.9395743145743146 0.015816326530612244 0.0010822510822510823
1 0.6283163265306122 0.8979076479076479 0.015816326530612244 0.0007215007215007215
1 0.6079081632653062 0.8979076479076479 0.015816326530612244 0.0007215007215007215
1 0.5872448979591837 0.8979076479076479 0.015306122448979591 0.0007215007215007215
1 0.5668367346938775 0.8979076479076479 0.015306122448979591 0.0007215007215007215
134 0.4997448979591837 0.9157647907647908 0.9045918367346939 0.024170274170274172
24 0.7581632653061224 0.9395743145743146 0.01020408163265306 0.006132756132756133
41 0.7627551020408163 0.8228715728715729 0.0010204081632653062 0.02813852813852814
41 0.7533163265306122 0.9541847041847041 0.0005102040816326531 0.027417027417027416
41 0.7533163265306122 0.8596681096681097 0.0005102040816326531 0.025974025974025976
41 0.7627551020408163 0.9045815295815296 0.0010204081632653062 0.031385281385281384
41 0.7326530612244898 0.8643578643578643 0.0010204081632653062 0.031024531024531024
41 0.7420918367346939 0.9034992784992785 0.0005102040816326531 0.026334776334776336
24 0.7581632653061224 0.9217171717171717 0.01020408163265306 0.006493506493506494
41 0.7326530612244898 0.9581529581529582 0.0010204081632653062 0.02813852813852814
26 0.7581632653061224 0.8382034632034632 0.01020408163265306 0.006132756132756133
26 0.7581632653061224 0.8443362193362194 0.01020408163265306 0.006132756132756133
24 0.7989795918367347 0.9217171717171717 0.01020408163265306 0.006493506493506494
41 0.7737244897959183 0.9547258297258298 0.0005102040816326531 0.026334776334776336
26 0.7989795918367347 0.8382034632034632 0.01020408163265306 0.006132756132756133
26 0.7989795918367347 0.8443362193362194 0.01020408163265306 0.006132756132756133
24 0.7989795918367347 0.9395743145743146 0.01020408163265306 0.006132756132756133
41 0.8038265306122448 0.8235930735930735 0.0005102040816326531 0.027417027417027416
41 0.7941326530612245 0.8589466089466089 0.0005102040816326531 0.027417027417027416
26 0.7785714285714286 0.8382034632034632 0.01020408163265306 0.006132756132756133
26 0.7785714285714286 0.8443362193362194 0.01020408163265306 0.006132756132756133
24 0.7785714285714286 0.9215367965367965 0.01020408163265306 0.006132756132756133
24 0.7785714285714286 0.9395743145743146 0.01020408163265306 0.006132756132756133
41 0.7834183673469388 0.8235930735930735 0.0005102040816326531 0.027417027417027416
41 0.7737244897959183 0.8589466089466089 0.0005102040816326531 0.027417027417027416
41 0.7834183673469388 0.9054834054834054 0.0005102040816326531 0.030303030303030304
26 0.6964285714285714 0.9186507936507936 0.01020408163265306 0.006132756132756133
26 0.6964285714285714 0.8382034632034632 0.01020408163265306 0.006132756132756133
24 0.6964285714285714 0.8472222222222222 0.01020408163265306 0.006132756132756133
26 0.6964285714285714 0.9424603174603174 0.01020408163265306 0.006132756132756133
41 0.7012755102040816 0.8235930735930735 0.0005102040816326531 0.027417027417027416
41 0.6915816326530613 0.8634559884559885 0.0005102040816326531 0.030663780663780664
121 0.15433673469387754 0.8593073593073594 0.05969387755102041 0.0021645021645021645
121 0.15433673469387754 0.8643578643578643 0.05969387755102041 0.0021645021645021645
121 0.15433673469387754 0.8695887445887446 0.05969387755102041 0.0018037518037518038
121 0.15433673469387754 0.8748196248196248 0.05969387755102041 0.0021645021645021645
121 0.15433673469387754 0.8800505050505051 0.06173469387755102 0.0018037518037518038
41 0.6711734693877551 0.8641774891774892 0.0005102040816326531 0.02922077922077922
41 0.6808673469387755 0.9036796536796536 0.0005102040816326531 0.026695526695526696
41 0.6711734693877551 0.9579725829725829 0.0005102040816326531 0.026334776334776336
41 0.7119897959183673 0.9577922077922078 0.0005102040816326531 0.026695526695526696
41 0.7216836734693878 0.9034992784992785 0.0005102040816326531 0.026334776334776336
41 0.7119897959183673 0.863997113997114 0.0005102040816326531 0.02958152958152958
26 0.7372448979591837 0.8382034632034632 0.01020408163265306 0.006132756132756133
24 0.7372448979591837 0.8472222222222222 0.01020408163265306 0.006132756132756133
26 0.7372448979591837 0.9186507936507936 0.01020408163265306 0.006132756132756133
26 0.7372448979591837 0.9424603174603174 0.01020408163265306 0.006132756132756133
41 0.7420918367346939 0.8235930735930735 0.0005102040816326531 0.027417027417027416
41 0.7012755102040816 0.9040404040404041 0.0005102040816326531 0.027417027417027416
41 0.6915816326530613 0.9574314574314574 0.0005102040816326531 0.027417027417027416
26 0.7168367346938775 0.8382034632034632 0.01020408163265306 0.006132756132756133
24 0.7168367346938775 0.8472222222222222 0.01020408163265306 0.006132756132756133
26 0.7168367346938775 0.9186507936507936 0.01020408163265306 0.006132756132756133
26 0.7168367346938775 0.9424603174603174 0.01020408163265306 0.006132756132756133
41 0.7216836734693878 0.8235930735930735 0.0005102040816326531 0.027417027417027416
26 0.925 0.8382034632034632 0.01020408163265306 0.006132756132756133
24 0.9357142857142857 0.8412698412698413 0.01020408163265306 0.006493506493506494
24 0.925 0.9217171717171717 0.01020408163265306 0.006493506493506494
26 0.925 0.9366883116883117 0.01020408163265306 0.006132756132756133
41 0.9295918367346939 0.823051948051948 0.0010204081632653062 0.0284992784992785
41 0.8961734693877551 0.9518398268398268 0.0005102040816326531 0.026334776334776336
41 0.9308673469387755 0.858044733044733 0.0005102040816326531 0.031385281385281384
41 0.9295918367346939 0.9047619047619048 0.0010204081632653062 0.031746031746031744
41 0.9068877551020408 0.858044733044733 0.0005102040816326531 0.02922077922077922
26 0.9010204081632653 0.8382034632034632 0.01020408163265306 0.006132756132756133
24 0.911734693877551 0.8412698412698413 0.01020408163265306 0.006493506493506494
24 0.9010204081632653 0.9217171717171717 0.01020408163265306 0.006493506493506494
26 0.9010204081632653 0.9366883116883117 0.01020408163265306 0.006132756132756133
41 0.9058673469387755 0.8235930735930735 0.0005102040816326531 0.027417027417027416
41 0.9058673469387755 0.9054834054834054 0.0005102040816326531 0.030303030303030304
121 0.5928571428571429 0.9116161616161617 0.06020408163265306 0.0021645021645021645
121 0.5928571428571429 0.9168470418470418 0.06020408163265306 0.0018037518037518038
121 0.5928571428571429 0.922077922077922 0.06020408163265306 0.0021645021645021645
121 0.5928571428571429 0.9273088023088023 0.06020408163265306 0.0018037518037518038
121 0.5928571428571429 0.9325396825396826 0.061224489795918366 0.0021645021645021645
121 0.8936224489795919 0.8888888888888888 0.07193877551020408 0.0021645021645021645
121 0.8941326530612245 0.8941197691197691 0.07091836734693878 0.0018037518037518038
121 0.8941326530612245 0.8993506493506493 0.07091836734693878 0.0021645021645021645
121 0.8941326530612245 0.9044011544011544 0.07091836734693878 0.0021645021645021645
121 0.8941326530612245 0.9098124098124099 0.07091836734693878 0.0021645021645021645
121 0.8951530612244898 0.8531746031746031 0.07091836734693878 0.0021645021645021645
121 0.8951530612244898 0.8584054834054834 0.07091836734693878 0.0018037518037518038
121 0.8951530612244898 0.8636363636363636 0.07091836734693878 0.0021645021645021645
121 0.8951530612244898 0.8688672438672439 0.07091836734693878 0.0018037518037518038
121 0.8948979591836734 0.8740981240981242 0.07142857142857142 0.0021645021645021645
121 0.8936224489795919 0.8084415584415584 0.07193877551020408 0.0021645021645021645
121 0.8941326530612245 0.8136724386724387 0.07091836734693878 0.0018037518037518038
121 0.8941326530612245 0.8189033189033189 0.07091836734693878 0.0021645021645021645
121 0.8941326530612245 0.8241341991341992 0.07091836734693878 0.0018037518037518038
121 0.8941326530612245 0.8293650793650794 0.07091836734693878 0.0021645021645021645
121 0.7834183673469388 0.9485930735930735 0.060714285714285714 0.0018037518037518038
121 0.7834183673469388 0.9538239538239538 0.060714285714285714 0.0021645021645021645
121 0.7834183673469388 0.9588744588744589 0.060714285714285714 0.0021645021645021645
121 0.7834183673469388 0.9642857142857143 0.060714285714285714 0.0021645021645021645
121 0.7839285714285714 0.9693362193362194 0.06173469387755102 0.0021645021645021645
121 0.7936224489795919 0.8888888888888888 0.06173469387755102 0.0021645021645021645
121 0.7931122448979592 0.8941197691197691 0.060714285714285714 0.0018037518037518038
121 0.7931122448979592 0.8993506493506493 0.060714285714285714 0.0021645021645021645
121 0.7931122448979592 0.9044011544011544 0.060714285714285714 0.0021645021645021645
121 0.7931122448979592 0.9098124098124099 0.060714285714285714 0.0021645021645021645
121 0.7834183673469388 0.8531746031746031 0.060714285714285714 0.0021645021645021645
121 0.7834183673469388 0.8584054834054834 0.060714285714285714 0.0018037518037518038
121 0.7834183673469388 0.8636363636363636 0.060714285714285714 0.0021645021645021645
121 0.7834183673469388 0.8688672438672439 0.060714285714285714 0.0018037518037518038
121 0.7839285714285714 0.8740981240981242 0.06173469387755102 0.0021645021645021645
121 0.7936224489795919 0.8084415584415584 0.06173469387755102 0.0021645021645021645
121 0.7931122448979592 0.8136724386724387 0.060714285714285714 0.0018037518037518038
121 0.7931122448979592 0.8189033189033189 0.060714285714285714 0.0021645021645021645
121 0.7931122448979592 0.8241341991341992 0.060714285714285714 0.0018037518037518038
121 0.7931122448979592 0.8293650793650794 0.060714285714285714 0.0021645021645021645
121 0.7017857142857142 0.9516594516594516 0.06173469387755102 0.0021645021645021645
121 0.7017857142857142 0.9567099567099567 0.06173469387755102 0.0021645021645021645
121 0.7017857142857142 0.961940836940837 0.06173469387755102 0.0018037518037518038
121 0.7017857142857142 0.9671717171717171 0.06173469387755102 0.0021645021645021645
121 0.7017857142857142 0.9724025974025974 0.06173469387755102 0.0018037518037518038
121 0.7114795918367347 0.8888888888888888 0.06173469387755102 0.0021645021645021645
121 0.7114795918367347 0.8941197691197691 0.06173469387755102 0.0018037518037518038
121 0.7114795918367347 0.8993506493506493 0.06173469387755102 0.0021645021645021645
121 0.7114795918367347 0.9044011544011544 0.06173469387755102 0.0021645021645021645
121 0.7114795918367347 0.9098124098124099 0.06173469387755102 0.0021645021645021645
121 0.7017857142857142 0.8593073593073594 0.06173469387755102 0.0021645021645021645
121 0.7017857142857142 0.8643578643578643 0.06173469387755102 0.0021645021645021645
121 0.7017857142857142 0.8695887445887446 0.06173469387755102 0.0018037518037518038
121 0.7017857142857142 0.8748196248196248 0.06173469387755102 0.0021645021645021645
121 0.7017857142857142 0.8800505050505051 0.06173469387755102 0.0018037518037518038
121 0.7114795918367347 0.8084415584415584 0.06173469387755102 0.0021645021645021645
121 0.7119897959183673 0.8136724386724387 0.060714285714285714 0.0018037518037518038
121 0.7119897959183673 0.8189033189033189 0.060714285714285714 0.0021645021645021645
121 0.7119897959183673 0.8241341991341992 0.060714285714285714 0.0018037518037518038
121 0.7119897959183673 0.8293650793650794 0.060714285714285714 0.0021645021645021645
121 0.8841836734693878 0.9455266955266955 0.07040816326530612 0.0021645021645021645
121 0.8841836734693878 0.9507575757575758 0.07040816326530612 0.0018037518037518038
121 0.8841836734693878 0.9559884559884559 0.07040816326530612 0.0021645021645021645
121 0.8841836734693878 0.9612193362193362 0.07040816326530612 0.0018037518037518038
121 0.8841836734693878 0.9664502164502164 0.07142857142857142 0.0021645021645021645
121 0.5928571428571429 0.8472222222222222 0.06020408163265306 0.0018037518037518038
121 0.5928571428571429 0.8524531024531025 0.06020408163265306 0.0021645021645021645
121 0.5928571428571429 0.8576839826839827 0.06020408163265306 0.0018037518037518038
121 0.5928571428571429 0.862914862914863 0.06020408163265306 0.0021645021645021645
121 0.5928571428571429 0.8681457431457431 0.061224489795918366 0.0018037518037518038
121 0.5107142857142857 0.9116161616161617 0.06020408163265306 0.0021645021645021645
121 0.5107142857142857 0.9168470418470418 0.06020408163265306 0.0018037518037518038
121 0.5107142857142857 0.922077922077922 0.06020408163265306 0.0021645021645021645
121 0.5107142857142857 0.9273088023088023 0.06020408163265306 0.0018037518037518038
121 0.5107142857142857 0.9325396825396826 0.061224489795918366 0.0021645021645021645
121 0.5107142857142857 0.8472222222222222 0.06020408163265306 0.0018037518037518038
121 0.5107142857142857 0.8524531024531025 0.06020408163265306 0.0021645021645021645
121 0.5107142857142857 0.8576839826839827 0.06020408163265306 0.0018037518037518038
121 0.5107142857142857 0.862914862914863 0.06020408163265306 0.0021645021645021645
121 0.5107142857142857 0.8681457431457431 0.061224489795918366 0.0018037518037518038
121 0.42857142857142855 0.9157647907647908 0.06020408163265306 0.0018037518037518038
121 0.42857142857142855 0.920995670995671 0.06020408163265306 0.0021645021645021645
121 0.42857142857142855 0.9262265512265512 0.06020408163265306 0.0018037518037518038
121 0.42857142857142855 0.9314574314574314 0.06020408163265306 0.0021645021645021645
121 0.42857142857142855 0.9365079365079365 0.061224489795918366 0.0021645021645021645
121 0.42857142857142855 0.8531746031746031 0.06020408163265306 0.0021645021645021645
121 0.42857142857142855 0.8584054834054834 0.06020408163265306 0.0018037518037518038
121 0.42857142857142855 0.8636363636363636 0.06020408163265306 0.0021645021645021645
121 0.42857142857142855 0.8688672438672439 0.06020408163265306 0.0018037518037518038
121 0.42857142857142855 0.8740981240981242 0.061224489795918366 0.0021645021645021645
121 0.31862244897959185 0.9157647907647908 0.05969387755102041 0.0018037518037518038
121 0.31862244897959185 0.920995670995671 0.05969387755102041 0.0021645021645021645
121 0.31862244897959185 0.9262265512265512 0.05969387755102041 0.0018037518037518038
121 0.31862244897959185 0.9314574314574314 0.05969387755102041 0.0021645021645021645
121 0.31862244897959185 0.9365079365079365 0.06173469387755102 0.0021645021645021645
121 0.31862244897959185 0.8531746031746031 0.05969387755102041 0.0021645021645021645
121 0.31862244897959185 0.8584054834054834 0.05969387755102041 0.0018037518037518038
121 0.31862244897959185 0.8636363636363636 0.05969387755102041 0.0021645021645021645
121 0.31862244897959185 0.8688672438672439 0.05969387755102041 0.0018037518037518038
121 0.31862244897959185 0.8740981240981242 0.06173469387755102 0.0021645021645021645
121 0.2364795918367347 0.9217171717171717 0.05969387755102041 0.0021645021645021645
121 0.2364795918367347 0.926948051948052 0.05969387755102041 0.0018037518037518038
121 0.2364795918367347 0.9321789321789322 0.05969387755102041 0.0021645021645021645
121 0.2364795918367347 0.9374098124098124 0.05969387755102041 0.0018037518037518038
121 0.2364795918367347 0.9426406926406926 0.06173469387755102 0.0021645021645021645
121 0.2364795918367347 0.8593073593073594 0.05969387755102041 0.0021645021645021645
121 0.2364795918367347 0.8643578643578643 0.05969387755102041 0.0021645021645021645
121 0.2364795918367347 0.8695887445887446 0.05969387755102041 0.0018037518037518038
121 0.2364795918367347 0.8748196248196248 0.05969387755102041 0.0021645021645021645
121 0.2364795918367347 0.8800505050505051 0.06173469387755102 0.0018037518037518038
121 0.15433673469387754 0.9217171717171717 0.05969387755102041 0.0021645021645021645
121 0.15433673469387754 0.926948051948052 0.05969387755102041 0.0018037518037518038
121 0.15433673469387754 0.9321789321789322 0.05969387755102041 0.0021645021645021645
121 0.15433673469387754 0.9374098124098124 0.05969387755102041 0.0018037518037518038
121 0.15433673469387754 0.9426406926406926 0.06173469387755102 0.0021645021645021645
41 0.9201530612244898 0.9518398268398268 0.0005102040816326531 0.0284992784992785
41 0.824234693877551 0.9042207792207793 0.0005102040816326531 0.030663780663780664
41 0.8145408163265306 0.9552669552669553 0.0005102040816326531 0.02813852813852814
41 0.8145408163265306 0.8598484848484849 0.0005102040816326531 0.027777777777777776
26 0.8530612244897959 0.8382034632034632 0.01020408163265306 0.006132756132756133
24 0.8637755102040816 0.8412698412698413 0.01020408163265306 0.006493506493506494
24 0.8530612244897959 0.9217171717171717 0.01020408163265306 0.006493506493506494
26 0.8530612244897959 0.9366883116883117 0.01020408163265306 0.006132756132756133
41 0.8579081632653062 0.823051948051948 0.0005102040816326531 0.0284992784992785
41 0.8038265306122448 0.9047619047619048 0.0005102040816326531 0.031746031746031744
41 0.7941326530612245 0.9549062049062049 0.0005102040816326531 0.02886002886002886
26 0.8193877551020409 0.8382034632034632 0.01020408163265306 0.006132756132756133
26 0.8193877551020409 0.8443362193362194 0.01020408163265306 0.006132756132756133
24 0.8193877551020409 0.9217171717171717 0.01020408163265306 0.006493506493506494
24 0.8193877551020409 0.9395743145743146 0.01020408163265306 0.006132756132756133
41 0.824234693877551 0.823051948051948 0.0005102040816326531 0.0284992784992785
24 0.8877551020408163 0.8412698412698413 0.01020408163265306 0.006493506493506494
24 0.8770408163265306 0.9215367965367965 0.01020408163265306 0.006132756132756133
26 0.8770408163265306 0.9366883116883117 0.01020408163265306 0.006132756132756133
41 0.8818877551020409 0.8226911976911977 0.0005102040816326531 0.027777777777777776
41 0.8829081632653061 0.858044733044733 0.0005102040816326531 0.031385281385281384
26 0.8770408163265306 0.8382034632034632 0.01020408163265306 0.006132756132756133
41 0.8818877551020409 0.9047619047619048 0.0005102040816326531 0.031746031746031744
41 0.8721938775510204 0.9518398268398268 0.0005102040816326531 0.0284992784992785
41 0.8589285714285714 0.858044733044733 0.0005102040816326531 0.031385281385281384
41 0.8579081632653062 0.9047619047619048 0.0005102040816326531 0.031746031746031744
41 0.8482142857142857 0.9518398268398268 0.0005102040816326531 0.0284992784992785
63 0.8400510204081633 0.9217171717171717 0.008673469387755102 0.017316017316017316
26 0.29285714285714287 0.8443362193362194 0.01020408163265306 0.006132756132756133
24 0.27193877551020407 0.9096320346320347 0.01020408163265306 0.006132756132756133
41 0.2673469387755102 0.8643578643578643 0.0010204081632653062 0.031024531024531024
41 0.2673469387755102 0.9265873015873016 0.0010204081632653062 0.031385281385281384
24 0.27193877551020407 0.8472222222222222 0.01020408163265306 0.006132756132756133
26 0.29285714285714287 0.9067460317460317 0.01020408163265306 0.006132756132756133
41 0.28801020408163264 0.8594877344877345 0.0005102040816326531 0.0284992784992785
41 0.28801020408163264 0.9222582972582972 0.0005102040816326531 0.0284992784992785
24 0.251530612244898 0.9096320346320347 0.01020408163265306 0.006132756132756133
41 0.22627551020408163 0.9271284271284271 0.0005102040816326531 0.030303030303030304
24 0.251530612244898 0.8472222222222222 0.01020408163265306 0.006132756132756133
41 0.24668367346938774 0.863997113997114 0.0005102040816326531 0.031746031746031744
41 0.24668367346938774 0.9265873015873016 0.0005102040816326531 0.031385281385281384
26 0.35408163265306125 0.8443362193362194 0.01020408163265306 0.006132756132756133
26 0.35408163265306125 0.9067460317460317 0.01020408163265306 0.006132756132756133
41 0.349234693877551 0.8594877344877345 0.0005102040816326531 0.0284992784992785
41 0.349234693877551 0.9222582972582972 0.0005102040816326531 0.0284992784992785
24 0.40255102040816326 0.8412698412698413 0.01020408163265306 0.006493506493506494
24 0.40255102040816326 0.9038600288600288 0.01020408163265306 0.006132756132756133
41 0.3977040816326531 0.858044733044733 0.0005102040816326531 0.031385281385281384
26 0.31326530612244896 0.8443362193362194 0.01020408163265306 0.006132756132756133
26 0.31326530612244896 0.9067460317460317 0.01020408163265306 0.006132756132756133
41 0.3084183673469388 0.8594877344877345 0.0005102040816326531 0.0284992784992785
41 0.3084183673469388 0.9222582972582972 0.0005102040816326531 0.0284992784992785
41 0.22627551020408163 0.8645382395382395 0.0005102040816326531 0.030663780663780664
26 0.3336734693877551 0.8443362193362194 0.01020408163265306 0.006132756132756133
26 0.3336734693877551 0.9067460317460317 0.01020408163265306 0.006132756132756133
41 0.32882653061224487 0.8594877344877345 0.0005102040816326531 0.0284992784992785
41 0.32882653061224487 0.9222582972582972 0.0005102040816326531 0.0284992784992785
41 0.12372448979591837 0.9285714285714286 0.0005102040816326531 0.027417027417027416
26 0.12857142857142856 0.8501082251082251 0.01020408163265306 0.006132756132756133
26 0.12857142857142856 0.9128787878787878 0.01020408163265306 0.006132756132756133
41 0.12372448979591837 0.8656204906204906 0.0005102040816326531 0.0284992784992785
26 0.1489795918367347 0.8501082251082251 0.01020408163265306 0.006132756132756133
26 0.1489795918367347 0.9126984126984127 0.01020408163265306 0.006493506493506494
41 0.1441326530612245 0.8656204906204906 0.0005102040816326531 0.0284992784992785
5 0.06556122448979591 0.8459595959595959 0.02193877551020408 0.044733044733044736
69 0.08801020408163265 0.8351370851370852 0.008673469387755102 0.017316017316017316
69 0.09719387755102041 0.8441558441558441 0.008673469387755102 0.017316017316017316
5 0.06556122448979591 0.9143217893217893 0.02193877551020408 0.045093795093795096
69 0.08801020408163265 0.9036796536796536 0.008673469387755102 0.017316017316017316
69 0.09719387755102041 0.9126984126984127 0.008673469387755102 0.017316017316017316
41 0.18520408163265306 0.9282106782106783 0.0010204081632653062 0.02813852813852814
24 0.21071428571428572 0.8472222222222222 0.01020408163265306 0.006132756132756133
24 0.21071428571428572 0.9096320346320347 0.01020408163265306 0.006132756132756133
41 0.2058673469387755 0.863997113997114 0.0005102040816326531 0.031746031746031744
41 0.2058673469387755 0.9265873015873016 0.0005102040816326531 0.031385281385281384
24 0.23112244897959183 0.8472222222222222 0.01020408163265306 0.006132756132756133
24 0.23112244897959183 0.9096320346320347 0.01020408163265306 0.006132756132756133
41 0.1441326530612245 0.928030303030303 0.0005102040816326531 0.0284992784992785
26 0.16938775510204082 0.8501082251082251 0.01020408163265306 0.006132756132756133
26 0.16938775510204082 0.9126984126984127 0.01020408163265306 0.006493506493506494
41 0.16454081632653061 0.8656204906204906 0.0005102040816326531 0.0284992784992785
41 0.16454081632653061 0.928030303030303 0.0005102040816326531 0.0284992784992785
26 0.18979591836734694 0.8501082251082251 0.01020408163265306 0.006132756132756133
26 0.18979591836734694 0.9128787878787878 0.01020408163265306 0.006132756132756133
41 0.18520408163265306 0.8656204906204906 0.0010204081632653062 0.0284992784992785
24 0.5668367346938775 0.8353174603174603 0.01020408163265306 0.006132756132756133
41 0.5415816326530613 0.8542568542568543 0.0005102040816326531 0.027417027417027416
41 0.5415816326530613 0.9175685425685426 0.0005102040816326531 0.02922077922077922
26 0.5464285714285714 0.9007936507936508 0.01020408163265306 0.006493506493506494
24 0.5668367346938775 0.8977272727272727 0.01020408163265306 0.006132756132756133
41 0.5619897959183674 0.8520923520923521 0.0005102040816326531 0.031746031746031744
41 0.5619897959183674 0.9155844155844156 0.0005102040816326531 0.03318903318903319
41 0.5211734693877551 0.8542568542568543 0.0005102040816326531 0.027417027417027416
41 0.5002551020408164 0.9173881673881674 0.0005102040816326531 0.02958152958152958
26 0.525765306122449 0.9007936507936508 0.009693877551020408 0.006493506493506494
41 0.5211734693877551 0.9170274170274171 0.0005102040816326531 0.030303030303030304
26 0.5464285714285714 0.8382034632034632 0.01020408163265306 0.006132756132756133
24 0.6285714285714286 0.8353174603174603 0.01020408163265306 0.006132756132756133
24 0.6285714285714286 0.8977272727272727 0.01020408163265306 0.006132756132756133
41 0.6237244897959183 0.8520923520923521 0.0005102040816326531 0.031746031746031744
41 0.6237244897959183 0.9155844155844156 0.0005102040816326531 0.03318903318903319
26 0.6760204081632653 0.8382034632034632 0.01020408163265306 0.006132756132756133
24 0.6760204081632653 0.8472222222222222 0.01020408163265306 0.006132756132756133
26 0.6760204081632653 0.9186507936507936 0.01020408163265306 0.006132756132756133
26 0.6760204081632653 0.9424603174603174 0.01020408163265306 0.006132756132756133
41 0.6808673469387755 0.823051948051948 0.0005102040816326531 0.0284992784992785
24 0.5872448979591837 0.8353174603174603 0.01020408163265306 0.006132756132756133
24 0.5872448979591837 0.8977272727272727 0.01020408163265306 0.006132756132756133
41 0.5823979591836734 0.8520923520923521 0.0005102040816326531 0.031746031746031744
41 0.5823979591836734 0.9155844155844156 0.0005102040816326531 0.03318903318903319
26 0.525765306122449 0.8382034632034632 0.009693877551020408 0.006132756132756133
24 0.6079081632653062 0.8353174603174603 0.009693877551020408 0.006132756132756133
24 0.6076530612244898 0.8977272727272727 0.01020408163265306 0.006132756132756133
41 0.6030612244897959 0.8520923520923521 0.0010204081632653062 0.031746031746031744
41 0.6030612244897959 0.9155844155844156 0.0010204081632653062 0.03318903318903319
41 0.439030612244898 0.8585858585858586 0.0005102040816326531 0.030303030303030304
41 0.41836734693877553 0.9208152958152959 0.0010204081632653062 0.031385281385281384
24 0.44387755102040816 0.8412698412698413 0.01020408163265306 0.006493506493506494
24 0.44387755102040816 0.9038600288600288 0.01020408163265306 0.006132756132756133
41 0.439030612244898 0.9206349206349206 0.0005102040816326531 0.031746031746031744
24 0.4642857142857143 0.8412698412698413 0.01020408163265306 0.006493506493506494
41 0.3977040816326531 0.9206349206349206 0.0005102040816326531 0.031746031746031744
24 0.4229591836734694 0.8412698412698413 0.01020408163265306 0.006493506493506494
24 0.4229591836734694 0.9038600288600288 0.01020408163265306 0.006132756132756133
41 0.41836734693877553 0.858044733044733 0.0010204081632653062 0.031385281385281384
26 0.4846938775510204 0.8382034632034632 0.01020408163265306 0.006132756132756133
41 0.4798469387755102 0.9173881673881674 0.0005102040816326531 0.02958152958152958
26 0.4846938775510204 0.9007936507936508 0.01020408163265306 0.006493506493506494
41 0.4798469387755102 0.8537157287157288 0.0005102040816326531 0.0284992784992785
41 0.45943877551020407 0.9211760461760462 0.0005102040816326531 0.030663780663780664
41 0.5002551020408164 0.8538961038961039 0.0005102040816326531 0.02813852813852814
26 0.5051020408163265 0.9007936507936508 0.01020408163265306 0.006493506493506494
41 0.45943877551020407 0.858044733044733 0.0005102040816326531 0.031385281385281384
26 0.5051020408163265 0.8382034632034632 0.01020408163265306 0.006132756132756133
24 0.4642857142857143 0.9038600288600288 0.01020408163265306 0.006132756132756133
