134 0.5356919223544145 0.17972554227534307 0.8334376956793988 0.029216467463479414
1 0.8969943644333125 0.20185922974767595 0.014402003757044458 0.0008853474988933156
1 0.6703193487789606 0.20185922974767595 0.021916092673763307 0.0008853474988933156
1 0.6255479023168441 0.20185922974767595 0.015028177833437696 0.0008853474988933156
1 0.5954915466499687 0.20185922974767595 0.015028177833437696 0.0008853474988933156
1 0.5654351909830932 0.20185922974767595 0.015028177833437696 0.0008853474988933156
1 0.5159674389480275 0.20185922974767595 0.015028177833437696 0.0008853474988933156
1 0.48685034439574204 0.20185922974767595 0.014402003757044458 0.0008853474988933156
1 0.48685034439574204 0.2089420097388225 0.014402003757044458 0.0008853474988933156
1 0.4577332498434565 0.20185922974767595 0.015028177833437696 0.0008853474988933156
1 0.39010644959298685 0.20185922974767595 0.015028177833437696 0.0008853474988933156
1 0.25579211020663745 0.20185922974767595 0.014402003757044458 0.0008853474988933156
134 0.5356919223544145 0.26449756529437807 0.8334376956793988 0.029659141212926073
41 0.734815278647464 0.1845949535192563 0.0006261740763932373 0.01416555998229305
41 0.734815278647464 0.16334661354581673 0.0006261740763932373 0.02036299247454626
86 0.7294927989981215 0.24679061531651172 0.008766437069505322 0.01814962372731297
41 0.7755165936130244 0.1693227091633466 0.0006261740763932373 0.03762726870296591
86 0.7701941139636819 0.24656927844178841 0.008766437069505322 0.01859229747675963
24 0.7714464621164684 0.17242142540947322 0.010018785222291797 0.006640106241699867
26 0.7714464621164684 0.19079238601150952 0.010018785222291797 0.007082779991146525
28 0.6706324358171571 0.2501106684373617 0.015028177833437696 0.007082779991146525
41 0.6634314339386349 0.21226206285967242 0.0006261740763932373 0.015493581230633024
41 0.6721978710081402 0.16644532979194335 0.0006261740763932373 0.021248339973439574
28 0.6712586098935505 0.25719344842850816 0.013775829680651221 0.007082779991146525
28 0.6706324358171571 0.20185922974767595 0.015028177833437696 0.007082779991146525
24 0.6681277395115842 0.17972554227534307 0.010018785222291797 0.007082779991146525
61 0.6127113337507827 0.26073483842408146 0.0068879148403256105 0.019477644975652943
41 0.6208515967438948 0.27113767153607793 0.0006261740763932373 0.03054448871181939
24 0.7304320601127113 0.1943337760070828 0.00939261114589856 0.007082779991146525
72 0.7345021916092673 0.150066401062417 0.003757044458359424 0.0026560424966799467
26 0.7304320601127113 0.1761841522797698 0.00939261114589856 0.007082779991146525
41 0.7022542266750157 0.1693227091633466 0.0006261740763932373 0.02257636122177955
72 0.7022542266750157 0.15493581230633025 0.004383218534752661 0.0026560424966799467
26 0.697871008140263 0.18348826914563968 0.00939261114589856 0.006640106241699867
73 0.7301189730745147 0.20097388224878265 0.003757044458359424 0.0026560424966799467
41 0.6634314339386349 0.267153607791058 0.0006261740763932373 0.03142983621071271
41 0.9214151534126487 0.2673749446657813 0.0006261740763932373 0.03098716246126605
41 0.9308077645585473 0.17507746790615317 0.0006261740763932373 0.03408587870739265
24 0.926111458985598 0.24988933156263834 0.010018785222291797 0.006640106241699867
24 0.926111458985598 0.25719344842850816 0.010018785222291797 0.007082779991146525
26 0.926111458985598 0.18348826914563968 0.010018785222291797 0.006640106241699867
24 0.926111458985598 0.1943337760070828 0.010018785222291797 0.007082779991146525
41 0.9013775829680651 0.17861885790172644 0.0006261740763932373 0.041168658698539175
86 0.8960551033187226 0.24656927844178841 0.008766437069505322 0.01859229747675963
72 0.9016906700062617 0.15493581230633025 0.003757044458359424 0.0026560424966799467
26 0.897307451471509 0.18348826914563968 0.010018785222291797 0.006640106241699867
24 0.897307451471509 0.20163789287295264 0.010018785222291797 0.006640106241699867
120 0.3800876643706951 0.15117308543603364 0.028804007514088917 0.00398406374501992
120 0.4768315591734502 0.1522797698096503 0.029430181590482152 0.0035413899955732625
120 0.5754539762053851 0.16356795042054006 0.10144020037570445 0.01018149623727313
120 0.5710707576706324 0.2412571934484285 0.10895428929242329 0.009738822487826471
124 0.6161552911709455 0.22864099158919876 0.05134627426424546 0.01018149623727313
125 0.6988102692548529 0.22864099158919876 0.07263619286161553 0.01018149623727313
120 0.6875391358797746 0.14829570606463036 0.03005635566687539 0.004426737494466578
120 0.7902316844082655 0.1438689685701638 0.028804007514088917 0.0035413899955732625
120 0.886662492172824 0.14873837981407703 0.028804007514088917 0.0035413899955732625
41 0.8249843456480902 0.2740150509074812 0.0006261740763932373 0.04426737494466578
72 0.8296806512210394 0.2434705621956618 0.003757044458359424 0.0026560424966799467
24 0.8296806512210394 0.24988933156263834 0.010018785222291797 0.006640106241699867
26 0.8296806512210394 0.27556440903054447 0.010018785222291797 0.006640106241699867
86 0.828428303068253 0.16201859229747675 0.008766437069505322 0.01859229747675963
41 0.8049467752035065 0.17574147853032315 0.0006261740763932373 0.0398406374501992
86 0.7993112085159675 0.24679061531651172 0.00939261114589856 0.01814962372731297
72 0.80463368816531 0.1522797698096503 0.003757044458359424 0.0026560424966799467
24 0.8002504696305573 0.17972554227534307 0.010018785222291797 0.007082779991146525
26 0.8005635566687539 0.19809650287737937 0.00939261114589856 0.006640106241699867
41 0.8722604884157796 0.17242142540947322 0.0 0.03851261620185923
86 0.8666249217282405 0.24656927844178841 0.008766437069505322 0.01859229747675963
26 0.867877269881027 0.1761841522797698 0.010018785222291797 0.007082779991146525
24 0.867877269881027 0.1943337760070828 0.010018785222291797 0.007082779991146525
41 0.3948027551659361 0.18216024789729968 0.0006261740763932373 0.041168658698539175
86 0.389167188478397 0.24656927844178841 0.00939261114589856 0.01859229747675963
72 0.3944896681277395 0.15847720230190349 0.003757044458359424 0.0026560424966799467
24 0.39010644959298685 0.18702965914121292 0.010018785222291797 0.006640106241699867
26 0.39010644959298685 0.20540061974324922 0.010018785222291797 0.007082779991146525
41 0.46242955541640574 0.17861885790172644 0.0006261740763932373 0.041168658698539175
86 0.4567939887288666 0.24656927844178841 0.00939261114589856 0.01859229747675963
24 0.4577332498434565 0.20163789287295264 0.010018785222291797 0.006640106241699867
41 0.4148403256105197 0.27113767153607793 0.0006261740763932373 0.023461708720672863
72 0.419536631183469 0.24634794156706508 0.003757044458359424 0.002213368747233289
24 0.419536631183469 0.25719344842850816 0.010018785222291797 0.007082779991146525
86 0.41828428303068255 0.16201859229747675 0.008766437069505322 0.01859229747675963
24 0.25610519724483405 0.20163789287295264 0.010018785222291797 0.006640106241699867
67 0.16812773951158422 0.2693669765382913 0.00939261114589856 0.01637892872952634
67 0.17752035065748278 0.25852146967684814 0.00939261114589856 0.01593625498007968
67 0.18691296180338135 0.2731297034085879 0.00939261114589856 0.01593625498007968
67 0.1963055729492799 0.26206285967242143 0.00939261114589856 0.01593625498007968
8 0.14026299311208515 0.26073483842408146 0.026299311208515967 0.01859229747675963
86 0.2548528490920476 0.24656927844178841 0.008766437069505322 0.01859229747675963
15 0.2213525360050094 0.17264276228419656 0.013149655604257984 0.01416555998229305
16 0.221665623043206 0.18725099601593626 0.01628052598622417 0.01416555998229305
67 0.16812773951158422 0.17729083665338646 0.00939261114589856 0.01637892872952634
67 0.17752035065748278 0.16622399291722 0.00939261114589856 0.01637892872952634
67 0.18691296180338135 0.18105356352368304 0.00939261114589856 0.01593625498007968
67 0.1963055729492799 0.1699867197875166 0.00939261114589856 0.01593625498007968
5 0.14057608015028178 0.1806108897742364 0.02567313713212273 0.043382027445772464
72 0.2604884157795867 0.15493581230633025 0.003757044458359424 0.0026560424966799467
93 0.254539762053851 0.21469676848162905 0.010644959298685034 0.008853474988933156
26 0.25610519724483405 0.18348826914563968 0.010018785222291797 0.006640106241699867
15 0.2213525360050094 0.25719344842850816 0.013149655604257984 0.01416555998229305
16 0.221665623043206 0.27224435590969454 0.01628052598622417 0.01416555998229305
120 0.9386349405134627 0.2410358565737052 0.025046963055729492 0.003098716246126605
120 0.9423919849718222 0.17507746790615317 0.01628052598622417 0.002213368747233289
0 0.11020663744520977 0.2222222222222222 0.010018785222291797 0.11420982735723771
41 0.365372573575454 0.17552014165559982 0.0006261740763932373 0.03939796370075255
86 0.3600500939261115 0.24656927844178841 0.008766437069505322 0.01859229747675963
24 0.36130244207889795 0.17972554227534307 0.010018785222291797 0.007082779991146525
26 0.36130244207889795 0.19809650287737937 0.010018785222291797 0.006640106241699867
26 0.4577332498434565 0.18348826914563968 0.010018785222291797 0.006640106241699867
41 0.2601753287413901 0.17928286852589642 0.0006261740763932373 0.04249667994687915
41 0.5610519724483406 0.2638335546702081 0.0 0.03010181496237273
61 0.552598622417032 0.19411243913235945 0.0068879148403256105 0.019034971226206288
41 0.5701314965560426 0.18415227976980966 0.0006261740763932373 0.03010181496237273
26 0.5657482780212899 0.24634794156706508 0.00939261114589856 0.006640106241699867
26 0.5657482780212899 0.2536520584329349 0.00939261114589856 0.007082779991146525
24 0.5657482780212899 0.1943337760070828 0.00939261114589856 0.007082779991146525
41 0.5115842204132749 0.26759628154050463 0.0 0.03054448871181939
41 0.6302442078897934 0.1806108897742364 0.0006261740763932373 0.038069942452412575
26 0.6255479023168441 0.2536520584329349 0.010018785222291797 0.007082779991146525
26 0.6255479023168441 0.26095617529880477 0.010018785222291797 0.006640106241699867
24 0.6255479023168441 0.18702965914121292 0.010018785222291797 0.006640106241699867
24 0.6255479023168441 0.20163789287295264 0.010018785222291797 0.006640106241699867
41 0.5907952410770194 0.267153607791058 0.0006261740763932373 0.03142983621071271
24 0.5657482780212899 0.20185922974767595 0.00939261114589856 0.007082779991146525
41 0.6001878522229179 0.18238158477202301 0.0006261740763932373 0.033643204957945996
24 0.5954915466499687 0.24988933156263834 0.010018785222291797 0.006640106241699867
24 0.5954915466499687 0.25719344842850816 0.010018785222291797 0.007082779991146525
26 0.5954915466499687 0.19079238601150952 0.010018785222291797 0.007082779991146525
24 0.5954915466499687 0.20163789287295264 0.010018785222291797 0.006640106241699867
41 0.4912335629304947 0.18592297476759628 0.0006261740763932373 0.04072598494909252
86 0.4859110832811522 0.24656927844178841 0.008766437069505322 0.01859229747675963
26 0.48716343143393864 0.19079238601150952 0.010018785222291797 0.007082779991146525
24 0.48716343143393864 0.20916334661354583 0.010018785222291797 0.006640106241699867
72 0.4915466499686913 0.1615759185480301 0.003757044458359424 0.0026560424966799467
24 0.5162805259862242 0.25719344842850816 0.00939261114589856 0.007082779991146525
26 0.5156543519098309 0.19079238601150952 0.008140262993112084 0.007082779991146525
24 0.5162805259862242 0.20163789287295264 0.00939261114589856 0.006640106241699867
24 0.5162805259862242 0.24988933156263834 0.00939261114589856 0.006640106241699867
41 0.5206637445209769 0.183045595396193 0.0006261740763932373 0.03497122620628597
2 0.8778960551033187 0.49712262062859675 0.003757044458359424 0.0026560424966799467
2 0.8778960551033187 0.5046480743691899 0.003757044458359424 0.0026560424966799467
134 0.5 0.4105799026117751 0.9048215403882279 0.029659141212926073
2 0.8778960551033187 0.4068171757414785 0.003757044458359424 0.0026560424966799467
2 0.8778960551033187 0.41434262948207173 0.003757044458359424 0.0026560424966799467
1 0.8268628678772699 0.47897299690128375 0.014402003757044458 0.0008853474988933156
1 0.7874139010644959 0.47897299690128375 0.014402003757044458 0.0008853474988933156
1 0.7385723231058234 0.47897299690128375 0.021916092673763307 0.0008853474988933156
1 0.6343143393863494 0.47897299690128375 0.015028177833437696 0.0008853474988933156
1 0.5948653725735754 0.47897299690128375 0.015028177833437696 0.0008853474988933156
1 0.5457107075767064 0.47897299690128375 0.021916092673763307 0.0008853474988933156
1 0.3800876643706951 0.47897299690128375 0.015028177833437696 0.0008853474988933156
1 0.352222917971196 0.47897299690128375 0.014402003757044458 0.0008853474988933156
1 0.3140262993112085 0.4714475431606906 0.014402003757044458 0.0008853474988933156
1 0.3140262993112085 0.47897299690128375 0.014402003757044458 0.0008853474988933156
1 0.2582968065122104 0.47897299690128375 0.021916092673763307 0.0008853474988933156
134 0.5 0.5008853474988934 0.9048215403882279 0.029659141212926073
30 0.73888541014402 0.49712262062859675 0.013775829680651221 0.007082779991146525
86 0.6612398246712586 0.3926516157591855 0.008766437069505322 0.01859229747675963
86 0.6612398246712586 0.48295706064630367 0.008766437069505322 0.01859229747675963
28 0.7385723231058234 0.47897299690128375 0.014402003757044458 0.007082779991146525
41 0.745460237946149 0.40017706949977866 0.0006261740763932373 0.023019034971226208
86 0.6875391358797746 0.48295706064630367 0.008766437069505322 0.01859229747675963
24 0.7075767063243582 0.39597166888003543 0.010018785222291797 0.006640106241699867
41 0.7028804007514089 0.4072598494909252 0.0006261740763932373 0.02036299247454626
41 0.6837820914214151 0.40482514386896856 0.0 0.0199203187250996
96 0.6840951784596118 0.4355909694555113 0.0068879148403256105 0.007082779991146525
95 0.691296180338134 0.4358123063302346 0.011271133375078271 0.011066843736166445
26 0.6884783969943644 0.3922089420097388 0.00939261114589856 0.007082779991146525
30 0.7385723231058234 0.41434262948207173 0.014402003757044458 0.007082779991146525
41 0.5388227927363807 0.5022133687472333 0.0006261740763932373 0.041168658698539175
41 0.5810895428929242 0.3966356795042054 0.0 0.016821602478972998
26 0.577958672510958 0.4070385126162019 0.006261740763932373 0.004869411243913236
41 0.552598622417032 0.39995573262505535 0.0006261740763932373 0.02257636122177955
28 0.5460237946149029 0.47897299690128375 0.015028177833437696 0.007082779991146525
30 0.5460237946149029 0.49712262062859675 0.015028177833437696 0.007082779991146525
30 0.5460237946149029 0.41434262948207173 0.015028177833437696 0.007082779991146525
124 0.20663744520976832 0.4532979194333776 0.047589229805886035 0.009738822487826471
41 0.6390106449592987 0.40039840637450197 0.0006261740763932373 0.023461708720672863
72 0.6343143393863494 0.4723328906595839 0.003757044458359424 0.0026560424966799467
24 0.6343143393863494 0.47897299690128375 0.010018785222291797 0.007082779991146525
24 0.6349405134627426 0.4862771137671536 0.008766437069505322 0.006640106241699867
72 0.638697557921102 0.38556883576803896 0.003757044458359424 0.0026560424966799467
26 0.6343143393863494 0.41434262948207173 0.010018785222291797 0.007082779991146525
41 0.6296180338134001 0.4957945993802568 0.0006261740763932373 0.03187250996015936
41 0.5901690670006262 0.5008853474988934 0.0006261740763932373 0.048251438689685705
41 0.5995616781465247 0.40084108012394865 0.0006261740763932373 0.02877379371403276
26 0.5948653725735754 0.47521027003098715 0.010018785222291797 0.006640106241699867
24 0.5948653725735754 0.5008853474988934 0.010018785222291797 0.006640106241699867
24 0.5948653725735754 0.4105799026117751 0.010018785222291797 0.006640106241699867
24 0.5948653725735754 0.417884019477645 0.010018785222291797 0.007082779991146525
47 0.5835942391984972 0.3922089420097388 0.006261740763932373 0.00796812749003984
86 0.8534752661239825 0.48295706064630367 0.008766437069505322 0.01859229747675963
86 0.8534752661239825 0.3926516157591855 0.008766437069505322 0.01859229747675963
120 0.6988102692548529 0.38623284639220895 0.01878522229179712 0.004869411243913236
125 0.2752035065748278 0.4532979194333776 0.049467752035065746 0.009738822487826471
120 0.2742642454602379 0.37184594953519257 0.027551659361302442 0.004426737494466578
120 0.35660613650594863 0.4417884019477645 0.09329993738259236 0.008853474988933156
120 0.36161552911709455 0.4681274900398406 0.09329993738259236 0.014608233731739707
124 0.38384470882905447 0.45108455068614434 0.07388854101440201 0.009738822487826471
125 0.4652473387601753 0.45108455068614434 0.048841577958672514 0.009738822487826471
120 0.4649342517219787 0.3926516157591855 0.020663744520976832 0.004426737494466578
120 0.5760801502817783 0.3884462151394422 0.038822792736380715 0.007525453740593183
120 0.5901690670006262 0.4641434262948207 0.08829054477144646 0.007525453740593183
120 0.5867251095804634 0.3857901726427623 0.01628052598622417 0.003098716246126605
121 0.6931747025673137 0.417220008853475 0.01878522229179712 0.00398406374501992
120 0.7673763306199123 0.3884462151394422 0.036944270507201005 0.007525453740593183
120 0.7824045084533501 0.4641434262948207 0.08829054477144646 0.007525453740593183
120 0.7792736380713838 0.38601150951748564 0.016906700062617408 0.0035413899955732625
41 0.7917971195992486 0.40084108012394865 0.0006261740763932373 0.02877379371403276
26 0.7877269881026926 0.47521027003098715 0.010018785222291797 0.006640106241699867
24 0.7883531621790858 0.5008853474988934 0.008766437069505322 0.006640106241699867
24 0.7877269881026926 0.4105799026117751 0.010018785222291797 0.006640106241699867
24 0.7877269881026926 0.417884019477645 0.010018785222291797 0.007082779991146525
47 0.7761427676894177 0.3922089420097388 0.0068879148403256105 0.00796812749003984
41 0.7736380713838447 0.3966356795042054 0.0006261740763932373 0.016821602478972998
26 0.7705072010018785 0.4070385126162019 0.0068879148403256105 0.004869411243913236
41 0.7313713212273012 0.5015493581230633 0.0 0.04249667994687915
41 0.8224796493425173 0.49645861000442676 0.0006261740763932373 0.03054448871181939
41 0.8312460864120226 0.40017706949977866 0.0006261740763932373 0.023019034971226208
72 0.8265497808390733 0.4723328906595839 0.003757044458359424 0.0026560424966799467
24 0.8271759549154665 0.47897299690128375 0.010018785222291797 0.007082779991146525
24 0.8271759549154665 0.4862771137671536 0.010018785222291797 0.006640106241699867
72 0.8315591734502191 0.38556883576803896 0.003757044458359424 0.0026560424966799467
26 0.8271759549154665 0.41434262948207173 0.010018785222291797 0.007082779991146525
41 0.7830306825297433 0.50066401062417 0.0006261740763932373 0.04869411243913236
41 0.2514088916718848 0.49667994687915007 0.0006261740763932373 0.03010181496237273
41 0.2514088916718848 0.4362549800796813 0.0006261740763932373 0.01637892872952634
41 0.2601753287413901 0.39110225763612216 0.0006261740763932373 0.019034971226206288
28 0.2582968065122104 0.47897299690128375 0.014402003757044458 0.007082779991146525
28 0.2582968065122104 0.4862771137671536 0.014402003757044458 0.007525453740593183
28 0.2582968065122104 0.42540947321823813 0.014402003757044458 0.007082779991146525
24 0.25610519724483405 0.4032757857459053 0.010018785222291797 0.007082779991146525
26 0.3525360050093926 0.47521027003098715 0.010018785222291797 0.006640106241699867
26 0.35316217908578584 0.482514386896857 0.008766437069505322 0.007082779991146525
24 0.3525360050093926 0.417884019477645 0.010018785222291797 0.007082779991146525
26 0.3525360050093926 0.3995130588756087 0.010018785222291797 0.006640106241699867
41 0.5 0.5044267374944665 0.0006261740763932373 0.041168658698539175
41 0.30932999373825926 0.48915449313855686 0.0 0.03010181496237273
41 0.30932999373825926 0.4271801682160248 0.0 0.02036299247454626
41 0.31840951784596117 0.3880035413899956 0.0006261740763932373 0.01814962372731297
24 0.3140262993112085 0.4716688800354139 0.00939261114589856 0.006640106241699867
24 0.3140262993112085 0.47897299690128375 0.00939261114589856 0.007082779991146525
26 0.3140262993112085 0.41434262948207173 0.00939261114589856 0.007082779991146525
95 0.31277395115842205 0.45440460380699427 0.010644959298685034 0.011066843736166445
26 0.3140262993112085 0.399734395750332 0.00939261114589856 0.007082779991146525
41 0.28804007514088914 0.3939796370075255 0.0 0.02036299247454626
72 0.28804007514088914 0.3806994245241257 0.003757044458359424 0.0026560424966799467
26 0.2836568566061365 0.4070385126162019 0.010018785222291797 0.006640106241699867
5 0.06887914840325611 0.4112439132359451 0.026299311208515967 0.043382027445772464
26 0.16155291170945524 0.4898185037627269 0.008766437069505322 0.006640106241699867
24 0.16092673763306198 0.417884019477645 0.010018785222291797 0.007082779991146525
24 0.16092673763306198 0.4251881363435148 0.010018785222291797 0.006640106241699867
67 0.09674389480275516 0.5057547587428065 0.00939261114589856 0.01637892872952634
67 0.10613650594865373 0.4949092518813634 0.00939261114589856 0.01593625498007968
67 0.11552911709455228 0.5095174856131032 0.00939261114589856 0.01593625498007968
67 0.12492172824045085 0.4984506418769367 0.00939261114589856 0.01593625498007968
8 0.06887914840325611 0.49712262062859675 0.026299311208515967 0.01859229747675963
67 0.09674389480275516 0.4081451969898185 0.00939261114589856 0.01593625498007968
67 0.10613650594865373 0.39707835325365204 0.00939261114589856 0.01593625498007968
67 0.11552911709455228 0.4116865869853918 0.00939261114589856 0.01593625498007968
67 0.12492172824045085 0.40084108012394865 0.00939261114589856 0.01637892872952634
26 0.16092673763306198 0.482514386896857 0.010018785222291797 0.007082779991146525
120 0.17313713212273013 0.4767596281540505 0.08703819661865998 0.011509517485613104
120 0.17313713212273013 0.3846834882691456 0.08703819661865998 0.00796812749003984
0 0.038822792736380715 0.45573262505533424 0.010018785222291797 0.11907923860115095
41 0.2113337507827176 0.5068614431164232 0.0006261740763932373 0.03187250996015936
41 0.22072636192861617 0.40460380699424525 0.0006261740763932373 0.03629924745462594
26 0.21634314339386349 0.4900398406374502 0.00939261114589856 0.007082779991146525
26 0.21634314339386349 0.49734395750332006 0.00939261114589856 0.006640106241699867
24 0.21634314339386349 0.4105799026117751 0.00939261114589856 0.006640106241699867
24 0.21634314339386349 0.4251881363435148 0.00939261114589856 0.006640106241699867
41 0.18378209142141516 0.5035413899955733 0.0006261740763932373 0.03054448871181939
41 0.1928616155291171 0.40548915449313855 0.0 0.033643204957945996
24 0.18847839699436444 0.4862771137671536 0.010018785222291797 0.006640106241699867
24 0.18847839699436444 0.49358123063302345 0.010018785222291797 0.007082779991146525
26 0.18847839699436444 0.41434262948207173 0.010018785222291797 0.007082779991146525
24 0.18847839699436444 0.4251881363435148 0.010018785222291797 0.006640106241699867
41 0.15623043206011272 0.4995573262505533 0.0006261740763932373 0.03142983621071271
41 0.16499686912961803 0.40836653386454186 0.0006261740763932373 0.03142983621071271
41 0.4517845961177207 0.41367861885790175 0.0006261740763932373 0.02257636122177955
41 0.45053224796493424 0.3880035413899956 0.0006261740763932373 0.01814962372731297
28 0.4486537257357545 0.4862771137671536 0.014402003757044458 0.007525453740593183
30 0.45898559799624294 0.399734395750332 0.015028177833437696 0.007082779991146525
26 0.4461490294301816 0.399734395750332 0.00939261114589856 0.007082779991146525
41 0.4032561051972448 0.5002213368747234 0.0 0.03010181496237273
41 0.4032561051972448 0.42386011509517485 0.0 0.021691013722886232
41 0.41233562930494677 0.3880035413899956 0.0006261740763932373 0.01814962372731297
26 0.4079524107701941 0.482514386896857 0.00939261114589856 0.007082779991146525
26 0.4079524107701941 0.4900398406374502 0.00939261114589856 0.007082779991146525
24 0.4746399499060739 0.4032757857459053 0.010018785222291797 0.007082779991146525
41 0.5093926111458985 0.3851261620185923 0.0006261740763932373 0.016821602478972998
72 0.5046963055729493 0.4763169544046038 0.003757044458359424 0.0026560424966799467
26 0.5046963055729493 0.482514386896857 0.010018785222291797 0.007082779991146525
24 0.5050093926111459 0.5008853474988934 0.00939261114589856 0.006640106241699867
72 0.509079524107702 0.3736166445329792 0.003757044458359424 0.0026560424966799467
93 0.5037570444583594 0.4535192563081009 0.010644959298685034 0.009296148738379814
24 0.5046963055729493 0.39597166888003543 0.010018785222291797 0.006640106241699867
41 0.47871008140262994 0.3919876051350155 0.0006261740763932373 0.02080566622399292
41 0.44145272385723233 0.4997786631252767 0.0 0.02390438247011952
24 0.3807138384470883 0.4862771137671536 0.008766437069505322 0.006640106241699867
26 0.3800876643706951 0.41434262948207173 0.010018785222291797 0.007082779991146525
26 0.3800876643706951 0.399734395750332 0.010018785222291797 0.007082779991146525
26 0.4079524107701941 0.399734395750332 0.00939261114589856 0.007082779991146525
41 0.34783969943644333 0.4922532093846835 0.0006261740763932373 0.03187250996015936
41 0.34783969943644333 0.42917220008853474 0.0006261740763932373 0.02080566622399292
41 0.35660613650594863 0.3886675520141656 0.0006261740763932373 0.019477644975652943
24 0.4079524107701941 0.4105799026117751 0.00939261114589856 0.006640106241699867
41 0.37539135879774577 0.4962372731297034 0.0006261740763932373 0.03098716246126605
41 0.37539135879774577 0.4262948207171315 0.0006261740763932373 0.02213368747233289
24 0.3800876643706951 0.47897299690128375 0.010018785222291797 0.007082779991146525
41 0.38478396994364433 0.3886675520141656 0.0006261740763932373 0.019477644975652943
134 0.5 0.6469676848162904 0.9048215403882279 0.029659141212926073
2 0.1559173450219161 0.7142540947321824 0.003757044458359424 0.002213368747233289
2 0.1559173450219161 0.7215582115980522 0.003757044458359424 0.0026560424966799467
2 0.1559173450219161 0.6432049579459937 0.003757044458359424 0.0026560424966799467
2 0.1559173450219161 0.650730411686587 0.003757044458359424 0.0026560424966799467
134 0.5 0.7177954847277557 0.9048215403882279 0.029659141212926073
1 0.8982467125860989 0.6883576803895529 0.014402003757044458 0.0008853474988933156
1 0.8982467125860989 0.6958831341301461 0.014402003757044458 0.0008853474988933156
1 0.8387601753287414 0.6958831341301461 0.014402003757044458 0.0008853474988933156
1 0.6966186599874765 0.6883576803895529 0.014402003757044458 0.0008853474988933156
1 0.6966186599874765 0.6958831341301461 0.014402003757044458 0.0008853474988933156
1 0.637132122730119 0.6958831341301461 0.014402003757044458 0.0008853474988933156
1 0.5031308703819661 0.6958831341301461 0.014402003757044458 0.0008853474988933156
41 0.6922354414527239 0.7060646303674192 0.0006261740763932373 0.03010181496237273
26 0.7808390732623669 0.6359008410801239 0.008766437069505322 0.006640106241699867
26 0.7802128991859737 0.628596724214254 0.010018785222291797 0.007082779991146525
86 0.7792736380713838 0.699867197875166 0.00939261114589856 0.01859229747675963
41 0.7755165936130244 0.6454183266932271 0.0006261740763932373 0.03187250996015936
120 0.4148403256105197 0.6199645861000442 0.05823418910457107 0.007525453740593183
59 0.7664370695053225 0.6259406817175741 0.008766437069505322 0.01593625498007968
41 0.6327489041953663 0.6595838866755201 0.0006261740763932373 0.027445772465692783
26 0.6374452097683156 0.6505090748118637 0.010018785222291797 0.006640106241699867
26 0.6374452097683156 0.6432049579459937 0.010018785222291797 0.007082779991146525
72 0.6368190356919223 0.6361221779548473 0.003757044458359424 0.0026560424966799467
24 0.6380713838447089 0.703187250996016 0.008766437069505322 0.006640106241699867
24 0.6374452097683156 0.6958831341301461 0.010018785222291797 0.007082779991146525
41 0.6327489041953663 0.712704736609119 0.0006261740763932373 0.03187250996015936
86 0.6956793988728867 0.6290393979637008 0.008766437069505322 0.01859229747675963
24 0.6969317470256732 0.6958831341301461 0.010018785222291797 0.007082779991146525
24 0.6966186599874765 0.6885790172642763 0.00939261114589856 0.006640106241699867
72 0.6963055729492799 0.6821602478972997 0.003757044458359424 0.0026560424966799467
120 0.867877269881027 0.6797255422753431 0.058860363180964305 0.01018149623727313
86 0.897307451471509 0.6290393979637008 0.008766437069505322 0.01859229747675963
24 0.8991859737006888 0.6958831341301461 0.008766437069505322 0.007082779991146525
24 0.8985597996242956 0.6885790172642763 0.010018785222291797 0.006640106241699867
72 0.8985597996242956 0.6821602478972997 0.003757044458359424 0.0026560424966799467
41 0.8938634940513462 0.7054006197432492 0.0006261740763932373 0.03142983621071271
72 0.839073262366938 0.628596724214254 0.003757044458359424 0.0026560424966799467
120 0.6080150281778335 0.6281540504648074 0.058860363180964305 0.00796812749003984
120 0.6662492172824045 0.6797255422753431 0.058860363180964305 0.01018149623727313
26 0.8396994364433312 0.6432049579459937 0.008766437069505322 0.007082779991146525
26 0.839073262366938 0.6359008410801239 0.010018785222291797 0.006640106241699867
120 0.47276142767689416 0.6832669322709163 0.058860363180964305 0.01018149623727313
120 0.8099561678146525 0.621071270473661 0.05823418910457107 0.00796812749003984
24 0.8396994364433312 0.703187250996016 0.008766437069505322 0.006640106241699867
24 0.839073262366938 0.6958831341301461 0.010018785222291797 0.007082779991146525
41 0.8343769567939887 0.6527224435590969 0.0006261740763932373 0.03142983621071271
41 0.8343769567939887 0.712704736609119 0.0006261740763932373 0.03187250996015936
61 0.8262366938008766 0.7029659141212926 0.0068879148403256105 0.019477644975652943
24 0.3857232310582342 0.6396635679504206 0.008766437069505322 0.007082779991146525
24 0.38509705698184094 0.6323594510845507 0.010018785222291797 0.006640106241699867
86 0.3841577958672511 0.699867197875166 0.00939261114589856 0.01859229747675963
41 0.3804007514088917 0.6491810535635237 0.0006261740763932373 0.03142983621071271
41 0.17376330619912336 0.6529437804338203 0.0006261740763932373 0.03098716246126605
59 0.3713212273011897 0.629924745462594 0.008766437069505322 0.01593625498007968
0 0.038822792736380715 0.682381584772023 0.010018785222291797 0.10048694112439133
5 0.06887914840325611 0.6476316954404604 0.026299311208515967 0.043382027445772464
67 0.09674389480275516 0.6445329791943337 0.00939261114589856 0.01593625498007968
67 0.10613650594865373 0.6334661354581673 0.00939261114589856 0.01593625498007968
67 0.11552911709455228 0.648074369189907 0.00939261114589856 0.01593625498007968
67 0.12492172824045085 0.6370075254537406 0.00939261114589856 0.01593625498007968
8 0.06887914840325611 0.714032757857459 0.026299311208515967 0.01859229747675963
67 0.09674389480275516 0.7226648959716688 0.00939261114589856 0.01637892872952634
67 0.10613650594865373 0.7118193891102258 0.00939261114589856 0.01593625498007968
67 0.11552911709455228 0.7264276228419655 0.00939261114589856 0.01593625498007968
67 0.12492172824045085 0.715360779105799 0.00939261114589856 0.01593625498007968
26 0.17845961177207265 0.6432049579459937 0.010018785222291797 0.007082779991146525
26 0.17845961177207265 0.6359008410801239 0.010018785222291797 0.006640106241699867
93 0.17720726361928615 0.6779548472775564 0.011271133375078271 0.009296148738379814
72 0.17845961177207265 0.628596724214254 0.003757044458359424 0.0026560424966799467
86 0.17752035065748278 0.699867197875166 0.00939261114589856 0.01859229747675963
26 0.5034439574201628 0.6921204072598495 0.010018785222291797 0.006640106241699867
72 0.5034439574201628 0.685701637892873 0.003757044458359424 0.0026560424966799467
41 0.49874765184721354 0.7091633466135459 0.0006261740763932373 0.03187250996015936
26 0.5792110206637445 0.6432049579459937 0.008766437069505322 0.007082779991146525
26 0.5785848465873513 0.6359008410801239 0.010018785222291797 0.006640106241699867
86 0.5773324984345648 0.699867197875166 0.008766437069505322 0.01859229747675963
41 0.573888541014402 0.6527224435590969 0.0006261740763932373 0.03142983621071271
24 0.4445835942391985 0.6469676848162904 0.008766437069505322 0.006640106241699867
24 0.44395742016280526 0.6396635679504206 0.010018785222291797 0.007082779991146525
72 0.44395742016280526 0.628596724214254 0.003757044458359424 0.0026560424966799467
26 0.4445835942391985 0.7067286409915892 0.008766437069505322 0.006640106241699867
26 0.44395742016280526 0.6994245241257193 0.010018785222291797 0.007082779991146525
41 0.439261114589856 0.6558211598052236 0.0006261740763932373 0.03054448871181939
26 0.5034439574201628 0.6996458610004427 0.010018785222291797 0.006640106241699867
41 0.439261114589856 0.7164674634794157 0.0006261740763932373 0.03142983621071271
86 0.5021916092673764 0.6290393979637008 0.008766437069505322 0.01859229747675963
134 0.5 0.8638778220451527 0.9048215403882279 0.029659141212926073
134 0.5 0.9435590969455512 0.9048215403882279 0.029659141212926073
1 0.8935504070131497 0.9143426294820717 0.015028177833437696 0.0013280212483399733
1 0.8935504070131497 0.9216467463479415 0.015028177833437696 0.0008853474988933156
1 0.7855353788353162 0.9216467463479415 0.021916092673763307 0.0008853474988933156
1 0.563243581715717 0.9216467463479415 0.014402003757044458 0.0008853474988933156
1 0.48215403882279273 0.9143426294820717 0.015028177833437696 0.0013280212483399733
1 0.48215403882279273 0.9216467463479415 0.015028177833437696 0.0008853474988933156
1 0.3741390106449593 0.9216467463479415 0.021916092673763307 0.0008853474988933156
1 0.28960551033187226 0.9143426294820717 0.014402003757044458 0.0013280212483399733
1 0.28960551033187226 0.9216467463479415 0.014402003757044458 0.0008853474988933156
1 0.2247964934251722 0.9216467463479415 0.015028177833437696 0.0008853474988933156
59 0.6778334376956794 0.8428508189464364 0.00939261114589856 0.01593625498007968
30 0.7858484658735129 0.9181053563523683 0.015028177833437696 0.007082779991146525
24 0.7291797119599248 0.849269588313413 0.00939261114589856 0.006640106241699867
41 0.7244834063869756 0.8598937583001328 0.0 0.019034971226206288
41 0.7924232936756418 0.8559096945551129 0.0006261740763932373 0.03231518370960602
30 0.7858484658735129 0.8747233289065959 0.015028177833437696 0.007082779991146525
28 0.7858484658735129 0.8638778220451527 0.015028177833437696 0.007525453740593183
28 0.7864746399499061 0.9362549800796812 0.013775829680651221 0.007082779991146525
120 0.1928616155291171 0.8368747233289066 0.06386975579211021 0.007525453740593183
41 0.5588603631809643 0.9355909694555112 0.0006261740763932373 0.03054448871181939
41 0.6869129618033814 0.8581230633023462 0.0 0.0199203187250996
86 0.6271133375078272 0.8459495351925631 0.00939261114589856 0.01859229747675963
86 0.6271133375078272 0.9256308100929614 0.00939261114589856 0.01859229747675963
26 0.6916092673763307 0.8455068614431164 0.00939261114589856 0.007082779991146525
96 0.687226048841578 0.8886675520141656 0.0068879148403256105 0.006640106241699867
95 0.6944270507201001 0.8891102257636122 0.011271133375078271 0.011066843736166445
86 0.6906700062617408 0.9256308100929614 0.008766437069505322 0.01859229747675963
61 0.8807138384470883 0.8671978751660027 0.0068879148403256105 0.019477644975652943
41 0.8888541014402004 0.9389110225763613 0.0006261740763932373 0.0451527224435591
120 0.8778960551033187 0.8494909251881363 0.031308703819661866 0.00619743249225321
120 0.8443957420162805 0.8508189464364763 0.09705698184095178 0.008853474988933156
121 0.7056981840951785 0.8705179282868526 0.03757044458359424 0.00398406374501992
120 0.46681277395115844 0.8494909251881363 0.031934877896055106 0.00619743249225321
120 0.4686912961803381 0.9023904382470119 0.18847839699436444 0.009296148738379814
120 0.43331246086412023 0.8508189464364763 0.09643080776455855 0.008853474988933156
120 0.2564182842830307 0.9017264276228419 0.06449592986850344 0.010624169986719787
41 0.7786474639949906 0.9404603806994245 0.0006261740763932373 0.04205400619743249
24 0.8619286161552911 0.8565737051792829 0.0068879148403256105 0.004426737494466578
41 0.858797745773325 0.8671978751660027 0.0006261740763932373 0.019477644975652943
53 0.8622417031934878 0.8740593182824259 0.006261740763932373 0.005754758742806552
26 0.8941765810895429 0.867419212040726 0.008766437069505322 0.006640106241699867
26 0.8935504070131497 0.8601150951748562 0.010018785222291797 0.007082779991146525
24 0.8935504070131497 0.9362549800796812 0.010018785222291797 0.007082779991146525
24 0.8935504070131497 0.9143426294820717 0.010018785222291797 0.006640106241699867
41 0.8888541014402004 0.8758300132802125 0.0006261740763932373 0.029659141212926073
41 0.2201001878522229 0.9355909694555112 0.0006261740763932373 0.03054448871181939
24 0.22542266750156542 0.8638778220451527 0.008766437069505322 0.006640106241699867
24 0.2247964934251722 0.8565737051792829 0.010018785222291797 0.007082779991146525
72 0.2247964934251722 0.8455068614431164 0.003757044458359424 0.0026560424966799467
26 0.2247964934251722 0.9254094732182382 0.010018785222291797 0.006640106241699867
26 0.2247964934251722 0.917884019477645 0.010018785222291797 0.006640106241699867
41 0.2201001878522229 0.8727312970340859 0.0006261740763932373 0.03054448871181939
86 0.2886662492172824 0.8459495351925631 0.008766437069505322 0.01859229747675963
26 0.2905447714464621 0.917884019477645 0.008766437069505322 0.006640106241699867
26 0.28960551033187226 0.9105799026117751 0.00939261114589856 0.007082779991146525
72 0.28929242329367566 0.9041611332447986 0.003757044458359424 0.002213368747233289
41 0.2852222917971196 0.9276228419654714 0.0006261740763932373 0.03142983621071271
0 0.038822792736380715 0.9037184594953519 0.010018785222291797 0.10845506861443116
120 0.867877269881027 0.9050464807436919 0.16530995616781466 0.011066843736166445
5 0.06887914840325611 0.8645418326693227 0.026299311208515967 0.043382027445772464
67 0.09674389480275516 0.8614431164231962 0.00939261114589856 0.01593625498007968
67 0.10613650594865373 0.8503762726870296 0.00939261114589856 0.01593625498007968
67 0.11552911709455228 0.8649845064187693 0.00939261114589856 0.01593625498007968
67 0.12492172824045085 0.8539176626826029 0.00939261114589856 0.01593625498007968
8 0.06887914840325611 0.9397963700752545 0.026299311208515967 0.01859229747675963
67 0.09674389480275516 0.9484285081894643 0.00939261114589856 0.01637892872952634
67 0.10613650594865373 0.9375830013280213 0.00939261114589856 0.01593625498007968
67 0.11552911709455228 0.952191235059761 0.00939261114589856 0.01593625498007968
67 0.12492172824045085 0.9411243913235945 0.00939261114589856 0.01593625498007968
24 0.16155291170945524 0.8565737051792829 0.008766437069505322 0.007082779991146525
24 0.16092673763306198 0.849269588313413 0.010018785222291797 0.006640106241699867
86 0.1596743894802755 0.9256308100929614 0.008766437069505322 0.01859229747675963
41 0.15623043206011272 0.8660911907923861 0.0006261740763932373 0.03142983621071271
30 0.3744520976831559 0.8747233289065959 0.015028177833437696 0.007082779991146525
41 0.44740137758296805 0.867419212040726 0.0006261740763932373 0.019034971226206288
53 0.45084533500313084 0.8738379814077025 0.006261740763932373 0.005312084993359893
26 0.482780212899186 0.867419212040726 0.008766437069505322 0.006640106241699867
26 0.48246712586098933 0.8601150951748562 0.00939261114589856 0.007082779991146525
24 0.482780212899186 0.9362549800796812 0.008766437069505322 0.007082779991146525
24 0.48215403882279273 0.9143426294820717 0.010018785222291797 0.006640106241699867
41 0.4774577332498435 0.8758300132802125 0.0006261740763932373 0.029659141212926073
24 0.45053224796493424 0.8565737051792829 0.0068879148403256105 0.004426737494466578
61 0.4693174702567314 0.8671978751660027 0.0068879148403256105 0.019477644975652943
41 0.4774577332498435 0.9384683488269145 0.0006261740763932373 0.046038069942452416
24 0.5635566687539136 0.8638778220451527 0.010018785222291797 0.006640106241699867
72 0.563243581715717 0.8530323151837096 0.004383218534752661 0.0026560424966799467
26 0.5635566687539136 0.9254094732182382 0.010018785222291797 0.006640106241699867
26 0.5635566687539136 0.917884019477645 0.010018785222291797 0.006640106241699867
72 0.563243581715717 0.9114652501106685 0.004383218534752661 0.0026560424966799467
41 0.5588603631809643 0.8764940239043825 0.0006261740763932373 0.023019034971226208
28 0.3744520976831559 0.8638778220451527 0.015028177833437696 0.007525453740593183
93 0.37288666249217284 0.8882248782647189 0.010644959298685034 0.009296148738379814
28 0.37507827175954916 0.9362549800796812 0.013775829680651221 0.007082779991146525
30 0.3744520976831559 0.9181053563523683 0.015028177833437696 0.007082779991146525
41 0.3810269254852849 0.8565737051792829 0.0006261740763932373 0.033643204957945996
41 0.36725109580463366 0.9404603806994245 0.0006261740763932373 0.04205400619743249
