134 0.4997448979591837 0.09181096681096682 0.9045918367346939 0.024170274170274172
1 0.7275510204081632 0.30303030303030304 0.015306122448979591 0.0007215007215007215
1 0.6173469387755102 0.2968975468975469 0.022448979591836733 0.0007215007215007215
1 0.6173469387755102 0.30303030303030304 0.022448979591836733 0.0007215007215007215
1 0.55 0.2968975468975469 0.015306122448979591 0.0007215007215007215
1 0.55 0.30303030303030304 0.015306122448979591 0.0007215007215007215
134 0.4997448979591837 0.16865079365079366 0.9045918367346939 0.024170274170274172
1 0.8846938775510204 0.21717171717171718 0.022448979591836733 0.0007215007215007215
1 0.7900510204081632 0.21717171717171718 0.015816326530612244 0.0007215007215007215
134 0.4997448979591837 0.23502886002886003 0.9045918367346939 0.024170274170274172
1 0.49056122448979594 0.07377344877344877 0.02295918367346939 0.0010822510822510823
1 0.3709183673469388 0.07377344877344877 0.022448979591836733 0.0010822510822510823
1 0.2653061224489796 0.07377344877344877 0.015306122448979591 0.0010822510822510823
1 0.2357142857142857 0.06782106782106782 0.015306122448979591 0.0007215007215007215
1 0.2357142857142857 0.07377344877344877 0.015306122448979591 0.0010822510822510823
134 0.4997448979591837 0.3977272727272727 0.9045918367346939 0.024170274170274172
1 0.8846938775510204 0.37987012987012986 0.022448979591836733 0.0007215007215007215
1 0.7900510204081632 0.37987012987012986 0.015816326530612244 0.0007215007215007215
1 0.6173469387755102 0.37987012987012986 0.022448979591836733 0.0007215007215007215
1 0.55 0.37987012987012986 0.015306122448979591 0.0007215007215007215
134 0.4997448979591837 0.3208874458874459 0.9045918367346939 0.024170274170274172
41 0.6885204081632653 0.31475468975468973 0.0005102040816326531 0.01406926406926407
34 0.6170918367346939 0.23809523809523808 0.01479591836734694 0.005772005772005772
34 0.6170918367346939 0.07665945165945166 0.01479591836734694 0.006132756132756133
32 0.6170918367346939 0.1625180375180375 0.01479591836734694 0.006132756132756133
41 0.7227040816326531 0.3120490620490621 0.0005102040816326531 0.015151515151515152
24 0.7275510204081632 0.09758297258297258 0.01020408163265306 0.006132756132756133
24 0.7275510204081632 0.30284992784992787 0.01020408163265306 0.006132756132756133
41 0.7323979591836735 0.08748196248196248 0.0005102040816326531 0.0183982683982684
41 0.5451530612244898 0.39105339105339104 0.0005102040816326531 0.01875901875901876
26 0.7441326530612244 0.0946969696969697 0.009693877551020408 0.006132756132756133
41 0.7489795918367347 0.08441558441558442 0.0010204081632653062 0.01875901875901876
41 0.7145408163265307 0.09090909090909091 0.0005102040816326531 0.020923520923520924
24 0.7099489795918368 0.10371572871572872 0.009693877551020408 0.006132756132756133
122 0.33214285714285713 0.3142135642135642 0.06938775510204082 0.004329004329004329
34 0.6170918367346939 0.294011544011544 0.01479591836734694 0.005772005772005772
41 0.6982142857142857 0.16305916305916307 0.0005102040816326531 0.01875901875901876
32 0.6170918367346939 0.3796897546897547 0.01479591836734694 0.006132756132756133
41 0.6982142857142857 0.09145021645021645 0.0005102040816326531 0.020562770562770564
85 0.6936224489795918 0.3962842712842713 0.010714285714285714 0.0025252525252525255
95 0.6948979591836735 0.3437950937950938 0.017346938775510204 0.013708513708513708
26 0.6933673469387756 0.3059163059163059 0.01020408163265306 0.005772005772005772
85 0.6936224489795918 0.2335858585858586 0.010714285714285714 0.0025252525252525255
95 0.6948979591836735 0.19155844155844157 0.017346938775510204 0.013708513708513708
24 0.6933673469387756 0.17442279942279942 0.01020408163265306 0.006132756132756133
95 0.6903061224489796 0.1176046176046176 0.017346938775510204 0.013708513708513708
95 0.6994897959183674 0.1176046176046176 0.017346938775510204 0.013708513708513708
24 0.6933673469387756 0.10371572871572872 0.01020408163265306 0.006132756132756133
122 0.8568877551020408 0.11020923520923522 0.05153061224489796 0.003968253968253968
122 0.8372448979591837 0.373015873015873 0.09081632653061225 0.004329004329004329
122 0.835969387755102 0.3068181818181818 0.07806122448979592 0.003968253968253968
122 0.8372448979591837 0.2106782106782107 0.09081632653061225 0.004329004329004329
122 0.8372448979591837 0.18722943722943722 0.09081632653061225 0.004329004329004329
121 0.8040816326530612 0.08279220779220779 0.018367346938775512 0.005411255411255411
121 0.7058673469387755 0.32142857142857145 0.034183673469387756 0.002886002886002886
121 0.7237244897959184 0.07792207792207792 0.050510204081632655 0.007936507936507936
121 0.7237244897959184 0.08261183261183261 0.050510204081632655 0.007936507936507936
122 0.5823979591836734 0.28914141414141414 0.050510204081632655 0.003968253968253968
122 0.4586734693877551 0.31186868686868685 0.044897959183673466 0.003968253968253968
28 0.789795918367347 0.18055555555555555 0.01020408163265306 0.006132756132756133
28 0.789795918367347 0.21717171717171718 0.01020408163265306 0.005772005772005772
95 0.7913265306122449 0.25811688311688313 0.017346938775510204 0.01406926406926407
30 0.7900510204081632 0.31186868686868685 0.009693877551020408 0.006132756132756133
28 0.789795918367347 0.3796897546897547 0.01020408163265306 0.006132756132756133
95 0.7913265306122449 0.42063492063492064 0.017346938775510204 0.013708513708513708
41 0.7946428571428571 0.08838383838383838 0.0005102040816326531 0.01443001443001443
24 0.789795918367347 0.09758297258297258 0.01020408163265306 0.006132756132756133
41 0.7946428571428571 0.16955266955266957 0.0005102040816326531 0.01948051948051948
41 0.7852040816326531 0.227994227994228 0.0010204081632653062 0.01948051948051948
24 0.7607142857142857 0.09181096681096682 0.01020408163265306 0.006132756132756133
86 0.7591836734693878 0.16865079365079366 0.007142857142857143 0.016955266955266956
86 0.7589285714285714 0.3208874458874459 0.0066326530612244895 0.016955266955266956
41 0.7558673469387756 0.1020923520923521 0.0005102040816326531 0.01875901875901876
32 0.8844387755102041 0.10371572871572872 0.01479591836734694 0.006132756132756133
32 0.8844387755102041 0.18055555555555555 0.01479591836734694 0.006132756132756133
32 0.8844387755102041 0.21717171717171718 0.01479591836734694 0.005772005772005772
34 0.8844387755102041 0.31186868686868685 0.01479591836734694 0.006132756132756133
32 0.8844387755102041 0.3796897546897547 0.01479591836734694 0.006132756132756133
24 0.8086734693877551 0.10371572871572872 0.01020408163265306 0.006132756132756133
41 0.7852040816326531 0.3226911976911977 0.0010204081632653062 0.01984126984126984
41 0.7852040816326531 0.3906926406926407 0.0010204081632653062 0.01948051948051948
41 0.813265306122449 0.09361471861471861 0.0010204081632653062 0.017676767676767676
24 0.8290816326530612 0.10371572871572872 0.01020408163265306 0.006132756132756133
41 0.8339285714285715 0.09271284271284272 0.0005102040816326531 0.01948051948051948
41 0.2308673469387755 0.08062770562770563 0.0005102040816326531 0.022005772005772004
26 0.2954081632653061 0.07665945165945166 0.01020408163265306 0.006132756132756133
28 0.2954081632653061 0.3208874458874459 0.01020408163265306 0.006132756132756133
28 0.2954081632653061 0.4096320346320346 0.01020408163265306 0.006132756132756133
41 0.29056122448979593 0.08766233766233766 0.0005102040816326531 0.01948051948051948
41 0.29056122448979593 0.33116883116883117 0.0005102040816326531 0.01875901875901876
41 0.30025510204081635 0.39880952380952384 0.0005102040816326531 0.01984126984126984
24 0.3270408163265306 0.07990620490620491 0.01020408163265306 0.006132756132756133
41 0.3221938775510204 0.09072871572871573 0.0005102040816326531 0.01984126984126984
26 0.2653061224489796 0.07088744588744589 0.01020408163265306 0.006132756132756133
86 0.26377551020408163 0.3208874458874459 0.007142857142857143 0.016955266955266956
26 0.2653061224489796 0.4125180375180375 0.01020408163265306 0.006132756132756133
41 0.2604591836734694 0.0817099567099567 0.0005102040816326531 0.01984126984126984
4 0.21913265306122448 0.040584415584415584 0.018877551020408164 0.016233766233766232
41 0.2701530612244898 0.4016955266955267 0.0005102040816326531 0.01984126984126984
84 0.14744897959183673 0.39321789321789324 0.01020408163265306 0.002886002886002886
5 0.06479591836734694 0.09235209235209235 0.02040816326530612 0.04040404040404041
5 0.06479591836734694 0.1691919191919192 0.02040816326530612 0.04040404040404041
84 0.14744897959183673 0.31637806637806637 0.01020408163265306 0.002886002886002886
8 0.0653061224489796 0.2326839826839827 0.02142857142857143 0.01875901875901876
5 0.06479591836734694 0.32142857142857145 0.02040816326530612 0.04040404040404041
0 0.03903061224489796 0.20165945165945165 0.009693877551020408 0.09090909090909091
84 0.14744897959183673 0.16396103896103897 0.01020408163265306 0.0025252525252525255
84 0.14744897959183673 0.2306998556998557 0.01020408163265306 0.0025252525252525255
41 0.18903061224489795 0.09722222222222222 0.0005102040816326531 0.0183982683982684
26 0.16198979591836735 0.08874458874458875 0.009693877551020408 0.005772005772005772
41 0.15739795918367347 0.09956709956709957 0.0005102040816326531 0.01948051948051948
24 0.19387755102040816 0.08567821067821067 0.01020408163265306 0.006132756132756133
24 0.2357142857142857 0.06782106782106782 0.01020408163265306 0.005772005772005772
34 0.23826530612244898 0.1534992784992785 0.015306122448979591 0.006132756132756133
32 0.23801020408163265 0.22907647907647907 0.01479591836734694 0.005772005772005772
86 0.23418367346938776 0.3208874458874459 0.007142857142857143 0.016955266955266956
86 0.23418367346938776 0.3977272727272727 0.007142857142857143 0.016955266955266956
8 0.0653061224489796 0.3952020202020202 0.02142857142857143 0.0183982683982684
86 0.1 0.09181096681096682 0.007142857142857143 0.016955266955266956
24 0.13010204081632654 0.09181096681096682 0.01020408163265306 0.006132756132756133
41 0.12525510204081633 0.1020923520923521 0.0005102040816326531 0.01875901875901876
28 0.4290816326530612 0.31475468975468973 0.01020408163265306 0.006132756132756133
30 0.4290816326530612 0.40674603174603174 0.01020408163265306 0.006132756132756133
41 0.42423469387755103 0.32575757575757575 0.0005102040816326531 0.01948051948051948
32 0.49056122448979594 0.07377344877344877 0.01479591836734694 0.006132756132756133
32 0.49056122448979594 0.1625180375180375 0.01479591836734694 0.006132756132756133
34 0.49056122448979594 0.23809523809523808 0.01479591836734694 0.005772005772005772
24 0.488265306122449 0.31475468975468973 0.01020408163265306 0.006132756132756133
86 0.48647959183673467 0.3977272727272727 0.0066326530612244895 0.016955266955266956
41 0.5232142857142857 0.3953823953823954 0.0005102040816326531 0.01875901875901876
86 0.5168367346938776 0.3208874458874459 0.007142857142857143 0.016955266955266956
26 0.5183673469387755 0.40674603174603174 0.01020408163265306 0.006132756132756133
30 0.55 0.294011544011544 0.01020408163265306 0.005772005772005772
28 0.55 0.3796897546897547 0.01020408163265306 0.006132756132756133
41 0.5451530612244898 0.3079004329004329 0.0005102040816326531 0.025613275613275612
41 0.48341836734693877 0.32575757575757575 0.0005102040816326531 0.01948051948051948
41 0.43392857142857144 0.39574314574314573 0.0005102040816326531 0.01948051948051948
41 0.36403061224489797 0.33170995670995673 0.0005102040816326531 0.017676767676767676
86 0.36709183673469387 0.3977272727272727 0.0066326530612244895 0.016955266955266956
24 0.36887755102040815 0.3208874458874459 0.01020408163265306 0.006132756132756133
41 0.4038265306122449 0.39844877344877344 0.0005102040816326531 0.01911976911976912
24 0.3989795918367347 0.4096320346320346 0.01020408163265306 0.006132756132756133
86 0.3971938775510204 0.3208874458874459 0.0066326530612244895 0.016955266955266956
32 0.3711734693877551 0.23502886002886003 0.01479591836734694 0.006132756132756133
34 0.3711734693877551 0.07088744588744589 0.01479591836734694 0.006132756132756133
34 0.3711734693877551 0.15963203463203463 0.01479591836734694 0.006132756132756133
