134 0.4997448979591837 0.3392857142857143 0.9045918367346939 0.024170274170274172
134 0.4997448979591837 0.4078282828282828 0.9045918367346939 0.024170274170274172
1 0.46658163265306124 0.044733044733044736 0.012755102040816327 0.0007215007215007215
1 0.2612244897959184 0.044733044733044736 0.012244897959183673 0.0007215007215007215
134 0.4997448979591837 0.27074314574314573 0.9045918367346939 0.024170274170274172
134 0.4997448979591837 0.12445887445887446 0.9045918367346939 0.023809523809523808
134 0.4997448979591837 0.20202020202020202 0.9045918367346939 0.023809523809523808
1 0.3607142857142857 0.18416305916305917 0.012244897959183673 0.0010822510822510823
134 0.4997448979591837 0.06259018759018758 0.9045918367346939 0.024170274170274172
41 0.6831632653061225 0.4027777777777778 0.0010204081632653062 0.01911976911976912
47 0.686734693877551 0.39646464646464646 0.006122448979591836 0.006493506493506494
26 0.727295918367347 0.07738095238095238 0.007653061224489796 0.005411255411255411
94 0.7229591836734693 0.08676046176046176 0.011224489795918367 0.005411255411255411
93 0.7329081632653062 0.08802308802308802 0.008673469387755102 0.007215007215007215
28 0.7293367346938775 0.13636363636363635 0.01173469387755102 0.005772005772005772
28 0.7288265306122449 0.1305916305916306 0.010714285714285714 0.005772005772005772
28 0.7288265306122449 0.12445887445887446 0.010714285714285714 0.005772005772005772
24 0.727295918367347 0.19606782106782106 0.007653061224489796 0.005411255411255411
24 0.727295918367347 0.27056277056277056 0.007653061224489796 0.005772005772005772
95 0.726530612244898 0.2913059163059163 0.009183673469387756 0.009018759018759018
24 0.727295918367347 0.4078282828282828 0.007653061224489796 0.005411255411255411
41 0.675765306122449 0.20238095238095238 0.0005102040816326531 0.020923520923520924
94 0.675765306122449 0.2916666666666667 0.010714285714285714 0.005411255411255411
95 0.685204081632653 0.2916666666666667 0.009183673469387756 0.009018759018759018
24 0.6795918367346939 0.4137806637806638 0.00816326530612245 0.005772005772005772
93 0.6783163265306122 0.42766955266955264 0.008673469387755102 0.007575757575757576
41 0.675765306122449 0.07233044733044733 0.0005102040816326531 0.015512265512265512
41 0.675765306122449 0.2750721500721501 0.0005102040816326531 0.016955266955266956
41 0.7237244897959184 0.4181096681096681 0.0005102040816326531 0.01875901875901876
26 0.7568877551020409 0.07142857142857142 0.007653061224489796 0.005772005772005772
26 0.7571428571428571 0.19913419913419914 0.00816326530612245 0.005772005772005772
26 0.7571428571428571 0.2736291486291486 0.00816326530612245 0.005411255411255411
41 0.7607142857142857 0.05988455988455989 0.0010204081632653062 0.021645021645021644
41 0.7533163265306122 0.20977633477633478 0.0005102040816326531 0.01984126984126984
41 0.7308673469387755 0.06367243867243867 0.0005102040816326531 0.025613275613275612
24 0.6795918367346939 0.06259018759018758 0.00816326530612245 0.005411255411255411
41 0.7349489795918367 0.11994949494949494 0.0005102040816326531 0.030663780663780664
94 0.7229591836734693 0.43416305916305914 0.011224489795918367 0.005411255411255411
93 0.7329081632653062 0.43524531024531027 0.008673469387755102 0.007575757575757576
41 0.7237244897959184 0.20725108225108224 0.0005102040816326531 0.020562770562770564
41 0.7308673469387755 0.2619047619047619 0.0005102040816326531 0.015873015873015872
24 0.5795918367346938 0.19606782106782106 0.00816326530612245 0.005411255411255411
94 0.575 0.22637085137085136 0.011224489795918367 0.005411255411255411
93 0.5849489795918368 0.22745310245310246 0.008673469387755102 0.007575757575757576
24 0.5795918367346938 0.27056277056277056 0.00816326530612245 0.005772005772005772
94 0.575 0.2967171717171717 0.011224489795918367 0.005411255411255411
93 0.5849489795918368 0.2977994227994228 0.008673469387755102 0.007575757575757576
41 0.575765306122449 0.07178932178932179 0.0005102040816326531 0.01443001443001443
94 0.575765306122449 0.08928571428571429 0.010714285714285714 0.005411255411255411
95 0.585204081632653 0.08964646464646464 0.009183673469387756 0.009018759018759018
41 0.575765306122449 0.2068903318903319 0.0005102040816326531 0.01984126984126984
41 0.575765306122449 0.2795815295815296 0.0005102040816326531 0.015873015873015872
41 0.5331632653061225 0.4087301587301587 0.0010204081632653062 0.01948051948051948
24 0.5795918367346938 0.06259018759018758 0.00816326530612245 0.005411255411255411
41 0.6270408163265306 0.27380952380952384 0.0010204081632653062 0.022366522366522368
121 0.17704081632653063 0.07323232323232323 0.16020408163265307 0.013708513708513708
94 0.675765306122449 0.0882034632034632 0.010714285714285714 0.005411255411255411
95 0.685204081632653 0.08856421356421357 0.009183673469387756 0.009018759018759018
24 0.6795918367346939 0.19011544011544013 0.00816326530612245 0.005772005772005772
94 0.675 0.22077922077922077 0.011224489795918367 0.005772005772005772
93 0.6849489795918368 0.22204184704184704 0.008673469387755102 0.007575757575757576
41 0.6270408163265306 0.06836219336219336 0.0010204081632653062 0.021284271284271284
24 0.6306122448979592 0.05663780663780664 0.00816326530612245 0.005772005772005772
95 0.6301020408163265 0.08964646464646464 0.009183673469387756 0.009018759018759018
26 0.6308673469387756 0.18704906204906205 0.007653061224489796 0.005411255411255411
94 0.6270408163265306 0.22384559884559885 0.011224489795918367 0.005411255411255411
95 0.6364795918367347 0.22402597402597402 0.008673469387755102 0.008658008658008658
26 0.6306122448979592 0.26172438672438675 0.00816326530612245 0.005411255411255411
87 0.6303571428571428 0.408008658008658 0.007653061224489796 0.010101010101010102
24 0.6795918367346939 0.26461038961038963 0.00816326530612245 0.005411255411255411
41 0.6270408163265306 0.2011183261183261 0.0010204081632653062 0.026334776334776336
121 0.8586734693877551 0.06691919191919192 0.02959183673469388 0.00468975468975469
121 0.8729591836734694 0.07034632034632035 0.06020408163265306 0.007936507936507936
121 0.7604591836734694 0.25577200577200576 0.058673469387755105 0.005772005772005772
121 0.7454081632653061 0.25955988455988455 0.02857142857142857 0.003968253968253968
121 0.738265306122449 0.215007215007215 0.02959183673469388 0.004329004329004329
121 0.7528061224489796 0.22095959595959597 0.058673469387755105 0.006132756132756133
121 0.775765306122449 0.046176046176046176 0.08928571428571429 0.010822510822510822
121 0.7755102040816326 0.050865800865800864 0.08877551020408163 0.010822510822510822
121 0.37142857142857144 0.20544733044733043 0.027551020408163266 0.006132756132756133
121 0.34566326530612246 0.21392496392496393 0.08010204081632653 0.013708513708513708
121 0.38418367346938775 0.07449494949494949 0.15714285714285714 0.01406926406926407
121 0.16173469387755102 0.21572871572871574 0.027551020408163266 0.002886002886002886
121 0.1364795918367347 0.2215007215007215 0.07908163265306123 0.005050505050505051
121 0.6005102040816327 0.2876984126984127 0.15 0.00974025974025974
121 0.6005102040816327 0.21699134199134198 0.15 0.010461760461760462
121 0.6005102040816327 0.08044733044733045 0.15 0.0021645021645021645
41 0.7895408163265306 0.26605339105339104 0.0005102040816326531 0.016955266955266956
24 0.8168367346938775 0.06259018759018758 0.00816326530612245 0.005411255411255411
41 0.8206632653061224 0.05176767676767677 0.0005102040816326531 0.01984126984126984
24 0.8469387755102041 0.056457431457431456 0.00816326530612245 0.005411255411255411
26 0.8469387755102041 0.19895382395382397 0.00816326530612245 0.005411255411255411
94 0.8431122448979592 0.22637085137085136 0.010714285714285714 0.005411255411255411
95 0.8525510204081632 0.22673160173160173 0.009183673469387756 0.009018759018759018
26 0.8469387755102041 0.2736291486291486 0.00816326530612245 0.005411255411255411
94 0.8431122448979592 0.2913059163059163 0.010714285714285714 0.005411255411255411
95 0.8525510204081632 0.2913059163059163 0.009183673469387756 0.009018759018759018
87 0.8466836734693878 0.408008658008658 0.007653061224489796 0.010101010101010102
41 0.8431122448979592 0.0652958152958153 0.0005102040816326531 0.015873015873015872
41 0.7895408163265306 0.055735930735930736 0.0005102040816326531 0.021284271284271284
24 0.7857142857142857 0.06854256854256854 0.00816326530612245 0.005772005772005772
24 0.7859693877551021 0.20202020202020202 0.007653061224489796 0.005772005772005772
24 0.7857142857142857 0.2765151515151515 0.00816326530612245 0.005411255411255411
94 0.7816326530612245 0.2895021645021645 0.011224489795918367 0.005411255411255411
93 0.7915816326530613 0.2905844155844156 0.008673469387755102 0.007575757575757576
41 0.7821428571428571 0.21266233766233766 0.0010204081632653062 0.01984126984126984
26 0.9068877551020408 0.047619047619047616 0.007653061224489796 0.005772005772005772
95 0.9058673469387755 0.08315295815295816 0.008673469387755102 0.009018759018759018
26 0.9068877551020408 0.39880952380952384 0.007653061224489796 0.005411255411255411
93 0.9058673469387755 0.42766955266955264 0.008673469387755102 0.007575757575757576
41 0.9030612244897959 0.05772005772005772 0.0010204081632653062 0.01875901875901876
41 0.9030612244897959 0.4096320346320346 0.0010204081632653062 0.01984126984126984
53 0.9068877551020408 0.4161255411255411 0.0066326530612244895 0.006854256854256854
41 0.8431122448979592 0.20977633477633478 0.0005102040816326531 0.01984126984126984
41 0.8507653061224489 0.2628066378066378 0.0005102040816326531 0.01984126984126984
41 0.7607142857142857 0.26424963924963923 0.0010204081632653062 0.016955266955266956
24 0.878061224489796 0.050505050505050504 0.00816326530612245 0.005772005772005772
41 0.874234693877551 0.060786435786435784 0.0005102040816326531 0.0183982683982684
24 0.1510204081632653 0.20202020202020202 0.00816326530612245 0.005772005772005772
94 0.14668367346938777 0.2288961038961039 0.010714285714285714 0.005411255411255411
93 0.15637755102040815 0.22997835497835498 0.008673469387755102 0.007575757575757576
41 0.1471938775510204 0.06836219336219336 0.0005102040816326531 0.01406926406926407
41 0.1471938775510204 0.21176046176046176 0.0005102040816326531 0.018037518037518036
26 0.1510204081632653 0.05952380952380952 0.00816326530612245 0.005772005772005772
26 0.18010204081632653 0.19913419913419914 0.00816326530612245 0.005772005772005772
41 0.17627551020408164 0.20977633477633478 0.0005102040816326531 0.01984126984126984
41 0.09668367346938775 0.21446608946608947 0.0005102040816326531 0.016233766233766232
41 0.10433673469387755 0.2712842712842713 0.0005102040816326531 0.01875901875901876
26 0.21096938775510204 0.05357142857142857 0.007653061224489796 0.005411255411255411
41 0.10433673469387755 0.39935064935064934 0.0005102040816326531 0.01875901875901876
24 0.2612244897959184 0.04455266955266955 0.00816326530612245 0.005411255411255411
95 0.2538265306122449 0.08315295815295816 0.008673469387755102 0.009018759018759018
95 0.2602040816326531 0.08315295815295816 0.009183673469387756 0.009018759018759018
95 0.26658163265306123 0.08315295815295816 0.008673469387755102 0.009018759018759018
26 0.2612244897959184 0.41684704184704185 0.00816326530612245 0.005411255411255411
93 0.2599489795918367 0.42766955266955264 0.008673469387755102 0.007575757575757576
41 0.2573979591836735 0.05627705627705628 0.0005102040816326531 0.021645021645021644
41 0.26479591836734695 0.406024531024531 0.0010204081632653062 0.01984126984126984
47 0.2683673469387755 0.39935064935064934 0.006122448979591836 0.006493506493506494
26 0.21096938775510204 0.193001443001443 0.007653061224489796 0.005772005772005772
94 0.20714285714285716 0.22276334776334777 0.011224489795918367 0.005411255411255411
95 0.21683673469387754 0.22276334776334777 0.009183673469387756 0.009018759018759018
26 0.21096938775510204 0.2676767676767677 0.007653061224489796 0.005772005772005772
105 0.21096938775510204 0.25432900432900435 0.015816326530612244 0.005050505050505051
87 0.21071428571428572 0.408008658008658 0.007142857142857143 0.010101010101010102
41 0.20739795918367346 0.06277056277056277 0.0005102040816326531 0.016594516594516596
41 0.20739795918367346 0.204004329004329 0.0005102040816326531 0.01984126984126984
41 0.20739795918367346 0.2783189033189033 0.0005102040816326531 0.01984126984126984
5 0.06505102040816327 0.06313131313131314 0.020918367346938777 0.03535353535353535
8 0.06505102040816327 0.12121212121212122 0.020918367346938777 0.015151515151515152
5 0.06505102040816327 0.20274170274170275 0.020918367346938777 0.03535353535353535
5 0.06505102040816327 0.2712842712842713 0.020918367346938777 0.03535353535353535
0 0.04005102040816327 0.09343434343434344 0.008673469387755102 0.08585858585858586
94 0.09642857142857143 0.42658730158730157 0.011224489795918367 0.005411255411255411
93 0.10612244897959183 0.42766955266955264 0.009183673469387756 0.007575757575757576
30 0.10204081632653061 0.12157287157287157 0.011224489795918367 0.005772005772005772
26 0.10051020408163265 0.2050865800865801 0.00816326530612245 0.005411255411255411
94 0.09693877551020408 0.23142135642135642 0.011224489795918367 0.005411255411255411
95 0.10637755102040816 0.23160173160173161 0.008673469387755102 0.008658008658008658
24 0.10051020408163265 0.2824675324675325 0.00816326530612245 0.005772005772005772
94 0.09642857142857143 0.292027417027417 0.011224489795918367 0.005411255411255411
93 0.10612244897959183 0.2931096681096681 0.009183673469387756 0.007575757575757576
105 0.10051020408163265 0.25432900432900435 0.0163265306122449 0.005050505050505051
32 0.10459183673469388 0.3273809523809524 0.0163265306122449 0.005411255411255411
26 0.10051020408163265 0.41089466089466087 0.00816326530612245 0.005772005772005772
30 0.10204081632653061 0.1275252525252525 0.011224489795918367 0.006132756132756133
41 0.09668367346938775 0.07305194805194805 0.0005102040816326531 0.011904761904761904
41 0.10841836734693877 0.11706349206349206 0.0005102040816326531 0.0284992784992785
8 0.06505102040816327 0.336038961038961 0.020918367346938777 0.015512265512265512
8 0.06505102040816327 0.40476190476190477 0.020918367346938777 0.015151515151515152
10 0.06198979591836735 0.4240620490620491 0.005612244897959183 0.005411255411255411
26 0.10051020408163265 0.06547619047619048 0.00816326530612245 0.005411255411255411
95 0.09974489795918368 0.08802308802308802 0.008673469387755102 0.008658008658008658
30 0.10255102040816326 0.13347763347763347 0.012244897959183673 0.005772005772005772
41 0.4630102040816326 0.057539682539682536 0.0005102040816326531 0.021284271284271284
41 0.4701530612244898 0.4053030303030303 0.0005102040816326531 0.0183982683982684
47 0.47372448979591836 0.39935064935064934 0.0066326530612244895 0.006493506493506494
93 0.4655612244897959 0.42766955266955264 0.008673469387755102 0.007575757575757576
24 0.5295918367346939 0.056457431457431456 0.00816326530612245 0.005411255411255411
95 0.5285714285714286 0.08964646464646464 0.009183673469387756 0.009018759018759018
28 0.5318877551020408 0.1305916305916306 0.010714285714285714 0.005772005772005772
28 0.5321428571428571 0.12445887445887446 0.011224489795918367 0.005772005772005772
30 0.5313775510204082 0.11544011544011544 0.01173469387755102 0.005772005772005772
24 0.5295918367346939 0.20202020202020202 0.00816326530612245 0.005772005772005772
94 0.525765306122449 0.22925685425685427 0.010714285714285714 0.005411255411255411
95 0.5352040816326531 0.2296176046176046 0.009183673469387756 0.009018759018759018
26 0.30918367346938774 0.06547619047619048 0.00816326530612245 0.005411255411255411
41 0.4125 0.2786796536796537 0.0005102040816326531 0.01911976911976912
24 0.5295918367346939 0.2765151515151515 0.00816326530612245 0.005411255411255411
24 0.46658163265306124 0.04455266955266955 0.007653061224489796 0.005411255411255411
95 0.45943877551020407 0.08315295815295816 0.008673469387755102 0.009018759018759018
95 0.4658163265306122 0.08315295815295816 0.009183673469387756 0.009018759018759018
95 0.47219387755102044 0.08315295815295816 0.008673469387755102 0.009018759018759018
26 0.46658163265306124 0.41684704184704185 0.007653061224489796 0.005411255411255411
41 0.525765306122449 0.2842712842712843 0.0005102040816326531 0.013708513708513708
41 0.525765306122449 0.21176046176046176 0.0005102040816326531 0.018037518037518036
94 0.525765306122449 0.299963924963925 0.010714285714285714 0.005411255411255411
95 0.5352040816326531 0.299963924963925 0.009183673469387756 0.009018759018759018
34 0.5334183673469388 0.32431457431457433 0.015816326530612244 0.005772005772005772
24 0.5295918367346939 0.41973304473304474 0.00816326530612245 0.005411255411255411
94 0.525 0.4291125541125541 0.011224489795918367 0.005411255411255411
93 0.5349489795918367 0.43037518037518036 0.008673469387755102 0.007215007215007215
41 0.525765306122449 0.06872294372294373 0.0005102040816326531 0.022727272727272728
41 0.4125 0.2041847041847042 0.0005102040816326531 0.01948051948051948
41 0.525765306122449 0.13257575757575757 0.0005102040816326531 0.031385281385281384
41 0.3053571428571429 0.21302308802308803 0.0005102040816326531 0.013347763347763348
41 0.31301020408163266 0.2712842712842713 0.0005102040816326531 0.01875901875901876
41 0.31301020408163266 0.39935064935064934 0.0005102040816326531 0.01875901875901876
26 0.3607142857142857 0.05952380952380952 0.00816326530612245 0.005772005772005772
24 0.3607142857142857 0.18416305916305917 0.00816326530612245 0.005411255411255411
94 0.3568877551020408 0.22276334776334777 0.010714285714285714 0.005411255411255411
95 0.3665816326530612 0.22276334776334777 0.008673469387755102 0.009018759018759018
41 0.3568877551020408 0.06836219336219336 0.0005102040816326531 0.016233766233766232
26 0.30918367346938774 0.41089466089466087 0.00816326530612245 0.005772005772005772
95 0.3084183673469388 0.08928571428571429 0.008673469387755102 0.009018759018759018
30 0.3112244897959184 0.13347763347763347 0.012244897959183673 0.005772005772005772
30 0.3107142857142857 0.1275252525252525 0.011224489795918367 0.006132756132756133
30 0.3107142857142857 0.12157287157287157 0.011224489795918367 0.005772005772005772
26 0.30918367346938774 0.2050865800865801 0.00816326530612245 0.005411255411255411
94 0.3051020408163265 0.2278138528138528 0.011224489795918367 0.005411255411255411
93 0.31479591836734694 0.2288961038961039 0.009183673469387756 0.007575757575757576
24 0.30918367346938774 0.2824675324675325 0.00816326530612245 0.005772005772005772
105 0.30918367346938774 0.25432900432900435 0.0163265306122449 0.005050505050505051
41 0.4125 0.06349206349206349 0.0005102040816326531 0.017316017316017316
94 0.3051020408163265 0.42658730158730157 0.011224489795918367 0.005411255411255411
93 0.31479591836734694 0.42766955266955264 0.009183673469387756 0.007575757575757576
41 0.3053571428571429 0.07323232323232323 0.0005102040816326531 0.013708513708513708
41 0.3170918367346939 0.11742424242424243 0.0005102040816326531 0.02922077922077922
41 0.38596938775510203 0.1984126984126984 0.0005102040816326531 0.01875901875901876
94 0.3852040816326531 0.2205988455988456 0.011224489795918367 0.005411255411255411
93 0.3951530612244898 0.22186147186147187 0.008673469387755102 0.007215007215007215
26 0.38979591836734695 0.18704906204906205 0.00816326530612245 0.005411255411255411
26 0.4163265306122449 0.05357142857142857 0.00816326530612245 0.005411255411255411
26 0.4163265306122449 0.193001443001443 0.00816326530612245 0.005772005772005772
87 0.4160714285714286 0.408008658008658 0.007653061224489796 0.010101010101010102
105 0.4163265306122449 0.25432900432900435 0.0163265306122449 0.005050505050505051
41 0.3568877551020408 0.1985930735930736 0.0005102040816326531 0.027056277056277056
26 0.4163265306122449 0.2676767676767677 0.00816326530612245 0.005772005772005772
94 0.41275510204081634 0.22276334776334777 0.011224489795918367 0.005411255411255411
95 0.4221938775510204 0.22276334776334777 0.008673469387755102 0.009018759018759018
1 0.7489795918367347 0.560966810966811 0.012244897959183673 0.0007215007215007215
1 0.5306122448979592 0.560966810966811 0.012244897959183673 0.0007215007215007215
1 0.3168367346938776 0.560966810966811 0.012244897959183673 0.0007215007215007215
1 0.10051020408163265 0.560966810966811 0.012244897959183673 0.0007215007215007215
134 0.4997448979591837 0.924062049062049 0.9045918367346939 0.024170274170274172
134 0.4997448979591837 0.8555194805194806 0.9045918367346939 0.024170274170274172
134 0.4997448979591837 0.786976911976912 0.9045918367346939 0.024170274170274172
134 0.4997448979591837 0.7184343434343434 0.9045918367346939 0.024170274170274172
134 0.4997448979591837 0.6408730158730159 0.9045918367346939 0.024170274170274172
134 0.4997448979591837 0.5788239538239538 0.9045918367346939 0.024170274170274172
1 0.10255102040816326 0.7005772005772006 0.018367346938775512 0.0007215007215007215
1 0.8002551020408163 0.623015873015873 0.012755102040816327 0.0007215007215007215
1 0.7489795918367347 0.6168831168831169 0.012244897959183673 0.0007215007215007215
1 0.7489795918367347 0.623015873015873 0.012244897959183673 0.0007215007215007215
1 0.6933673469387756 0.623015873015873 0.012244897959183673 0.0007215007215007215
1 0.5862244897959183 0.623015873015873 0.012244897959183673 0.0007215007215007215
24 0.6933673469387756 0.6228354978354979 0.00816326530612245 0.005411255411255411
41 0.6339285714285714 0.6406926406926406 0.0005102040816326531 0.013708513708513708
26 0.6377551020408163 0.6318542568542569 0.00816326530612245 0.005411255411255411
24 0.7489795918367347 0.6168831168831169 0.00816326530612245 0.005772005772005772
95 0.7482142857142857 0.94498556998557 0.008673469387755102 0.009018759018759018
26 0.7489795918367347 0.9330808080808081 0.00816326530612245 0.005411255411255411
86 0.7479591836734694 0.7842712842712842 0.007142857142857143 0.015151515151515152
86 0.7479591836734694 0.7157287157287158 0.007142857142857143 0.015151515151515152
41 0.7451530612244898 0.6287878787878788 0.0005102040816326531 0.021645021645021644
41 0.6895408163265306 0.63510101010101 0.0005102040816326531 0.022727272727272728
24 0.7489795918367347 0.560966810966811 0.00816326530612245 0.005772005772005772
26 0.7494897959183674 0.5698051948051948 0.007142857142857143 0.005411255411255411
26 0.7494897959183674 0.575937950937951 0.007142857142857143 0.005411255411255411
41 0.7451530612244898 0.5791847041847041 0.0005102040816326531 0.03499278499278499
26 0.5311224489795918 0.5698051948051948 0.007142857142857143 0.005411255411255411
26 0.5311224489795918 0.575937950937951 0.007142857142857143 0.005411255411255411
41 0.47551020408163264 0.6457431457431457 0.0010204081632653062 0.031746031746031744
24 0.47908163265306125 0.628968253968254 0.00816326530612245 0.005411255411255411
24 0.5306122448979592 0.560966810966811 0.00816326530612245 0.005772005772005772
41 0.41989795918367345 0.6524170274170275 0.0010204081632653062 0.015512265512265512
26 0.42372448979591837 0.6437590187590188 0.007653061224489796 0.005411255411255411
121 0.18571428571428572 0.6264430014430015 0.16224489795918368 0.006854256854256854
121 0.18571428571428572 0.6313131313131313 0.16122448979591836 0.006493506493506494
24 0.5862244897959183 0.6228354978354979 0.00816326530612245 0.005411255411255411
41 0.5344387755102041 0.915945165945166 0.0005102040816326531 0.01875901875901876
41 0.5823979591836734 0.6365440115440115 0.0005102040816326531 0.025613275613275612
41 0.5267857142857143 0.6461038961038961 0.0005102040816326531 0.012987012987012988
41 0.5267857142857143 0.5791847041847041 0.0005102040816326531 0.03499278499278499
26 0.5306122448979592 0.9271284271284271 0.00816326530612245 0.005772005772005772
26 0.5306122448979592 0.6378066378066378 0.00816326530612245 0.005772005772005772
121 0.8216836734693878 0.6412337662337663 0.15357142857142858 0.012626262626262626
121 0.8219387755102041 0.6462842712842712 0.1540816326530612 0.012626262626262626
121 0.6081632653061224 0.645021645021645 0.16224489795918368 0.007936507936507936
121 0.6081632653061224 0.6497113997113997 0.16224489795918368 0.007936507936507936
121 0.39464285714285713 0.6569264069264069 0.16173469387755102 0.0021645021645021645
121 0.39413265306122447 0.6616161616161617 0.16275510204081634 0.0021645021645021645
41 0.7966836734693877 0.6347402597402597 0.0005102040816326531 0.01911976911976912
24 0.8002551020408163 0.6228354978354979 0.007653061224489796 0.005411255411255411
41 0.7528061224489796 0.9222582972582972 0.0005102040816326531 0.01984126984126984
24 0.851530612244898 0.628968253968254 0.00816326530612245 0.005411255411255411
41 0.8477040816326531 0.6388888888888888 0.0005102040816326531 0.018037518037518036
26 0.9030612244897959 0.6378066378066378 0.00816326530612245 0.005772005772005772
41 0.8992346938775511 0.645021645021645 0.0005102040816326531 0.012987012987012988
10 0.06198979591836735 0.9406565656565656 0.005612244897959183 0.005411255411255411
26 0.10102040816326531 0.5698051948051948 0.007142857142857143 0.005411255411255411
26 0.10102040816326531 0.575937950937951 0.007142857142857143 0.005411255411255411
24 0.10051020408163265 0.560966810966811 0.00816326530612245 0.005772005772005772
8 0.06505102040816327 0.920995670995671 0.020918367346938777 0.015151515151515152
8 0.06505102040816327 0.8524531024531025 0.020918367346938777 0.015151515151515152
94 0.09693877551020408 0.9446248196248196 0.011224489795918367 0.005411255411255411
95 0.10637755102040816 0.94498556998557 0.008673469387755102 0.009018759018759018
41 0.10433673469387755 0.6385281385281385 0.0005102040816326531 0.01875901875901876
41 0.09668367346938775 0.5791847041847041 0.0005102040816326531 0.03499278499278499
5 0.06505102040816327 0.7875180375180375 0.020918367346938777 0.03535353535353535
24 0.10051020408163265 0.9121572871572872 0.00816326530612245 0.005411255411255411
32 0.10459183673469388 0.8437950937950938 0.0163265306122449 0.005772005772005772
94 0.09821428571428571 0.8111471861471862 0.010714285714285714 0.005411255411255411
93 0.10816326530612246 0.8122294372294372 0.009183673469387756 0.007575757575757576
30 0.10255102040816326 0.7839105339105339 0.012244897959183673 0.005772005772005772
94 0.09846938775510204 0.7371933621933622 0.011224489795918367 0.005411255411255411
93 0.10841836734693877 0.7382756132756133 0.008673469387755102 0.007575757575757576
28 0.10255102040816326 0.7005772005772006 0.012244897959183673 0.005772005772005772
95 0.09974489795918368 0.6614357864357865 0.008673469387755102 0.009018759018759018
26 0.10051020408163265 0.6497113997113997 0.00816326530612245 0.005772005772005772
122 0.5318877551020408 0.8382034632034632 0.8341836734693877 0.00468975468975469
0 0.04030612244897959 0.6098484848484849 0.00816326530612245 0.0854978354978355
8 0.06505102040816327 0.6376262626262627 0.020918367346938777 0.015512265512265512
5 0.06505102040816327 0.7189754689754689 0.020918367346938777 0.03535353535353535
5 0.06505102040816327 0.5793650793650794 0.020918367346938777 0.03535353535353535
41 0.2670918367346939 0.6302308802308803 0.0005102040816326531 0.012265512265512266
26 0.3168367346938776 0.6437590187590188 0.00816326530612245 0.005411255411255411
24 0.3168367346938776 0.560966810966811 0.00816326530612245 0.005772005772005772
26 0.3173469387755102 0.5698051948051948 0.007142857142857143 0.005411255411255411
26 0.3173469387755102 0.575937950937951 0.007142857142857143 0.005411255411255411
26 0.3168367346938776 0.9211760461760462 0.00816326530612245 0.005411255411255411
26 0.26326530612244897 0.6378066378066378 0.00816326530612245 0.005772005772005772
41 0.2114795918367347 0.637085137085137 0.0005102040816326531 0.022366522366522368
26 0.2076530612244898 0.6497113997113997 0.00816326530612245 0.005772005772005772
41 0.36862244897959184 0.6507936507936508 0.0005102040816326531 0.021645021645021644
26 0.37244897959183676 0.6378066378066378 0.00816326530612245 0.005772005772005772
41 0.31301020408163266 0.931998556998557 0.0005102040816326531 0.01984126984126984
41 0.31301020408163266 0.6531385281385281 0.0005102040816326531 0.016955266955266956
41 0.31301020408163266 0.5791847041847041 0.0005102040816326531 0.03499278499278499
41 0.09668367346938775 0.922979797979798 0.0005102040816326531 0.01984126984126984
41 0.09668367346938775 0.7950937950937951 0.0005102040816326531 0.01948051948051948
40 0.11428571428571428 0.7839105339105339 0.003061224489795918 0.0021645021645021645
41 0.09668367346938775 0.7113997113997114 0.0005102040816326531 0.01948051948051948
40 0.11428571428571428 0.6975108225108225 0.003061224489795918 0.0018037518037518038
26 0.15612244897959185 0.6437590187590188 0.00816326530612245 0.005411255411255411
41 0.15994897959183674 0.63510101010101 0.0005102040816326531 0.015512265512265512
