134 0.5354591836734693 0.11453823953823954 0.8331632653061225 0.024170274170274172
134 0.5354591836734693 0.1773088023088023 0.8331632653061225 0.024170274170274172
1 0.7420918367346939 0.13257575757575757 0.015816326530612244 0.0010822510822510823
134 0.5354591836734693 0.30284992784992787 0.8331632653061225 0.024170274170274172
134 0.5354591836734693 0.2400793650793651 0.8331632653061225 0.024170274170274172
24 0.7420918367346939 0.13257575757575757 0.010714285714285714 0.006132756132756133
95 0.7423469387755102 0.09090909090909091 0.017346938775510204 0.015151515151515152
30 0.7426020408163265 0.17442279942279942 0.010714285714285714 0.006132756132756133
30 0.7423469387755102 0.23106060606060605 0.011224489795918367 0.006132756132756133
30 0.7423469387755102 0.3059163059163059 0.011224489795918367 0.005772005772005772
3 0.7285714285714285 0.07449494949494949 0.02040816326530612 0.022005772005772004
41 0.7471938775510204 0.12157287157287157 0.0005102040816326531 0.01948051948051948
30 0.7043367346938776 0.3059163059163059 0.010714285714285714 0.005772005772005772
41 0.7094387755102041 0.29473304473304474 0.0005102040816326531 0.01875901875901876
41 0.6038265306122449 0.18001443001443002 0.0005102040816326531 0.018037518037518036
41 0.699234693877551 0.18019480519480519 0.0005102040816326531 0.017676767676767676
41 0.7094387755102041 0.10894660894660894 0.0005102040816326531 0.018037518037518036
30 0.7043367346938776 0.1682900432900433 0.010714285714285714 0.006132756132756133
41 0.747704081632653 0.29473304473304474 0.0005102040816326531 0.01875901875901876
41 0.7372448979591837 0.1856060606060606 0.0010204081632653062 0.01911976911976912
41 0.7372448979591837 0.24242424242424243 0.0010204081632653062 0.01875901875901876
30 0.675765306122449 0.11165223665223666 0.010714285714285714 0.006132756132756133
41 0.6446428571428572 0.29455266955266957 0.0005102040816326531 0.0183982683982684
30 0.675765306122449 0.1682900432900433 0.010714285714285714 0.006132756132756133
30 0.675765306122449 0.3059163059163059 0.010714285714285714 0.005772005772005772
41 0.6706632653061224 0.12283549783549784 0.0005102040816326531 0.01911976911976912
30 0.6392857142857142 0.1625180375180375 0.011224489795918367 0.006132756132756133
30 0.6392857142857142 0.1056998556998557 0.011224489795918367 0.005772005772005772
41 0.6145408163265306 0.2943722943722944 0.0005102040816326531 0.018037518037518036
30 0.6392857142857142 0.3059163059163059 0.011224489795918367 0.005772005772005772
41 0.6339285714285714 0.11688311688311688 0.0005102040816326531 0.01875901875901876
41 0.6339285714285714 0.1737012987012987 0.0005102040816326531 0.01911976911976912
41 0.6808673469387755 0.29473304473304474 0.0005102040816326531 0.01875901875901876
28 0.7043367346938776 0.12067099567099566 0.010714285714285714 0.006132756132756133
41 0.6706632653061224 0.17965367965367965 0.0005102040816326531 0.01875901875901876
26 0.9331632653061225 0.11778499278499278 0.01020408163265306 0.006132756132756133
41 0.9015306122448979 0.23665223665223664 0.0010204081632653062 0.01875901875901876
41 0.9119897959183674 0.2943722943722944 0.0005102040816326531 0.018037518037518036
63 0.8933673469387755 0.17153679653679654 0.009183673469387756 0.017676767676767676
41 0.9380102040816326 0.1066017316017316 0.0005102040816326531 0.01911976911976912
63 0.9201530612244898 0.1176046176046176 0.008673469387755102 0.017316017316017316
30 0.9068877551020408 0.3059163059163059 0.010714285714285714 0.005772005772005772
63 0.8686224489795918 0.12950937950937952 0.008673469387755102 0.017316017316017316
26 0.9066326530612245 0.11165223665223666 0.01020408163265306 0.006132756132756133
28 0.9068877551020408 0.17153679653679654 0.010714285714285714 0.006132756132756133
30 0.8964285714285715 0.2252886002886003 0.011224489795918367 0.006132756132756133
30 0.9066326530612245 0.2252886002886003 0.011224489795918367 0.006132756132756133
41 0.9015306122448979 0.12265512265512266 0.0010204081632653062 0.01948051948051948
41 0.9015306122448979 0.18272005772005773 0.0010204081632653062 0.01911976911976912
84 0.4229591836734694 0.17334054834054835 0.012244897959183673 0.003246753246753247
84 0.6285714285714286 0.2361111111111111 0.012244897959183673 0.003246753246753247
84 0.5591836734693878 0.2361111111111111 0.012244897959183673 0.003246753246753247
84 0.48928571428571427 0.2361111111111111 0.012244897959183673 0.003246753246753247
84 0.4229591836734694 0.2361111111111111 0.012244897959183673 0.003246753246753247
84 0.35612244897959183 0.2361111111111111 0.012244897959183673 0.003246753246753247
84 0.35612244897959183 0.17334054834054835 0.012244897959183673 0.003246753246753247
84 0.28622448979591836 0.2361111111111111 0.012244897959183673 0.003246753246753247
84 0.28622448979591836 0.17334054834054835 0.012244897959183673 0.003246753246753247
41 0.8864795918367347 0.11814574314574315 0.0005102040816326531 0.0183982683982684
84 0.6954081632653061 0.2361111111111111 0.012244897959183673 0.003246753246753247
41 0.7959183673469388 0.29455266955266957 0.0010204081632653062 0.0183982683982684
24 0.815561224489796 0.11453823953823954 0.010714285714285714 0.006132756132756133
41 0.8104591836734694 0.125 0.0005102040816326531 0.0183982683982684
41 0.7854591836734693 0.237012987012987 0.0005102040816326531 0.018037518037518036
59 0.8030612244897959 0.1111111111111111 0.007142857142857143 0.01443001443001443
24 0.8551020408163266 0.12067099567099566 0.01020408163265306 0.006132756132756133
30 0.8553571428571428 0.17442279942279942 0.010714285714285714 0.006132756132756133
28 0.8553571428571428 0.2343073593073593 0.010714285714285714 0.006132756132756133
30 0.8553571428571428 0.3059163059163059 0.010714285714285714 0.005772005772005772
30 0.7908163265306123 0.3059163059163059 0.011224489795918367 0.005772005772005772
24 0.7660714285714286 0.12644300144300144 0.010714285714285714 0.006132756132756133
41 0.7711734693877551 0.11544011544011544 0.0005102040816326531 0.01948051948051948
26 0.7903061224489796 0.11165223665223666 0.01020408163265306 0.006132756132756133
30 0.7908163265306123 0.16847041847041846 0.011224489795918367 0.005772005772005772
30 0.7908163265306123 0.2252886002886003 0.011224489795918367 0.006132756132756133
41 0.7854591836734693 0.12265512265512266 0.0005102040816326531 0.01948051948051948
41 0.7854591836734693 0.17965367965367965 0.0005102040816326531 0.01875901875901876
63 0.8420918367346939 0.23412698412698413 0.008673469387755102 0.017316017316017316
41 0.8604591836734694 0.29473304473304474 0.0005102040816326531 0.01875901875901876
26 0.8816326530612245 0.1296897546897547 0.01020408163265306 0.006132756132756133
41 0.8599489795918367 0.10966810966810966 0.0005102040816326531 0.01948051948051948
41 0.85 0.1856060606060606 0.0010204081632653062 0.01911976911976912
41 0.85 0.24549062049062048 0.0010204081632653062 0.01911976911976912
41 0.3058673469387755 0.29455266955266957 0.0005102040816326531 0.0183982683982684
30 0.33622448979591835 0.1056998556998557 0.011224489795918367 0.005772005772005772
30 0.33622448979591835 0.30573593073593075 0.011224489795918367 0.006132756132756133
41 0.3308673469387755 0.11688311688311688 0.0005102040816326531 0.01875901875901876
41 0.2767857142857143 0.29419191919191917 0.0005102040816326531 0.017676767676767676
30 0.2900510204081633 0.09974747474747475 0.010714285714285714 0.006132756132756133
30 0.30051020408163265 0.09974747474747475 0.011224489795918367 0.006132756132756133
30 0.30051020408163265 0.3059163059163059 0.011224489795918367 0.005772005772005772
41 0.2951530612244898 0.11093073593073594 0.0005102040816326531 0.01911976911976912
41 0.3977040816326531 0.11724386724386725 0.0005102040816326531 0.018037518037518036
41 0.3711734693877551 0.29419191919191917 0.0005102040816326531 0.017676767676767676
30 0.4030612244897959 0.1056998556998557 0.011224489795918367 0.005772005772005772
30 0.4030612244897959 0.3059163059163059 0.011224489795918367 0.005772005772005772
41 0.6038265306122449 0.12319624819624819 0.0005102040816326531 0.0183982683982684
41 0.34158163265306124 0.29473304473304474 0.0005102040816326531 0.01875901875901876
30 0.36607142857142855 0.09974747474747475 0.010714285714285714 0.006132756132756133
30 0.36607142857142855 0.3059163059163059 0.010714285714285714 0.005772005772005772
41 0.36096938775510207 0.11093073593073594 0.0005102040816326531 0.01911976911976912
3 0.14744897959183673 0.0781024531024531 0.02040816326530612 0.022005772005772004
22 0.1683673469387755 0.1774891774891775 0.014285714285714285 0.012265512265512266
5 0.1364795918367347 0.23953823953823955 0.020918367346938777 0.04329004329004329
22 0.1683673469387755 0.24025974025974026 0.014285714285714285 0.012265512265512266
30 0.19795918367346937 0.30573593073593075 0.011224489795918367 0.006132756132756133
8 0.1364795918367347 0.299963924963925 0.02193877551020408 0.0183982683982684
22 0.1683673469387755 0.30303030303030304 0.014285714285714285 0.012265512265512266
5 0.1364795918367347 0.17676767676767677 0.020918367346938777 0.04329004329004329
41 0.19260204081632654 0.11706349206349206 0.0005102040816326531 0.0183982683982684
41 0.20331632653061224 0.29473304473304474 0.0005102040816326531 0.01875901875901876
84 0.21173469387755103 0.17334054834054835 0.012244897959183673 0.003246753246753247
84 0.21173469387755103 0.2361111111111111 0.012244897959183673 0.003246753246753247
30 0.19795918367346937 0.1056998556998557 0.011224489795918367 0.005772005772005772
94 0.1913265306122449 0.09181096681096682 0.0163265306122449 0.006854256854256854
93 0.2030612244897959 0.09379509379509379 0.0163265306122449 0.010101010101010102
5 0.1364795918367347 0.113997113997114 0.020918367346938777 0.04329004329004329
22 0.1683673469387755 0.11471861471861472 0.014285714285714285 0.012265512265512266
30 0.27168367346938777 0.1056998556998557 0.010714285714285714 0.005772005772005772
30 0.27168367346938777 0.3059163059163059 0.010714285714285714 0.005772005772005772
41 0.26658163265306123 0.11688311688311688 0.0005102040816326531 0.01875901875901876
59 0.25918367346938775 0.1020923520923521 0.007142857142857143 0.01443001443001443
30 0.22678571428571428 0.09974747474747475 0.010714285714285714 0.006132756132756133
30 0.22678571428571428 0.3059163059163059 0.010714285714285714 0.005772005772005772
41 0.22168367346938775 0.11093073593073594 0.0005102040816326531 0.01911976911976912
41 0.23188775510204082 0.29473304473304474 0.0005102040816326531 0.01875901875901876
30 0.5448979591836735 0.1682900432900433 0.011224489795918367 0.006132756132756133
30 0.5448979591836735 0.30573593073593075 0.011224489795918367 0.006132756132756133
41 0.5395408163265306 0.12319624819624819 0.0005102040816326531 0.0183982683982684
30 0.5448979591836735 0.11165223665223666 0.011224489795918367 0.006132756132756133
41 0.5395408163265306 0.17965367965367965 0.0005102040816326531 0.01875901875901876
59 0.5321428571428571 0.16486291486291485 0.007142857142857143 0.01443001443001443
30 0.4997448979591837 0.1056998556998557 0.010714285714285714 0.005772005772005772
30 0.4997448979591837 0.1625180375180375 0.010714285714285714 0.006132756132756133
30 0.4997448979591837 0.3059163059163059 0.010714285714285714 0.005772005772005772
41 0.49464285714285716 0.1737012987012987 0.0005102040816326531 0.01911976911976912
41 0.5051020408163265 0.29473304473304474 0.0010204081632653062 0.01875901875901876
41 0.5681122448979592 0.12031024531024531 0.0005102040816326531 0.0183982683982684
63 0.5599489795918368 0.10858585858585859 0.008673469387755102 0.017316017316017316
41 0.5681122448979592 0.17406204906204906 0.0005102040816326531 0.0183982683982684
30 0.573469387755102 0.3059163059163059 0.011224489795918367 0.005772005772005772
41 0.5788265306122449 0.29473304473304474 0.0005102040816326531 0.01875901875901876
30 0.6091836734693877 0.11165223665223666 0.011224489795918367 0.006132756132756133
30 0.6091836734693877 0.1682900432900433 0.011224489795918367 0.006132756132756133
30 0.6091836734693877 0.30573593073593075 0.011224489795918367 0.006132756132756133
41 0.5502551020408163 0.29473304473304474 0.0005102040816326531 0.01875901875901876
41 0.49464285714285716 0.11688311688311688 0.0005102040816326531 0.01875901875901876
28 0.573469387755102 0.10876623376623376 0.011224489795918367 0.006132756132756133
30 0.5630102040816326 0.1625180375180375 0.010714285714285714 0.006132756132756133
30 0.573469387755102 0.1625180375180375 0.011224489795918367 0.006132756132756133
30 0.4698979591836735 0.11165223665223666 0.011224489795918367 0.006132756132756133
41 0.42678571428571427 0.11724386724386725 0.0005102040816326531 0.018037518037518036
41 0.4375 0.2943722943722944 0.0005102040816326531 0.018037518037518036
30 0.43214285714285716 0.30573593073593075 0.011224489795918367 0.006132756132756133
94 0.46377551020408164 0.0910894660894661 0.0163265306122449 0.006854256854256854
95 0.4772959183673469 0.09090909090909091 0.017857142857142856 0.015151515151515152
30 0.4698979591836735 0.16847041847041846 0.011224489795918367 0.005772005772005772
30 0.4698979591836735 0.3059163059163059 0.011224489795918367 0.005772005772005772
3 0.4561224489795918 0.07341269841269842 0.02040816326530612 0.022005772005772004
41 0.4645408163265306 0.12283549783549784 0.0005102040816326531 0.01911976911976912
41 0.40841836734693876 0.29473304473304474 0.0005102040816326531 0.01875901875901876
30 0.43214285714285716 0.1056998556998557 0.011224489795918367 0.005772005772005772
41 0.47525510204081634 0.29473304473304474 0.0005102040816326531 0.01875901875901876
41 0.4645408163265306 0.17965367965367965 0.0005102040816326531 0.01875901875901876
134 0.4997448979591837 0.4348845598845599 0.9045918367346939 0.024170274170274172
1 0.8436224489795918 0.5156926406926406 0.015816326530612244 0.0010822510822510823
1 0.33214285714285713 0.5156926406926406 0.0163265306122449 0.0010822510822510823
134 0.4997448979591837 0.49765512265512263 0.9045918367346939 0.024170274170274172
134 0.4997448979591837 0.5604256854256854 0.9045918367346939 0.024170274170274172
134 0.4997448979591837 0.6231962481962482 0.9045918367346939 0.024170274170274172
1 0.8066326530612244 0.5784632034632035 0.0163265306122449 0.0010822510822510823
1 0.8599489795918367 0.45292207792207795 0.015816326530612244 0.0010822510822510823
1 0.5130102040816327 0.41125541125541126 0.01479591836734694 0.0007215007215007215
1 0.5122448979591837 0.417027417027417 0.0163265306122449 0.0007215007215007215
1 0.35816326530612247 0.45292207792207795 0.0163265306122449 0.0010822510822510823
41 0.6813775510204082 0.5061327561327561 0.0005102040816326531 0.01875901875901876
41 0.7354591836734694 0.43434343434343436 0.0005102040816326531 0.01875901875901876
24 0.6864795918367347 0.44101731601731603 0.010714285714285714 0.006132756132756133
41 0.6482142857142857 0.4375901875901876 0.0005102040816326531 0.018037518037518036
41 0.6482142857142857 0.4944083694083694 0.0005102040816326531 0.0183982683982684
26 0.6864795918367347 0.49476911976911975 0.010714285714285714 0.006132756132756133
30 0.686734693877551 0.5575396825396826 0.011224489795918367 0.006132756132756133
30 0.686734693877551 0.6262626262626263 0.011224489795918367 0.005772005772005772
41 0.6915816326530613 0.43001443001443 0.0005102040816326531 0.01948051948051948
24 0.5387755102040817 0.4291125541125541 0.01020408163265306 0.006132756132756133
95 0.7155612244897959 0.4054834054834055 0.017857142857142856 0.015151515151515152
24 0.7405612244897959 0.42297979797979796 0.010714285714285714 0.006132756132756133
26 0.7155612244897959 0.4200937950937951 0.010714285714285714 0.006132756132756133
26 0.7155612244897959 0.48863636363636365 0.010714285714285714 0.006132756132756133
41 0.7104591836734694 0.4310966810966811 0.0005102040816326531 0.01948051948051948
41 0.6813775510204082 0.5687229437229437 0.0005102040816326531 0.01911976911976912
41 0.7104591836734694 0.49981962481962483 0.0005102040816326531 0.01911976911976912
40 0.7515306122448979 0.4200937950937951 0.003061224489795918 0.0025252525252525255
30 0.7408163265306122 0.6262626262626263 0.011224489795918367 0.005772005772005772
41 0.6920918367346939 0.6150793650793651 0.0005102040816326531 0.01875901875901876
28 0.7408163265306122 0.5665584415584416 0.011224489795918367 0.006132756132756133
26 0.7405612244897959 0.49476911976911975 0.010714285714285714 0.006132756132756133
41 0.5696428571428571 0.5692640692640693 0.0005102040816326531 0.018037518037518036
41 0.5793367346938776 0.49224386724386726 0.0005102040816326531 0.0183982683982684
41 0.5801020408163265 0.6150793650793651 0.0010204081632653062 0.01875901875901876
63 0.525765306122449 0.5007215007215007 0.008673469387755102 0.017316017316017316
26 0.5387755102040817 0.5009018759018758 0.01020408163265306 0.006132756132756133
41 0.5339285714285714 0.4401154401154401 0.0005102040816326531 0.01948051948051948
41 0.5436224489795919 0.4897186147186147 0.0005102040816326531 0.01911976911976912
26 0.5744897959183674 0.42604617604617606 0.01020408163265306 0.005772005772005772
24 0.5744897959183674 0.5037878787878788 0.01020408163265306 0.006132756132756133
30 0.575 0.5575396825396826 0.011224489795918367 0.006132756132756133
30 0.5747448979591837 0.6262626262626263 0.010714285714285714 0.005772005772005772
41 0.5696428571428571 0.4370490620490621 0.0005102040816326531 0.01911976911976912
26 0.6267857142857143 0.49476911976911975 0.010714285714285714 0.006132756132756133
30 0.6270408163265306 0.5514069264069265 0.011224489795918367 0.006132756132756133
30 0.6270408163265306 0.6262626262626263 0.011224489795918367 0.005772005772005772
41 0.621938775510204 0.43127705627705626 0.0010204081632653062 0.01911976911976912
41 0.621938775510204 0.5057720057720058 0.0010204081632653062 0.01948051948051948
26 0.6267857142857143 0.4200937950937951 0.010714285714285714 0.006132756132756133
41 0.621938775510204 0.5627705627705628 0.0010204081632653062 0.01875901875901876
41 0.6323979591836735 0.6150793650793651 0.0005102040816326531 0.01875901875901876
26 0.6530612244897959 0.42622655122655123 0.01020408163265306 0.006132756132756133
26 0.5984693877551021 0.431998556998557 0.01020408163265306 0.006132756132756133
26 0.6530612244897959 0.4828643578643579 0.01020408163265306 0.006132756132756133
24 0.5984693877551021 0.5095598845598845 0.01020408163265306 0.006132756132756133
41 0.5936224489795918 0.443001443001443 0.0005102040816326531 0.01948051948051948
41 0.6033163265306123 0.49855699855699853 0.0005102040816326531 0.01948051948051948
26 0.9012755102040816 0.431998556998557 0.010714285714285714 0.006132756132756133
41 0.875765306122449 0.5690836940836941 0.0005102040816326531 0.0183982683982684
41 0.8864795918367347 0.61489898989899 0.0005102040816326531 0.0183982683982684
41 0.9063775510204082 0.42514430014430016 0.0005102040816326531 0.011183261183261184
24 0.9178571428571428 0.44101731601731603 0.01020408163265306 0.006132756132756133
26 0.9178571428571428 0.4888167388167388 0.01020408163265306 0.005772005772005772
24 0.9178571428571428 0.5604256854256854 0.01020408163265306 0.006132756132756133
41 0.922704081632653 0.4296536796536797 0.0005102040816326531 0.020202020202020204
24 0.8806122448979592 0.4467893217893218 0.01020408163265306 0.006132756132756133
41 0.8487244897959184 0.560966810966811 0.0005102040816326531 0.01875901875901876
24 0.8599489795918367 0.45292207792207795 0.010714285714285714 0.006132756132756133
41 0.8650510204081633 0.43452380952380953 0.0005102040816326531 0.03427128427128427
24 0.8806122448979592 0.5037878787878788 0.01020408163265306 0.006132756132756133
26 0.8806122448979592 0.5575396825396826 0.01020408163265306 0.006132756132756133
30 0.8811224489795918 0.6262626262626263 0.011224489795918367 0.005772005772005772
41 0.8854591836734694 0.431998556998557 0.0005102040816326531 0.027056277056277056
41 0.8854591836734694 0.49278499278499277 0.0005102040816326531 0.01948051948051948
121 0.9135204081632653 0.41829004329004327 0.055612244897959184 0.0018037518037518038
121 0.838265306122449 0.417027417027417 0.053061224489795916 0.0021645021645021645
41 0.9130102040816327 0.49981962481962483 0.0005102040816326531 0.01911976911976912
41 0.9130102040816327 0.5708874458874459 0.0005102040816326531 0.0183982683982684
59 0.9056122448979592 0.556998556998557 0.007142857142857143 0.01443001443001443
26 0.9362244897959183 0.43813131313131315 0.01020408163265306 0.006132756132756133
41 0.9410714285714286 0.42766955266955264 0.0005102040816326531 0.0183982683982684
53 0.7798469387755103 0.43777056277056275 0.008673469387755102 0.01479076479076479
26 0.8066326530612244 0.431998556998557 0.01020408163265306 0.006132756132756133
24 0.8066326530612244 0.5095598845598845 0.01020408163265306 0.006132756132756133
24 0.8066326530612244 0.5784632034632035 0.01020408163265306 0.006132756132756133
30 0.8068877551020408 0.6262626262626263 0.010714285714285714 0.005772005772005772
41 0.8114795918367347 0.4240620490620491 0.0005102040816326531 0.013347763347763348
41 0.7747448979591837 0.4374098124098124 0.0005102040816326531 0.0183982683982684
41 0.8114795918367347 0.49855699855699853 0.0005102040816326531 0.01948051948051948
41 0.7354591836734694 0.5057720057720058 0.0005102040816326531 0.01948051948051948
41 0.7461734693877551 0.5553751803751804 0.0005102040816326531 0.01911976911976912
41 0.7461734693877551 0.6150793650793651 0.0005102040816326531 0.01875901875901876
26 0.7670918367346938 0.5009018759018758 0.010714285714285714 0.006132756132756133
41 0.7721938775510204 0.4897186147186147 0.0005102040816326531 0.01911976911976912
63 0.7538265306122449 0.5007215007215007 0.008673469387755102 0.017316017316017316
26 0.7795918367346939 0.42604617604617606 0.01020408163265306 0.005772005772005772
24 0.8436224489795918 0.5156926406926406 0.010714285714285714 0.006132756132756133
24 0.825 0.4348845598845599 0.01020408163265306 0.006132756132756133
41 0.8298469387755102 0.4255050505050505 0.0005102040816326531 0.016233766233766232
26 0.8436224489795918 0.431998556998557 0.010714285714285714 0.006132756132756133
24 0.8436224489795918 0.5723304473304474 0.010714285714285714 0.006132756132756133
41 0.8487244897959184 0.4240620490620491 0.0005102040816326531 0.013347763347763348
41 0.8487244897959184 0.5046897546897547 0.0005102040816326531 0.01948051948051948
41 0.8114795918367347 0.5674603174603174 0.0005102040816326531 0.01948051948051948
41 0.8119897959183674 0.6150793650793651 0.0005102040816326531 0.01875901875901876
41 0.2114795918367347 0.562950937950938 0.0005102040816326531 0.0183982683982684
41 0.2221938775510204 0.6147186147186147 0.0005102040816326531 0.018037518037518036
26 0.2165816326530612 0.431998556998557 0.010714285714285714 0.006132756132756133
30 0.21683673469387754 0.49476911976911975 0.011224489795918367 0.006132756132756133
30 0.21683673469387754 0.5514069264069265 0.011224489795918367 0.006132756132756133
30 0.21683673469387754 0.6262626262626263 0.011224489795918367 0.005772005772005772
41 0.2114795918367347 0.443001443001443 0.0005102040816326531 0.01948051948051948
26 0.24489795918367346 0.42622655122655123 0.01020408163265306 0.006132756132756133
41 0.2114795918367347 0.5059523809523809 0.0005102040816326531 0.01911976911976912
24 0.33214285714285713 0.4467893217893218 0.01020408163265306 0.006132756132756133
41 0.274234693877551 0.6147186147186147 0.0005102040816326531 0.018037518037518036
26 0.2954081632653061 0.43813131313131315 0.01020408163265306 0.006132756132756133
41 0.30025510204081635 0.42712842712842713 0.0005102040816326531 0.01948051948051948
63 0.2823979591836735 0.4379509379509379 0.008673469387755102 0.017316017316017316
24 0.33214285714285713 0.5156926406926406 0.01020408163265306 0.006132756132756133
30 0.3323979591836735 0.5575396825396826 0.010714285714285714 0.006132756132756133
30 0.3323979591836735 0.6262626262626263 0.010714285714285714 0.005772005772005772
41 0.33698979591836736 0.43596681096681095 0.0005102040816326531 0.01911976911976912
41 0.24005102040816326 0.4370490620490621 0.0005102040816326531 0.01911976911976912
26 0.26887755102040817 0.431998556998557 0.01020408163265306 0.006132756132756133
28 0.26913265306122447 0.5037878787878788 0.010714285714285714 0.006132756132756133
30 0.26913265306122447 0.5514069264069265 0.010714285714285714 0.006132756132756133
30 0.26913265306122447 0.6262626262626263 0.010714285714285714 0.005772005772005772
41 0.26403061224489793 0.443001443001443 0.0005102040816326531 0.01948051948051948
41 0.274234693877551 0.4926046176046176 0.0005102040816326531 0.01911976911976912
41 0.26403061224489793 0.5627705627705628 0.0005102040816326531 0.01875901875901876
5 0.06505102040816327 0.5598845598845599 0.020918367346938777 0.04329004329004329
8 0.06505102040816327 0.6203102453102453 0.02193877551020408 0.0183982683982684
24 0.10178571428571428 0.44101731601731603 0.010714285714285714 0.006132756132756133
30 0.10204081632653061 0.49476911976911975 0.011224489795918367 0.006132756132756133
30 0.10204081632653061 0.5514069264069265 0.011224489795918367 0.006132756132756133
30 0.10204081632653061 0.6262626262626263 0.011224489795918367 0.005772005772005772
41 0.10688775510204082 0.43001443001443 0.0005102040816326531 0.01948051948051948
5 0.06505102040816327 0.43434343434343436 0.020918367346938777 0.04329004329004329
5 0.06505102040816327 0.4971139971139971 0.020918367346938777 0.04329004329004329
41 0.14923469387755103 0.5571789321789322 0.0005102040816326531 0.0183982683982684
30 0.15459183673469387 0.5456349206349206 0.011224489795918367 0.006132756132756133
30 0.15459183673469387 0.6262626262626263 0.011224489795918367 0.005772005772005772
41 0.14923469387755103 0.4431818181818182 0.0005102040816326531 0.01911976911976912
41 0.14923469387755103 0.5001803751803752 0.0005102040816326531 0.0183982683982684
30 0.15459183673469387 0.4888167388167388 0.011224489795918367 0.005772005772005772
41 0.15994897959183674 0.6150793650793651 0.0005102040816326531 0.01875901875901876
26 0.1826530612244898 0.4200937950937951 0.01020408163265306 0.006132756132756133
41 0.1778061224489796 0.4310966810966811 0.0005102040816326531 0.01948051948051948
41 0.10739795918367347 0.6150793650793651 0.0005102040816326531 0.01875901875901876
41 0.09668367346938775 0.5059523809523809 0.0005102040816326531 0.01911976911976912
41 0.09668367346938775 0.5627705627705628 0.0005102040816326531 0.01875901875901876
24 0.125765306122449 0.4467893217893218 0.010714285714285714 0.006132756132756133
41 0.1308673469387755 0.43596681096681095 0.0005102040816326531 0.01911976911976912
26 0.15433673469387754 0.431998556998557 0.010714285714285714 0.006132756132756133
41 0.45229591836734695 0.5690836940836941 0.0005102040816326531 0.0183982683982684
41 0.4625 0.49242424242424243 0.0005102040816326531 0.01875901875901876
41 0.4630102040816326 0.6147186147186147 0.0005102040816326531 0.018037518037518036
41 0.4089285714285714 0.5084776334776335 0.0005102040816326531 0.017676767676767676
59 0.40153061224489794 0.49422799422799424 0.007142857142857143 0.01443001443001443
24 0.4573979591836735 0.4291125541125541 0.010714285714285714 0.006132756132756133
24 0.4573979591836735 0.5037878787878788 0.010714285714285714 0.006132756132756133
30 0.4576530612244898 0.5575396825396826 0.011224489795918367 0.006132756132756133
30 0.4576530612244898 0.6262626262626263 0.011224489795918367 0.005772005772005772
41 0.45229591836734695 0.4401154401154401 0.0005102040816326531 0.01948051948051948
63 0.4441326530612245 0.4291125541125541 0.008673469387755102 0.017676767676767676
41 0.5073979591836735 0.5663780663780664 0.0005102040816326531 0.018037518037518036
41 0.5073979591836735 0.4226190476190476 0.0005102040816326531 0.024170274170274172
63 0.49923469387755104 0.4081890331890332 0.008673469387755102 0.017676767676767676
41 0.5073979591836735 0.5063131313131313 0.0005102040816326531 0.0183982683982684
30 0.5125 0.6262626262626263 0.010714285714285714 0.005772005772005772
63 0.49923469387755104 0.5544733044733045 0.008673469387755102 0.017316017316017316
41 0.5176020408163265 0.6150793650793651 0.0005102040816326531 0.01875901875901876
26 0.4844387755102041 0.4200937950937951 0.010714285714285714 0.006132756132756133
26 0.4844387755102041 0.5128066378066378 0.010714285714285714 0.006132756132756133
41 0.47959183673469385 0.4310966810966811 0.0010204081632653062 0.01948051948051948
41 0.4895408163265306 0.5018037518037518 0.0005102040816326531 0.01948051948051948
63 0.4714285714285714 0.5126262626262627 0.009183673469387756 0.017316017316017316
26 0.5122448979591837 0.4081890331890332 0.01020408163265306 0.006132756132756133
26 0.5122448979591837 0.49476911976911975 0.01020408163265306 0.006132756132756133
28 0.5125 0.5546536796536796 0.010714285714285714 0.006132756132756133
24 0.35816326530612247 0.5095598845598845 0.01020408163265306 0.006132756132756133
24 0.35816326530612247 0.45292207792207795 0.01020408163265306 0.006132756132756133
41 0.36301020408163265 0.44191919191919193 0.0005102040816326531 0.01948051948051948
41 0.36301020408163265 0.49855699855699853 0.0005102040816326531 0.01948051948051948
24 0.386734693877551 0.44101731601731603 0.01020408163265306 0.006132756132756133
41 0.33698979591836736 0.5046897546897547 0.0005102040816326531 0.01948051948051948
41 0.32729591836734695 0.5687229437229437 0.0005102040816326531 0.01911976911976912
41 0.3375 0.6150793650793651 0.0005102040816326531 0.01875901875901876
41 0.3816326530612245 0.5057720057720058 0.0010204081632653062 0.01948051948051948
41 0.3920918367346939 0.6147186147186147 0.0005102040816326531 0.018037518037518036
41 0.3816326530612245 0.5627705627705628 0.0010204081632653062 0.01875901875901876
26 0.41403061224489796 0.42604617604617606 0.010714285714285714 0.005772005772005772
30 0.38698979591836735 0.6262626262626263 0.010714285714285714 0.005772005772005772
26 0.386734693877551 0.49476911976911975 0.01020408163265306 0.006132756132756133
41 0.4089285714285714 0.4370490620490621 0.0005102040816326531 0.01911976911976912
24 0.41403061224489796 0.49765512265512263 0.010714285714285714 0.006132756132756133
30 0.38698979591836735 0.5514069264069265 0.010714285714285714 0.006132756132756133
41 0.39158163265306123 0.43001443001443 0.0005102040816326531 0.01948051948051948
134 0.4997448979591837 0.7552308802308803 0.9045918367346939 0.024170274170274172
134 0.4997448979591837 0.818001443001443 0.9045918367346939 0.024170274170274172
134 0.4997448979591837 0.9435425685425686 0.9045918367346939 0.024170274170274172
1 0.8252551020408163 0.836038961038961 0.015816326530612244 0.0010822510822510823
1 0.2076530612244898 0.7943722943722944 0.014285714285714285 0.0007215007215007215
1 0.20688775510204083 0.8001443001443002 0.015816326530612244 0.0007215007215007215
1 0.753061224489796 0.7732683982683982 0.0163265306122449 0.0010822510822510823
1 0.5012755102040817 0.7373737373737373 0.015816326530612244 0.0007215007215007215
1 0.4767857142857143 0.7316017316017316 0.015816326530612244 0.0007215007215007215
1 0.4767857142857143 0.7373737373737373 0.015816326530612244 0.0007215007215007215
1 0.45229591836734695 0.7316017316017316 0.015816326530612244 0.0007215007215007215
1 0.45229591836734695 0.7373737373737373 0.015816326530612244 0.0007215007215007215
1 0.42806122448979594 0.7254689754689755 0.0163265306122449 0.0007215007215007215
1 0.42806122448979594 0.7316017316017316 0.0163265306122449 0.0007215007215007215
1 0.42806122448979594 0.7373737373737373 0.0163265306122449 0.0007215007215007215
1 0.40153061224489794 0.7316017316017316 0.0163265306122449 0.0007215007215007215
1 0.40153061224489794 0.7373737373737373 0.0163265306122449 0.0007215007215007215
1 0.375 0.7373737373737373 0.0163265306122449 0.0007215007215007215
1 0.350765306122449 0.7373737373737373 0.015816326530612244 0.0007215007215007215
1 0.32627551020408163 0.7316017316017316 0.015816326530612244 0.0007215007215007215
1 0.32627551020408163 0.7373737373737373 0.015816326530612244 0.0007215007215007215
1 0.29158163265306125 0.7254689754689755 0.015816326530612244 0.0007215007215007215
1 0.29158163265306125 0.7316017316017316 0.015816326530612244 0.0007215007215007215
1 0.29158163265306125 0.7373737373737373 0.015816326530612244 0.0007215007215007215
1 0.2655612244897959 0.7316017316017316 0.01479591836734694 0.0007215007215007215
1 0.26505102040816325 0.7373737373737373 0.015816326530612244 0.0007215007215007215
1 0.23341836734693877 0.7316017316017316 0.015816326530612244 0.0007215007215007215
1 0.23341836734693877 0.7373737373737373 0.015816326530612244 0.0007215007215007215
1 0.8017857142857143 0.8988095238095238 0.015816326530612244 0.0010822510822510823
134 0.4997448979591837 0.8807720057720058 0.9045918367346939 0.024170274170274172
61 0.6813775510204082 0.7582972582972582 0.005612244897959183 0.018037518037518036
41 0.6979591836734694 0.8728354978354979 0.0010204081632653062 0.01911976911976912
63 0.6798469387755102 0.8838383838383839 0.008673469387755102 0.017316017316017316
24 0.7173469387755103 0.7613636363636364 0.01020408163265306 0.006132756132756133
26 0.7173469387755103 0.8091630591630592 0.01020408163265306 0.005772005772005772
41 0.7221938775510204 0.7518037518037518 0.0005102040816326531 0.016594516594516596
41 0.7125 0.8201659451659452 0.0005102040816326531 0.01911976911976912
41 0.639030612244898 0.9352453102453102 0.0005102040816326531 0.0183982683982684
26 0.664795918367347 0.7584776334776335 0.01020408163265306 0.006132756132756133
41 0.6696428571428571 0.7503607503607503 0.0005102040816326531 0.013708513708513708
63 0.6517857142857143 0.7582972582972582 0.008673469387755102 0.017316017316017316
26 0.6928571428571428 0.7584776334776335 0.01020408163265306 0.006132756132756133
26 0.6931122448979592 0.884018759018759 0.010714285714285714 0.006132756132756133
41 0.6979591836734694 0.7503607503607503 0.0010204081632653062 0.013708513708513708
41 0.7579081632653061 0.8066378066378066 0.0005102040816326531 0.012265512265512266
121 0.5681122448979592 0.7696608946608947 0.07295918367346939 0.006854256854256854
41 0.7579081632653061 0.8811327561327561 0.0005102040816326531 0.0183982683982684
26 0.753061224489796 0.8151154401154401 0.01020408163265306 0.006132756132756133
53 0.7173469387755103 0.8216089466089466 0.009183673469387756 0.016233766233766232
24 0.753061224489796 0.7732683982683982 0.01020408163265306 0.006132756132756133
121 0.35892857142857143 0.7554112554112554 0.075 0.0021645021645021645
24 0.753061224489796 0.8926767676767676 0.01020408163265306 0.006132756132756133
30 0.7533163265306122 0.9467893217893217 0.010714285714285714 0.006132756132756133
41 0.7579081632653061 0.7631673881673882 0.0005102040816326531 0.017676767676767676
121 0.4596938775510204 0.7554112554112554 0.07346938775510205 0.0021645021645021645
24 0.5609693877551021 0.7494588744588745 0.010714285714285714 0.006132756132756133
41 0.5558673469387755 0.7597402597402597 0.0005102040816326531 0.018037518037518036
26 0.585204081632653 0.7523448773448773 0.01020408163265306 0.006132756132756133
26 0.585204081632653 0.8032106782106783 0.01020408163265306 0.006132756132756133
121 0.1461734693877551 0.7316017316017316 0.07908163265306123 0.0021645021645021645
41 0.5313775510204082 0.8892496392496393 0.0005102040816326531 0.01875901875901876
26 0.585204081632653 0.8717532467532467 0.01020408163265306 0.006132756132756133
121 0.2443877551020408 0.7559523809523809 0.08469387755102041 0.003246753246753247
41 0.5420918367346939 0.935064935064935 0.0005102040816326531 0.018037518037518036
24 0.6334183673469388 0.7613636363636364 0.010714285714285714 0.006132756132756133
24 0.6334183673469388 0.8060966810966811 0.010714285714285714 0.006132756132756133
26 0.6334183673469388 0.8778860028860029 0.010714285714285714 0.006132756132756133
30 0.6336734693877552 0.9467893217893217 0.011224489795918367 0.006132756132756133
41 0.638265306122449 0.7512626262626263 0.0010204081632653062 0.017676767676767676
40 0.6443877551020408 0.8032106782106783 0.003061224489795918 0.0025252525252525255
41 0.6283163265306122 0.8170995670995671 0.0005102040816326531 0.01948051948051948
121 0.6803571428571429 0.7422438672438673 0.08418367346938775 0.0018037518037518038
41 0.6283163265306122 0.8888888888888888 0.0005102040816326531 0.01948051948051948
41 0.5803571428571429 0.7619047619047619 0.0005102040816326531 0.016594516594516596
41 0.5803571428571429 0.8142135642135642 0.0005102040816326531 0.01948051948051948
41 0.5803571428571429 0.8829365079365079 0.0005102040816326531 0.01911976911976912
24 0.6096938775510204 0.7552308802308803 0.01020408163265306 0.006132756132756133
41 0.6048469387755102 0.7642496392496393 0.0005102040816326531 0.015512265512265512
41 0.9053571428571429 0.8122294372294372 0.0005102040816326531 0.01911976911976912
26 0.9005102040816326 0.7523448773448773 0.01020408163265306 0.006132756132756133
24 0.9005102040816326 0.8241341991341992 0.01020408163265306 0.006132756132756133
26 0.9005102040816326 0.8717532467532467 0.01020408163265306 0.006132756132756133
41 0.9053571428571429 0.7449494949494949 0.0005102040816326531 0.012265512265512266
41 0.8956632653061225 0.8829365079365079 0.0005102040816326531 0.01911976911976912
26 0.8760204081632653 0.8151154401154401 0.01020408163265306 0.006132756132756133
41 0.8573979591836735 0.935064935064935 0.0005102040816326531 0.018037518037518036
24 0.8760204081632653 0.7613636363636364 0.01020408163265306 0.006132756132756133
24 0.9306122448979591 0.7552308802308803 0.01020408163265306 0.006132756132756133
41 0.8811224489795918 0.7494588744588745 0.0010204081632653062 0.021284271284271284
41 0.8811224489795918 0.8082611832611832 0.0010204081632653062 0.011183261183261184
121 0.7941326530612245 0.8001443001443002 0.07193877551020408 0.0021645021645021645
121 0.8961734693877551 0.7373737373737373 0.07908163265306123 0.0021645021645021645
121 0.7941326530612245 0.7510822510822511 0.07193877551020408 0.007936507936507936
41 0.9354591836734694 0.8107864357864358 0.0005102040816326531 0.016233766233766232
26 0.9306122448979591 0.8212481962481962 0.01020408163265306 0.006132756132756133
41 0.9354591836734694 0.7458513708513709 0.0005102040816326531 0.016233766233766232
59 0.9183673469387755 0.7518037518037518 0.007142857142857143 0.01443001443001443
41 0.8568877551020408 0.8755411255411255 0.0005102040816326531 0.01875901875901876
24 0.7775510204081633 0.818001443001443 0.01020408163265306 0.006132756132756133
41 0.7823979591836735 0.7602813852813853 0.0005102040816326531 0.015512265512265512
41 0.7823979591836735 0.8086219336219336 0.0005102040816326531 0.016233766233766232
26 0.7775510204081633 0.7703823953823954 0.01020408163265306 0.006132756132756133
24 0.8017857142857143 0.7671356421356421 0.010714285714285714 0.006132756132756133
26 0.8017857142857143 0.8151154401154401 0.010714285714285714 0.006132756132756133
24 0.8017857142857143 0.8988095238095238 0.010714285714285714 0.006132756132756133
41 0.8068877551020408 0.7581168831168831 0.0005102040816326531 0.015512265512265512
121 0.8961734693877551 0.8014069264069265 0.07908163265306123 0.0018037518037518038
41 0.7586734693877552 0.9354256854256854 0.0010204081632653062 0.01875901875901876
26 0.8517857142857143 0.7523448773448773 0.010714285714285714 0.006132756132756133
24 0.8517857142857143 0.8299062049062049 0.010714285714285714 0.006132756132756133
24 0.8517857142857143 0.8869047619047619 0.010714285714285714 0.006132756132756133
30 0.8520408163265306 0.9466089466089466 0.011224489795918367 0.005772005772005772
41 0.8568877551020408 0.7444083694083694 0.0005102040816326531 0.013347763347763348
41 0.8568877551020408 0.8151154401154401 0.0005102040816326531 0.027056277056277056
41 0.8068877551020408 0.8071789321789322 0.0005102040816326531 0.013347763347763348
41 0.8068877551020408 0.8878066378066378 0.0005102040816326531 0.01948051948051948
26 0.8252551020408163 0.7642496392496393 0.010714285714285714 0.006132756132756133
24 0.8252551020408163 0.836038961038961 0.010714285714285714 0.006132756132756133
41 0.8303571428571429 0.7557720057720058 0.0005102040816326531 0.01443001443001443
41 0.8303571428571429 0.8176406926406926 0.0005102040816326531 0.03427128427128427
26 0.20714285714285716 0.8778860028860029 0.01020408163265306 0.006132756132756133
30 0.20739795918367346 0.9466089466089466 0.010714285714285714 0.005772005772005772
41 0.20204081632653062 0.7489177489177489 0.0010204081632653062 0.01443001443001443
41 0.20204081632653062 0.8051948051948052 0.0010204081632653062 0.025252525252525252
26 0.20714285714285716 0.7913059163059163 0.01020408163265306 0.006132756132756133
63 0.19413265306122449 0.7913059163059163 0.008673469387755102 0.017676767676767676
41 0.20204081632653062 0.8888888888888888 0.0010204081632653062 0.01948051948051948
41 0.2125 0.9354256854256854 0.0005102040816326531 0.01875901875901876
59 0.14387755102040817 0.8892496392496393 0.007142857142857143 0.01443001443001443
41 0.15127551020408164 0.8145743145743146 0.0005102040816326531 0.01875901875901876
41 0.16122448979591836 0.8816738816738817 0.0010204081632653062 0.01948051948051948
26 0.18061224489795918 0.7523448773448773 0.01020408163265306 0.006132756132756133
41 0.1854591836734694 0.7413419913419913 0.0005102040816326531 0.01948051948051948
26 0.20714285714285716 0.7404401154401155 0.01020408163265306 0.006132756132756133
41 0.2599489795918367 0.8234126984126984 0.0005102040816326531 0.01911976911976912
63 0.25204081632653064 0.8122294372294372 0.009183673469387756 0.017676767676767676
41 0.2701530612244898 0.8724747474747475 0.0005102040816326531 0.0183982683982684
63 0.25204081632653064 0.8838383838383839 0.009183673469387756 0.017316017316017316
41 0.5415816326530613 0.8127705627705628 0.0005102040816326531 0.01875901875901876
26 0.29158163265306125 0.7224025974025974 0.010714285714285714 0.006132756132756133
41 0.2864795918367347 0.7393578643578643 0.0005102040816326531 0.031385281385281384
26 0.26505102040816325 0.7285353535353535 0.010714285714285714 0.006132756132756133
24 0.2336734693877551 0.7314213564213564 0.01020408163265306 0.006132756132756133
41 0.22857142857142856 0.7442279942279942 0.0010204081632653062 0.023088023088023088
24 0.26505102040816325 0.8122294372294372 0.010714285714285714 0.006132756132756133
26 0.26505102040816325 0.884018759018759 0.010714285714285714 0.006132756132756133
41 0.2599489795918367 0.7426046176046176 0.0005102040816326531 0.025613275613275612
63 0.25204081632653064 0.7285353535353535 0.009183673469387756 0.017676767676767676
5 0.06505102040816327 0.8174603174603174 0.020918367346938777 0.04329004329004329
5 0.06505102040816327 0.8802308802308803 0.020918367346938777 0.04329004329004329
8 0.06505102040816327 0.9406565656565656 0.02193877551020408 0.0183982683982684
24 0.10178571428571428 0.7671356421356421 0.010714285714285714 0.006132756132756133
26 0.10178571428571428 0.8091630591630592 0.010714285714285714 0.005772005772005772
24 0.10178571428571428 0.8869047619047619 0.010714285714285714 0.006132756132756133
5 0.06505102040816327 0.7546897546897547 0.020918367346938777 0.04329004329004329
41 0.10739795918367347 0.935064935064935 0.0005102040816326531 0.018037518037518036
26 0.13188775510204082 0.7465728715728716 0.010714285714285714 0.006132756132756133
41 0.13698979591836735 0.7382756132756133 0.0005102040816326531 0.013347763347763348
59 0.11938775510204082 0.7427849927849928 0.007142857142857143 0.01443001443001443
24 0.15612244897959185 0.7494588744588745 0.01020408163265306 0.006132756132756133
26 0.15637755102040815 0.8032106782106783 0.010714285714285714 0.006132756132756133
24 0.15637755102040815 0.8926767676767676 0.010714285714285714 0.006132756132756133
41 0.16122448979591836 0.73989898989899 0.0010204081632653062 0.016594516594516596
41 0.09668367346938775 0.8201659451659452 0.0005102040816326531 0.01911976911976912
30 0.10204081632653061 0.9466089466089466 0.011224489795918367 0.005772005772005772
41 0.10688775510204082 0.7487373737373737 0.0005102040816326531 0.03427128427128427
59 0.08928571428571429 0.7637085137085137 0.007142857142857143 0.01443001443001443
59 0.08928571428571429 0.8055555555555556 0.007142857142857143 0.01443001443001443
41 0.10688775510204082 0.8759018759018758 0.0005102040816326531 0.01948051948051948
41 0.4334183673469388 0.9348845598845599 0.0005102040816326531 0.017676767676767676
41 0.4232142857142857 0.8147546897546898 0.0005102040816326531 0.0183982683982684
41 0.4232142857142857 0.8894300144300145 0.0005102040816326531 0.0183982683982684
26 0.45255102040816325 0.7285353535353535 0.01020408163265306 0.006132756132756133
41 0.4477040816326531 0.7424242424242424 0.0005102040816326531 0.025252525252525252
41 0.3798469387755102 0.8811327561327561 0.0005102040816326531 0.0183982683982684
24 0.40153061224489794 0.7314213564213564 0.01020408163265306 0.006132756132756133
41 0.39668367346938777 0.7438672438672439 0.0005102040816326531 0.022366522366522368
24 0.42806122448979594 0.7256493506493507 0.01020408163265306 0.006132756132756133
26 0.42806122448979594 0.8032106782106783 0.01020408163265306 0.006132756132756133
26 0.42806122448979594 0.8778860028860029 0.01020408163265306 0.006132756132756133
30 0.42831632653061225 0.9466089466089466 0.010714285714285714 0.005772005772005772
41 0.4232142857142857 0.740981240981241 0.0005102040816326531 0.02813852813852814
26 0.5364795918367347 0.7465728715728716 0.010714285714285714 0.006132756132756133
24 0.5364795918367347 0.8241341991341992 0.010714285714285714 0.006132756132756133
26 0.5364795918367347 0.8778860028860029 0.010714285714285714 0.006132756132756133
30 0.536734693877551 0.9466089466089466 0.011224489795918367 0.005772005772005772
41 0.4961734693877551 0.7456709956709957 0.0005102040816326531 0.01875901875901876
41 0.5313775510204082 0.7575757575757576 0.0005102040816326531 0.01948051948051948
41 0.4719387755102041 0.8203463203463204 0.0010204081632653062 0.01875901875901876
24 0.4767857142857143 0.7314213564213564 0.010714285714285714 0.006132756132756133
26 0.4767857142857143 0.8091630591630592 0.010714285714285714 0.005772005772005772
26 0.4767857142857143 0.865981240981241 0.010714285714285714 0.006132756132756133
41 0.4719387755102041 0.7438672438672439 0.0010204081632653062 0.022366522366522368
41 0.4719387755102041 0.876984126984127 0.0010204081632653062 0.01948051948051948
26 0.5012755102040817 0.7343073593073594 0.010714285714285714 0.006132756132756133
41 0.33137755102040817 0.8755411255411255 0.0005102040816326531 0.01875901875901876
41 0.3318877551020408 0.935064935064935 0.0005102040816326531 0.018037518037518036
24 0.32627551020408163 0.7314213564213564 0.010714285714285714 0.006132756132756133
26 0.32627551020408163 0.8091630591630592 0.010714285714285714 0.005772005772005772
24 0.32627551020408163 0.8869047619047619 0.010714285714285714 0.006132756132756133
30 0.32653061224489793 0.9467893217893217 0.011224489795918367 0.006132756132756133
41 0.3211734693877551 0.7438672438672439 0.0005102040816326531 0.022366522366522368
41 0.3211734693877551 0.8201659451659452 0.0005102040816326531 0.01911976911976912
24 0.375 0.7375541125541125 0.01020408163265306 0.006132756132756133
41 0.34566326530612246 0.7458513708513709 0.0005102040816326531 0.0183982683982684
26 0.350765306122449 0.7343073593073594 0.010714285714285714 0.006132756132756133
41 0.3701530612244898 0.8266594516594516 0.0005102040816326531 0.0183982683982684
26 0.375 0.8151154401154401 0.01020408163265306 0.006132756132756133
41 0.3701530612244898 0.7469336219336219 0.0005102040816326531 0.016233766233766232
24 0.375 0.8926767676767676 0.01020408163265306 0.006132756132756133
