134 0.5355042966983266 0.08141394753678823 0.8331071913161465 0.02143314139475368
134 0.5355042966983266 0.18761996161228406 0.8331071913161465 0.02143314139475368
1 0.921302578018996 0.1665067178502879 0.013568521031207599 0.0009596928982725527
1 0.921302578018996 0.17178502879078694 0.013568521031207599 0.0006397952655150352
1 0.8842152872003618 0.1665067178502879 0.013568521031207599 0.0009596928982725527
1 0.8842152872003618 0.17178502879078694 0.013568521031207599 0.0006397952655150352
134 0.5355042966983266 0.13611644273832374 0.8331071913161465 0.02143314139475368
1 0.9378109452736318 0.12028150991682661 0.014020805065581185 0.0006397952655150352
1 0.8842152872003618 0.11500319897632758 0.013568521031207599 0.0009596928982725527
1 0.8842152872003618 0.12028150991682661 0.013568521031207599 0.0006397952655150352
1 0.8435097241067391 0.11500319897632758 0.013568521031207599 0.0009596928982725527
1 0.8435097241067391 0.12028150991682661 0.013568521031207599 0.0006397952655150352
1 0.816146540027137 0.10972488803582854 0.014020805065581185 0.0006397952655150352
1 0.816146540027137 0.11500319897632758 0.014020805065581185 0.0009596928982725527
1 0.816146540027137 0.12028150991682661 0.014020805065581185 0.0006397952655150352
1 0.762550881953867 0.11500319897632758 0.013568521031207599 0.0009596928982725527
1 0.762550881953867 0.12028150991682661 0.013568521031207599 0.0006397952655150352
24 0.694708276797829 0.18234165067178504 0.009045680687471733 0.005118362124120281
41 0.6987788331071914 0.1261996161228407 0.0009045680687471732 0.03294945617402431
41 0.7195838986883764 0.14299424184261036 0.0009045680687471732 0.03198976327575176
24 0.694708276797829 0.12555982085732564 0.009045680687471733 0.005438259756877799
26 0.694708276797829 0.14411388355726168 0.009045680687471733 0.005438259756877799
47 0.7026232473993668 0.11788227767114523 0.0067842605156037995 0.015035188739603326
24 0.7236544549977386 0.19817658349328215 0.009045680687471733 0.005438259756877799
24 0.7236544549977386 0.12555982085732564 0.009045680687471733 0.005438259756877799
26 0.7236544549977386 0.14411388355726168 0.009045680687471733 0.005438259756877799
41 0.69041157847128 0.19113883557261677 0.0004522840343735866 0.015674984005118364
41 0.758254183627318 0.13147792706333974 0.0004522840343735866 0.035188739603326934
24 0.762550881953867 0.1308381317978247 0.009045680687471733 0.005118362124120281
26 0.762550881953867 0.11228406909788867 0.009045680687471733 0.005118362124120281
24 0.7630031659882406 0.18234165067178504 0.008141112618724558 0.005118362124120281
26 0.762550881953867 0.17450415866922583 0.009045680687471733 0.005438259756877799
40 0.7718227046585255 0.1281190019193858 0.002261420171867933 0.001599488163787588
41 0.7397105382180009 0.1991362763915547 0.0004522840343735866 0.02015355086372361
40 0.7715965626413388 0.11228406909788867 0.0027137042062415195 0.0019193857965451055
41 0.758254183627318 0.19161868202175303 0.0004522840343735866 0.03262955854126679
41 0.7195838986883764 0.20521433141394754 0.0009045680687471732 0.011836212412028152
24 0.74400723654455 0.18761996161228406 0.009045680687471733 0.005438259756877799
40 0.6094527363184079 0.14939219449776073 0.002261420171867933 0.0019193857965451055
41 0.5961103573043871 0.15642994241842612 0.0009045680687471732 0.01215611004478567
41 0.5961103573043871 0.1999360204734485 0.0009045680687471732 0.01215611004478567
24 0.6004070556309362 0.1413947536788228 0.008593396653098146 0.005118362124120281
41 0.5691994572591588 0.19465770953294945 0.0004522840343735866 0.015674984005118364
30 0.6004070556309362 0.14923224568138196 0.008593396653098146 0.005438259756877799
24 0.6004070556309362 0.1928982725527831 0.008593396653098146 0.005118362124120281
41 0.6044776119402985 0.13179782469609724 0.0004522840343735866 0.01727447216890595
41 0.6368159203980099 0.18873960332693537 0.0009045680687471732 0.026231605886116442
24 0.6576209859791949 0.18234165067178504 0.009045680687471733 0.005118362124120281
41 0.6533242876526458 0.19209852847088932 0.0004522840343735866 0.017594369801663467
26 0.6779737675260064 0.17450415866922583 0.009045680687471733 0.005438259756877799
41 0.6736770691994572 0.18730006397952656 0.0004522840343735866 0.02399232245681382
24 0.6207598371777476 0.18234165067178504 0.008593396653098146 0.005118362124120281
41 0.6164631388511985 0.1933781190019194 0.0009045680687471732 0.02015355086372361
26 0.6408864767073722 0.14411388355726168 0.009045680687471733 0.005438259756877799
26 0.6408864767073722 0.17450415866922583 0.009045680687471733 0.005438259756877799
40 0.6501582994120307 0.14411388355726168 0.002261420171867933 0.001599488163787588
41 0.6451831750339213 0.1343570057581574 0.0004522840343735866 0.01727447216890595
26 0.937584803256445 0.17962252079334612 0.009045680687471733 0.005438259756877799
41 0.9335142469470827 0.1362763915547025 0.0009045680687471732 0.035188739603326934
53 0.9380370872908186 0.14587332053742802 0.008141112618724558 0.01471529110684581
41 0.9335142469470827 0.18889955214331414 0.0009045680687471732 0.016314779270633396
26 0.937584803256445 0.11756238003838772 0.009045680687471733 0.005438259756877799
26 0.9009497964721845 0.17962252079334612 0.009045680687471733 0.005438259756877799
41 0.8966530981456354 0.18969929622520793 0.0004522840343735866 0.017914267434420986
24 0.9217548620533695 0.17178502879078694 0.008141112618724558 0.005118362124120281
24 0.921302578018996 0.1665067178502879 0.009045680687471733 0.005438259756877799
41 0.9170058796924468 0.18218170185540628 0.0004522840343735866 0.029750479846449136
24 0.937584803256445 0.13611644273832374 0.009045680687471733 0.005438259756877799
120 0.3989145183175034 0.17866282789507357 0.09407507914970602 0.015674984005118364
84 0.6492537313432836 0.07757517594369802 0.009497964721845319 0.0022392834293026233
121 0.5687471732247852 0.12507997440818938 0.017639077340569877 0.0025591810620601407
121 0.5287200361827228 0.12555982085732564 0.023518769787426504 0.0035188739603326936
120 0.5223880597014925 0.17722328854766475 0.1013116236996834 0.018554062699936022
121 0.5183175033921302 0.20505438259756878 0.1013116236996834 0.007037747920665387
120 0.587516960651289 0.11772232885476648 0.21709633649932158 0.008317338451695458
84 0.5235187697874265 0.07757517594369802 0.009497964721845319 0.0022392834293026233
121 0.6431478968792401 0.2026551503518874 0.09407507914970602 0.008637236084452975
121 0.3952962460425147 0.20521433141394754 0.09407507914970602 0.0067178502879078695
84 0.3995929443690638 0.07757517594369802 0.009497964721845319 0.0022392834293026233
120 0.27634554500226144 0.17738323736404352 0.09407507914970602 0.018234165067178502
121 0.2727272727272727 0.2026551503518874 0.09407507914970602 0.008637236084452975
120 0.31569425599276346 0.12492002559181062 0.15739484396200815 0.027191298784388994
84 0.27838082315694257 0.07757517594369802 0.009497964721845319 0.0022392834293026233
120 0.911352329262777 0.10620601407549585 0.05336951605608322 0.006397952655150352
41 0.8799185888738128 0.18394113883557262 0.0004522840343735866 0.03134996801023673
120 0.8896426956128448 0.17226487523992323 0.09407507914970602 0.024632117722328855
121 0.8864767073722297 0.20041586692258478 0.09407507914970602 0.00799744081893794
120 0.7892356399819086 0.10348688419705694 0.05336951605608322 0.0067178502879078695
120 0.769109000452284 0.17770313499680102 0.09271822704658525 0.028470889315419065
121 0.7657168701944821 0.208893154190659 0.09226594301221167 0.007037747920665387
84 0.770239710538218 0.07757517594369802 0.009045680687471733 0.0022392834293026233
120 0.6469923111714156 0.17738323736404352 0.0945273631840796 0.018234165067178502
41 0.8118498417005879 0.12859884836852206 0.0009045680687471732 0.03582853486884197
53 0.8163726820443238 0.1385156749840051 0.008141112618724558 0.015355086372360844
41 0.8118498417005879 0.19737683941138837 0.0009045680687471732 0.01727447216890595
24 0.8159203980099502 0.18761996161228406 0.009045680687471733 0.005438259756877799
24 0.8439620081411127 0.1308381317978247 0.008141112618724558 0.005118362124120281
26 0.8435097241067391 0.11228406909788867 0.009045680687471733 0.005118362124120281
26 0.8435097241067391 0.19017914267434421 0.009045680687471733 0.005438259756877799
41 0.83921302578019 0.13115802943058222 0.0004522840343735866 0.03582853486884197
24 0.8000904568068747 0.18234165067178504 0.008141112618724558 0.005118362124120281
61 0.7526006331976481 0.17450415866922583 0.004522840343735866 0.013755598208573257
24 0.7792853912256897 0.18761996161228406 0.009045680687471733 0.005438259756877799
41 0.7749886928991406 0.19833653230966092 0.0004522840343735866 0.01983365323096609
26 0.7996381727725012 0.17450415866922583 0.009045680687471733 0.005438259756877799
41 0.795341474445952 0.19113883557261677 0.0004522840343735866 0.03166986564299424
26 0.8159203980099502 0.1281190019193858 0.009045680687471733 0.005438259756877799
24 0.8159203980099502 0.10956493921944978 0.009045680687471733 0.005438259756877799
24 0.8842152872003618 0.17178502879078694 0.009045680687471733 0.005118362124120281
26 0.8638625056535504 0.17962252079334612 0.009045680687471733 0.005438259756877799
41 0.8595658073270014 0.19129878438899553 0.0004522840343735866 0.02111324376199616
26 0.8846675712347354 0.13355726167626358 0.008141112618724558 0.005438259756877799
24 0.8842152872003618 0.11500319897632758 0.009045680687471733 0.005438259756877799
24 0.8842152872003618 0.1665067178502879 0.009045680687471733 0.005438259756877799
40 0.8934871099050203 0.13339731285988485 0.002261420171867933 0.0019193857965451055
41 0.8799185888738128 0.1338771593090211 0.0004522840343735866 0.036148432501599485
40 0.8932609678878336 0.11228406909788867 0.0027137042062415195 0.0019193857965451055
41 0.83921302578019 0.19737683941138837 0.0004522840343735866 0.01215611004478567
41 0.2829036635006784 0.19305822136916187 0.0004522840343735866 0.017594369801663467
41 0.26616915422885573 0.18953934740882916 0.0004522840343735866 0.027191298784388994
24 0.2872003618272275 0.18234165067178504 0.009045680687471733 0.005118362124120281
26 0.3075531433740389 0.17450415866922583 0.009045680687471733 0.005438259756877799
41 0.30325644504748983 0.18777991042866282 0.0004522840343735866 0.02495201535508637
41 0.24581637268204432 0.19417786308381318 0.0004522840343735866 0.020473448496481125
24 0.2501130710085934 0.18234165067178504 0.009045680687471733 0.005118362124120281
24 0.2704658525554048 0.13611644273832374 0.009045680687471733 0.005438259756877799
26 0.2704658525554048 0.17450415866922583 0.009045680687471733 0.005438259756877799
40 0.2797376752600633 0.13339731285988485 0.002261420171867933 0.0019193857965451055
41 0.2747625508819539 0.12699936020473448 0.0004522840343735866 0.016634676903390915
41 0.35639981908638624 0.12667946257197696 0.0009045680687471732 0.01599488163787588
40 0.3613749434644957 0.14939219449776073 0.0027137042062415195 0.0019193857965451055
41 0.3480325644504749 0.15451055662188098 0.0004522840343735866 0.01215611004478567
41 0.3480325644504749 0.20121561100447857 0.0004522840343735866 0.012795905310300703
26 0.32383536861148804 0.13355726167626358 0.009045680687471733 0.005438259756877799
24 0.32406151062867483 0.18234165067178504 0.008593396653098146 0.005118362124120281
41 0.3281320669380371 0.12444017914267434 0.0004522840343735866 0.01599488163787588
47 0.33197648123021256 0.12444017914267434 0.007236544549977386 0.015355086372360844
41 0.3197648123021257 0.19113883557261677 0.0009045680687471732 0.015674984005118364
24 0.352329262777024 0.13611644273832374 0.009045680687471733 0.005438259756877799
28 0.352329262777024 0.1466730646193218 0.009045680687471733 0.005438259756877799
24 0.352329262777024 0.1928982725527831 0.009045680687471733 0.005118362124120281
26 0.20171867933061963 0.14411388355726168 0.009045680687471733 0.005438259756877799
93 0.20126639529624604 0.1553103007037748 0.011759384893713252 0.009277031349968011
5 0.13410221619176843 0.13659628918746 0.01854364540931705 0.03582853486884197
67 0.15400271370420623 0.13307741522712732 0.005879692446856626 0.012795905310300703
67 0.16010854816824965 0.12507997440818938 0.005427408412483039 0.012795905310300703
15 0.17661691542288557 0.1308381317978247 0.008593396653098146 0.008957133717210493
16 0.17684305744007237 0.14123480486244402 0.009950248756218905 0.008637236084452975
87 0.20081411126187246 0.18746001279590532 0.007236544549977386 0.008317338451695458
8 0.13455450022614202 0.18538067818298146 0.019448213478064226 0.016314779270633396
67 0.15400271370420623 0.18969929622520793 0.005879692446856626 0.012795905310300703
67 0.16010854816824965 0.1820217530390275 0.005427408412483039 0.012795905310300703
15 0.17661691542288557 0.18234165067178504 0.008593396653098146 0.008957133717210493
16 0.17684305744007237 0.19273832373640434 0.009950248756218905 0.008637236084452975
15 0.17661691542288557 0.07613563659628919 0.008593396653098146 0.008957133717210493
16 0.17684305744007237 0.08669225847728727 0.009950248756218905 0.008317338451695458
41 0.20578923563998192 0.1343570057581574 0.0009045680687471732 0.01727447216890595
47 0.2094075079149706 0.13371721049264235 0.007236544549977386 0.015355086372360844
0 0.11194029850746269 0.1618682021753039 0.007688828584350972 0.07293666026871401
84 0.8907734056987788 0.07757517594369802 0.009497964721845319 0.0022392834293026233
87 0.20081411126187246 0.08125399872040946 0.007236544549977386 0.008317338451695458
5 0.13410221619176843 0.0818937939859245 0.01854364540931705 0.03582853486884197
67 0.15400271370420623 0.07837492002559181 0.005879692446856626 0.012795905310300703
67 0.16010854816824965 0.07037747920665387 0.005427408412483039 0.012795905310300703
40 0.23903211216644052 0.14939219449776073 0.002261420171867933 0.0019193857965451055
41 0.22546359113523293 0.15674984005118361 0.0004522840343735866 0.011516314779270634
41 0.23405698778833106 0.13403710812539987 0.0004522840343735866 0.016634676903390915
41 0.22546359113523293 0.20025591810620602 0.0004522840343735866 0.011516314779270634
26 0.229760289461782 0.14411388355726168 0.009045680687471733 0.005438259756877799
30 0.229760289461782 0.14923224568138196 0.009045680687471733 0.005438259756877799
24 0.229760289461782 0.1928982725527831 0.009045680687471733 0.005118362124120281
26 0.4925373134328358 0.18506078055022393 0.009045680687471733 0.005438259756877799
41 0.48824061510628675 0.19625719769673705 0.0004522840343735866 0.020793346129238645
24 0.5126639529624605 0.1413947536788228 0.008593396653098146 0.005118362124120281
26 0.5126639529624605 0.17450415866922583 0.008593396653098146 0.005438259756877799
41 0.5169606512890095 0.13259756877799103 0.0009045680687471732 0.015674984005118364
41 0.4762550881953867 0.13179782469609724 0.0009045680687471732 0.01727447216890595
40 0.48123021257349613 0.14939219449776073 0.0027137042062415195 0.0019193857965451055
41 0.46788783355947533 0.15467050543825975 0.0004522840343735866 0.011836212412028152
41 0.46788783355947533 0.20121561100447857 0.0004522840343735866 0.012795905310300703
24 0.555857078245138 0.1413947536788228 0.009045680687471733 0.005118362124120281
26 0.555857078245138 0.17450415866922583 0.009045680687471733 0.005438259756877799
41 0.560153776571687 0.13307741522712732 0.0004522840343735866 0.01471529110684581
41 0.5515603799185889 0.18921944977607166 0.0004522840343735866 0.02783109404990403
26 0.5734961555857079 0.13867562380038387 0.009045680687471733 0.005438259756877799
26 0.5734961555857079 0.18506078055022393 0.009045680687471733 0.005438259756877799
41 0.5775667118950701 0.13131797824696098 0.0009045680687471732 0.013115802943058221
26 0.5364088647670737 0.18506078055022393 0.009045680687471733 0.005438259756877799
41 0.5085933966530981 0.19033909149072298 0.0004522840343735866 0.030070377479206652
26 0.5364088647670737 0.14411388355726168 0.009045680687471733 0.005438259756877799
41 0.5407055630936228 0.13483685220729366 0.0004522840343735866 0.016314779270633396
41 0.5321121664405246 0.19513755598208574 0.0004522840343735866 0.018554062699936022
41 0.4054726368159204 0.19433781190019195 0.0004522840343735866 0.02015355086372361
41 0.4258254183627318 0.19129878438899553 0.0004522840343735866 0.02431222008957134
24 0.42989597467209406 0.177063339731286 0.008593396653098146 0.005438259756877799
24 0.3726820443238354 0.18234165067178504 0.009045680687471733 0.005118362124120281
41 0.3683853459972863 0.1948176583493282 0.0004522840343735866 0.023032629558541268
24 0.4095431931252827 0.18234165067178504 0.008593396653098146 0.005118362124120281
41 0.3887381275440977 0.19209852847088932 0.0004522840343735866 0.026551503518873962
30 0.39303482587064675 0.13867562380038387 0.009045680687471733 0.005438259756877799
24 0.39303482587064675 0.177063339731286 0.009045680687471733 0.005438259756877799
41 0.39710538218000907 0.12907869481765835 0.0009045680687471732 0.017594369801663467
24 0.47218453188602444 0.1928982725527831 0.009045680687471733 0.005118362124120281
28 0.47218453188602444 0.1466730646193218 0.009045680687471733 0.005438259756877799
24 0.47218453188602444 0.1413947536788228 0.009045680687471733 0.005118362124120281
41 0.4423337856173677 0.19321817018554063 0.0009045680687471732 0.018554062699936022
24 0.44640434192673 0.18234165067178504 0.009045680687471733 0.005118362124120281
134 0.4997738579828132 0.29798464491362764 0.9045680687471732 0.02143314139475368
1 0.2397105382180009 0.3582853486884197 0.013568521031207599 0.0006397952655150352
1 0.19357756671189508 0.3582853486884197 0.013568521031207599 0.0006397952655150352
1 0.1560379918588874 0.3582853486884197 0.013568521031207599 0.0006397952655150352
1 0.114880144730891 0.3582853486884197 0.013568521031207599 0.0006397952655150352
134 0.4997738579828132 0.37412028150991683 0.9045680687471732 0.02143314139475368
1 0.6431478968792401 0.45121561100447855 0.013568521031207599 0.0009596928982725527
1 0.3181818181818182 0.4195457453614843 0.014020805065581185 0.0009596928982725527
1 0.2808683853459973 0.4195457453614843 0.013568521031207599 0.0009596928982725527
134 0.4997738579828132 0.43538067818298143 0.9045680687471732 0.02111324376199616
41 0.6974219810040706 0.4161868202175304 0.0009045680687471732 0.010236724248240563
41 0.6795567616463138 0.29254638515674986 0.0004522840343735866 0.013115802943058221
26 0.6768430574400723 0.37683941138835575 0.005879692446856626 0.003838771593090211
26 0.6768430574400723 0.3005438259756878 0.005879692446856626 0.0035188739603326936
26 0.7236544549977386 0.3059820857325656 0.009045680687471733 0.005438259756877799
26 0.7924016282225237 0.43266154830454256 0.009045680687471733 0.005438259756877799
24 0.6931252826775215 0.30326295585412666 0.008593396653098146 0.005118362124120281
24 0.6933514246947082 0.3795585412667946 0.009045680687471733 0.005438259756877799
26 0.6931252826775215 0.42210492642354447 0.008593396653098146 0.005438259756877799
41 0.6974219810040706 0.29366602687140114 0.0009045680687471732 0.01727447216890595
41 0.6795567616463138 0.3691618682021753 0.0004522840343735866 0.014075495841330775
47 0.7010402532790593 0.2930262316058861 0.007236544549977386 0.015355086372360844
41 0.6974219810040706 0.3715611004478567 0.0009045680687471732 0.013755598208573257
47 0.6818181818181818 0.36788227767114523 0.009497964721845319 0.010236724248240563
47 0.6818181818181818 0.29174664107485604 0.009497964721845319 0.010236724248240563
24 0.7526006331976481 0.3795585412667946 0.009045680687471733 0.005438259756877799
26 0.7526006331976481 0.42210492642354447 0.009045680687471733 0.005438259756877799
41 0.7568973315241972 0.29318618042226485 0.0004522840343735866 0.016314779270633396
47 0.7605156037991859 0.2928662827895074 0.0067842605156037995 0.015035188739603326
41 0.7568973315241972 0.3715611004478567 0.0004522840343735866 0.013755598208573257
41 0.7568973315241972 0.4161868202175304 0.0004522840343735866 0.010236724248240563
26 0.7924016282225237 0.3005438259756878 0.009045680687471733 0.005438259756877799
26 0.7924016282225237 0.3769993602047345 0.009045680687471733 0.005438259756877799
26 0.7236544549977386 0.38211772232885477 0.009045680687471733 0.005438259756877799
26 0.7236544549977386 0.43266154830454256 0.009045680687471733 0.005438259756877799
41 0.7277250113071009 0.2962252079334613 0.0009045680687471732 0.01727447216890595
47 0.7315694255992763 0.29558541266794625 0.0067842605156037995 0.015355086372360844
41 0.7277250113071009 0.373320537428023 0.0009045680687471732 0.01599488163787588
41 0.7277250113071009 0.4214651311580294 0.0009045680687471732 0.020793346129238645
24 0.7526006331976481 0.30326295585412666 0.009045680687471733 0.005118362124120281
24 0.5775667118950701 0.4301023672424824 0.009045680687471733 0.005438259756877799
41 0.573270013568521 0.44097888675623803 0.0004522840343735866 0.02015355086372361
24 0.5979194934418816 0.4248240563019834 0.009045680687471733 0.005118362124120281
41 0.5938489371325192 0.4379398592450416 0.0009045680687471732 0.02431222008957134
26 0.6146540027137042 0.3005438259756878 0.009045680687471733 0.005438259756877799
24 0.6146540027137042 0.4301023672424824 0.009045680687471733 0.005438259756877799
41 0.6189507010402533 0.2909468969929623 0.0004522840343735866 0.017594369801663467
47 0.6227951153324288 0.29014715291106846 0.007236544549977386 0.015355086372360844
41 0.6105834464043419 0.44049904030710174 0.0009045680687471732 0.019193857965451054
121 0.16734509271822703 0.4115483045425464 0.09588421528720036 0.001599488163787588
26 0.5606060606060606 0.3005438259756878 0.008593396653098146 0.005438259756877799
30 0.5606060606060606 0.37683941138835575 0.008593396653098146 0.005118362124120281
24 0.5606060606060606 0.4248240563019834 0.008593396653098146 0.005118362124120281
40 0.5696517412935324 0.3005438259756878 0.002261420171867933 0.001599488163787588
41 0.5646766169154229 0.2909468969929623 0.0004522840343735866 0.017594369801663467
41 0.5646766169154229 0.3672424824056302 0.0004522840343735866 0.01727447216890595
41 0.5565355042966983 0.43889955214331416 0.0004522840343735866 0.026231605886116442
41 0.6472184531886025 0.42994241842610365 0.0009045680687471732 0.03966730646193218
26 0.6635006784260515 0.43266154830454256 0.009045680687471733 0.005438259756877799
41 0.6677973767526006 0.4214651311580294 0.0004522840343735866 0.020793346129238645
24 0.6431478968792401 0.30326295585412666 0.009045680687471733 0.005118362124120281
24 0.6431478968792401 0.3795585412667946 0.009045680687471733 0.005438259756877799
28 0.6431478968792401 0.3848368522072937 0.009045680687471733 0.005118362124120281
24 0.6431478968792401 0.45121561100447855 0.009045680687471733 0.005438259756877799
41 0.6472184531886025 0.29366602687140114 0.0009045680687471732 0.01727447216890595
41 0.6472184531886025 0.36980166346769033 0.0009045680687471732 0.01727447216890595
40 0.6521935775667119 0.3873960332693538 0.0027137042062415195 0.0019193857965451055
41 0.6388511985526911 0.39235444657709534 0.0004522840343735866 0.013115802943058221
41 0.9312528267752148 0.43921944977607164 0.0009045680687471732 0.015355086372360844
26 0.9353233830845771 0.38211772232885477 0.009045680687471733 0.005438259756877799
41 0.9142921754862053 0.43538067818298143 0.0004522840343735866 0.023032629558541268
26 0.9353233830845771 0.3059820857325656 0.009045680687471733 0.005438259756877799
24 0.9353233830845771 0.4301023672424824 0.009045680687471733 0.005438259756877799
41 0.9396200814111262 0.2962252079334613 0.0004522840343735866 0.01727447216890595
47 0.9434644957033017 0.29558541266794625 0.007236544549977386 0.015355086372360844
41 0.9396200814111262 0.37252079334612925 0.0004522840343735866 0.017594369801663467
47 0.9434644957033017 0.37172104926423544 0.007236544549977386 0.015355086372360844
121 0.42424242424242425 0.45057581573896355 0.10402532790592492 0.008637236084452975
120 0.566711895070104 0.42642354446577097 0.09497964721845319 0.01599488163787588
121 0.5628674807779286 0.45297504798464494 0.09543193125282677 0.007037747920665387
120 0.4280868385345997 0.42514395393474086 0.10357304387155133 0.018554062699936022
122 0.5877431026684758 0.3063019833653231 0.05110809588421529 0.0035188739603326936
120 0.472636815920398 0.36340371081253997 0.17819990954319312 0.026231605886116442
120 0.2865219357756671 0.42226487523992323 0.09543193125282677 0.02431222008957134
121 0.2831298055178652 0.45057581573896355 0.09497964721845319 0.008637236084452975
120 0.18407960199004975 0.3539667306461932 0.055178652193577565 0.00799744081893794
121 0.17955676164631387 0.39539347408829173 0.055178652193577565 0.003838771593090211
120 0.16350067842605157 0.450255918106206 0.09633649932157395 0.013115802943058221
125 0.16440524649479873 0.40355086372360843 0.10900045228403438 0.007357645553422905
120 0.6852103120759837 0.36116442738323734 0.016282225237449117 0.0025591810620601407
120 0.8848937132519222 0.4254638515674984 0.09995477159656264 0.017914267434420986
121 0.8810492989597467 0.4504158669225848 0.10040705563093623 0.008957133717210493
120 0.8579828132066938 0.3125399872040947 0.04613297150610583 0.005758157389635317
121 0.7469470827679783 0.3637236084452975 0.09905020352781546 0.003838771593090211
120 0.6845318860244234 0.309660908509277 0.015829941203075532 0.003198976327575176
120 0.7182270465852555 0.4484964811260397 0.14925373134328357 0.020473448496481125
121 0.7218453188602443 0.4099488163787588 0.14925373134328357 0.001599488163787588
120 0.6723202170963365 0.3603646833013436 0.04477611940298507 0.0047984644913627635
41 0.83921302578019 0.36932181701855404 0.0004522840343735866 0.016314779270633396
40 0.8441881501582994 0.3873960332693538 0.002261420171867933 0.0019193857965451055
41 0.8308457711442786 0.39459373000639797 0.0009045680687471732 0.011836212412028152
41 0.8308457711442786 0.44769673704414586 0.0009045680687471732 0.011836212412028152
47 0.8005427408412483 0.29062699936020475 0.006331976481230212 0.014395393474088292
41 0.7966983265490728 0.36932181701855404 0.0004522840343735866 0.013115802943058221
41 0.7966983265490728 0.4209852847088932 0.0004522840343735866 0.021753039027511197
24 0.8349163274536409 0.30326295585412666 0.009045680687471733 0.005118362124120281
24 0.8349163274536409 0.3795585412667946 0.009045680687471733 0.005438259756877799
30 0.8349163274536409 0.38755598208573255 0.009045680687471733 0.005438259756877799
24 0.8349163274536409 0.4406589891234805 0.009045680687471733 0.005438259756877799
41 0.83921302578019 0.29366602687140114 0.0004522840343735866 0.01727447216890595
41 0.8937132519222072 0.440339091490723 0.0009045680687471732 0.018234165067178502
41 0.8853459972862958 0.37204094689699296 0.0004522840343735866 0.016634676903390915
41 0.8769787426503844 0.43698016634676906 0.0009045680687471732 0.026871401151631478
24 0.8977838082315694 0.4301023672424824 0.009045680687471733 0.005438259756877799
87 0.9176843057440073 0.2976647472808701 0.007236544549977386 0.008637236084452975
87 0.9176843057440073 0.36340371081253997 0.007236544549977386 0.008317338451695458
26 0.9185888738127544 0.42210492642354447 0.009045680687471733 0.005438259756877799
24 0.8579828132066938 0.4301023672424824 0.009045680687471733 0.005438259756877799
41 0.8539122568973315 0.44145873320537427 0.0009045680687471732 0.02111324376199616
41 0.7966983265490728 0.2909468969929623 0.0004522840343735866 0.017594369801663467
26 0.8810492989597467 0.3059820857325656 0.009045680687471733 0.005438259756877799
26 0.8810492989597467 0.38211772232885477 0.009045680687471733 0.005438259756877799
26 0.8810492989597467 0.42210492642354447 0.009045680687471733 0.005438259756877799
41 0.8853459972862958 0.2962252079334613 0.0004522840343735866 0.01727447216890595
41 0.23541383989145184 0.37444017914267436 0.0004522840343735866 0.03422904670505438
41 0.23541383989145184 0.4480166346769034 0.0004522840343735866 0.011196417146513116
26 0.21166892808683854 0.38211772232885477 0.008141112618724558 0.005438259756877799
24 0.21121664405246496 0.36356365962891873 0.009045680687471733 0.005438259756877799
26 0.21121664405246496 0.43809980806142035 0.009045680687471733 0.005438259756877799
41 0.20691994572591588 0.3805182341650672 0.0004522840343735866 0.03166986564299424
41 0.215513342379014 0.4243442098528471 0.0004522840343735866 0.02527191298784389
85 0.2399366802351877 0.2967050543825976 0.009497964721845319 0.0022392834293026233
24 0.2397105382180009 0.37412028150991683 0.009045680687471733 0.005438259756877799
26 0.2397105382180009 0.35572616762635956 0.009045680687471733 0.005118362124120281
24 0.2397105382180009 0.4406589891234805 0.009045680687471733 0.005438259756877799
87 0.317277250113071 0.2976647472808701 0.0067842605156037995 0.008637236084452975
93 0.3170511080958842 0.2791106845809341 0.011759384893713252 0.009277031349968011
87 0.3175033921302578 0.36340371081253997 0.007236544549977386 0.008317338451695458
26 0.31863410221619176 0.42210492642354447 0.007688828584350972 0.005438259756877799
26 0.3181818181818182 0.4169865642994242 0.008593396653098146 0.005438259756877799
41 0.5357304387155133 0.44305822136916184 0.0004522840343735866 0.022392834293026232
41 0.3141112618724559 0.4329814459373001 0.0004522840343735866 0.030390275111964172
26 0.33514246947082765 0.3059820857325656 0.009045680687471733 0.005438259756877799
24 0.2602894617819991 0.4301023672424824 0.008593396653098146 0.005438259756877799
41 0.25599276345545 0.44161868202175303 0.0009045680687471732 0.02143314139475368
86 0.27951153324287653 0.36356365962891873 0.006331976481230212 0.015035188739603326
26 0.28132066938037087 0.42210492642354447 0.008141112618724558 0.005438259756877799
26 0.2808683853459973 0.4169865642994242 0.009045680687471733 0.005438259756877799
41 0.27657168701944823 0.43426103646833014 0.0004522840343735866 0.03294945617402431
24 0.29760289461781997 0.4301023672424824 0.009045680687471733 0.005438259756877799
41 0.2933061962912709 0.4401791426743442 0.0004522840343735866 0.018554062699936022
5 0.06286748077792854 0.3747600767754319 0.018091361374943465 0.036148432501599485
67 0.08254183627317956 0.3710812539987204 0.005879692446856626 0.012795905310300703
67 0.08864767073722297 0.36308381317978244 0.005427408412483039 0.012795905310300703
8 0.06331976481230213 0.4331413947536788 0.018995929443690638 0.016634676903390915
67 0.08254183627317956 0.43761996161228406 0.005879692446856626 0.012795905310300703
67 0.08864767073722297 0.4296225207933461 0.005427408412483039 0.012795905310300703
24 0.11555857078245138 0.37412028150991683 0.007688828584350972 0.005438259756877799
26 0.114880144730891 0.35572616762635956 0.009045680687471733 0.005118362124120281
26 0.114880144730891 0.44865642994241844 0.009045680687471733 0.005438259756877799
41 0.11080958842152872 0.37412028150991683 0.0009045680687471732 0.03486884197056942
41 0.11917684305744007 0.4296225207933461 0.0004522840343735866 0.03582853486884197
0 0.04002713704206241 0.40483045425463854 0.008593396653098146 0.08285348688419705
84 0.15807327001356852 0.29398592450415867 0.009497964721845319 0.0025591810620601407
5 0.06286748077792854 0.29846449136276393 0.018091361374943465 0.03582853486884197
67 0.08254183627317956 0.29494561740243125 0.005879692446856626 0.012795905310300703
67 0.08864767073722297 0.2869481765834933 0.005427408412483039 0.012795905310300703
26 0.19402985074626866 0.3769993602047345 0.008141112618724558 0.005438259756877799
26 0.17367706919945725 0.43809980806142035 0.009045680687471733 0.005438259756877799
41 0.16960651289009498 0.3785988483685221 0.0009045680687471732 0.03230966090850928
41 0.17797376752600633 0.4243442098528471 0.0004522840343735866 0.02527191298784389
26 0.17367706919945725 0.3610044785668586 0.009045680687471733 0.005438259756877799
24 0.19357756671189508 0.3584452975047985 0.009045680687471733 0.005438259756877799
26 0.19357756671189508 0.43266154830454256 0.009045680687471733 0.005438259756877799
24 0.1928991406603347 0.4248240563019834 0.007688828584350972 0.005118362124120281
41 0.189280868385346 0.37747920665387075 0.0004522840343735866 0.036468330134357005
41 0.19764812302125734 0.42178502879078694 0.0009045680687471732 0.02015355086372361
41 0.1517412935323383 0.3769993602047345 0.0004522840343735866 0.03422904670505438
26 0.13568521031207598 0.43809980806142035 0.009045680687471733 0.005438259756877799
41 0.13975576662143827 0.4243442098528471 0.0009045680687471732 0.02527191298784389
26 0.1560379918588874 0.3769993602047345 0.009045680687471733 0.005438259756877799
24 0.1560379918588874 0.3584452975047985 0.009045680687471733 0.005438259756877799
26 0.1560379918588874 0.43266154830454256 0.009045680687471733 0.005438259756877799
24 0.1555857078245138 0.4248240563019834 0.008141112618724558 0.005118362124120281
41 0.16033469018543645 0.42178502879078694 0.0004522840343735866 0.02015355086372361
24 0.17367706919945725 0.3795585412667946 0.009045680687471733 0.005438259756877799
41 0.4764812302125735 0.3053422904670505 0.0004522840343735866 0.016314779270633396
26 0.4635911352329263 0.42210492642354447 0.009045680687471733 0.005438259756877799
41 0.459520578923564 0.4355406269993602 0.0009045680687471732 0.024632117722328855
26 0.48055178652193575 0.2952655150351887 0.008593396653098146 0.005118362124120281
26 0.48055178652193575 0.3715611004478567 0.008593396653098146 0.005438259756877799
24 0.48055178652193575 0.4301023672424824 0.008593396653098146 0.005438259756877799
53 0.48077792853912255 0.3055022392834293 0.008141112618724558 0.015355086372360844
41 0.48462234283129807 0.3626039667306462 0.0004522840343735866 0.016314779270633396
47 0.48846675712347354 0.36244401791426745 0.007236544549977386 0.015355086372360844
41 0.4764812302125735 0.43889955214331416 0.0004522840343735866 0.01599488163787588
40 0.4355495251017639 0.2952655150351887 0.0027137042062415195 0.0019193857965451055
41 0.4222071460877431 0.30758157389635316 0.0004522840343735866 0.015674984005118364
40 0.4355495251017639 0.3715611004478567 0.0027137042062415195 0.001599488163787588
41 0.43057440072365444 0.3646833013435701 0.0009045680687471732 0.01599488163787588
41 0.4222071460877431 0.43730006397952653 0.0004522840343735866 0.026231605886116442
24 0.44323835368611486 0.4301023672424824 0.009045680687471733 0.005438259756877799
41 0.4389416553595658 0.4401791426743442 0.0004522840343735866 0.018554062699936022
41 0.515377657168702 0.4491362763915547 0.0004522840343735866 0.012795905310300703
24 0.5400271370420624 0.4301023672424824 0.009045680687471733 0.005438259756877799
24 0.519674355495251 0.29798464491362764 0.009045680687471733 0.005438259756877799
24 0.519674355495251 0.37412028150991683 0.009045680687471733 0.005438259756877799
28 0.519674355495251 0.3848368522072937 0.009045680687471733 0.005118362124120281
24 0.519674355495251 0.4406589891234805 0.009045680687471733 0.005438259756877799
41 0.515377657168702 0.30710172744721687 0.0004522840343735866 0.016634676903390915
41 0.5237449118046132 0.36500319897632755 0.0009045680687471732 0.016634676903390915
40 0.5287200361827228 0.3873960332693538 0.0027137042062415195 0.0019193857965451055
41 0.515377657168702 0.39235444657709534 0.0004522840343735866 0.013115802943058221
41 0.3308457711442786 0.4393793985924504 0.0004522840343735866 0.015035188739603326
26 0.4265038444142922 0.42210492642354447 0.009045680687471733 0.005438259756877799
40 0.3857982813206694 0.3873960332693538 0.0027137042062415195 0.0019193857965451055
41 0.3724559023066486 0.3949136276391555 0.0004522840343735866 0.011196417146513116
41 0.3724559023066486 0.44817658349328215 0.0004522840343735866 0.010876519513755598
26 0.37675260063319765 0.3059820857325656 0.009045680687471733 0.005438259756877799
26 0.37675260063319765 0.38211772232885477 0.009045680687471733 0.005438259756877799
30 0.37675260063319765 0.38755598208573255 0.009045680687471733 0.005438259756877799
24 0.37675260063319765 0.4406589891234805 0.009045680687471733 0.005438259756877799
41 0.3808231569425599 0.2962252079334613 0.0009045680687471732 0.01727447216890595
41 0.3808231569425599 0.37252079334612925 0.0009045680687471732 0.017594369801663467
41 0.33921302578018997 0.2962252079334613 0.0009045680687471732 0.01727447216890595
24 0.4016282225237449 0.4301023672424824 0.009045680687471733 0.005438259756877799
41 0.39733152419719586 0.44145873320537427 0.0004522840343735866 0.02111324376199616
47 0.34305744007236544 0.29558541266794625 0.0067842605156037995 0.015355086372360844
24 0.33514246947082765 0.4301023672424824 0.009045680687471733 0.005438259756877799
26 0.33514246947082765 0.38211772232885477 0.009045680687471733 0.005438259756877799
24 0.4265038444142922 0.29798464491362764 0.009045680687471733 0.005438259756877799
24 0.4265038444142922 0.37412028150991683 0.009045680687471733 0.005438259756877799
47 0.34328358208955223 0.3723608445297505 0.006331976481230212 0.014075495841330775
41 0.33921302578018997 0.37252079334612925 0.0009045680687471732 0.017594369801663467
134 0.4997738579828132 0.5455854126679462 0.9045680687471732 0.02143314139475368
134 0.4997738579828132 0.6284388995521433 0.9045680687471732 0.02143314139475368
1 0.6413387607417458 0.6698656429942419 0.013568521031207599 0.0006397952655150352
1 0.6044776119402985 0.6698656429942419 0.014020805065581185 0.0006397952655150352
1 0.3407960199004975 0.6698656429942419 0.014020805065581185 0.0006397952655150352
1 0.3039348710990502 0.6698656429942419 0.013568521031207599 0.0006397952655150352
134 0.4997738579828132 0.685700575815739 0.9045680687471732 0.02143314139475368
41 0.6990049751243781 0.6447536788227767 0.0004522840343735866 0.013115802943058221
41 0.6990049751243781 0.6980166346769033 0.0004522840343735866 0.010236724248240563
41 0.7073722297602895 0.5436660268714012 0.0009045680687471732 0.01695457453614843
40 0.7123473541383989 0.6204414587332053 0.0027137042062415195 0.001599488163787588
41 0.7073722297602895 0.6146833013435701 0.0009045680687471732 0.014395393474088292
41 0.7829036635006784 0.6855406269993602 0.0009045680687471732 0.023672424824056303
24 0.7668475802804161 0.6805822136916186 0.008593396653098146 0.005438259756877799
41 0.762550881953867 0.6900191938579654 0.0009045680687471732 0.01727447216890595
26 0.7869742198100407 0.6725847728726807 0.009045680687471733 0.005438259756877799
41 0.7460425146992311 0.6871401151631478 0.0004522840343735866 0.025591810620601407
26 0.8037087290818634 0.5430262316058861 0.009045680687471733 0.005438259756877799
26 0.8037087290818634 0.6258797184900832 0.009045680687471733 0.005438259756877799
24 0.8037087290818634 0.6805822136916186 0.009045680687471733 0.005438259756877799
41 0.7994120307553143 0.5527831094049904 0.0004522840343735866 0.01727447216890595
40 0.7593848937132519 0.5430262316058861 0.0027137042062415195 0.001599488163787588
24 0.7268204432383537 0.6805822136916186 0.009045680687471733 0.005438259756877799
41 0.7225237449118046 0.6914587332053743 0.0004522840343735866 0.02015355086372361
24 0.7503392130257802 0.5455854126679462 0.009045680687471733 0.005438259756877799
24 0.7503392130257802 0.6284388995521433 0.009045680687471733 0.005438259756877799
26 0.7503392130257802 0.6725847728726807 0.009045680687471733 0.005438259756877799
41 0.7460425146992311 0.5548624440179143 0.0004522840343735866 0.016314779270633396
40 0.7593848937132519 0.6311580294305822 0.0027137042062415195 0.0019193857965451055
41 0.7460425146992311 0.6375559820857326 0.0004522840343735866 0.016634676903390915
26 0.6042514699231117 0.667146513115803 0.009045680687471733 0.005438259756877799
24 0.5841248303934871 0.6805822136916186 0.008593396653098146 0.005438259756877799
41 0.5800542740841248 0.6914587332053743 0.0004522840343735866 0.02015355086372361
86 0.602894617819991 0.5455854126679462 0.006331976481230212 0.015035188739603326
26 0.6049298959746721 0.6725847728726807 0.007688828584350972 0.005438259756877799
41 0.6001809136137495 0.6842610364683301 0.0009045680687471732 0.03198976327575176
86 0.6196291270918136 0.6178822776711452 0.006331976481230212 0.015035188739603326
24 0.6209859791949344 0.6805822136916186 0.009045680687471733 0.005438259756877799
124 0.17096336499321574 0.6543506078055022 0.12211668928086838 0.007357645553422905
40 0.5730438715513342 0.6417146513115803 0.0027137042062415195 0.0019193857965451055
41 0.5680687471732248 0.6257197696737045 0.0009045680687471732 0.02943058221369162
40 0.5730438715513342 0.6257197696737045 0.0027137042062415195 0.0019193857965451055
41 0.5597014925373134 0.6980166346769033 0.0004522840343735866 0.010236724248240563
24 0.6580732700135685 0.6805822136916186 0.009045680687471733 0.005438259756877799
41 0.6621438263229308 0.5436660268714012 0.0009045680687471732 0.01695457453614843
47 0.6659882406151063 0.5433461292386437 0.0067842605156037995 0.015035188739603326
41 0.6621438263229308 0.6265195137555982 0.0009045680687471732 0.01695457453614843
47 0.6659882406151063 0.6260396673064619 0.0067842605156037995 0.015355086372360844
41 0.6537765716870194 0.6892194497760716 0.0004522840343735866 0.015674984005118364
26 0.6580732700135685 0.6364363403710812 0.009045680687471733 0.005438259756877799
26 0.7033016734509272 0.5535828534868842 0.009045680687471733 0.005438259756877799
94 0.7008141112618724 0.5249520153550864 0.013116236996834011 0.005758157389635317
95 0.7103120759837178 0.5251119641714651 0.014925373134328358 0.012476007677543186
28 0.7033016734509272 0.6231605886116443 0.009045680687471733 0.005118362124120281
26 0.7033016734509272 0.6364363403710812 0.009045680687471733 0.005438259756877799
24 0.7033016734509272 0.6911388355726168 0.009045680687471733 0.005438259756877799
94 0.7008141112618724 0.7130518234165067 0.013116236996834011 0.005758157389635317
95 0.7103120759837178 0.7133717210492643 0.014925373134328358 0.01215611004478567
41 0.6166892808683854 0.6901791426743442 0.0004522840343735866 0.017594369801663467
87 0.6404341926729986 0.5454254638515675 0.007236544549977386 0.008317338451695458
26 0.6417910447761194 0.6725847728726807 0.008141112618724558 0.005438259756877799
26 0.6413387607417458 0.667146513115803 0.009045680687471733 0.005438259756877799
41 0.6370420624151968 0.6828214971209213 0.0004522840343735866 0.0291106845809341
26 0.6580732700135685 0.5535828534868842 0.009045680687471733 0.005438259756877799
120 0.8882858435097241 0.6759436980166347 0.09407507914970602 0.013435700575815739
121 0.8844414292175486 0.6984964811260397 0.09362279511533243 0.006078055022392835
26 0.9357756671189507 0.6309980806142035 0.009045680687471733 0.005438259756877799
24 0.9357756671189507 0.6805822136916186 0.009045680687471733 0.005438259756877799
41 0.939846223428313 0.5385476647472809 0.0009045680687471732 0.01695457453614843
47 0.9436906377204884 0.5380678182981445 0.0067842605156037995 0.015355086372360844
41 0.9314789687924017 0.6401151631477927 0.0004522840343735866 0.01599488163787588
53 0.9357756671189507 0.6401151631477927 0.008141112618724558 0.015355086372360844
120 0.7526006331976481 0.6754638515674984 0.10040705563093623 0.018234165067178502
41 0.9314789687924017 0.6887396033269354 0.0004522840343735866 0.01471529110684581
120 0.44527363184079605 0.6090850927703135 0.16056083220262324 0.007677543186180422
120 0.3071008593396653 0.6732245681381958 0.09950248756218906 0.019513755598208574
121 0.3034825870646766 0.6984964811260397 0.09950248756218906 0.00799744081893794
121 0.46155585707824515 0.6620281509916827 0.127996381727725 0.001599488163787588
124 0.19041157847127996 0.527831094049904 0.08322026232473993 0.007037747920665387
120 0.16010854816824965 0.675783749200256 0.09226594301221167 0.028470889315419065
124 0.17096336499321574 0.7143314139475367 0.12211668928086838 0.007037747920665387
121 0.15694255992763456 0.7069737683941139 0.09226594301221167 0.007037747920665387
120 0.21370420624151967 0.610684580934101 0.18317503392130258 0.019193857965451054
121 0.7492085029398462 0.7007357645553423 0.10085933966530981 0.008637236084452975
120 0.776797829036635 0.6103646833013435 0.13251922207146088 0.007677543186180422
120 0.6101311623699683 0.6725847728726807 0.09407507914970602 0.02399232245681382
121 0.6065128900949797 0.7007357645553423 0.09407507914970602 0.008637236084452975
125 0.48484848484848486 0.6463531669865643 0.1112618724559023 0.007357645553422905
121 0.48190863862505656 0.6169225847728727 0.08729081863410222 0.001599488163787588
120 0.45364088647670736 0.5569417786308382 0.03980099502487562 0.006397952655150352
125 0.48484848484848486 0.5231925783749201 0.1112618724559023 0.007357645553422905
120 0.4577114427860697 0.7007357645553423 0.12754409769335143 0.013755598208573257
40 0.8507462686567164 0.6204414587332053 0.0027137042062415195 0.001599488163787588
41 0.845771144278607 0.6122840690978887 0.0009045680687471732 0.013435700575815739
41 0.8374038896426956 0.6380358285348688 0.0004522840343735866 0.015674984005118364
41 0.8374038896426956 0.6954574536148432 0.0004522840343735866 0.010236724248240563
41 0.7994120307553143 0.6354766474728087 0.0004522840343735866 0.017594369801663467
53 0.8037087290818634 0.6362763915547025 0.008141112618724558 0.015355086372360844
41 0.7994120307553143 0.6892194497760716 0.0004522840343735866 0.015674984005118364
24 0.8417005879692447 0.5455854126679462 0.009045680687471733 0.005438259756877799
30 0.8417005879692447 0.6204414587332053 0.009045680687471733 0.005438259756877799
24 0.8417005879692447 0.6284388995521433 0.009045680687471733 0.005438259756877799
26 0.8417005879692447 0.6884197056941779 0.009045680687471733 0.005118362124120281
41 0.8374038896426956 0.5548624440179143 0.0004522840343735866 0.016314779270633396
41 0.8946178199909544 0.6900191938579654 0.0009045680687471732 0.01599488163787588
41 0.8781094527363185 0.6404350607805502 0.0004522840343735866 0.01471529110684581
41 0.8781094527363185 0.6879398592450416 0.0004522840343735866 0.02143314139475368
24 0.8986883763003166 0.6805822136916186 0.009045680687471733 0.005438259756877799
40 0.8914518317503393 0.6311580294305822 0.0027137042062415195 0.0019193857965451055
24 0.919041157847128 0.6751439539347409 0.009045680687471733 0.005438259756877799
41 0.9149706015377658 0.6866602687140115 0.0009045680687471732 0.020793346129238645
26 0.9357756671189507 0.5484644913627639 0.009045680687471733 0.005438259756877799
24 0.862053369516056 0.6805822136916186 0.009045680687471733 0.005438259756877799
41 0.857756671189507 0.6904990403071017 0.0004522840343735866 0.018234165067178502
53 0.8037087290818634 0.5534229046705055 0.008141112618724558 0.015355086372360844
26 0.8824061510628675 0.5484644913627639 0.009045680687471733 0.005438259756877799
26 0.8824061510628675 0.6309980806142035 0.009045680687471733 0.005438259756877799
24 0.8824061510628675 0.6751439539347409 0.009045680687471733 0.005438259756877799
40 0.8914518317503393 0.5483045425463852 0.0027137042062415195 0.0019193857965451055
41 0.8864767073722297 0.5387076135636596 0.0009045680687471732 0.01727447216890595
41 0.2539574853007689 0.5505438259756877 0.0004522840343735866 0.016634676903390915
41 0.2028493894165536 0.6957773512476008 0.0004522840343735866 0.016634676903390915
24 0.25825418362731795 0.5404670505438259 0.009045680687471733 0.005438259756877799
24 0.25825418362731795 0.6231605886116443 0.009045680687471733 0.005118362124120281
28 0.25825418362731795 0.6389955214331414 0.009045680687471733 0.005438259756877799
26 0.25825418362731795 0.6884197056941779 0.009045680687471733 0.005118362124120281
41 0.26232473993668026 0.6148432501599488 0.0009045680687471732 0.01471529110684581
40 0.2672998643147897 0.6417146513115803 0.0027137042062415195 0.0019193857965451055
24 0.19109000452284033 0.6805822136916186 0.007688828584350972 0.005438259756877799
26 0.19041157847127996 0.6725847728726807 0.009045680687471733 0.005438259756877799
41 0.1863410221619177 0.6892194497760716 0.0009045680687471732 0.03166986564299424
26 0.20714608774310267 0.5377479206653871 0.009045680687471733 0.005118362124120281
41 0.2539574853007689 0.6463531669865643 0.0004522840343735866 0.013115802943058221
26 0.20714608774310267 0.6204414587332053 0.009045680687471733 0.005438259756877799
24 0.20714608774310267 0.685700575815739 0.009045680687471733 0.005438259756877799
41 0.2028493894165536 0.5473448496481126 0.0004522840343735866 0.01727447216890595
53 0.20714608774310267 0.5481445937300063 0.008141112618724558 0.015035188739603326
41 0.21144278606965175 0.6122840690978887 0.0004522840343735866 0.01471529110684581
47 0.21506105834464043 0.6129238643634037 0.0067842605156037995 0.015355086372360844
26 0.3039348710990502 0.5430262316058861 0.009045680687471733 0.005438259756877799
26 0.3039348710990502 0.6258797184900832 0.009045680687471733 0.005438259756877799
24 0.3039348710990502 0.6700255918106206 0.009045680687471733 0.005438259756877799
40 0.31298055178652195 0.5430262316058861 0.0027137042062415195 0.001599488163787588
41 0.29963817277250115 0.5527831094049904 0.0004522840343735866 0.01727447216890595
41 0.276797829036635 0.6895393474088292 0.0009045680687471732 0.020793346129238645
40 0.31298055178652195 0.6257197696737045 0.0027137042062415195 0.0019193857965451055
41 0.30823156942559926 0.6169225847728727 0.0004522840343735866 0.015674984005118364
41 0.29963817277250115 0.6847408829174664 0.0004522840343735866 0.02783109404990403
41 0.2539574853007689 0.6954574536148432 0.0004522840343735866 0.01215611004478567
26 0.2808683853459973 0.6778630838131798 0.009045680687471733 0.005118362124120281
5 0.06286748077792854 0.6289187460012796 0.018091361374943465 0.03582853486884197
67 0.08254183627317956 0.6253998720409469 0.005879692446856626 0.012795905310300703
67 0.08864767073722297 0.617402431222009 0.005427408412483039 0.012795905310300703
8 0.06331976481230213 0.6836212412028151 0.018995929443690638 0.016634676903390915
67 0.08254183627317956 0.6880998080614203 0.005879692446856626 0.012795905310300703
67 0.08864767073722297 0.6801023672424824 0.005427408412483039 0.012795905310300703
26 0.114880144730891 0.5535828534868842 0.009045680687471733 0.005438259756877799
26 0.114880144730891 0.6364363403710812 0.009045680687471733 0.005438259756877799
30 0.12437810945273632 0.6364363403710812 0.009045680687471733 0.005438259756877799
24 0.114880144730891 0.696257197696737 0.009045680687471733 0.005438259756877799
41 0.11917684305744007 0.5439859245041587 0.0004522840343735866 0.017594369801663467
41 0.11917684305744007 0.6266794625719769 0.0004522840343735866 0.01727447216890595
0 0.04002713704206241 0.6570697376839412 0.008593396653098146 0.07933461292386436
5 0.06286748077792854 0.5462252079334613 0.018091361374943465 0.036148432501599485
67 0.08254183627317956 0.5425463851567498 0.005879692446856626 0.012795905310300703
67 0.08864767073722297 0.5345489443378119 0.005427408412483039 0.012795905310300703
24 0.15422885572139303 0.6805822136916186 0.008141112618724558 0.005438259756877799
26 0.15377657168701944 0.6725847728726807 0.009045680687471733 0.005438259756877799
40 0.1628222523744912 0.5377479206653871 0.0027137042062415195 0.0019193857965451055
41 0.1494798733604704 0.5505438259756877 0.0004522840343735866 0.016634676903390915
40 0.1628222523744912 0.6204414587332053 0.0027137042062415195 0.001599488163787588
41 0.15784712799638173 0.6145233525271913 0.0009045680687471732 0.014075495841330775
24 0.15377657168701944 0.6231605886116443 0.009045680687471733 0.005118362124120281
41 0.1494798733604704 0.6903390914907229 0.0004522840343735866 0.03390914907229686
61 0.14360018091361376 0.6725847728726807 0.004975124378109453 0.013755598208573257
24 0.17028493894165536 0.685700575815739 0.008593396653098146 0.005438259756877799
41 0.16621438263229307 0.6965770953294945 0.0004522840343735866 0.019513755598208574
40 0.13364993215739485 0.6364363403710812 0.002261420171867933 0.001599488163787588
41 0.12008141112618724 0.6442738323736404 0.0004522840343735866 0.014075495841330775
41 0.11080958842152872 0.7034548944337812 0.0009045680687471732 0.01215611004478567
24 0.1352329262777024 0.685700575815739 0.009045680687471733 0.005438259756877799
41 0.1309362279511533 0.6975367882277671 0.0004522840343735866 0.02143314139475368
24 0.15377657168701944 0.5404670505438259 0.009045680687471733 0.005438259756877799
24 0.4739936680235188 0.5510236724248241 0.009045680687471733 0.005438259756877799
24 0.4739936680235188 0.6337172104926424 0.009045680687471733 0.005118362124120281
26 0.4739936680235188 0.6884197056941779 0.009045680687471733 0.005118362124120281
41 0.47829036635006783 0.5412667946257198 0.0004522840343735866 0.01727447216890595
47 0.48190863862505656 0.5406269993602048 0.0067842605156037995 0.015355086372360844
41 0.47829036635006783 0.6249200255918106 0.0004522840343735866 0.015674984005118364
41 0.47829036635006783 0.6748240563019834 0.0004522840343735866 0.02527191298784389
24 0.433288104929896 0.6751439539347409 0.008141112618724558 0.005438259756877799
26 0.41338760741745817 0.6884197056941779 0.009045680687471733 0.005118362124120281
41 0.4176843057440072 0.6748240563019834 0.0004522840343735866 0.02527191298784389
26 0.4337403889642696 0.5484644913627639 0.009045680687471733 0.005438259756877799
26 0.4337403889642696 0.6309980806142035 0.009045680687471733 0.005438259756877799
24 0.4337403889642696 0.6805822136916186 0.009045680687471733 0.005438259756877799
26 0.49886928991406604 0.5484644913627639 0.009045680687471733 0.005438259756877799
41 0.43803708729081864 0.5387076135636596 0.0004522840343735866 0.01727447216890595
47 0.4418815015829941 0.5380678182981445 0.007236544549977386 0.015355086372360844
41 0.43803708729081864 0.6236404350607806 0.0004522840343735866 0.013115802943058221
41 0.43803708729081864 0.6708253358925144 0.0004522840343735866 0.01727447216890595
47 0.52962460425147 0.5438259756877799 0.006331976481230212 0.014075495841330775
41 0.5255540479421077 0.6261996161228407 0.0009045680687471732 0.018234165067178502
41 0.5255540479421077 0.6746641074856046 0.0009045680687471732 0.02495201535508637
41 0.5255540479421077 0.5438259756877799 0.0009045680687471732 0.01727447216890595
24 0.5639981908638625 0.5455854126679462 0.009045680687471733 0.005438259756877799
26 0.5639981908638625 0.6415547024952015 0.009045680687471733 0.005438259756877799
24 0.5639981908638625 0.6284388995521433 0.009045680687471733 0.005438259756877799
24 0.5639981908638625 0.6911388355726168 0.009045680687471733 0.005438259756877799
41 0.5597014925373134 0.5548624440179143 0.0004522840343735866 0.016314779270633396
26 0.49886928991406604 0.6309980806142035 0.009045680687471733 0.005438259756877799
24 0.49886928991406604 0.6805822136916186 0.009045680687471733 0.005438259756877799
24 0.49841700587969245 0.6751439539347409 0.008141112618724558 0.005438259756877799
41 0.5031659882406151 0.5387076135636596 0.0004522840343735866 0.01727447216890595
47 0.5067842605156038 0.5380678182981445 0.0067842605156037995 0.015355086372360844
41 0.5031659882406151 0.6236404350607806 0.0004522840343735866 0.013115802943058221
41 0.5031659882406151 0.6708253358925144 0.0004522840343735866 0.01727447216890595
26 0.5214834916327453 0.5535828534868842 0.009045680687471733 0.005438259756877799
26 0.5214834916327453 0.6364363403710812 0.009045680687471733 0.005438259756877799
26 0.5214834916327453 0.6884197056941779 0.009045680687471733 0.005118362124120281
41 0.3616010854816825 0.6238003838771593 0.0004522840343735866 0.016634676903390915
47 0.3652193577566712 0.6234804862444018 0.0067842605156037995 0.015355086372360844
41 0.35300768882858435 0.6873000639795266 0.0004522840343735866 0.015674984005118364
24 0.39326096788783355 0.5455854126679462 0.008593396653098146 0.005438259756877799
28 0.39326096788783355 0.6389955214331414 0.008593396653098146 0.005438259756877799
26 0.39326096788783355 0.6989763275751759 0.008593396653098146 0.005118362124120281
41 0.3891904115784713 0.5548624440179143 0.0004522840343735866 0.016314779270633396
26 0.3204432383536861 0.6778630838131798 0.008593396653098146 0.005118362124120281
41 0.31637268204432384 0.6882597568777991 0.0004522840343735866 0.018873960332693538
24 0.3405698778833107 0.6698656429942419 0.009045680687471733 0.005118362124120281
41 0.33649932157394846 0.6836212412028151 0.0009045680687471732 0.025591810620601407
24 0.39326096788783355 0.6284388995521433 0.008593396653098146 0.005438259756877799
24 0.3573043871551334 0.5510236724248241 0.009045680687471733 0.005438259756877799
24 0.3573043871551334 0.6337172104926424 0.009045680687471733 0.005118362124120281
26 0.3573043871551334 0.6778630838131798 0.009045680687471733 0.005118362124120281
41 0.3616010854816825 0.5412667946257198 0.0004522840343735866 0.01727447216890595
47 0.3652193577566712 0.5406269993602048 0.0067842605156037995 0.015355086372360844
41 0.39733152419719586 0.6801023672424824 0.0004522840343735866 0.03582853486884197
41 0.39733152419719586 0.619321817018554 0.0004522840343735866 0.016634676903390915
41 0.3891904115784713 0.6463531669865643 0.0004522840343735866 0.013115802943058221
40 0.4023066485753053 0.6417146513115803 0.002261420171867933 0.0019193857965451055
134 0.4997738579828132 0.7960652591170825 0.9045680687471732 0.02143314139475368
1 0.7003618272274988 0.9225847728726807 0.014020805065581185 0.0006397952655150352
1 0.66078697421981 0.9225847728726807 0.013568521031207599 0.0006397952655150352
1 0.36680235187697874 0.9225847728726807 0.013568521031207599 0.0006397952655150352
1 0.32700135685210313 0.9225847728726807 0.013568521031207599 0.0006397952655150352
1 0.2234283129805518 0.9225847728726807 0.013568521031207599 0.0006397952655150352
1 0.17005879692446857 0.9225847728726807 0.013568521031207599 0.0006397952655150352
134 0.4997738579828132 0.9384197056941779 0.9045680687471732 0.02143314139475368
134 0.4997738579828132 0.8766794625719769 0.9045680687471732 0.02143314139475368
24 0.7005879692446857 0.9225847728726807 0.009045680687471733 0.005118362124120281
26 0.6788783355947535 0.9304222648752399 0.009045680687471733 0.005438259756877799
41 0.6745816372682044 0.9404990403071017 0.0004522840343735866 0.017914267434420986
41 0.6564902758932609 0.9374600127959053 0.0004522840343735866 0.025911708253358926
41 0.6962912709181366 0.935700575815739 0.0004522840343735866 0.02431222008957134
24 0.7182270465852555 0.8013435700575816 0.009045680687471733 0.005118362124120281
24 0.7182270465852555 0.8821177223288548 0.009045680687471733 0.005438259756877799
26 0.66078697421981 0.7935060780550224 0.009045680687471733 0.005438259756877799
26 0.66078697421981 0.8741202815099168 0.009045680687471733 0.005438259756877799
24 0.66078697421981 0.9225847728726807 0.009045680687471733 0.005118362124120281
40 0.6698326549072817 0.7935060780550224 0.0027137042062415195 0.001599488163787588
41 0.6564902758932609 0.803103007037748 0.0004522840343735866 0.017594369801663467
40 0.6698326549072817 0.8741202815099168 0.0027137042062415195 0.001599488163787588
41 0.6650836725463591 0.8654830454254638 0.0004522840343735866 0.015674984005118364
41 0.7225237449118046 0.791746641074856 0.0004522840343735866 0.01727447216890595
26 0.7643600180913613 0.9516954574536148 0.009045680687471733 0.005118362124120281
41 0.7600633197648123 0.805662188099808 0.0004522840343735866 0.015674984005118364
41 0.47829036635006783 0.9448176583493282 0.0004522840343735866 0.02527191298784389
26 0.48258706467661694 0.9304222648752399 0.009045680687471733 0.005438259756877799
120 0.20398009950248755 0.8563659628918746 0.16191768430574402 0.008317338451695458
28 0.7643600180913613 0.8873960332693538 0.009045680687471733 0.005118362124120281
41 0.7686567164179104 0.8672424824056302 0.0004522840343735866 0.01599488163787588
40 0.7734056987788331 0.889955214331414 0.0027137042062415195 0.0019193857965451055
41 0.7600633197648123 0.8949136276391555 0.0004522840343735866 0.013115802943058221
26 0.6390773405698779 0.9304222648752399 0.009045680687471733 0.005438259756877799
47 0.7263681592039801 0.791106845809341 0.007236544549977386 0.015355086372360844
41 0.7225237449118046 0.8723608445297505 0.0004522840343735866 0.01727447216890595
47 0.7263681592039801 0.8717210492642354 0.007236544549977386 0.015355086372360844
26 0.7182270465852555 0.9304222648752399 0.009045680687471733 0.005438259756877799
41 0.7141564902758932 0.939699296225208 0.0009045680687471732 0.016314779270633396
24 0.7643600180913613 0.7960652591170825 0.009045680687471733 0.005438259756877799
24 0.7643600180913613 0.8766794625719769 0.009045680687471733 0.005438259756877799
41 0.5049751243781094 0.7983045425463852 0.0004522840343735866 0.016314779270633396
41 0.567842605156038 0.864043506078055 0.0004522840343735866 0.011516314779270634
41 0.5592492085029398 0.9427383237364043 0.0004522840343735866 0.02111324376199616
53 0.5637720488466758 0.8010236724248241 0.007688828584350972 0.01471529110684581
26 0.5092718227046585 0.9253039027511196 0.009045680687471733 0.005438259756877799
24 0.6173677069199457 0.7907869481765835 0.009045680687471733 0.005118362124120281
24 0.6173677069199457 0.8715611004478567 0.009045680687471733 0.005438259756877799
28 0.6173677069199457 0.8873960332693538 0.009045680687471733 0.005118362124120281
26 0.6173677069199457 0.9411388355726168 0.009045680687471733 0.005118362124120281
41 0.5133423790140208 0.8619641714651312 0.0009045680687471732 0.01055662188099808
41 0.5049751243781094 0.9411388355726168 0.0004522840343735866 0.030070377479206652
41 0.6130710085933967 0.800383877159309 0.0004522840343735866 0.01727447216890595
24 0.5635459068294889 0.7907869481765835 0.009045680687471733 0.005118362124120281
24 0.5635459068294889 0.8715611004478567 0.009045680687471733 0.005438259756877799
26 0.5635459068294889 0.9304222648752399 0.009045680687471733 0.005438259756877799
41 0.5592492085029398 0.800383877159309 0.0004522840343735866 0.01727447216890595
41 0.6130710085933967 0.9481765834932822 0.0004522840343735866 0.01215611004478567
53 0.5092718227046585 0.7984644913627639 0.008141112618724558 0.015355086372360844
26 0.5092718227046585 0.8688419705694178 0.009045680687471733 0.005118362124120281
41 0.6216644052464948 0.8630838131797824 0.0004522840343735866 0.01471529110684581
41 0.6347806422433289 0.941618682021753 0.0004522840343735866 0.02015355086372361
26 0.5092718227046585 0.7880678182981445 0.009045680687471733 0.005438259756877799
40 0.6264133876074175 0.889955214331414 0.0027137042062415195 0.0019193857965451055
41 0.6130710085933967 0.8949136276391555 0.0004522840343735866 0.013115802943058221
121 0.8783355947535052 0.8651631477927063 0.12030755314337403 0.001599488163787588
120 0.8405698778833107 0.8077415227127319 0.052917232021709636 0.007037747920665387
120 0.8496155585707824 0.9494561740243123 0.16960651289009498 0.01983365323096609
121 0.8534599728629579 0.9147472808701216 0.17005879692446857 0.001599488163787588
120 0.8550429669832655 0.8573256557901472 0.16689280868385345 0.007677543186180422
47 0.9425599276345545 0.7943058221369161 0.006331976481230212 0.014075495841330775
41 0.9384893713251922 0.8742802303262955 0.0009045680687471732 0.017914267434420986
41 0.9384893713251922 0.9233845169545746 0.0009045680687471732 0.01695457453614843
120 0.6673450927182271 0.9259436980166347 0.10085933966530981 0.018873960332693538
120 0.3340117593848937 0.9192258477287268 0.10085933966530981 0.009916826615483045
121 0.32994120307553143 0.9512156110044786 0.10085933966530981 0.006078055022392835
120 0.3009950248756219 0.8909149072296865 0.03753957485300769 0.005118362124120281
120 0.30529172320217096 0.8104606525911708 0.04341926729986431 0.005438259756877799
120 0.18181818181818182 0.9035508637236085 0.031659882406151064 0.004158669225847729
121 0.20737222976028946 0.8974728087012156 0.08276797829036635 0.0028790786948176585
120 0.1587516960651289 0.9014715291106846 0.013568521031207599 0.0025591810620601407
120 0.1614654002713704 0.8077415227127319 0.016282225237449117 0.003198976327575176
120 0.18453188602442333 0.9211452335252719 0.13658977838082315 0.022072936660268713
121 0.18023518769787428 0.9516954574536148 0.13704206241519673 0.005118362124120281
121 0.6637268204432384 0.9512156110044786 0.10085933966530981 0.00799744081893794
120 0.643374038896427 0.8654830454254638 0.03753957485300769 0.006078055022392835
121 0.540479421076436 0.8574856046065259 0.054274084124830396 0.0035188739603326936
120 0.5364088647670737 0.7813499680102367 0.054274084124830396 0.006078055022392835
41 0.9384893713251922 0.7941458733205374 0.0009045680687471732 0.01695457453614843
120 0.48869289914066033 0.9249840051183621 0.14880144730890998 0.029750479846449136
121 0.48507462686567165 0.9584133077415227 0.14880144730890998 0.009596928982725527
120 0.49344188150158297 0.8515674984005118 0.1483491632745364 0.007677543186180422
124 0.5 0.9025911708253359 0.18046132971506107 0.007357645553422905
124 0.5 0.7733525271912988 0.18046132971506107 0.007357645553422905
47 0.8222523744911805 0.7888675623800384 0.006331976481230212 0.014075495841330775
26 0.8141112618724559 0.7986244401791427 0.009045680687471733 0.005438259756877799
26 0.8141112618724559 0.8795585412667947 0.009045680687471733 0.005438259756877799
24 0.8141112618724559 0.9278630838131798 0.009045680687471733 0.005438259756877799
41 0.8181818181818182 0.7890275111964171 0.0009045680687471732 0.017594369801663467
41 0.793306196291271 0.9233845169545746 0.0009045680687471732 0.01695457453614843
41 0.8181818181818182 0.8718809980806143 0.0009045680687471732 0.013115802943058221
41 0.8181818181818182 0.9209852847088932 0.0009045680687471732 0.01215611004478567
41 0.7686567164179104 0.9328214971209213 0.0004522840343735866 0.03582853486884197
24 0.7892356399819086 0.9333013435700576 0.009045680687471733 0.005438259756877799
26 0.9158751696065129 0.8793985924504159 0.009045680687471733 0.005118362124120281
24 0.9156490275893261 0.9278630838131798 0.008593396653098146 0.005438259756877799
41 0.9199457259158752 0.7888675623800384 0.0009045680687471732 0.01727447216890595
47 0.9235639981908639 0.7882277671145234 0.007236544549977386 0.015355086372360844
41 0.9199457259158752 0.8718809980806143 0.0009045680687471732 0.013115802943058221
26 0.9158751696065129 0.7986244401791427 0.009045680687471733 0.005438259756877799
41 0.9199457259158752 0.9209852847088932 0.0009045680687471732 0.01215611004478567
26 0.9344188150158299 0.8040626999360204 0.009045680687471733 0.005438259756877799
26 0.9344188150158299 0.8846769033909149 0.009045680687471733 0.005438259756877799
24 0.9344188150158299 0.9333013435700576 0.009045680687471733 0.005438259756877799
24 0.8674807779285392 0.8013435700575816 0.009045680687471733 0.005118362124120281
24 0.8674807779285392 0.8821177223288548 0.009045680687471733 0.005438259756877799
24 0.8674807779285392 0.9333013435700576 0.009045680687471733 0.005438259756877799
41 0.8717774762550882 0.791746641074856 0.0004522840343735866 0.01727447216890595
47 0.8756218905472637 0.791106845809341 0.007236544549977386 0.015355086372360844
41 0.8717774762550882 0.8731605886116443 0.0004522840343735866 0.015674984005118364
41 0.8717774762550882 0.9235444657709533 0.0004522840343735866 0.01727447216890595
26 0.2021709633649932 0.8846769033909149 0.009045680687471733 0.005438259756877799
26 0.2021709633649932 0.9358605246321178 0.009045680687471733 0.005438259756877799
41 0.2062415196743555 0.7943058221369161 0.0009045680687471732 0.01727447216890595
47 0.20985979194934418 0.7936660268714012 0.007236544549977386 0.015355086372360844
41 0.19787426503844413 0.8915547024952015 0.0004522840343735866 0.011516314779270634
26 0.2021709633649932 0.8040626999360204 0.009045680687471733 0.005438259756877799
41 0.19787426503844413 0.9438579654510557 0.0004522840343735866 0.014395393474088292
24 0.2234283129805518 0.8013435700575816 0.009045680687471733 0.005118362124120281
24 0.17005879692446857 0.8821177223288548 0.009045680687471733 0.005438259756877799
26 0.16078697421981003 0.9253039027511196 0.008593396653098146 0.005438259756877799
24 0.17005879692446857 0.9225847728726807 0.009045680687471733 0.005118362124120281
41 0.17435549525101765 0.7912667946257198 0.0004522840343735866 0.016314779270633396
47 0.17819990954319312 0.791106845809341 0.007236544549977386 0.015355086372360844
41 0.16598824061510628 0.8902751119641714 0.0009045680687471732 0.01471529110684581
41 0.16598824061510628 0.9377799104286628 0.0009045680687471732 0.028470889315419065
41 0.257123473541384 0.7885476647472809 0.0004522840343735866 0.016634676903390915
47 0.26096788783355945 0.7882277671145234 0.007236544549977386 0.015355086372360844
41 0.24875621890547264 0.8885156749840051 0.0009045680687471732 0.016314779270633396
41 0.24875621890547264 0.9433781190019194 0.0009045680687471732 0.012795905310300703
26 0.25282677521483493 0.9358605246321178 0.009045680687471733 0.005438259756877799
24 0.2835820895522388 0.8013435700575816 0.009045680687471733 0.005118362124120281
28 0.2835820895522388 0.8661228406909789 0.009045680687471733 0.005438259756877799
24 0.2835820895522388 0.8821177223288548 0.009045680687471733 0.005438259756877799
24 0.2835820895522388 0.9384197056941779 0.009045680687471733 0.005438259756877799
24 0.2234283129805518 0.8821177223288548 0.009045680687471733 0.005438259756877799
26 0.21415649027589326 0.9253039027511196 0.008593396653098146 0.005438259756877799
24 0.2234283129805518 0.9225847728726807 0.009045680687471733 0.005118362124120281
41 0.22749886928991406 0.791746641074856 0.0009045680687471732 0.01727447216890595
47 0.23134328358208955 0.791106845809341 0.0067842605156037995 0.015355086372360844
41 0.21913161465400272 0.8901151631477927 0.0004522840343735866 0.014395393474088292
24 0.17005879692446857 0.8013435700575816 0.009045680687471733 0.005118362124120281
41 0.21913161465400272 0.9371401151631478 0.0004522840343735866 0.027191298784388994
26 0.25282677521483493 0.7986244401791427 0.009045680687471733 0.005438259756877799
26 0.25282677521483493 0.8793985924504159 0.009045680687471733 0.005118362124120281
5 0.06286748077792854 0.7965451055662188 0.018091361374943465 0.03582853486884197
67 0.08254183627317956 0.7930262316058861 0.005879692446856626 0.012795905310300703
67 0.08864767073722297 0.7850287907869482 0.005427408412483039 0.012795905310300703
5 0.06286748077792854 0.877319257837492 0.018091361374943465 0.036148432501599485
67 0.08254183627317956 0.8736404350607806 0.005879692446856626 0.012795905310300703
67 0.08864767073722297 0.8656429942418427 0.005427408412483039 0.012795905310300703
8 0.06331976481230213 0.936340371081254 0.018995929443690638 0.016634676903390915
67 0.08254183627317956 0.9408189379398593 0.005879692446856626 0.012795905310300703
67 0.08864767073722297 0.9328214971209213 0.005427408412483039 0.012795905310300703
24 0.11623699683401176 0.8013435700575816 0.009045680687471733 0.005118362124120281
30 0.11623699683401176 0.8688419705694178 0.009045680687471733 0.005118362124120281
24 0.11623699683401176 0.8821177223288548 0.009045680687471733 0.005438259756877799
0 0.03980099502487562 0.9077095329494562 0.009045680687471733 0.08349328214971209
24 0.11623699683401176 0.9384197056941779 0.009045680687471733 0.005438259756877799
125 0.8769787426503844 0.7733525271912988 0.13568521031207598 0.007357645553422905
125 0.8769787426503844 0.894593730006398 0.13568521031207598 0.007357645553422905
26 0.15332428765264586 0.8793985924504159 0.006331976481230212 0.003838771593090211
59 0.10583446404341927 0.9353806781829814 0.005427408412483039 0.012795905310300703
26 0.13930348258706468 0.9358605246321178 0.009045680687471733 0.005438259756877799
41 0.1350067842605156 0.9446577095329495 0.0004522840343735866 0.01599488163787588
61 0.12935323383084577 0.9358605246321178 0.004522840343735866 0.013755598208573257
26 0.15332428765264586 0.7987843889955214 0.006331976481230212 0.003838771593090211
41 0.15626413387607418 0.791106845809341 0.0004522840343735866 0.014075495841330775
47 0.1585255540479421 0.7896673064619322 0.009497964721845319 0.01055662188099808
41 0.15061058344640435 0.88659628918746 0.0009045680687471732 0.013115802943058221
53 0.15287200361827227 0.8872360844529751 0.009045680687471733 0.01055662188099808
41 0.12030755314337403 0.791746641074856 0.0009045680687471732 0.01727447216890595
40 0.1252826775214835 0.8688419705694178 0.0027137042062415195 0.0019193857965451055
41 0.12030755314337403 0.8610044785668586 0.0009045680687471732 0.013755598208573257
41 0.11194029850746269 0.8902751119641714 0.0004522840343735866 0.01471529110684581
61 0.10606060606060606 0.8688419705694178 0.004975124378109453 0.013435700575815739
41 0.11194029850746269 0.9464171465131158 0.0004522840343735866 0.013755598208573257
26 0.4147444595205789 0.8040626999360204 0.009045680687471733 0.005438259756877799
26 0.4147444595205789 0.8846769033909149 0.009045680687471733 0.005438259756877799
30 0.42424242424242425 0.8846769033909149 0.009045680687471733 0.005438259756877799
24 0.4147444595205789 0.9489763275751759 0.009045680687471733 0.005438259756877799
41 0.419041157847128 0.7943058221369161 0.0004522840343735866 0.01727447216890595
41 0.419041157847128 0.8750799744081894 0.0004522840343735866 0.017594369801663467
40 0.433288104929896 0.8846769033909149 0.0027137042062415195 0.001599488163787588
41 0.41994572591587515 0.8926743442098528 0.0004522840343735866 0.013755598208573257
41 0.3889642695612845 0.7943058221369161 0.0009045680687471732 0.01727447216890595
41 0.3625056535504297 0.935700575815739 0.0004522840343735866 0.02815099168266155
41 0.2878787878787879 0.791746641074856 0.0004522840343735866 0.01727447216890595
26 0.38489371325192223 0.8846769033909149 0.009045680687471733 0.005438259756877799
24 0.38489371325192223 0.9333013435700576 0.009045680687471733 0.005438259756877799
47 0.39258254183627317 0.7936660268714012 0.007236544549977386 0.015355086372360844
41 0.3805970149253731 0.8931541906589892 0.0004522840343735866 0.01471529110684581
53 0.38489371325192223 0.8925143953934741 0.008141112618724558 0.015355086372360844
41 0.3805970149253731 0.9414587332053743 0.0004522840343735866 0.01471529110684581
24 0.459520578923564 0.7855086372360844 0.009045680687471733 0.005438259756877799
24 0.459520578923564 0.8661228406909789 0.009045680687471733 0.005438259756877799
26 0.459520578923564 0.9253039027511196 0.009045680687471733 0.005438259756877799
41 0.4554500226142017 0.79510556621881 0.0009045680687471732 0.017594369801663467
41 0.432157394843962 0.9465770953294945 0.0004522840343735866 0.028790786948176585
41 0.46381727725011307 0.858765195137556 0.0004522840343735866 0.013115802943058221
41 0.4554500226142017 0.9428982725527831 0.0009045680687471732 0.03358925143953935
61 0.4497964721845319 0.9253039027511196 0.004975124378109453 0.013755598208573257
41 0.41044776119402987 0.9560140754958413 0.0004522840343735866 0.011836212412028152
26 0.38489371325192223 0.8040626999360204 0.009045680687471733 0.005438259756877799
26 0.4364540931705111 0.9304222648752399 0.009045680687471733 0.005438259756877799
41 0.27951153324287653 0.9464171465131158 0.0009045680687471732 0.013755598208573257
24 0.30529172320217096 0.9333013435700576 0.009045680687471733 0.005438259756877799
41 0.3012211668928087 0.9432181701855407 0.0009045680687471732 0.018234165067178502
26 0.32700135685210313 0.8040626999360204 0.009045680687471733 0.005438259756877799
40 0.29285391225689733 0.8635636596289188 0.002261420171867933 0.001599488163787588
41 0.2878787878787879 0.858765195137556 0.0004522840343735866 0.013115802943058221
26 0.36680235187697874 0.9253039027511196 0.009045680687471733 0.005438259756877799
41 0.27951153324287653 0.8902751119641714 0.0009045680687471732 0.01471529110684581
24 0.34509271822704657 0.9333013435700576 0.009045680687471733 0.005438259756877799
40 0.33627317955676167 0.8846769033909149 0.002261420171867933 0.001599488163787588
41 0.3229308005427408 0.8928342930262316 0.0009045680687471732 0.013435700575815739
41 0.3407960199004975 0.9424184261036468 0.0004522840343735866 0.016634676903390915
26 0.36680235187697874 0.9198656429942419 0.009045680687471733 0.005438259756877799
41 0.3229308005427408 0.9365003198976327 0.0009045680687471732 0.029750479846449136
26 0.32700135685210313 0.8846769033909149 0.009045680687471733 0.005438259756877799
41 0.3312980551786522 0.7943058221369161 0.0004522840343735866 0.01727447216890595
40 0.33627317955676167 0.8040626999360204 0.002261420171867933 0.001599488163787588
26 0.32700135685210313 0.9198656429942419 0.009045680687471733 0.005438259756877799
26 0.32700135685210313 0.9253039027511196 0.009045680687471733 0.005438259756877799
