1 0.9293367346938776 0.16522366522366522 0.015816326530612244 0.0007215007215007215
1 0.9293367346938776 0.17117604617604618 0.015816326530612244 0.0010822510822510823
1 0.8885204081632653 0.16522366522366522 0.015816326530612244 0.0007215007215007215
1 0.8885204081632653 0.17117604617604618 0.015816326530612244 0.0010822510822510823
1 0.8477040816326531 0.16522366522366522 0.015816326530612244 0.0007215007215007215
1 0.8477040816326531 0.17117604617604618 0.015816326530612244 0.0010822510822510823
1 0.8066326530612244 0.16522366522366522 0.0163265306122449 0.0007215007215007215
1 0.8066326530612244 0.17117604617604618 0.0163265306122449 0.0010822510822510823
1 0.7798469387755103 0.16522366522366522 0.015816326530612244 0.0007215007215007215
1 0.7798469387755103 0.17117604617604618 0.015816326530612244 0.0010822510822510823
1 0.7415816326530612 0.16522366522366522 0.015816326530612244 0.0007215007215007215
1 0.7415816326530612 0.17117604617604618 0.015816326530612244 0.0010822510822510823
1 0.700765306122449 0.16522366522366522 0.015816326530612244 0.0007215007215007215
1 0.700765306122449 0.17117604617604618 0.015816326530612244 0.0010822510822510823
1 0.6599489795918367 0.16522366522366522 0.015816326530612244 0.0007215007215007215
1 0.6599489795918367 0.17117604617604618 0.015816326530612244 0.0010822510822510823
1 0.6191326530612244 0.16522366522366522 0.015816326530612244 0.0007215007215007215
1 0.6191326530612244 0.17117604617604618 0.015816326530612244 0.0010822510822510823
1 0.5920918367346939 0.16522366522366522 0.015816326530612244 0.0007215007215007215
1 0.5920918367346939 0.17117604617604618 0.015816326530612244 0.0010822510822510823
1 0.5540816326530612 0.16522366522366522 0.0163265306122449 0.0007215007215007215
1 0.5540816326530612 0.17117604617604618 0.0163265306122449 0.0010822510822510823
1 0.513265306122449 0.16522366522366522 0.0163265306122449 0.0007215007215007215
1 0.513265306122449 0.17117604617604618 0.0163265306122449 0.0010822510822510823
1 0.47244897959183674 0.16522366522366522 0.0163265306122449 0.0007215007215007215
1 0.47244897959183674 0.17117604617604618 0.0163265306122449 0.0010822510822510823
1 0.4316326530612245 0.16522366522366522 0.0163265306122449 0.0007215007215007215
1 0.4316326530612245 0.17117604617604618 0.0163265306122449 0.0010822510822510823
1 0.4045918367346939 0.16522366522366522 0.0163265306122449 0.0007215007215007215
1 0.4045918367346939 0.17117604617604618 0.0163265306122449 0.0010822510822510823
1 0.3665816326530612 0.16522366522366522 0.015816326530612244 0.0007215007215007215
1 0.3665816326530612 0.17117604617604618 0.015816326530612244 0.0010822510822510823
1 0.32576530612244897 0.16522366522366522 0.015816326530612244 0.0007215007215007215
1 0.32576530612244897 0.17117604617604618 0.015816326530612244 0.0010822510822510823
1 0.28494897959183674 0.16522366522366522 0.015816326530612244 0.0007215007215007215
1 0.28494897959183674 0.17117604617604618 0.015816326530612244 0.0010822510822510823
1 0.2441326530612245 0.16522366522366522 0.015816326530612244 0.0007215007215007215
1 0.2441326530612245 0.17117604617604618 0.015816326530612244 0.0010822510822510823
1 0.21709183673469387 0.16522366522366522 0.015816326530612244 0.0007215007215007215
1 0.21709183673469387 0.17117604617604618 0.015816326530612244 0.0010822510822510823
1 0.7823979591836735 0.1038961038961039 0.023979591836734693 0.0007215007215007215
1 0.7823979591836735 0.10984848484848485 0.023979591836734693 0.0010822510822510823
1 0.7823979591836735 0.11580086580086581 0.023979591836734693 0.0007215007215007215
1 0.5948979591836735 0.1038961038961039 0.024489795918367346 0.0007215007215007215
1 0.5948979591836735 0.10984848484848485 0.024489795918367346 0.0010822510822510823
1 0.5948979591836735 0.11580086580086581 0.024489795918367346 0.0007215007215007215
134 0.5354591836734693 0.08603896103896104 0.8331632653061225 0.024170274170274172
134 0.5354591836734693 0.14736652236652237 0.8331632653061225 0.024170274170274172
26 0.8066326530612244 0.17406204906204906 0.01020408163265306 0.006132756132756133
24 0.8061224489795918 0.15313852813852813 0.009183673469387756 0.006132756132756133
41 0.8114795918367347 0.1527777777777778 0.0005102040816326531 0.04004329004329004
26 0.8474489795918367 0.17406204906204906 0.01020408163265306 0.006132756132756133
24 0.8469387755102041 0.15313852813852813 0.009183673469387756 0.006132756132756133
41 0.852295918367347 0.1527777777777778 0.0005102040816326531 0.04004329004329004
26 0.888265306122449 0.17406204906204906 0.01020408163265306 0.006132756132756133
24 0.8877551020408163 0.15313852813852813 0.009183673469387756 0.006132756132756133
41 0.8933673469387755 0.1527777777777778 0.0010204081632653062 0.04004329004329004
24 0.7410714285714286 0.15313852813852813 0.009693877551020408 0.006132756132756133
26 0.7415816326530612 0.17406204906204906 0.010714285714285714 0.006132756132756133
41 0.7058673469387755 0.15241702741702742 0.0005102040816326531 0.03932178932178932
24 0.700765306122449 0.15313852813852813 0.010714285714285714 0.006132756132756133
26 0.700765306122449 0.17406204906204906 0.010714285714285714 0.006132756132756133
41 0.7466836734693878 0.1527777777777778 0.0005102040816326531 0.04004329004329004
41 0.6650510204081632 0.15241702741702742 0.0005102040816326531 0.03932178932178932
24 0.6599489795918367 0.15313852813852813 0.010714285714285714 0.006132756132756133
26 0.6599489795918367 0.17406204906204906 0.010714285714285714 0.006132756132756133
122 0.23061224489795917 0.1782106782106782 0.012244897959183673 0.0021645021645021645
41 0.7844387755102041 0.15963203463203463 0.0005102040816326531 0.024170274170274172
47 0.7882653061224489 0.15656565656565657 0.007142857142857143 0.017316017316017316
26 0.7795918367346939 0.17406204906204906 0.01020408163265306 0.006132756132756133
34 0.7823979591836735 0.10696248196248197 0.015816326530612244 0.006132756132756133
32 0.7823979591836735 0.11598124098124098 0.015816326530612244 0.006132756132756133
47 0.7505102040816326 0.1415945165945166 0.007142857142857143 0.017676767676767676
122 0.6056122448979592 0.1782106782106782 0.012244897959183673 0.0021645021645021645
122 0.4928571428571429 0.17875180375180375 0.025510204081632654 0.003246753246753247
122 0.49362244897959184 0.15025252525252525 0.025 0.003246753246753247
122 0.5339285714285714 0.17875180375180375 0.026020408163265306 0.003246753246753247
122 0.5344387755102041 0.15025252525252525 0.025 0.003246753246753247
122 0.6887755102040817 0.1240981240981241 0.1836734693877551 0.004329004329004329
122 0.6887755102040817 0.09866522366522366 0.1836734693877551 0.00468975468975469
122 0.6395408163265306 0.17875180375180375 0.026020408163265306 0.003246753246753247
122 0.6400510204081633 0.15025252525252525 0.025 0.003246753246753247
122 0.6803571428571429 0.17875180375180375 0.026020408163265306 0.003246753246753247
122 0.6808673469387755 0.15025252525252525 0.025 0.003246753246753247
122 0.7211734693877551 0.17875180375180375 0.026020408163265306 0.003246753246753247
122 0.3461734693877551 0.17875180375180375 0.026020408163265306 0.003246753246753247
84 0.2913265306122449 0.08189033189033189 0.012244897959183673 0.0036075036075036075
122 0.2645408163265306 0.17875180375180375 0.026020408163265306 0.003246753246753247
122 0.26505102040816325 0.15025252525252525 0.025 0.003246753246753247
122 0.3053571428571429 0.17875180375180375 0.026020408163265306 0.003246753246753247
122 0.3058673469387755 0.15025252525252525 0.025 0.003246753246753247
122 0.7216836734693878 0.15025252525252525 0.025 0.003246753246753247
122 0.3466836734693878 0.15025252525252525 0.025 0.003246753246753247
84 0.4826530612244898 0.08189033189033189 0.012244897959183673 0.0036075036075036075
122 0.4181122448979592 0.1782106782106782 0.01173469387755102 0.0021645021645021645
122 0.4520408163265306 0.17875180375180375 0.025510204081632654 0.003246753246753247
122 0.4528061224489796 0.15025252525252525 0.025 0.003246753246753247
47 0.938265306122449 0.14267676767676768 0.006122448979591836 0.015512265512265512
41 0.9341836734693878 0.1525974025974026 0.0010204081632653062 0.03968253968253968
24 0.9293367346938776 0.15313852813852813 0.010714285714285714 0.006132756132756133
26 0.9293367346938776 0.17406204906204906 0.010714285714285714 0.006132756132756133
122 0.8686224489795918 0.15025252525252525 0.025 0.003246753246753247
122 0.7933673469387755 0.1782106782106782 0.012244897959183673 0.0021645021645021645
122 0.827295918367347 0.17875180375180375 0.026020408163265306 0.003246753246753247
122 0.8278061224489796 0.15025252525252525 0.025 0.003246753246753247
122 0.8681122448979591 0.17875180375180375 0.026020408163265306 0.003246753246753247
122 0.9089285714285714 0.17875180375180375 0.026020408163265306 0.003246753246753247
122 0.9094387755102041 0.15025252525252525 0.025 0.003246753246753247
41 0.3308673469387755 0.1525974025974026 0.0005102040816326531 0.03968253968253968
47 0.37551020408163266 0.1424963924963925 0.006122448979591836 0.015873015873015872
41 0.37168367346938774 0.15241702741702742 0.0005102040816326531 0.03932178932178932
24 0.3665816326530612 0.15313852813852813 0.010714285714285714 0.006132756132756133
26 0.3665816326530612 0.17406204906204906 0.010714285714285714 0.006132756132756133
24 0.32576530612244897 0.15313852813852813 0.010714285714285714 0.006132756132756133
26 0.32576530612244897 0.17406204906204906 0.010714285714285714 0.006132756132756133
41 0.2900510204081633 0.1525974025974026 0.0005102040816326531 0.03968253968253968
24 0.28494897959183674 0.15313852813852813 0.010714285714285714 0.006132756132756133
26 0.28494897959183674 0.17406204906204906 0.010714285714285714 0.006132756132756133
47 0.4135204081632653 0.15692640692640691 0.0066326530612244895 0.016594516594516596
41 0.624234693877551 0.15241702741702742 0.0005102040816326531 0.03932178932178932
41 0.4094387755102041 0.15963203463203463 0.0005102040816326531 0.024170274170274172
26 0.4045918367346939 0.17406204906204906 0.01020408163265306 0.006132756132756133
23 0.18775510204081633 0.14736652236652237 0.014285714285714285 0.016233766233766232
67 0.15918367346938775 0.1497113997113997 0.007142857142857143 0.01443001443001443
67 0.16683673469387755 0.1406926406926407 0.007142857142857143 0.01443001443001443
8 0.1364795918367347 0.1443001443001443 0.02193877551020408 0.018037518037518036
26 0.21709183673469387 0.17406204906204906 0.010714285714285714 0.006132756132756133
23 0.18775510204081633 0.08603896103896104 0.014285714285714285 0.016233766233766232
67 0.15918367346938775 0.08243145743145742 0.007142857142857143 0.01479076479076479
67 0.16683673469387755 0.07341269841269842 0.007142857142857143 0.01479076479076479
5 0.1364795918367347 0.08513708513708514 0.020918367346938777 0.04329004329004329
41 0.2221938775510204 0.16017316017316016 0.0005102040816326531 0.025252525252525252
0 0.11224489795918367 0.11652236652236653 0.007142857142857143 0.08585858585858586
41 0.24897959183673468 0.1525974025974026 0.0010204081632653062 0.03968253968253968
24 0.2441326530612245 0.15313852813852813 0.010714285714285714 0.006132756132756133
26 0.2441326530612245 0.17406204906204906 0.010714285714285714 0.006132756132756133
47 0.22576530612244897 0.15656565656565657 0.0066326530612244895 0.017316017316017316
34 0.5948979591836735 0.10696248196248197 0.0163265306122449 0.006132756132756133
26 0.5920918367346939 0.17406204906204906 0.010714285714285714 0.006132756132756133
32 0.5948979591836735 0.11598124098124098 0.0163265306122449 0.006132756132756133
47 0.5630102040816326 0.14195526695526695 0.0066326530612244895 0.016955266955266956
41 0.5589285714285714 0.15223665223665223 0.0005102040816326531 0.03896103896103896
24 0.5540816326530612 0.15313852813852813 0.01020408163265306 0.006132756132756133
24 0.6191326530612244 0.15313852813852813 0.010714285714285714 0.006132756132756133
26 0.6191326530612244 0.17406204906204906 0.010714285714285714 0.006132756132756133
47 0.6012755102040817 0.15728715728715728 0.0066326530612244895 0.015873015873015872
41 0.5971938775510204 0.16017316017316016 0.0005102040816326531 0.025252525252525252
41 0.4364795918367347 0.15223665223665223 0.0005102040816326531 0.03896103896103896
26 0.47244897959183674 0.17406204906204906 0.01020408163265306 0.006132756132756133
24 0.4719387755102041 0.15313852813852813 0.009183673469387756 0.006132756132756133
41 0.4772959183673469 0.1527777777777778 0.0005102040816326531 0.04004329004329004
24 0.4316326530612245 0.15313852813852813 0.01020408163265306 0.006132756132756133
26 0.4316326530612245 0.17406204906204906 0.01020408163265306 0.006132756132756133
26 0.5540816326530612 0.17406204906204906 0.01020408163265306 0.006132756132756133
24 0.5127551020408163 0.15313852813852813 0.009183673469387756 0.006132756132756133
26 0.513265306122449 0.17406204906204906 0.01020408163265306 0.006132756132756133
41 0.5181122448979592 0.1527777777777778 0.0005102040816326531 0.04004329004329004
134 0.4997448979591837 0.28589466089466087 0.9045918367346939 0.024170274170274172
2 0.12193877551020409 0.3430735930735931 0.003061224489795918 0.0021645021645021645
2 0.12193877551020409 0.349025974025974 0.003061224489795918 0.0025252525252525255
2 0.12193877551020409 0.283008658008658 0.003061224489795918 0.0025252525252525255
2 0.12193877551020409 0.288961038961039 0.003061224489795918 0.0021645021645021645
1 0.9280612244897959 0.363997113997114 0.0163265306122449 0.0007215007215007215
1 0.9280612244897959 0.369949494949495 0.0163265306122449 0.0010822510822510823
1 0.8846938775510204 0.363997113997114 0.0163265306122449 0.0007215007215007215
1 0.8846938775510204 0.369949494949495 0.0163265306122449 0.0010822510822510823
1 0.8413265306122449 0.363997113997114 0.0163265306122449 0.0007215007215007215
1 0.8413265306122449 0.369949494949495 0.0163265306122449 0.0010822510822510823
1 0.7987244897959184 0.363997113997114 0.015816326530612244 0.0007215007215007215
1 0.7987244897959184 0.369949494949495 0.015816326530612244 0.0010822510822510823
1 0.7706632653061225 0.363997113997114 0.015816326530612244 0.0007215007215007215
1 0.7706632653061225 0.369949494949495 0.015816326530612244 0.0010822510822510823
1 0.7308673469387755 0.363997113997114 0.015816326530612244 0.0007215007215007215
1 0.7308673469387755 0.369949494949495 0.015816326530612244 0.0010822510822510823
1 0.7308673469387755 0.3759018759018759 0.015816326530612244 0.0007215007215007215
1 0.6875 0.363997113997114 0.015816326530612244 0.0007215007215007215
1 0.6875 0.369949494949495 0.015816326530612244 0.0010822510822510823
1 0.6875 0.3759018759018759 0.015816326530612244 0.0007215007215007215
1 0.6451530612244898 0.363997113997114 0.015816326530612244 0.0007215007215007215
1 0.6451530612244898 0.369949494949495 0.015816326530612244 0.0010822510822510823
1 0.6451530612244898 0.3759018759018759 0.015816326530612244 0.0007215007215007215
1 0.6025510204081632 0.363997113997114 0.0163265306122449 0.0007215007215007215
1 0.6025510204081632 0.369949494949495 0.0163265306122449 0.0010822510822510823
1 0.6025510204081632 0.3759018759018759 0.0163265306122449 0.0007215007215007215
1 0.5627551020408164 0.363997113997114 0.0163265306122449 0.0007215007215007215
1 0.5627551020408164 0.369949494949495 0.0163265306122449 0.0010822510822510823
1 0.5635204081632653 0.3759018759018759 0.01479591836734694 0.0007215007215007215
1 0.5150510204081633 0.363997113997114 0.015816326530612244 0.0007215007215007215
1 0.5150510204081633 0.369949494949495 0.015816326530612244 0.0010822510822510823
1 0.47244897959183674 0.363997113997114 0.0163265306122449 0.0007215007215007215
1 0.47244897959183674 0.369949494949495 0.0163265306122449 0.0010822510822510823
1 0.4298469387755102 0.363997113997114 0.015816326530612244 0.0007215007215007215
1 0.4298469387755102 0.369949494949495 0.015816326530612244 0.0010822510822510823
1 0.3864795918367347 0.363997113997114 0.015816326530612244 0.0007215007215007215
1 0.3864795918367347 0.369949494949495 0.015816326530612244 0.0010822510822510823
1 0.35841836734693877 0.363997113997114 0.015816326530612244 0.0007215007215007215
1 0.35841836734693877 0.369949494949495 0.015816326530612244 0.0010822510822510823
1 0.3125 0.363997113997114 0.015816326530612244 0.0007215007215007215
1 0.3125 0.369949494949495 0.015816326530612244 0.0010822510822510823
1 0.26913265306122447 0.363997113997114 0.015816326530612244 0.0007215007215007215
1 0.26913265306122447 0.369949494949495 0.015816326530612244 0.0010822510822510823
1 0.21198979591836734 0.363997113997114 0.015816326530612244 0.0007215007215007215
1 0.21198979591836734 0.369949494949495 0.015816326530612244 0.0010822510822510823
1 0.16862244897959183 0.363997113997114 0.015816326530612244 0.0007215007215007215
1 0.16862244897959183 0.369949494949495 0.015816326530612244 0.0010822510822510823
1 0.14030612244897958 0.363997113997114 0.0163265306122449 0.0007215007215007215
1 0.14030612244897958 0.369949494949495 0.0163265306122449 0.0010822510822510823
134 0.4997448979591837 0.34613997113997114 0.9045918367346939 0.024170274170274172
1 0.8204081632653061 0.3037518037518038 0.017346938775510204 0.0007215007215007215
1 0.8204081632653061 0.3098845598845599 0.017346938775510204 0.0007215007215007215
1 0.8204081632653061 0.31583694083694086 0.017346938775510204 0.0010822510822510823
1 0.7706632653061225 0.3037518037518038 0.015816326530612244 0.0007215007215007215
1 0.7706632653061225 0.3098845598845599 0.015816326530612244 0.0007215007215007215
1 0.6665816326530613 0.3037518037518038 0.01683673469387755 0.0007215007215007215
1 0.6237244897959183 0.3037518037518038 0.015816326530612244 0.0007215007215007215
1 0.5627551020408164 0.3037518037518038 0.0163265306122449 0.0007215007215007215
1 0.5627551020408164 0.3098845598845599 0.0163265306122449 0.0007215007215007215
1 0.5627551020408164 0.31583694083694086 0.0163265306122449 0.0010822510822510823
1 0.49362244897959184 0.3037518037518038 0.015816326530612244 0.0007215007215007215
1 0.45127551020408163 0.3037518037518038 0.015816326530612244 0.0007215007215007215
1 0.35867346938775513 0.3037518037518038 0.017346938775510204 0.0007215007215007215
1 0.35867346938775513 0.3098845598845599 0.017346938775510204 0.0007215007215007215
1 0.3594387755102041 0.31583694083694086 0.015816326530612244 0.0010822510822510823
1 0.24821428571428572 0.3037518037518038 0.01683673469387755 0.0007215007215007215
1 0.24821428571428572 0.3098845598845599 0.01683673469387755 0.0007215007215007215
1 0.24821428571428572 0.31583694083694086 0.01683673469387755 0.0010822510822510823
1 0.22755102040816327 0.3037518037518038 0.01020408163265306 0.0007215007215007215
1 0.1405612244897959 0.3037518037518038 0.01683673469387755 0.0007215007215007215
1 0.1405612244897959 0.3098845598845599 0.01683673469387755 0.0007215007215007215
1 0.1405612244897959 0.31583694083694086 0.01683673469387755 0.0010822510822510823
47 0.7795918367346939 0.35624098124098125 0.006122448979591836 0.015512265512265512
41 0.7755102040816326 0.3587662337662338 0.0010204081632653062 0.024891774891774892
41 0.7755102040816326 0.2985209235209235 0.0010204081632653062 0.024891774891774892
26 0.7706632653061225 0.37283549783549785 0.010714285714285714 0.006132756132756133
26 0.7706632653061225 0.3129509379509379 0.010714285714285714 0.006132756132756133
47 0.7397959183673469 0.34433621933621933 0.006122448979591836 0.015512265512265512
26 0.7987244897959184 0.37283549783549785 0.010714285714285714 0.006132756132756133
41 0.825765306122449 0.29978354978354976 0.0005102040816326531 0.027417027417027416
40 0.8318877551020408 0.31277056277056275 0.0035714285714285713 0.0021645021645021645
30 0.8204081632653061 0.3068181818181818 0.011224489795918367 0.006132756132756133
28 0.8204081632653061 0.31583694083694086 0.011224489795918367 0.006132756132756133
41 0.8038265306122448 0.3513708513708514 0.0005102040816326531 0.04040404040404041
24 0.7987244897959184 0.3519119769119769 0.010714285714285714 0.006132756132756133
24 0.6025510204081632 0.3759018759018759 0.01020408163265306 0.005772005772005772
41 0.6288265306122449 0.29545454545454547 0.0005102040816326531 0.01875901875901876
26 0.6237244897959183 0.3068181818181818 0.010714285714285714 0.006132756132756133
59 0.5903061224489796 0.3513708513708514 0.007142857142857143 0.01443001443001443
41 0.6073979591836735 0.35443722943722944 0.0005102040816326531 0.04004329004329004
26 0.6025510204081632 0.3551587301587302 0.01020408163265306 0.006132756132756133
0 0.04107142857142857 0.31601731601731603 0.007653061224489796 0.08513708513708514
59 0.5505102040816326 0.3722943722943723 0.007142857142857143 0.01443001443001443
41 0.735969387755102 0.35425685425685427 0.0005102040816326531 0.03968253968253968
26 0.7308673469387755 0.3551587301587302 0.010714285714285714 0.006132756132756133
24 0.7308673469387755 0.3759018759018759 0.010714285714285714 0.005772005772005772
41 0.6926020408163265 0.3540764790764791 0.0005102040816326531 0.03932178932178932
26 0.6875 0.3551587301587302 0.010714285714285714 0.006132756132756133
24 0.6875 0.3759018759018759 0.010714285714285714 0.005772005772005772
40 0.8318877551020408 0.3068181818181818 0.0035714285714285713 0.0025252525252525255
41 0.6716836734693877 0.2950937950937951 0.0005102040816326531 0.018037518037518036
30 0.6665816326530613 0.3068181818181818 0.010714285714285714 0.006132756132756133
41 0.65 0.35425685425685427 0.0010204081632653062 0.03968253968253968
26 0.6451530612244898 0.3551587301587302 0.010714285714285714 0.006132756132756133
24 0.6451530612244898 0.3759018759018759 0.010714285714285714 0.005772005772005772
122 0.6663265306122449 0.38221500721500723 0.03877551020408163 0.003968253968253968
122 0.4517857142857143 0.349025974025974 0.027040816326530614 0.003246753246753247
122 0.49387755102040815 0.37752525252525254 0.027551020408163266 0.003246753246753247
122 0.4943877551020408 0.349025974025974 0.026530612244897958 0.003246753246753247
122 0.5829081632653061 0.38221500721500723 0.036224489795918365 0.003246753246753247
122 0.6239795918367347 0.3823953823953824 0.03877551020408163 0.0036075036075036075
122 0.627295918367347 0.34884559884559885 0.03214285714285714 0.0036075036075036075
122 0.45102040816326533 0.37752525252525254 0.027551020408163266 0.003246753246753247
122 0.6696428571428571 0.34884559884559885 0.03214285714285714 0.0036075036075036075
122 0.7091836734693877 0.3823953823953824 0.03979591836734694 0.0036075036075036075
122 0.7125 0.34884559884559885 0.03316326530612245 0.0036075036075036075
122 0.7846938775510204 0.37716450216450215 0.013265306122448979 0.0025252525252525255
122 0.8198979591836735 0.37752525252525254 0.027551020408163266 0.003246753246753247
122 0.8206632653061224 0.349025974025974 0.027040816326530614 0.003246753246753247
122 0.19438775510204082 0.3225108225108225 0.10408163265306122 0.004329004329004329
122 0.15459183673469387 0.376984126984127 0.013265306122448979 0.0021645021645021645
122 0.1903061224489796 0.37752525252525254 0.02857142857142857 0.003246753246753247
122 0.19081632653061226 0.349025974025974 0.027551020408163266 0.003246753246753247
122 0.24056122448979592 0.3777056277056277 0.042346938775510205 0.0036075036075036075
122 0.24107142857142858 0.34884559884559885 0.0413265306122449 0.0036075036075036075
120 0.23545918367346938 0.31583694083694086 0.01989795918367347 0.012626262626262626
122 0.8630102040816326 0.37752525252525254 0.02806122448979592 0.003246753246753247
122 0.29081632653061223 0.37752525252525254 0.02857142857142857 0.003246753246753247
122 0.2913265306122449 0.349025974025974 0.027551020408163266 0.003246753246753247
122 0.37244897959183676 0.37716450216450215 0.013265306122448979 0.0025252525252525255
122 0.40816326530612246 0.37752525252525254 0.02857142857142857 0.003246753246753247
122 0.4086734693877551 0.349025974025974 0.027551020408163266 0.003246753246753247
26 0.8846938775510204 0.37283549783549785 0.01020408163265306 0.006132756132756133
47 0.9369897959183674 0.3410894660894661 0.0066326530612244895 0.016233766233766232
41 0.9329081632653061 0.3508297258297258 0.0005102040816326531 0.03932178932178932
24 0.9280612244897959 0.3519119769119769 0.01020408163265306 0.006132756132756133
26 0.9280612244897959 0.37283549783549785 0.01020408163265306 0.006132756132756133
41 0.8895408163265306 0.3513708513708514 0.0005102040816326531 0.04040404040404041
24 0.8846938775510204 0.3519119769119769 0.01020408163265306 0.006132756132756133
41 0.8461734693877551 0.3508297258297258 0.0005102040816326531 0.03932178932178932
24 0.8413265306122449 0.3519119769119769 0.01020408163265306 0.006132756132756133
26 0.8413265306122449 0.37283549783549785 0.01020408163265306 0.006132756132756133
122 0.8637755102040816 0.349025974025974 0.027551020408163266 0.003246753246753247
122 0.9061224489795918 0.37752525252525254 0.02857142857142857 0.003246753246753247
122 0.9071428571428571 0.349025974025974 0.027551020408163266 0.003246753246753247
41 0.3173469387755102 0.35119047619047616 0.0010204081632653062 0.04004329004329004
24 0.3125 0.3519119769119769 0.010714285714285714 0.006132756132756133
26 0.3125 0.37283549783549785 0.010714285714285714 0.006132756132756133
41 0.274234693877551 0.35119047619047616 0.0005102040816326531 0.04004329004329004
24 0.26913265306122447 0.3519119769119769 0.010714285714285714 0.006132756132756133
26 0.26913265306122447 0.37283549783549785 0.010714285714285714 0.006132756132756133
41 0.25331632653061226 0.2967171717171717 0.0005102040816326531 0.03282828282828283
30 0.24821428571428572 0.3008658008658009 0.010714285714285714 0.005772005772005772
28 0.24821428571428572 0.31583694083694086 0.010714285714285714 0.006132756132756133
63 0.21760204081632653 0.3037518037518038 0.005612244897959183 0.010822510822510822
47 0.23188775510204082 0.29455266955266957 0.009693877551020408 0.010461760461760462
47 0.3673469387755102 0.35624098124098125 0.006122448979591836 0.015512265512265512
41 0.3635204081632653 0.3587662337662338 0.0005102040816326531 0.024891774891774892
61 0.3466836734693878 0.31872294372294374 0.005612244897959183 0.017676767676767676
41 0.2308673469387755 0.2950937950937951 0.0005102040816326531 0.015873015873015872
41 0.36403061224489797 0.29834054834054835 0.0005102040816326531 0.03607503607503607
26 0.35841836734693877 0.37283549783549785 0.010714285714285714 0.006132756132756133
30 0.35867346938775513 0.30104617604617606 0.011224489795918367 0.006132756132756133
30 0.35867346938775513 0.3129509379509379 0.011224489795918367 0.006132756132756133
30 0.35867346938775513 0.31872294372294374 0.011224489795918367 0.006132756132756133
47 0.3211734693877551 0.3403679653679654 0.0066326530612244895 0.017676767676767676
122 0.8885204081632653 0.32106782106782106 0.12091836734693878 0.004329004329004329
41 0.1461734693877551 0.29978354978354976 0.0005102040816326531 0.027417027417027416
26 0.14030612244897958 0.37283549783549785 0.01020408163265306 0.006132756132756133
30 0.14081632653061224 0.3068181818181818 0.011224489795918367 0.006132756132756133
28 0.14081632653061224 0.31583694083694086 0.011224489795918367 0.006132756132756133
67 0.08775510204081632 0.3484848484848485 0.007142857142857143 0.01443001443001443
67 0.09540816326530613 0.33946608946608947 0.007142857142857143 0.01443001443001443
8 0.06505102040816327 0.3430735930735931 0.02193877551020408 0.018037518037518036
122 0.889030612244898 0.30158730158730157 0.11989795918367346 0.004329004329004329
67 0.08775510204081632 0.2822871572871573 0.007142857142857143 0.01479076479076479
67 0.09540816326530613 0.27344877344877344 0.007142857142857143 0.01443001443001443
5 0.06505102040816327 0.28535353535353536 0.020918367346938777 0.04329004329004329
3 0.11301020408163265 0.25775613275613274 0.020918367346938777 0.022005772005772004
41 0.17372448979591837 0.351010101010101 0.0005102040816326531 0.03968253968253968
24 0.22729591836734694 0.3037518037518038 0.0066326530612244895 0.004329004329004329
41 0.21709183673469387 0.351010101010101 0.0005102040816326531 0.03968253968253968
24 0.21198979591836734 0.3519119769119769 0.010714285714285714 0.006132756132756133
26 0.21198979591836734 0.37283549783549785 0.010714285714285714 0.006132756132756133
24 0.16862244897959183 0.3519119769119769 0.010714285714285714 0.006132756132756133
26 0.16862244897959183 0.37283549783549785 0.010714285714285714 0.006132756132756133
47 0.14923469387755103 0.35533910533910534 0.0066326530612244895 0.017316017316017316
41 0.1451530612244898 0.35894660894660896 0.0005102040816326531 0.025252525252525252
41 0.4987244897959184 0.29545454545454547 0.0005102040816326531 0.01875901875901876
47 0.5237244897959183 0.34054834054834054 0.0066326530612244895 0.017316017316017316
41 0.5196428571428572 0.3508297258297258 0.0005102040816326531 0.03932178932178932
24 0.514795918367347 0.3519119769119769 0.01020408163265306 0.006132756132756133
26 0.514795918367347 0.37283549783549785 0.01020408163265306 0.006132756132756133
26 0.5627551020408164 0.31872294372294374 0.01020408163265306 0.006132756132756133
26 0.49362244897959184 0.3068181818181818 0.010714285714285714 0.006132756132756133
41 0.4772959183673469 0.3508297258297258 0.0005102040816326531 0.03932178932178932
24 0.47244897959183674 0.3519119769119769 0.01020408163265306 0.006132756132756133
26 0.47244897959183674 0.37283549783549785 0.01020408163265306 0.006132756132756133
47 0.5716836734693878 0.3556998556998557 0.0066326530612244895 0.016594516594516596
41 0.5676020408163265 0.35984848484848486 0.0005102040816326531 0.027056277056277056
59 0.5505102040816326 0.30627705627705626 0.007142857142857143 0.01443001443001443
41 0.5676020408163265 0.3003246753246753 0.0005102040816326531 0.03427128427128427
24 0.5627551020408164 0.3759018759018759 0.01020408163265306 0.005772005772005772
24 0.5627551020408164 0.30393217893217894 0.01020408163265306 0.006132756132756133
24 0.5627551020408164 0.3097041847041847 0.01020408163265306 0.006132756132756133
41 0.43494897959183676 0.351010101010101 0.0005102040816326531 0.03968253968253968
41 0.39158163265306123 0.351010101010101 0.0005102040816326531 0.03968253968253968
24 0.386734693877551 0.3519119769119769 0.01020408163265306 0.006132756132756133
26 0.386734693877551 0.37283549783549785 0.01020408163265306 0.006132756132756133
26 0.4298469387755102 0.37283549783549785 0.010714285714285714 0.006132756132756133
24 0.4298469387755102 0.3519119769119769 0.010714285714285714 0.006132756132756133
41 0.4561224489795918 0.29274891774891776 0.0010204081632653062 0.01911976911976912
24 0.45127551020408163 0.30393217893217894 0.010714285714285714 0.006132756132756133
134 0.4997448979591837 0.4846681096681097 0.9045918367346939 0.024170274170274172
134 0.4997448979591837 0.5440115440115441 0.9045918367346939 0.023809523809523808
1 0.7459183673469387 0.5618686868686869 0.0163265306122449 0.0010822510822510823
1 0.4813775510204082 0.5618686868686869 0.015816326530612244 0.0010822510822510823
1 0.4377551020408163 0.5618686868686869 0.0163265306122449 0.0010822510822510823
1 0.3948979591836735 0.5618686868686869 0.0163265306122449 0.0010822510822510823
1 0.35127551020408165 0.5618686868686869 0.015816326530612244 0.0010822510822510823
1 0.3227040816326531 0.5618686868686869 0.015816326530612244 0.0010822510822510823
1 0.2829081632653061 0.5618686868686869 0.015816326530612244 0.0010822510822510823
1 0.2829081632653061 0.5678210678210678 0.015816326530612244 0.0007215007215007215
1 0.24005102040816326 0.5618686868686869 0.015816326530612244 0.0010822510822510823
1 0.24005102040816326 0.5678210678210678 0.015816326530612244 0.0007215007215007215
1 0.1971938775510204 0.5618686868686869 0.015816326530612244 0.0010822510822510823
1 0.1971938775510204 0.5678210678210678 0.015816326530612244 0.0007215007215007215
1 0.15433673469387754 0.5618686868686869 0.015816326530612244 0.0010822510822510823
1 0.15433673469387754 0.5678210678210678 0.015816326530612244 0.0007215007215007215
1 0.125765306122449 0.5618686868686869 0.015816326530612244 0.0010822510822510823
1 0.125765306122449 0.5678210678210678 0.015816326530612244 0.0007215007215007215
1 0.9359693877551021 0.5025252525252525 0.015816326530612244 0.0007215007215007215
1 0.9359693877551021 0.5086580086580087 0.015816326530612244 0.0007215007215007215
1 0.9165816326530613 0.5025252525252525 0.015816326530612244 0.0007215007215007215
1 0.9170918367346939 0.5086580086580087 0.01479591836734694 0.0007215007215007215
1 0.8456632653061225 0.5025252525252525 0.015816326530612244 0.0007215007215007215
1 0.8456632653061225 0.5086580086580087 0.015816326530612244 0.0007215007215007215
1 0.7744897959183673 0.5025252525252525 0.0163265306122449 0.0007215007215007215
1 0.7459183673469387 0.5025252525252525 0.0163265306122449 0.0007215007215007215
1 0.7459183673469387 0.5086580086580087 0.0163265306122449 0.0007215007215007215
1 0.6339285714285714 0.5025252525252525 0.01683673469387755 0.0007215007215007215
1 0.6339285714285714 0.5086580086580087 0.01683673469387755 0.0007215007215007215
1 0.6339285714285714 0.5144300144300145 0.01683673469387755 0.0007215007215007215
1 0.6135204081632653 0.5025252525252525 0.010714285714285714 0.0007215007215007215
1 0.5216836734693877 0.5025252525252525 0.01683673469387755 0.0007215007215007215
1 0.5216836734693877 0.5086580086580087 0.01683673469387755 0.0007215007215007215
1 0.5216836734693877 0.5144300144300145 0.01683673469387755 0.0007215007215007215
1 0.32321428571428573 0.5025252525252525 0.01683673469387755 0.0007215007215007215
1 0.32321428571428573 0.5086580086580087 0.01683673469387755 0.0007215007215007215
1 0.21862244897959185 0.5025252525252525 0.015816326530612244 0.0007215007215007215
1 0.17576530612244898 0.5025252525252525 0.015816326530612244 0.0007215007215007215
1 0.17576530612244898 0.5086580086580087 0.015816326530612244 0.0007215007215007215
1 0.17576530612244898 0.5144300144300145 0.015816326530612244 0.0007215007215007215
1 0.125765306122449 0.5025252525252525 0.015816326530612244 0.0007215007215007215
1 0.125765306122449 0.5086580086580087 0.015816326530612244 0.0007215007215007215
1 0.125765306122449 0.5144300144300145 0.015816326530612244 0.0007215007215007215
47 0.7150510204081633 0.5449134199134199 0.0066326530612244895 0.016233766233766232
41 0.750765306122449 0.5503246753246753 0.0005102040816326531 0.0183982683982684
47 0.7548469387755102 0.4911616161616162 0.0066326530612244895 0.016955266955266956
41 0.750765306122449 0.4954906204906205 0.0005102040816326531 0.027056277056277056
24 0.7459183673469387 0.5618686868686869 0.01020408163265306 0.006132756132756133
24 0.7459183673469387 0.5027056277056277 0.01020408163265306 0.006132756132756133
26 0.7459183673469387 0.5117243867243867 0.01020408163265306 0.006132756132756133
41 0.7793367346938775 0.49404761904761907 0.0005102040816326531 0.0183982683982684
40 0.7857142857142857 0.5055916305916306 0.003061224489795918 0.0025252525252525255
26 0.7744897959183673 0.540945165945166 0.01020408163265306 0.006132756132756133
26 0.7744897959183673 0.5055916305916306 0.01020408163265306 0.006132756132756133
47 0.7545918367346939 0.5501443001443002 0.007142857142857143 0.017316017316017316
41 0.5987244897959184 0.5445526695526696 0.0005102040816326531 0.0183982683982684
47 0.6178571428571429 0.49296536796536794 0.009183673469387756 0.011183261183261184
41 0.6165816326530612 0.4935064935064935 0.0005102040816326531 0.015151515151515152
24 0.613265306122449 0.5025252525252525 0.007142857142857143 0.004329004329004329
47 0.6025510204081632 0.5441919191919192 0.007142857142857143 0.017676767676767676
63 0.6035714285714285 0.5025252525252525 0.00510204081632653 0.010822510822510822
24 0.5936224489795918 0.5560966810966811 0.010714285714285714 0.006132756132756133
41 0.5548469387755102 0.5445526695526696 0.0005102040816326531 0.0183982683982684
24 0.55 0.5560966810966811 0.01020408163265306 0.006132756132756133
122 0.14005102040816325 0.575036075036075 0.013775510204081633 0.0021645021645021645
41 0.710969387755102 0.5445526695526696 0.0005102040816326531 0.0183982683982684
24 0.7061224489795919 0.5560966810966811 0.01020408163265306 0.006132756132756133
41 0.6670918367346939 0.5443722943722944 0.0005102040816326531 0.018037518037518036
24 0.6622448979591836 0.5560966810966811 0.01020408163265306 0.006132756132756133
47 0.6428571428571429 0.5452741702741702 0.006122448979591836 0.015512265512265512
41 0.6387755102040816 0.5449134199134199 0.0010204081632653062 0.01911976911976912
41 0.6395408163265306 0.49567099567099565 0.0005102040816326531 0.03318903318903319
24 0.6339285714285714 0.5560966810966811 0.010714285714285714 0.006132756132756133
30 0.6341836734693878 0.49963924963924966 0.011224489795918367 0.005772005772005772
28 0.6341836734693878 0.5146103896103896 0.011224489795918367 0.006132756132756133
120 0.6214285714285714 0.5144300144300145 0.019387755102040816 0.012987012987012988
121 0.9311224489795918 0.4852092352092352 0.019387755102040816 0.002886002886002886
121 0.9311224489795918 0.49007936507936506 0.017346938775510204 0.003246753246753247
122 0.5778061224489796 0.5212842712842712 0.1086734693877551 0.004329004329004329
122 0.33698979591836736 0.5690836940836941 0.013775510204081633 0.0025252525252525255
122 0.17551020408163265 0.5755772005772006 0.02857142857142857 0.003246753246753247
122 0.17627551020408164 0.547077922077922 0.027040816326530614 0.003246753246753247
122 0.21836734693877552 0.5755772005772006 0.02857142857142857 0.003246753246753247
122 0.21913265306122448 0.547077922077922 0.027040816326530614 0.003246753246753247
122 0.2612244897959184 0.5755772005772006 0.02857142857142857 0.003246753246753247
122 0.26198979591836735 0.547077922077922 0.027040816326530614 0.003246753246753247
41 0.9408163265306122 0.498015873015873 0.0010204081632653062 0.024170274170274172
122 0.37295918367346936 0.5694444444444444 0.02857142857142857 0.003246753246753247
122 0.3737244897959184 0.540945165945166 0.02806122448979592 0.003246753246753247
122 0.4163265306122449 0.5694444444444444 0.027551020408163266 0.003246753246753247
122 0.41709183673469385 0.540945165945166 0.027040816326530614 0.003246753246753247
122 0.4596938775510204 0.5694444444444444 0.02857142857142857 0.003246753246753247
122 0.4604591836734694 0.540945165945166 0.02806122448979592 0.003246753246753247
26 0.8456632653061225 0.5117243867243867 0.010714285714285714 0.006132756132756133
53 0.8456632653061225 0.5526695526695526 0.008673469387755102 0.015151515151515152
41 0.8405612244897959 0.5524891774891775 0.0005102040816326531 0.0183982683982684
41 0.8505102040816327 0.49747474747474746 0.0010204081632653062 0.025252525252525252
40 0.8566326530612245 0.5115440115440115 0.003061224489795918 0.0021645021645021645
26 0.8456632653061225 0.540945165945166 0.010714285714285714 0.006132756132756133
53 0.8181122448979592 0.5532106782106783 0.008673469387755102 0.016233766233766232
41 0.8130102040816326 0.5523088023088023 0.0005102040816326531 0.01875901875901876
26 0.8181122448979592 0.540945165945166 0.010714285714285714 0.006132756132756133
41 0.7696428571428572 0.551948051948052 0.0005102040816326531 0.01948051948051948
26 0.9357142857142857 0.5117243867243867 0.01020408163265306 0.006132756132756133
53 0.9165816326530613 0.5532106782106783 0.008673469387755102 0.016233766233766232
41 0.9114795918367347 0.5523088023088023 0.0005102040816326531 0.01875901875901876
59 0.9045918367346939 0.5050505050505051 0.007142857142857143 0.01443001443001443
41 0.9216836734693877 0.49567099567099565 0.0005102040816326531 0.021645021645021644
26 0.9165816326530613 0.540945165945166 0.010714285714285714 0.006132756132756133
24 0.9165816326530613 0.5084776334776335 0.010714285714285714 0.006132756132756133
41 0.8681122448979591 0.5524891774891775 0.0005102040816326531 0.0183982683982684
26 0.8729591836734694 0.540945165945166 0.01020408163265306 0.006132756132756133
41 0.20204081632653062 0.5492424242424242 0.0010204081632653062 0.04004329004329004
24 0.2392857142857143 0.549963924963925 0.009183673469387756 0.006132756132756133
26 0.23979591836734693 0.5708874458874459 0.01020408163265306 0.006132756132756133
41 0.22346938775510203 0.4945887445887446 0.0010204081632653062 0.01948051948051948
26 0.21836734693877552 0.5055916305916306 0.01020408163265306 0.006132756132756133
41 0.24489795918367346 0.5494227994227994 0.0010204081632653062 0.04040404040404041
24 0.19693877551020408 0.549963924963925 0.01020408163265306 0.006132756132756133
26 0.1971938775510204 0.5708874458874459 0.010714285714285714 0.006132756132756133
41 0.18061224489795918 0.4989177489177489 0.0010204081632653062 0.02813852813852814
24 0.17576530612244898 0.5146103896103896 0.010714285714285714 0.006132756132756133
41 0.28775510204081634 0.5494227994227994 0.0010204081632653062 0.04040404040404041
41 0.32831632653061227 0.48953823953823955 0.0005102040816326531 0.03318903318903319
26 0.3227040816326531 0.5647546897546898 0.010714285714285714 0.006132756132756133
30 0.3229591836734694 0.4936868686868687 0.011224489795918367 0.006132756132756133
28 0.3229591836734694 0.5027056277056277 0.011224489795918367 0.006132756132756133
28 0.3229591836734694 0.5084776334776335 0.011224489795918367 0.006132756132756133
47 0.2913265306122449 0.5382395382395382 0.007142857142857143 0.017316017316017316
41 0.15918367346938775 0.5492424242424242 0.0010204081632653062 0.04004329004329004
24 0.2826530612244898 0.549963924963925 0.01020408163265306 0.006132756132756133
26 0.2826530612244898 0.5708874458874459 0.01020408163265306 0.006132756132756133
41 0.26632653061224487 0.48863636363636365 0.0010204081632653062 0.01911976911976912
26 0.2614795918367347 0.49963924963924966 0.010714285714285714 0.005772005772005772
122 0.1096938775510204 0.5012626262626263 0.017346938775510204 0.0025252525252525255
67 0.08775510204081632 0.5463564213564214 0.007142857142857143 0.01479076479076479
67 0.09540816326530613 0.5373376623376623 0.007142857142857143 0.01479076479076479
8 0.06505102040816327 0.5411255411255411 0.02193877551020408 0.018037518037518036
67 0.08775510204081632 0.4810606060606061 0.007142857142857143 0.01479076479076479
67 0.09540816326530613 0.4722222222222222 0.007142857142857143 0.01443001443001443
5 0.06505102040816327 0.48412698412698413 0.020918367346938777 0.04329004329004329
122 0.1096938775510204 0.5189393939393939 0.017346938775510204 0.0025252525252525255
0 0.04107142857142857 0.5142496392496393 0.007653061224489796 0.08405483405483405
41 0.1308673469387755 0.49873737373737376 0.0005102040816326531 0.027777777777777776
24 0.15433673469387754 0.549963924963925 0.010714285714285714 0.006132756132756133
26 0.15433673469387754 0.5708874458874459 0.010714285714285714 0.006132756132756133
47 0.1346938775510204 0.5541125541125541 0.006122448979591836 0.015873015873015872
41 0.1308673469387755 0.5564574314574314 0.0005102040816326531 0.024891774891774892
26 0.125765306122449 0.5708874458874459 0.010714285714285714 0.006132756132756133
26 0.125765306122449 0.5055916305916306 0.010714285714285714 0.006132756132756133
24 0.125765306122449 0.5146103896103896 0.010714285714285714 0.006132756132756133
24 0.4372448979591837 0.5438311688311688 0.009183673469387756 0.006132756132756133
47 0.49056122448979594 0.5337301587301587 0.0066326530612244895 0.016233766233766232
41 0.48647959183673467 0.5434704184704184 0.0005102040816326531 0.0386002886002886
24 0.4816326530612245 0.5440115440115441 0.01020408163265306 0.005772005772005772
26 0.4816326530612245 0.5647546897546898 0.01020408163265306 0.006132756132756133
41 0.44260204081632654 0.5432900432900433 0.0005102040816326531 0.03823953823953824
26 0.4377551020408163 0.5647546897546898 0.01020408163265306 0.006132756132756133
41 0.4219387755102041 0.4825036075036075 0.0010204081632653062 0.01911976911976912
30 0.41683673469387755 0.4936868686868687 0.011224489795918367 0.006132756132756133
47 0.5303571428571429 0.5443722943722944 0.0066326530612244895 0.017316017316017316
41 0.5262755102040816 0.5443722943722944 0.0005102040816326531 0.018037518037518036
41 0.5272959183673469 0.49855699855699853 0.0005102040816326531 0.027417027417027416
24 0.5214285714285715 0.5560966810966811 0.01020408163265306 0.006132756132756133
30 0.5219387755102041 0.5055916305916306 0.011224489795918367 0.006132756132756133
28 0.5219387755102041 0.5146103896103896 0.011224489795918367 0.006132756132756133
41 0.3563775510204082 0.5436507936507936 0.0005102040816326531 0.03896103896103896
47 0.3318877551020408 0.5541125541125541 0.0066326530612244895 0.015873015873015872
24 0.35127551020408165 0.5438311688311688 0.010714285714285714 0.006132756132756133
26 0.35127551020408165 0.5647546897546898 0.010714285714285714 0.006132756132756133
41 0.39974489795918366 0.5432900432900433 0.0005102040816326531 0.03823953823953824
41 0.3278061224489796 0.5537518037518038 0.0005102040816326531 0.01948051948051948
24 0.3948979591836735 0.5438311688311688 0.01020408163265306 0.006132756132756133
26 0.3948979591836735 0.5647546897546898 0.01020408163265306 0.006132756132756133
134 0.4997448979591837 0.6827200577200577 0.9045918367346939 0.024170274170274172
1 0.9380102040816326 0.7005772005772006 0.015816326530612244 0.0007215007215007215
1 0.8668367346938776 0.7005772005772006 0.0163265306122449 0.0007215007215007215
1 0.7895408163265306 0.7005772005772006 0.01683673469387755 0.0007215007215007215
1 0.747704081632653 0.7005772005772006 0.015816326530612244 0.0007215007215007215
1 0.6956632653061224 0.7005772005772006 0.015816326530612244 0.0007215007215007215
1 0.6956632653061224 0.7065295815295816 0.015816326530612244 0.0010822510822510823
1 0.6196428571428572 0.7005772005772006 0.01683673469387755 0.0007215007215007215
1 0.6196428571428572 0.7065295815295816 0.01683673469387755 0.0010822510822510823
1 0.4576530612244898 0.7005772005772006 0.024489795918367346 0.0007215007215007215
1 0.4576530612244898 0.7065295815295816 0.024489795918367346 0.0010822510822510823
1 0.4576530612244898 0.7124819624819625 0.024489795918367346 0.0007215007215007215
1 0.30025510204081635 0.7005772005772006 0.03826530612244898 0.0007215007215007215
1 0.30025510204081635 0.7065295815295816 0.03826530612244898 0.0010822510822510823
1 0.2931122448979592 0.7124819624819625 0.023979591836734693 0.0007215007215007215
1 0.20918367346938777 0.7005772005772006 0.027551020408163266 0.0007215007215007215
1 0.20918367346938777 0.7065295815295816 0.027551020408163266 0.0010822510822510823
1 0.2038265306122449 0.7124819624819625 0.01683673469387755 0.0007215007215007215
1 0.12627551020408162 0.7005772005772006 0.01683673469387755 0.0007215007215007215
1 0.12627551020408162 0.7065295815295816 0.01683673469387755 0.0010822510822510823
1 0.12627551020408162 0.7124819624819625 0.01683673469387755 0.0007215007215007215
134 0.4997448979591837 0.7418831168831169 0.9045918367346939 0.024170274170274172
41 0.7125 0.7528860028860029 0.0005102040816326531 0.017316017316017316
24 0.7173469387755103 0.7418831168831169 0.01020408163265306 0.006132756132756133
53 0.6959183673469388 0.7525252525252525 0.00816326530612245 0.01443001443001443
41 0.6908163265306122 0.7527056277056277 0.0010204081632653062 0.0183982683982684
41 0.700765306122449 0.6951659451659452 0.0005102040816326531 0.024531024531024532
40 0.7068877551020408 0.7095959595959596 0.0035714285714285713 0.0021645021645021645
24 0.6956632653061224 0.7418831168831169 0.010714285714285714 0.006132756132756133
26 0.6956632653061224 0.7094155844155844 0.010714285714285714 0.006132756132756133
53 0.674234693877551 0.7528860028860029 0.008673469387755102 0.015151515151515152
26 0.7892857142857143 0.7566738816738817 0.01020408163265306 0.006132756132756133
28 0.789795918367347 0.7003968253968254 0.011224489795918367 0.006132756132756133
47 0.7566326530612245 0.7433261183261183 0.006122448979591836 0.015512265512265512
41 0.7525510204081632 0.7426046176046176 0.0010204081632653062 0.01911976911976912
122 0.24846938775510205 0.7189754689754689 0.08571428571428572 0.004329004329004329
47 0.7566326530612245 0.6928210678210678 0.006122448979591836 0.015512265512265512
41 0.7525510204081632 0.6924603174603174 0.0010204081632653062 0.01911976911976912
24 0.747704081632653 0.7537878787878788 0.010714285714285714 0.006132756132756133
47 0.5413265306122449 0.7462121212121212 0.006122448979591836 0.015512265512265512
26 0.747704081632653 0.7036435786435786 0.010714285714285714 0.006132756132756133
41 0.6691326530612245 0.7528860028860029 0.0005102040816326531 0.018037518037518036
41 0.624234693877551 0.7424242424242424 0.0005102040816326531 0.01875901875901876
41 0.5599489795918368 0.7454906204906205 0.0005102040816326531 0.0183982683982684
47 0.628061224489796 0.7422438672438673 0.007142857142857143 0.017676767676767676
41 0.6247448979591836 0.6948051948051948 0.0005102040816326531 0.023809523809523808
26 0.5872448979591837 0.7566738816738817 0.01020408163265306 0.006132756132756133
24 0.6193877551020408 0.7537878787878788 0.01020408163265306 0.006132756132756133
30 0.6196428571428572 0.7094155844155844 0.010714285714285714 0.006132756132756133
41 0.5920918367346939 0.7458513708513709 0.0005102040816326531 0.01911976911976912
47 0.5959183673469388 0.7451298701298701 0.007142857142857143 0.017676767676767676
24 0.674234693877551 0.7418831168831169 0.010714285714285714 0.006132756132756133
41 0.6369897959183674 0.7528860028860029 0.0005102040816326531 0.017316017316017316
24 0.6418367346938776 0.7418831168831169 0.01020408163265306 0.006132756132756133
26 0.5551020408163265 0.7566738816738817 0.01020408163265306 0.006132756132756133
41 0.9431122448979592 0.6881313131313131 0.0005102040816326531 0.020562770562770564
24 0.9380102040816326 0.7003968253968254 0.010714285714285714 0.006132756132756133
47 0.9308673469387755 0.7458513708513709 0.0066326530612244895 0.016233766233766232
41 0.9267857142857143 0.7454906204906205 0.0005102040816326531 0.0183982683982684
41 0.9267857142857143 0.6861471861471862 0.0005102040816326531 0.01875901875901876
26 0.9216836734693877 0.7566738816738817 0.010714285714285714 0.006132756132756133
26 0.9216836734693877 0.6975108225108225 0.010714285714285714 0.006132756132756133
41 0.8946428571428572 0.7454906204906205 0.0005102040816326531 0.0183982683982684
26 0.8895408163265306 0.7566738816738817 0.010714285714285714 0.006132756132756133
122 0.2528061224489796 0.7043650793650794 0.060714285714285714 0.003968253968253968
122 0.24770408163265306 0.6984126984126984 0.06989795918367347 0.004329004329004329
122 0.25204081632653064 0.687950937950938 0.07857142857142857 0.004329004329004329
122 0.6579081632653061 0.7144660894660895 0.060714285714285714 0.003968253968253968
122 0.8283163265306123 0.7072510822510822 0.07397959183673469 0.003968253968253968
121 0.9349489795918368 0.6773088023088023 0.015816326530612244 0.003246753246753247
121 0.9349489795918368 0.681998556998557 0.015816326530612244 0.003246753246753247
63 0.7762755102040816 0.7568542568542569 0.008673469387755102 0.017316017316017316
26 0.8119897959183674 0.7566738816738817 0.010714285714285714 0.006132756132756133
47 0.7982142857142858 0.7454906204906205 0.0066326530612244895 0.016955266955266956
41 0.7941326530612245 0.7458513708513709 0.0005102040816326531 0.01911976911976912
24 0.8668367346938776 0.7003968253968254 0.01020408163265306 0.006132756132756133
47 0.875765306122449 0.7453102453102453 0.0066326530612244895 0.017316017316017316
41 0.8716836734693878 0.7453102453102453 0.0005102040816326531 0.018037518037518036
41 0.8716836734693878 0.6895743145743146 0.0005102040816326531 0.01911976911976912
40 0.878061224489796 0.6975108225108225 0.003061224489795918 0.0025252525252525255
26 0.8668367346938776 0.7566738816738817 0.01020408163265306 0.006132756132756133
41 0.7948979591836735 0.6893939393939394 0.0010204081632653062 0.01875901875901876
47 0.8533163265306123 0.746031746031746 0.0066326530612244895 0.015873015873015872
41 0.849234693877551 0.7454906204906205 0.0005102040816326531 0.0183982683982684
26 0.8441326530612245 0.7566738816738817 0.010714285714285714 0.006132756132756133
41 0.8170918367346939 0.7458513708513709 0.0005102040816326531 0.01911976911976912
47 0.2125 0.746031746031746 0.0066326530612244895 0.015873015873015872
47 0.2670918367346939 0.7454906204906205 0.0066326530612244895 0.016955266955266956
41 0.26301020408163267 0.7453102453102453 0.0005102040816326531 0.018037518037518036
26 0.25816326530612244 0.7566738816738817 0.01020408163265306 0.006132756132756133
41 0.2308673469387755 0.7453102453102453 0.0005102040816326531 0.018037518037518036
26 0.2260204081632653 0.7566738816738817 0.01020408163265306 0.006132756132756133
41 0.20841836734693878 0.7456709956709957 0.0005102040816326531 0.01875901875901876
41 0.20892857142857144 0.6917388167388168 0.0005102040816326531 0.03571428571428571
26 0.20331632653061224 0.7566738816738817 0.010714285714285714 0.006132756132756133
28 0.20357142857142857 0.6946248196248196 0.011224489795918367 0.006132756132756133
30 0.20357142857142857 0.7036435786435786 0.011224489795918367 0.006132756132756133
30 0.21479591836734693 0.7094155844155844 0.011224489795918367 0.006132756132756133
28 0.20357142857142857 0.7123015873015873 0.011224489795918367 0.006132756132756133
47 0.29923469387755103 0.7456709956709957 0.0066326530612244895 0.016594516594516596
41 0.5375 0.7456709956709957 0.0005102040816326531 0.01875901875901876
26 0.2903061224489796 0.7566738816738817 0.01020408163265306 0.006132756132756133
32 0.2931122448979592 0.6946248196248196 0.015816326530612244 0.006132756132756133
34 0.2931122448979592 0.7036435786435786 0.015816326530612244 0.006132756132756133
34 0.30739795918367346 0.7094155844155844 0.015816326530612244 0.006132756132756133
32 0.2931122448979592 0.7124819624819625 0.015816326530612244 0.005772005772005772
67 0.08775510204081632 0.7442279942279942 0.007142857142857143 0.01443001443001443
67 0.09540816326530613 0.7353896103896104 0.007142857142857143 0.01479076479076479
8 0.06505102040816327 0.7388167388167388 0.02193877551020408 0.018037518037518036
67 0.08775510204081632 0.6789321789321789 0.007142857142857143 0.01443001443001443
67 0.09540816326530613 0.6700937950937951 0.007142857142857143 0.01479076479076479
5 0.06505102040816327 0.6818181818181818 0.020918367346938777 0.04329004329004329
0 0.04107142857142857 0.7123015873015873 0.007653061224489796 0.08405483405483405
47 0.1895408163265306 0.7456709956709957 0.0066326530612244895 0.016594516594516596
41 0.1854591836734694 0.7453102453102453 0.0005102040816326531 0.018037518037518036
26 0.18061224489795918 0.7566738816738817 0.01020408163265306 0.006132756132756133
41 0.15331632653061225 0.7454906204906205 0.0005102040816326531 0.0183982683982684
26 0.14846938775510204 0.7566738816738817 0.01020408163265306 0.006132756132756133
41 0.2951530612244898 0.7458513708513709 0.0005102040816326531 0.01911976911976912
47 0.1346938775510204 0.746031746031746 0.006122448979591836 0.015873015873015872
41 0.1308673469387755 0.7456709956709957 0.0005102040816326531 0.01875901875901876
41 0.13137755102040816 0.6964285714285714 0.0005102040816326531 0.027056277056277056
26 0.125765306122449 0.7566738816738817 0.010714285714285714 0.006132756132756133
28 0.12602040816326532 0.7123015873015873 0.011224489795918367 0.006132756132756133
47 0.4318877551020408 0.746031746031746 0.0066326530612244895 0.015873015873015872
26 0.4548469387755102 0.7566738816738817 0.010714285714285714 0.006132756132756133
32 0.4576530612244898 0.7003968253968254 0.0163265306122449 0.006132756132756133
32 0.4576530612244898 0.7063492063492064 0.0163265306122449 0.005772005772005772
32 0.4576530612244898 0.7123015873015873 0.0163265306122449 0.006132756132756133
26 0.4775510204081633 0.7566738816738817 0.01020408163265306 0.006132756132756133
41 0.4278061224489796 0.7456709956709957 0.0005102040816326531 0.01875901875901876
26 0.42270408163265305 0.7566738816738817 0.010714285714285714 0.006132756132756133
41 0.48239795918367345 0.7458513708513709 0.0005102040816326531 0.01911976911976912
47 0.46377551020408164 0.7462121212121212 0.006122448979591836 0.015512265512265512
41 0.4599489795918367 0.7458513708513709 0.0005102040816326531 0.01911976911976912
26 0.5323979591836735 0.7566738816738817 0.010714285714285714 0.006132756132756133
47 0.5186224489795919 0.7456709956709957 0.0066326530612244895 0.016594516594516596
47 0.35408163265306125 0.746031746031746 0.006122448979591836 0.015873015873015872
41 0.35025510204081634 0.7456709956709957 0.0005102040816326531 0.01875901875901876
26 0.3451530612244898 0.7566738816738817 0.010714285714285714 0.006132756132756133
41 0.39566326530612245 0.7456709956709957 0.0005102040816326531 0.01875901875901876
41 0.3181122448979592 0.7456709956709957 0.0005102040816326531 0.01875901875901876
26 0.31301020408163266 0.7566738816738817 0.010714285714285714 0.006132756132756133
41 0.5145408163265306 0.7454906204906205 0.0005102040816326531 0.0183982683982684
26 0.3678571428571429 0.7566738816738817 0.01020408163265306 0.006132756132756133
41 0.37270408163265306 0.7458513708513709 0.0005102040816326531 0.01911976911976912
26 0.5096938775510204 0.7566738816738817 0.01020408163265306 0.006132756132756133
26 0.3905612244897959 0.7566738816738817 0.010714285714285714 0.006132756132756133
47 0.376530612244898 0.7451298701298701 0.007142857142857143 0.017676767676767676
134 0.4997448979591837 0.8805916305916306 0.9045918367346939 0.023809523809523808
134 0.4997448979591837 0.939935064935065 0.9045918367346939 0.024170274170274172
1 0.861734693877551 0.8984487734487735 0.024489795918367346 0.0010822510822510823
1 0.8022959183673469 0.8984487734487735 0.01683673469387755 0.0010822510822510823
1 0.8022959183673469 0.9044011544011544 0.01683673469387755 0.0007215007215007215
1 0.7553571428571428 0.8984487734487735 0.01683673469387755 0.0010822510822510823
1 0.6836734693877551 0.8984487734487735 0.0163265306122449 0.0010822510822510823
1 0.6836734693877551 0.9044011544011544 0.0163265306122449 0.0007215007215007215
1 0.6836734693877551 0.9103535353535354 0.0163265306122449 0.0010822510822510823
1 0.6369897959183674 0.8984487734487735 0.01683673469387755 0.0010822510822510823
1 0.6369897959183674 0.9044011544011544 0.01683673469387755 0.0007215007215007215
1 0.6369897959183674 0.9103535353535354 0.01683673469387755 0.0010822510822510823
1 0.5673469387755102 0.8984487734487735 0.0163265306122449 0.0010822510822510823
1 0.5673469387755102 0.9044011544011544 0.0163265306122449 0.0007215007215007215
1 0.5464285714285714 0.8984487734487735 0.0163265306122449 0.0010822510822510823
1 0.5464285714285714 0.9044011544011544 0.0163265306122449 0.0007215007215007215
1 0.5068877551020409 0.8984487734487735 0.015816326530612244 0.0010822510822510823
1 0.5068877551020409 0.9044011544011544 0.015816326530612244 0.0007215007215007215
1 0.435969387755102 0.8984487734487735 0.015816326530612244 0.0010822510822510823
1 0.435969387755102 0.9044011544011544 0.015816326530612244 0.0007215007215007215
1 0.3895408163265306 0.8984487734487735 0.01683673469387755 0.0010822510822510823
1 0.3895408163265306 0.9044011544011544 0.01683673469387755 0.0007215007215007215
1 0.28622448979591836 0.8984487734487735 0.024489795918367346 0.0010822510822510823
1 0.28622448979591836 0.9044011544011544 0.024489795918367346 0.0007215007215007215
1 0.1961734693877551 0.8984487734487735 0.015816326530612244 0.0010822510822510823
1 0.17525510204081632 0.8984487734487735 0.015816326530612244 0.0010822510822510823
1 0.125765306122449 0.8984487734487735 0.015816326530612244 0.0010822510822510823
1 0.8201530612244898 0.9577922077922078 0.015816326530612244 0.0007215007215007215
1 0.7839285714285714 0.9577922077922078 0.01683673469387755 0.0007215007215007215
1 0.7551020408163265 0.9577922077922078 0.0163265306122449 0.0007215007215007215
1 0.5982142857142857 0.9577922077922078 0.015816326530612244 0.0007215007215007215
1 0.5359693877551021 0.9577922077922078 0.01683673469387755 0.0007215007215007215
1 0.5068877551020409 0.9577922077922078 0.015816326530612244 0.0007215007215007215
1 0.46811224489795916 0.9577922077922078 0.015816326530612244 0.0007215007215007215
1 0.4181122448979592 0.9577922077922078 0.01683673469387755 0.0007215007215007215
1 0.38903061224489793 0.9577922077922078 0.015816326530612244 0.0007215007215007215
1 0.35025510204081634 0.9577922077922078 0.015816326530612244 0.0007215007215007215
1 0.3125 0.9577922077922078 0.01683673469387755 0.0007215007215007215
1 0.28341836734693876 0.9577922077922078 0.015816326530612244 0.0007215007215007215
28 0.6658163265306123 0.9518398268398268 0.011224489795918367 0.006132756132756133
41 0.6415816326530612 0.9402958152958153 0.0005102040816326531 0.0183982683982684
41 0.7206632653061225 0.9404761904761905 0.0005102040816326531 0.01875901875901876
24 0.7155612244897959 0.9518398268398268 0.010714285714285714 0.006132756132756133
41 0.7094387755102041 0.875 0.0005102040816326531 0.0183982683982684
40 0.7158163265306122 0.8834776334776335 0.003061224489795918 0.0021645021645021645
24 0.7045918367346938 0.8865440115440115 0.01020408163265306 0.006132756132756133
47 0.6926020408163265 0.88997113997114 0.0066326530612244895 0.017316017316017316
41 0.6885204081632653 0.8943001443001443 0.0005102040816326531 0.027417027417027416
28 0.7553571428571428 0.8984487734487735 0.010714285714285714 0.006132756132756133
26 0.6836734693877551 0.9013347763347763 0.01020408163265306 0.006132756132756133
24 0.6836734693877551 0.9103535353535354 0.01020408163265306 0.006132756132756133
41 0.6711734693877551 0.9406565656565656 0.0005102040816326531 0.01911976911976912
30 0.5357142857142857 0.9608585858585859 0.011224489795918367 0.006132756132756133
24 0.5673469387755102 0.9045815295815296 0.01020408163265306 0.006132756132756133
47 0.5553571428571429 0.8782467532467533 0.0066326530612244895 0.016955266955266956
41 0.5512755102040816 0.8852813852813853 0.0005102040816326531 0.03318903318903319
26 0.5464285714285714 0.8894300144300145 0.01020408163265306 0.006132756132756133
24 0.5464285714285714 0.8984487734487735 0.01020408163265306 0.006132756132756133
24 0.5464285714285714 0.9045815295815296 0.01020408163265306 0.006132756132756133
41 0.5410714285714285 0.9494949494949495 0.0005102040816326531 0.01875901875901876
24 0.5668367346938775 0.8984487734487735 0.009183673469387756 0.006132756132756133
122 0.18571428571428572 0.9089105339105339 0.017346938775510204 0.0025252525252525255
41 0.6423469387755102 0.8946608946608947 0.0010204081632653062 0.02813852813852814
24 0.636734693877551 0.9518398268398268 0.01020408163265306 0.006132756132756133
30 0.6372448979591837 0.9013347763347763 0.011224489795918367 0.006132756132756133
28 0.6372448979591837 0.9103535353535354 0.011224489795918367 0.006132756132756133
41 0.6033163265306123 0.9494949494949495 0.0005102040816326531 0.01875901875901876
26 0.5982142857142857 0.9608585858585859 0.010714285714285714 0.006132756132756133
41 0.5920918367346939 0.884018759018759 0.0005102040816326531 0.0183982683982684
40 0.5984693877551021 0.8953823953823954 0.003061224489795918 0.0021645021645021645
26 0.5872448979591837 0.8955627705627706 0.01020408163265306 0.006132756132756133
47 0.5762755102040816 0.8782467532467533 0.0066326530612244895 0.016955266955266956
41 0.5721938775510204 0.886002886002886 0.0005102040816326531 0.03463203463203463
26 0.5673469387755102 0.8894300144300145 0.01020408163265306 0.006132756132756133
41 0.8931122448979592 0.9401154401154401 0.0005102040816326531 0.018037518037518036
41 0.9303571428571429 0.9402958152958153 0.0005102040816326531 0.0183982683982684
24 0.9255102040816326 0.9518398268398268 0.01020408163265306 0.006132756132756133
28 0.8877551020408163 0.9518398268398268 0.011224489795918367 0.006132756132756133
122 0.5576530612244898 0.9020562770562771 0.00510204081632653 0.0010822510822510823
122 0.3380102040816326 0.9155844155844156 0.09948979591836735 0.004329004329004329
122 0.33903061224489794 0.9065656565656566 0.08520408163265306 0.004329004329004329
122 0.33903061224489794 0.9006132756132756 0.08520408163265306 0.003968253968253968
122 0.3380102040816326 0.8798701298701299 0.09948979591836735 0.004329004329004329
122 0.41275510204081634 0.9121572871572872 0.03163265306122449 0.003246753246753247
122 0.4135204081632653 0.9074675324675324 0.03010204081632653 0.003246753246753247
122 0.4135204081632653 0.9015151515151515 0.03010204081632653 0.0036075036075036075
122 0.4135204081632653 0.8834776334776335 0.03010204081632653 0.0036075036075036075
122 0.5568877551020408 0.9103535353535354 0.017857142857142856 0.0025252525252525255
122 0.5630102040816326 0.8845598845598845 0.004591836734693878 0.001443001443001443
122 0.6604591836734693 0.9182900432900433 0.042346938775510205 0.003968253968253968
122 0.664030612244898 0.8935786435786436 0.036224489795918365 0.0036075036075036075
41 0.789030612244898 0.948953823953824 0.0005102040816326531 0.017676767676767676
30 0.7839285714285714 0.9608585858585859 0.010714285714285714 0.006132756132756133
41 0.7599489795918367 0.9493145743145743 0.0005102040816326531 0.0183982683982684
41 0.7604591836734694 0.8827561327561327 0.0005102040816326531 0.02813852813852814
26 0.7551020408163265 0.9608585858585859 0.01020408163265306 0.006132756132756133
34 0.861734693877551 0.8955627705627706 0.0163265306122449 0.005411255411255411
41 0.864030612244898 0.9404761904761905 0.0005102040816326531 0.01875901875901876
24 0.8589285714285714 0.9518398268398268 0.010714285714285714 0.006132756132756133
32 0.861734693877551 0.8804112554112554 0.0163265306122449 0.006132756132756133
34 0.861734693877551 0.8894300144300145 0.0163265306122449 0.006132756132756133
30 0.7553571428571428 0.8894300144300145 0.010714285714285714 0.006132756132756133
34 0.861734693877551 0.9013347763347763 0.0163265306122449 0.006132756132756133
41 0.8252551020408163 0.9493145743145743 0.0005102040816326531 0.0183982683982684
26 0.8201530612244898 0.9608585858585859 0.010714285714285714 0.006132756132756133
41 0.8073979591836735 0.8881673881673882 0.0005102040816326531 0.026695526695526696
30 0.8022959183673469 0.8955627705627706 0.010714285714285714 0.006132756132756133
28 0.8022959183673469 0.9045815295815296 0.010714285714285714 0.006132756132756133
41 0.20127551020408163 0.9433621933621934 0.0005102040816326531 0.01875901875901876
41 0.2221938775510204 0.9433621933621934 0.0005102040816326531 0.01875901875901876
41 0.2221938775510204 0.8841991341991342 0.0005102040816326531 0.01875901875901876
40 0.22831632653061223 0.8953823953823954 0.0035714285714285713 0.0021645021645021645
26 0.21709183673469387 0.9547258297258298 0.010714285714285714 0.006132756132756133
26 0.21709183673469387 0.8955627705627706 0.010714285714285714 0.006132756132756133
47 0.20510204081632652 0.9431818181818182 0.007142857142857143 0.017676767676767676
47 0.20535714285714285 0.8906926406926406 0.0066326530612244895 0.015873015873015872
41 0.20127551020408163 0.88997113997114 0.0005102040816326531 0.01875901875901876
26 0.1961734693877551 0.9547258297258298 0.010714285714285714 0.006132756132756133
26 0.1961734693877551 0.9013347763347763 0.010714285714285714 0.006132756132756133
47 0.18443877551020407 0.9440836940836941 0.0066326530612244895 0.015873015873015872
41 0.18035714285714285 0.9433621933621934 0.0005102040816326531 0.01875901875901876
32 0.28622448979591836 0.8865440115440115 0.0163265306122449 0.006132756132756133
41 0.2885204081632653 0.9462481962481962 0.0005102040816326531 0.01875901875901876
41 0.5119897959183674 0.9494949494949495 0.0005102040816326531 0.01875901875901876
24 0.28341836734693876 0.9576118326118326 0.010714285714285714 0.006132756132756133
34 0.28622448979591836 0.8953823953823954 0.0163265306122449 0.005772005772005772
34 0.28622448979591836 0.9013347763347763 0.0163265306122449 0.006132756132756133
34 0.28622448979591836 0.9074675324675324 0.0163265306122449 0.006132756132756133
109 0.27040816326530615 0.8955627705627706 0.006122448979591836 0.026334776334776336
47 0.2548469387755102 0.9439033189033189 0.0066326530612244895 0.016233766233766232
41 0.25076530612244896 0.9433621933621934 0.0005102040816326531 0.01875901875901876
26 0.24591836734693878 0.9547258297258298 0.01020408163265306 0.006132756132756133
122 0.9061224489795918 0.8744588744588745 0.08571428571428572 0.004329004329004329
67 0.08775510204081632 0.9422799422799423 0.007142857142857143 0.01443001443001443
67 0.09540816326530613 0.9332611832611832 0.007142857142857143 0.01443001443001443
8 0.06505102040816327 0.9368686868686869 0.02193877551020408 0.018037518037518036
67 0.08775510204081632 0.876984126984127 0.007142857142857143 0.01443001443001443
67 0.09540816326530613 0.8679653679653679 0.007142857142857143 0.01443001443001443
5 0.06505102040816327 0.8798701298701299 0.020918367346938777 0.04329004329004329
122 0.9104591836734693 0.8946608946608947 0.0770408163265306 0.004329004329004329
122 0.9104591836734693 0.9006132756132756 0.0770408163265306 0.003968253968253968
122 0.9061224489795918 0.9096320346320347 0.08571428571428572 0.003968253968253968
0 0.04107142857142857 0.9101731601731602 0.007653061224489796 0.0836940836940837
47 0.18443877551020407 0.8906926406926406 0.0066326530612244895 0.015873015873015872
41 0.18035714285714285 0.88997113997114 0.0005102040816326531 0.01875901875901876
26 0.17525510204081632 0.9547258297258298 0.010714285714285714 0.006132756132756133
26 0.17525510204081632 0.9013347763347763 0.010714285714285714 0.006132756132756133
41 0.15178571428571427 0.9433621933621934 0.0005102040816326531 0.01875901875901876
26 0.14668367346938777 0.9547258297258298 0.010714285714285714 0.006132756132756133
47 0.1346938775510204 0.9440836940836941 0.006122448979591836 0.015873015873015872
41 0.1308673469387755 0.9433621933621934 0.0005102040816326531 0.01875901875901876
41 0.1308673469387755 0.88997113997114 0.0005102040816326531 0.01875901875901876
40 0.13698979591836735 0.9015151515151515 0.0035714285714285713 0.0021645021645021645
26 0.125765306122449 0.9547258297258298 0.010714285714285714 0.006132756132756133
26 0.125765306122449 0.9013347763347763 0.010714285714285714 0.006132756132756133
40 0.46811224489795916 0.8834776334776335 0.0035714285714285713 0.0021645021645021645
26 0.4568877551020408 0.8836580086580087 0.010714285714285714 0.006132756132756133
47 0.4451530612244898 0.8755411255411255 0.0066326530612244895 0.015873015873015872
41 0.44107142857142856 0.8856421356421357 0.0005102040816326531 0.03968253968253968
24 0.435969387755102 0.8865440115440115 0.010714285714285714 0.006132756132756133
26 0.435969387755102 0.8955627705627706 0.010714285714285714 0.006132756132756133
26 0.435969387755102 0.9013347763347763 0.010714285714285714 0.006132756132756133
26 0.435969387755102 0.9074675324675324 0.010714285714285714 0.006132756132756133
41 0.46198979591836736 0.8726551226551227 0.0005102040816326531 0.01948051948051948
41 0.4232142857142857 0.9458874458874459 0.0005102040816326531 0.018037518037518036
28 0.4181122448979592 0.9576118326118326 0.010714285714285714 0.006132756132756133
26 0.5068877551020409 0.9608585858585859 0.010714285714285714 0.006132756132756133
40 0.5181122448979592 0.8896103896103896 0.0035714285714285713 0.0021645021645021645
40 0.5181122448979592 0.8953823953823954 0.0035714285714285713 0.0021645021645021645
41 0.5119897959183674 0.8856421356421357 0.0005102040816326531 0.03391053391053391
40 0.5181122448979592 0.9015151515151515 0.0035714285714285713 0.0021645021645021645
26 0.5068877551020409 0.8894300144300145 0.010714285714285714 0.006132756132756133
24 0.5068877551020409 0.8984487734487735 0.010714285714285714 0.006132756132756133
24 0.5068877551020409 0.9045815295815296 0.010714285714285714 0.006132756132756133
41 0.47270408163265304 0.9460678210678211 0.0005102040816326531 0.0183982683982684
24 0.46785714285714286 0.9576118326118326 0.01020408163265306 0.006132756132756133
30 0.3892857142857143 0.9074675324675324 0.011224489795918367 0.006132756132756133
24 0.38903061224489793 0.9576118326118326 0.010714285714285714 0.006132756132756133
30 0.38877551020408163 0.8955627705627706 0.01020408163265306 0.006132756132756133
28 0.3125 0.9576118326118326 0.010714285714285714 0.006132756132756133
30 0.38877551020408163 0.9013347763347763 0.01020408163265306 0.006132756132756133
41 0.31760204081632654 0.9464285714285714 0.0005102040816326531 0.01911976911976912
28 0.38877551020408163 0.8865440115440115 0.01020408163265306 0.006132756132756133
41 0.35535714285714287 0.9464285714285714 0.0005102040816326531 0.01911976911976912
24 0.35025510204081634 0.9576118326118326 0.010714285714285714 0.006132756132756133
41 0.39413265306122447 0.9466089466089466 0.0005102040816326531 0.01948051948051948
41 0.39464285714285713 0.8858225108225108 0.0005102040816326531 0.04004329004329004
