134 0.4997448979591837 0.06908369408369408 0.9045918367346939 0.024170274170274172
1 0.9073979591836735 0.1994949494949495 0.015816326530612244 0.0007215007215007215
1 0.9073979591836735 0.20562770562770563 0.015816326530612244 0.0007215007215007215
1 0.9073979591836735 0.2113997113997114 0.015816326530612244 0.0007215007215007215
1 0.8589285714285714 0.1994949494949495 0.015816326530612244 0.0007215007215007215
1 0.8589285714285714 0.20562770562770563 0.015816326530612244 0.0007215007215007215
1 0.8589285714285714 0.2113997113997114 0.015816326530612244 0.0007215007215007215
1 0.8125 0.1994949494949495 0.015816326530612244 0.0007215007215007215
1 0.8125 0.20562770562770563 0.015816326530612244 0.0007215007215007215
1 0.8125 0.2113997113997114 0.015816326530612244 0.0007215007215007215
1 0.7637755102040816 0.1994949494949495 0.0163265306122449 0.0007215007215007215
1 0.7637755102040816 0.20562770562770563 0.0163265306122449 0.0007215007215007215
1 0.7637755102040816 0.2113997113997114 0.0163265306122449 0.0007215007215007215
1 0.7045918367346938 0.1994949494949495 0.0163265306122449 0.0007215007215007215
1 0.6094387755102041 0.1994949494949495 0.015816326530612244 0.0007215007215007215
1 0.6094387755102041 0.20562770562770563 0.015816326530612244 0.0007215007215007215
1 0.6094387755102041 0.2113997113997114 0.015816326530612244 0.0007215007215007215
1 0.5609693877551021 0.1994949494949495 0.015816326530612244 0.0007215007215007215
1 0.5609693877551021 0.20562770562770563 0.015816326530612244 0.0007215007215007215
1 0.5609693877551021 0.2113997113997114 0.015816326530612244 0.0007215007215007215
1 0.5005102040816326 0.1994949494949495 0.0163265306122449 0.0007215007215007215
1 0.5005102040816326 0.20562770562770563 0.0163265306122449 0.0007215007215007215
1 0.5005102040816326 0.2113997113997114 0.0163265306122449 0.0007215007215007215
1 0.4520408163265306 0.1994949494949495 0.0163265306122449 0.0007215007215007215
1 0.4520408163265306 0.20562770562770563 0.0163265306122449 0.0007215007215007215
1 0.4520408163265306 0.2113997113997114 0.0163265306122449 0.0007215007215007215
1 0.40535714285714286 0.1994949494949495 0.015816326530612244 0.0007215007215007215
1 0.40535714285714286 0.20562770562770563 0.015816326530612244 0.0007215007215007215
1 0.40535714285714286 0.2113997113997114 0.015816326530612244 0.0007215007215007215
1 0.3568877551020408 0.1994949494949495 0.015816326530612244 0.0007215007215007215
1 0.3568877551020408 0.20562770562770563 0.015816326530612244 0.0007215007215007215
1 0.3568877551020408 0.2113997113997114 0.015816326530612244 0.0007215007215007215
1 0.3227040816326531 0.1994949494949495 0.015816326530612244 0.0007215007215007215
1 0.29897959183673467 0.1994949494949495 0.0163265306122449 0.0007215007215007215
1 0.2752551020408163 0.1994949494949495 0.015816326530612244 0.0007215007215007215
1 0.251530612244898 0.1994949494949495 0.0163265306122449 0.0007215007215007215
1 0.22678571428571428 0.1994949494949495 0.015816326530612244 0.0007215007215007215
1 0.20433673469387756 0.1994949494949495 0.015816326530612244 0.0007215007215007215
1 0.18035714285714285 0.1994949494949495 0.015816326530612244 0.0007215007215007215
1 0.15663265306122448 0.1994949494949495 0.0163265306122449 0.0007215007215007215
134 0.4997448979591837 0.18163780663780663 0.9045918367346939 0.024170274170274172
134 0.4997448979591837 0.12463924963924963 0.9045918367346939 0.024170274170274172
1 0.5637755102040817 0.1424963924963925 0.024489795918367346 0.0007215007215007215
1 0.3596938775510204 0.1424963924963925 0.024489795918367346 0.0007215007215007215
1 0.29897959183673467 0.1424963924963925 0.0163265306122449 0.0007215007215007215
1 0.29897959183673467 0.14862914862914864 0.0163265306122449 0.0007215007215007215
1 0.251530612244898 0.1424963924963925 0.0163265306122449 0.0007215007215007215
1 0.251530612244898 0.14862914862914864 0.0163265306122449 0.0007215007215007215
1 0.20433673469387756 0.1424963924963925 0.015816326530612244 0.0007215007215007215
1 0.20433673469387756 0.14862914862914864 0.015816326530612244 0.0007215007215007215
1 0.15663265306122448 0.1424963924963925 0.0163265306122449 0.0007215007215007215
1 0.15663265306122448 0.14862914862914864 0.0163265306122449 0.0007215007215007215
26 0.6571428571428571 0.19642857142857142 0.01020408163265306 0.006132756132756133
41 0.6522959183673469 0.0836940836940837 0.0005102040816326531 0.012987012987012988
41 0.6619897959183674 0.1856060606060606 0.0005102040816326531 0.01911976911976912
24 0.6571428571428571 0.07485569985569986 0.01020408163265306 0.006132756132756133
24 0.6808673469387755 0.07485569985569986 0.010714285714285714 0.006132756132756133
24 0.6808673469387755 0.19354256854256854 0.010714285714285714 0.006132756132756133
41 0.675765306122449 0.0817099567099567 0.0005102040816326531 0.011183261183261184
24 0.6344387755102041 0.06295093795093795 0.010714285714285714 0.006132756132756133
24 0.6344387755102041 0.19354256854256854 0.010714285714285714 0.006132756132756133
41 0.6293367346938775 0.07431457431457432 0.0005102040816326531 0.020202020202020204
121 0.29209183673469385 0.18163780663780663 0.07091836734693878 0.0018037518037518038
41 0.6395408163265306 0.18416305916305917 0.0005102040816326531 0.016233766233766232
41 0.7344387755102041 0.18362193362193363 0.0005102040816326531 0.015151515151515152
26 0.7295918367346939 0.060064935064935064 0.01020408163265306 0.006132756132756133
24 0.7295918367346939 0.19354256854256854 0.01020408163265306 0.006132756132756133
41 0.7247448979591836 0.07160894660894661 0.0005102040816326531 0.020562770562770564
24 0.7637755102040816 0.07485569985569986 0.01020408163265306 0.006132756132756133
34 0.7665816326530612 0.1396103896103896 0.015816326530612244 0.005772005772005772
34 0.7665816326530612 0.13383838383838384 0.015816326530612244 0.005772005772005772
34 0.7665816326530612 0.1277056277056277 0.015816326530612244 0.005772005772005772
24 0.7045918367346938 0.06295093795093795 0.01020408163265306 0.006132756132756133
41 0.6859693877551021 0.1847041847041847 0.0005102040816326531 0.015151515151515152
26 0.7045918367346938 0.20256132756132755 0.01020408163265306 0.006132756132756133
41 0.6997448979591837 0.07413419913419914 0.0005102040816326531 0.01984126984126984
41 0.7094387755102041 0.18921356421356422 0.0005102040816326531 0.024170274170274172
26 0.5609693877551021 0.21446608946608947 0.010714285714285714 0.006132756132756133
41 0.5558673469387755 0.08477633477633478 0.0005102040816326531 0.015873015873015872
121 0.19668367346938775 0.18163780663780663 0.06989795918367347 0.0018037518037518038
34 0.5637755102040817 0.13347763347763347 0.0163265306122449 0.005772005772005772
24 0.5255102040816326 0.06295093795093795 0.01020408163265306 0.006132756132756133
24 0.5255102040816326 0.19354256854256854 0.01020408163265306 0.006132756132756133
41 0.5303571428571429 0.05357142857142857 0.0005102040816326531 0.016233766233766232
41 0.5303571428571429 0.18416305916305917 0.0005102040816326531 0.016233766233766232
24 0.5609693877551021 0.07485569985569986 0.010714285714285714 0.006132756132756133
34 0.5637755102040817 0.14574314574314573 0.0163265306122449 0.005772005772005772
34 0.5637755102040817 0.13943001443001443 0.0163265306122449 0.006132756132756133
41 0.5808673469387755 0.08315295815295816 0.0005102040816326531 0.011904761904761904
41 0.5908163265306122 0.1847041847041847 0.0010204081632653062 0.015151515151515152
24 0.5857142857142857 0.19354256854256854 0.01020408163265306 0.006132756132756133
24 0.6096938775510204 0.06295093795093795 0.01020408163265306 0.006132756132756133
26 0.6096938775510204 0.21446608946608947 0.01020408163265306 0.006132756132756133
41 0.6048469387755102 0.07557720057720058 0.0005102040816326531 0.022727272727272728
34 0.7665816326530612 0.12175324675324675 0.015816326530612244 0.006132756132756133
41 0.5660714285714286 0.19516594516594515 0.0005102040816326531 0.03607503607503607
121 0.2683673469387755 0.05176767676767677 0.02346938775510204 0.003246753246753247
41 0.6145408163265306 0.19516594516594515 0.0005102040816326531 0.03607503607503607
24 0.5857142857142857 0.07485569985569986 0.01020408163265306 0.006132756132756133
41 0.8885204081632653 0.18416305916305917 0.0005102040816326531 0.01406926406926407
24 0.9076530612244897 0.06295093795093795 0.01020408163265306 0.006132756132756133
26 0.9073979591836735 0.21446608946608947 0.010714285714285714 0.006132756132756133
41 0.9025510204081633 0.07557720057720058 0.0010204081632653062 0.022727272727272728
41 0.9125 0.19516594516594515 0.0005102040816326531 0.03607503607503607
24 0.9323979591836735 0.06295093795093795 0.010714285714285714 0.006132756132756133
26 0.8589285714285714 0.21446608946608947 0.010714285714285714 0.006132756132756133
41 0.8538265306122449 0.08477633477633478 0.0005102040816326531 0.015873015873015872
41 0.864030612244898 0.19516594516594515 0.0005102040816326531 0.03607503607503607
24 0.9323979591836735 0.19354256854256854 0.010714285714285714 0.006132756132756133
24 0.8836734693877552 0.07485569985569986 0.01020408163265306 0.006132756132756133
24 0.8836734693877552 0.19354256854256854 0.01020408163265306 0.006132756132756133
41 0.8788265306122449 0.08261183261183261 0.0005102040816326531 0.012987012987012988
121 0.6025510204081632 0.1756854256854257 0.07346938775510205 0.0021645021645021645
121 0.688265306122449 0.08694083694083694 0.07244897959183673 0.011544011544011544
121 0.9005102040816326 0.1756854256854257 0.07346938775510205 0.0021645021645021645
121 0.8908163265306123 0.08928571428571429 0.07346938775510205 0.009018759018759018
121 0.8056122448979591 0.1756854256854257 0.07346938775510205 0.0021645021645021645
121 0.7956632653061224 0.08928571428571429 0.07295918367346939 0.009018759018759018
41 0.9272959183673469 0.07485569985569986 0.0005102040816326531 0.021284271284271284
41 0.9375 0.18416305916305917 0.0005102040816326531 0.016233766233766232
24 0.8589285714285714 0.07485569985569986 0.010714285714285714 0.006132756132756133
121 0.49362244897959184 0.1756854256854257 0.07295918367346939 0.0021645021645021645
121 0.5928571428571429 0.08928571428571429 0.07346938775510205 0.009018759018759018
41 0.7686224489795919 0.19408369408369408 0.0005102040816326531 0.03607503607503607
121 0.39846938775510204 0.1756854256854257 0.07346938775510205 0.0021645021645021645
121 0.49362244897959184 0.04852092352092352 0.07295918367346939 0.009018759018759018
26 0.7637755102040816 0.21446608946608947 0.01020408163265306 0.006132756132756133
41 0.7589285714285714 0.08441558441558442 0.0005102040816326531 0.016594516594516596
121 0.30612244897959184 0.08098845598845598 0.02346938775510204 0.0018037518037518038
24 0.7887755102040817 0.07485569985569986 0.01020408163265306 0.006132756132756133
121 0.39846938775510204 0.04852092352092352 0.07346938775510205 0.009018759018759018
41 0.8176020408163265 0.19444444444444445 0.0005102040816326531 0.0367965367965368
24 0.8372448979591837 0.06295093795093795 0.01020408163265306 0.006132756132756133
24 0.8372448979591837 0.19354256854256854 0.01020408163265306 0.006132756132756133
41 0.8323979591836734 0.07485569985569986 0.0005102040816326531 0.021284271284271284
41 0.8420918367346939 0.18416305916305917 0.0005102040816326531 0.016233766233766232
24 0.7887755102040817 0.19354256854256854 0.01020408163265306 0.006132756132756133
41 0.7836734693877551 0.08315295815295816 0.0010204081632653062 0.01406926406926407
41 0.7936224489795919 0.18416305916305917 0.0005102040816326531 0.016233766233766232
121 0.6982142857142857 0.1756854256854257 0.07193877551020408 0.0021645021645021645
24 0.8125 0.06295093795093795 0.010714285714285714 0.006132756132756133
26 0.8125 0.21446608946608947 0.010714285714285714 0.006132756132756133
41 0.8073979591836735 0.07611832611832611 0.0005102040816326531 0.023809523809523808
24 0.25204081632653064 0.14267676767676768 0.009183673469387756 0.006132756132756133
41 0.2316326530612245 0.19137806637806637 0.0010204081632653062 0.01911976911976912
26 0.251530612244898 0.0661976911976912 0.01020408163265306 0.006132756132756133
24 0.25204081632653064 0.14844877344877344 0.009183673469387756 0.006132756132756133
47 0.2357142857142857 0.05916305916305916 0.006122448979591836 0.015151515151515152
26 0.251530612244898 0.13365800865800867 0.01020408163265306 0.006132756132756133
26 0.251530612244898 0.20256132756132755 0.01020408163265306 0.006132756132756133
41 0.25637755102040816 0.057900432900432904 0.0005102040816326531 0.013347763347763348
41 0.24668367346938774 0.14917027417027418 0.0005102040816326531 0.0284992784992785
41 0.20892857142857144 0.19101731601731603 0.0005102040816326531 0.0183982683982684
26 0.20408163265306123 0.20256132756132755 0.01020408163265306 0.006132756132756133
41 0.19923469387755102 0.1497113997113997 0.0005102040816326531 0.027417027417027416
24 0.22653061224489796 0.06908369408369408 0.01020408163265306 0.006132756132756133
26 0.22678571428571428 0.20256132756132755 0.010714285714285714 0.006132756132756133
41 0.2316326530612245 0.05844155844155844 0.0010204081632653062 0.01875901875901876
26 0.3028061224489796 0.07196969696969698 0.010714285714285714 0.006132756132756133
24 0.29897959183673467 0.06295093795093795 0.01020408163265306 0.006132756132756133
24 0.29948979591836733 0.14844877344877344 0.009183673469387756 0.006132756132756133
24 0.29948979591836733 0.14267676767676768 0.009183673469387756 0.006132756132756133
26 0.29897959183673467 0.13365800865800867 0.01020408163265306 0.006132756132756133
26 0.29897959183673467 0.20256132756132755 0.01020408163265306 0.006132756132756133
41 0.3079081632653061 0.06096681096681097 0.0005102040816326531 0.01948051948051948
41 0.2941326530612245 0.14917027417027418 0.0005102040816326531 0.0284992784992785
41 0.28035714285714286 0.059704184704184704 0.0005102040816326531 0.01479076479076479
41 0.25637755102040816 0.19155844155844157 0.0005102040816326531 0.01948051948051948
24 0.2752551020408163 0.06908369408369408 0.010714285714285714 0.006132756132756133
26 0.2752551020408163 0.20256132756132755 0.010714285714285714 0.006132756132756133
26 0.20408163265306123 0.13365800865800867 0.01020408163265306 0.006132756132756133
41 0.28035714285714286 0.19155844155844157 0.0005102040816326531 0.01948051948051948
5 0.06505102040816327 0.1240981240981241 0.020918367346938777 0.04329004329004329
69 0.08826530612244898 0.11273448773448773 0.009183673469387756 0.017676767676767676
69 0.09770408163265307 0.12175324675324675 0.008673469387755102 0.017676767676767676
69 0.10688775510204082 0.10984848484848485 0.008673469387755102 0.017676767676767676
69 0.11607142857142858 0.11868686868686869 0.008673469387755102 0.017316017316017316
69 0.12525510204081633 0.1277056277056277 0.008673469387755102 0.017316017316017316
8 0.06505102040816327 0.17857142857142858 0.02193877551020408 0.018037518037518036
69 0.08826530612244898 0.1756854256854257 0.009183673469387756 0.017316017316017316
69 0.09770408163265307 0.1847041847041847 0.008673469387755102 0.017316017316017316
69 0.10688775510204082 0.17279942279942279 0.008673469387755102 0.017316017316017316
69 0.11607142857142858 0.18163780663780663 0.008673469387755102 0.017676767676767676
69 0.12525510204081633 0.19065656565656566 0.008673469387755102 0.017676767676767676
69 0.08826530612244898 0.057178932178932176 0.009183673469387756 0.017676767676767676
69 0.09770408163265307 0.06601731601731602 0.008673469387755102 0.017316017316017316
69 0.10688775510204082 0.05411255411255411 0.008673469387755102 0.017316017316017316
69 0.11607142857142858 0.06313131313131314 0.008673469387755102 0.017316017316017316
69 0.12525510204081633 0.07196969696969698 0.008673469387755102 0.017676767676767676
26 0.15663265306122448 0.0661976911976912 0.01020408163265306 0.006132756132756133
85 0.1576530612244898 0.07918470418470419 0.012244897959183673 0.003246753246753247
24 0.15714285714285714 0.14844877344877344 0.009183673469387756 0.006132756132756133
0 0.04107142857142857 0.15313852813852813 0.007653061224489796 0.08116883116883117
24 0.15714285714285714 0.14267676767676768 0.009183673469387756 0.006132756132756133
122 0.1433673469387755 0.06024531024531025 0.022448979591836733 0.002886002886002886
5 0.06505102040816327 0.06818181818181818 0.020918367346938777 0.04329004329004329
10 0.06301020408163266 0.09325396825396826 0.005612244897959183 0.005411255411255411
26 0.18035714285714285 0.20256132756132755 0.010714285714285714 0.006132756132756133
41 0.1614795918367347 0.19101731601731603 0.0005102040816326531 0.0183982683982684
41 0.1854591836734694 0.19155844155844157 0.0005102040816326531 0.01948051948051948
87 0.20280612244897958 0.05772005772005772 0.007653061224489796 0.010822510822510822
24 0.20408163265306123 0.14844877344877344 0.01020408163265306 0.006132756132756133
24 0.20408163265306123 0.14267676767676768 0.01020408163265306 0.006132756132756133
26 0.15663265306122448 0.13365800865800867 0.01020408163265306 0.006132756132756133
32 0.15943877551020408 0.13077200577200576 0.015816326530612244 0.006132756132756133
26 0.15663265306122448 0.20256132756132755 0.01020408163265306 0.006132756132756133
41 0.1614795918367347 0.05591630591630592 0.0005102040816326531 0.017316017316017316
40 0.16938775510204082 0.07792207792207792 0.003061224489795918 0.0021645021645021645
41 0.2941326530612245 0.07251082251082251 0.0005102040816326531 0.016594516594516596
41 0.15178571428571427 0.14917027417027418 0.0005102040816326531 0.0284992784992785
41 0.4104591836734694 0.054292929292929296 0.0005102040816326531 0.013347763347763348
41 0.4104591836734694 0.19408369408369408 0.0005102040816326531 0.03607503607503607
26 0.40561224489795916 0.21446608946608947 0.01020408163265306 0.006132756132756133
24 0.4303571428571429 0.06295093795093795 0.010714285714285714 0.006132756132756133
24 0.4303571428571429 0.19354256854256854 0.010714285714285714 0.006132756132756133
41 0.43545918367346936 0.05357142857142857 0.0005102040816326531 0.016233766233766232
41 0.43545918367346936 0.18416305916305917 0.0005102040816326531 0.016233766233766232
24 0.3816326530612245 0.07485569985569986 0.01020408163265306 0.006132756132756133
24 0.3816326530612245 0.19354256854256854 0.01020408163265306 0.006132756132756133
41 0.386734693877551 0.06186868686868687 0.0010204081632653062 0.023448773448773448
41 0.386734693877551 0.18416305916305917 0.0010204081632653062 0.016233766233766232
24 0.40561224489795916 0.06295093795093795 0.01020408163265306 0.006132756132756133
24 0.5005102040816326 0.06295093795093795 0.01020408163265306 0.006132756132756133
41 0.4818877551020408 0.1838023088023088 0.0005102040816326531 0.015512265512265512
41 0.4818877551020408 0.061507936507936505 0.0005102040816326531 0.022727272727272728
26 0.5005102040816326 0.21446608946608947 0.01020408163265306 0.006132756132756133
41 0.5053571428571428 0.054653679653679656 0.0005102040816326531 0.01406926406926407
41 0.5053571428571428 0.19462481962481962 0.0005102040816326531 0.03715728715728716
24 0.4520408163265306 0.07485569985569986 0.01020408163265306 0.006132756132756133
26 0.4520408163265306 0.21446608946608947 0.01020408163265306 0.006132756132756133
41 0.4568877551020408 0.06295093795093795 0.0005102040816326531 0.021284271284271284
41 0.4568877551020408 0.19462481962481962 0.0005102040816326531 0.03715728715728716
24 0.4767857142857143 0.07485569985569986 0.010714285714285714 0.006132756132756133
24 0.4767857142857143 0.19354256854256854 0.010714285714285714 0.006132756132756133
41 0.36198979591836733 0.06259018759018758 0.0005102040816326531 0.020562770562770564
24 0.3568877551020408 0.07485569985569986 0.010714285714285714 0.006132756132756133
34 0.3596938775510204 0.14574314574314573 0.0163265306122449 0.005772005772005772
34 0.3596938775510204 0.13943001443001443 0.0163265306122449 0.006132756132756133
32 0.3596938775510204 0.13077200577200576 0.0163265306122449 0.006132756132756133
26 0.3568877551020408 0.21446608946608947 0.010714285714285714 0.006132756132756133
41 0.3517857142857143 0.08441558441558442 0.0005102040816326531 0.016594516594516596
41 0.31785714285714284 0.0726911976911977 0.0010204081632653062 0.016233766233766232
41 0.3038265306122449 0.19155844155844157 0.0005102040816326531 0.01948051948051948
24 0.3227040816326531 0.06295093795093795 0.010714285714285714 0.006132756132756133
26 0.3229591836734694 0.20256132756132755 0.01020408163265306 0.006132756132756133
41 0.3278061224489796 0.19155844155844157 0.0005102040816326531 0.01948051948051948
41 0.36198979591836733 0.19462481962481962 0.0005102040816326531 0.03715728715728716
134 0.4997448979591837 0.2541486291486291 0.9045918367346939 0.024170274170274172
1 0.5645408163265306 0.3277417027417027 0.023979591836734693 0.0010822510822510823
1 0.36173469387755103 0.3277417027417027 0.024489795918367346 0.0010822510822510823
134 0.4997448979591837 0.3098845598845599 0.9045918367346939 0.023809523809523808
1 0.9076530612244897 0.3814935064935065 0.0163265306122449 0.0010822510822510823
1 0.9076530612244897 0.3874458874458874 0.0163265306122449 0.0007215007215007215
1 0.9076530612244897 0.3933982683982684 0.0163265306122449 0.0010822510822510823
1 0.8589285714285714 0.3814935064935065 0.015816326530612244 0.0010822510822510823
1 0.8589285714285714 0.3874458874458874 0.015816326530612244 0.0007215007215007215
1 0.8589285714285714 0.3933982683982684 0.015816326530612244 0.0010822510822510823
1 0.8127551020408164 0.3814935064935065 0.0163265306122449 0.0010822510822510823
1 0.8127551020408164 0.3874458874458874 0.0163265306122449 0.0007215007215007215
1 0.8127551020408164 0.3933982683982684 0.0163265306122449 0.0010822510822510823
1 0.764030612244898 0.3814935064935065 0.015816326530612244 0.0010822510822510823
1 0.764030612244898 0.3874458874458874 0.015816326530612244 0.0007215007215007215
1 0.764030612244898 0.3933982683982684 0.015816326530612244 0.0010822510822510823
1 0.7051020408163265 0.3814935064935065 0.0163265306122449 0.0010822510822510823
1 0.610204081632653 0.3814935064935065 0.0163265306122449 0.0010822510822510823
1 0.610204081632653 0.3874458874458874 0.0163265306122449 0.0007215007215007215
1 0.610204081632653 0.3933982683982684 0.0163265306122449 0.0010822510822510823
1 0.561734693877551 0.3814935064935065 0.0163265306122449 0.0010822510822510823
1 0.561734693877551 0.3874458874458874 0.0163265306122449 0.0007215007215007215
1 0.561734693877551 0.3933982683982684 0.0163265306122449 0.0010822510822510823
1 0.5025510204081632 0.3814935064935065 0.0163265306122449 0.0010822510822510823
1 0.5025510204081632 0.3874458874458874 0.0163265306122449 0.0007215007215007215
1 0.5025510204081632 0.3933982683982684 0.0163265306122449 0.0010822510822510823
1 0.45408163265306123 0.3814935064935065 0.0163265306122449 0.0010822510822510823
1 0.45408163265306123 0.3874458874458874 0.0163265306122449 0.0007215007215007215
1 0.45408163265306123 0.3933982683982684 0.0163265306122449 0.0010822510822510823
1 0.4076530612244898 0.3814935064935065 0.0163265306122449 0.0010822510822510823
1 0.4076530612244898 0.3874458874458874 0.0163265306122449 0.0007215007215007215
1 0.4076530612244898 0.3933982683982684 0.0163265306122449 0.0010822510822510823
1 0.35918367346938773 0.3814935064935065 0.0163265306122449 0.0010822510822510823
1 0.35918367346938773 0.3874458874458874 0.0163265306122449 0.0007215007215007215
1 0.35918367346938773 0.3933982683982684 0.0163265306122449 0.0010822510822510823
1 0.3 0.3814935064935065 0.0163265306122449 0.0010822510822510823
1 0.20510204081632652 0.3814935064935065 0.0163265306122449 0.0010822510822510823
1 0.20510204081632652 0.3874458874458874 0.0163265306122449 0.0007215007215007215
1 0.20510204081632652 0.3933982683982684 0.0163265306122449 0.0010822510822510823
1 0.15663265306122448 0.3814935064935065 0.0163265306122449 0.0010822510822510823
1 0.15663265306122448 0.3874458874458874 0.0163265306122449 0.0007215007215007215
1 0.15663265306122448 0.3933982683982684 0.0163265306122449 0.0010822510822510823
134 0.4997448979591837 0.36363636363636365 0.9045918367346939 0.023809523809523808
24 0.7051020408163265 0.2483766233766234 0.01020408163265306 0.006132756132756133
26 0.7051020408163265 0.3843795093795094 0.01020408163265306 0.006132756132756133
41 0.7002551020408163 0.2593795093795094 0.0005102040816326531 0.01948051948051948
41 0.6528061224489796 0.2691197691197691 0.0005102040816326531 0.012987012987012988
41 0.7099489795918368 0.37103174603174605 0.0005102040816326531 0.024170274170274172
41 0.6625 0.36706349206349204 0.0005102040816326531 0.0183982683982684
41 0.6864795918367347 0.36634199134199136 0.0005102040816326531 0.01479076479076479
24 0.6813775510204082 0.2602813852813853 0.010714285714285714 0.006132756132756133
24 0.6813775510204082 0.37554112554112556 0.010714285714285714 0.005772005772005772
41 0.6762755102040816 0.26695526695526695 0.0005102040816326531 0.010822510822510822
26 0.561734693877551 0.3962842712842713 0.01020408163265306 0.006132756132756133
41 0.7594387755102041 0.26966089466089466 0.0005102040816326531 0.01406926406926407
26 0.7642857142857142 0.3962842712842713 0.01020408163265306 0.006132756132756133
34 0.7670918367346938 0.30663780663780665 0.015816326530612244 0.005772005772005772
34 0.7670918367346938 0.31277056277056275 0.015816326530612244 0.005772005772005772
34 0.7670918367346938 0.3185425685425685 0.015816326530612244 0.005772005772005772
34 0.7670918367346938 0.32485569985569984 0.015816326530612244 0.006132756132756133
24 0.7642857142857142 0.2602813852813853 0.01020408163265306 0.006132756132756133
41 0.7349489795918367 0.3656204906204906 0.0005102040816326531 0.015512265512265512
41 0.7247448979591836 0.2564935064935065 0.0005102040816326531 0.01875901875901876
24 0.7298469387755102 0.37554112554112556 0.010714285714285714 0.005772005772005772
26 0.7298469387755102 0.24512987012987014 0.010714285714285714 0.006132756132756133
41 0.5665816326530613 0.37644300144300147 0.0005102040816326531 0.03715728715728716
24 0.5864795918367347 0.2602813852813853 0.010714285714285714 0.006132756132756133
24 0.5864795918367347 0.37554112554112556 0.010714285714285714 0.005772005772005772
121 0.18775510204081633 0.2709235209235209 0.07244897959183673 0.0021645021645021645
41 0.5568877551020408 0.26966089466089466 0.0005102040816326531 0.01406926406926407
41 0.5813775510204081 0.26785714285714285 0.0005102040816326531 0.012626262626262626
24 0.6349489795918367 0.2483766233766234 0.010714285714285714 0.006132756132756133
24 0.6349489795918367 0.37554112554112556 0.010714285714285714 0.005772005772005772
41 0.6298469387755102 0.25955988455988455 0.0005102040816326531 0.01984126984126984
41 0.6150510204081633 0.37644300144300147 0.0005102040816326531 0.03499278499278499
41 0.6400510204081633 0.36598124098124096 0.0005102040816326531 0.016233766233766232
24 0.6576530612244897 0.2602813852813853 0.01020408163265306 0.006132756132756133
41 0.5915816326530612 0.3665223665223665 0.0005102040816326531 0.015151515151515152
26 0.6576530612244897 0.3786075036075036 0.01020408163265306 0.006132756132756133
24 0.610204081632653 0.2483766233766234 0.01020408163265306 0.006132756132756133
26 0.610204081632653 0.3962842712842713 0.01020408163265306 0.006132756132756133
41 0.6053571428571428 0.26082251082251084 0.0005102040816326531 0.022366522366522368
41 0.9272959183673469 0.25992063492063494 0.0005102040816326531 0.01911976911976912
41 0.9125 0.37662337662337664 0.0005102040816326531 0.03535353535353535
24 0.9323979591836735 0.2483766233766234 0.010714285714285714 0.006132756132756133
24 0.9323979591836735 0.37554112554112556 0.010714285714285714 0.005772005772005772
41 0.9375 0.36598124098124096 0.0005102040816326531 0.016233766233766232
24 0.8839285714285714 0.37554112554112556 0.010714285714285714 0.005772005772005772
41 0.8788265306122449 0.26821789321789324 0.0005102040816326531 0.011904761904761904
41 0.889030612244898 0.3665223665223665 0.0005102040816326531 0.015151515151515152
24 0.9076530612244897 0.2483766233766234 0.01020408163265306 0.006132756132756133
26 0.9076530612244897 0.3962842712842713 0.01020408163265306 0.006132756132756133
41 0.9028061224489796 0.26082251082251084 0.0005102040816326531 0.022366522366522368
121 0.4956632653061224 0.35768398268398266 0.07295918367346939 0.0018037518037518038
121 0.900765306122449 0.35768398268398266 0.07295918367346939 0.0018037518037518038
121 0.8908163265306123 0.27435064935064934 0.07346938775510205 0.009018759018759018
121 0.8058673469387755 0.35768398268398266 0.07295918367346939 0.0018037518037518038
121 0.7959183673469388 0.2745310245310245 0.07346938775510205 0.008658008658008658
121 0.6987244897959184 0.35768398268398266 0.07193877551020408 0.0018037518037518038
121 0.6887755102040817 0.27200577200577203 0.07244897959183673 0.011544011544011544
121 0.6033163265306123 0.35768398268398266 0.07295918367346939 0.0018037518037518038
121 0.5933673469387755 0.2745310245310245 0.07346938775510205 0.00937950937950938
121 0.4857142857142857 0.2747113997113997 0.07346938775510205 0.009018759018759018
121 0.400765306122449 0.35768398268398266 0.07295918367346939 0.0018037518037518038
121 0.39081632653061227 0.2747113997113997 0.07346938775510205 0.009018759018759018
121 0.29362244897959183 0.35768398268398266 0.07193877551020408 0.0018037518037518038
121 0.2836734693877551 0.26966089466089466 0.07244897959183673 0.009018759018759018
122 0.24056122448979592 0.25144300144300147 0.01989795918367347 0.002886002886002886
121 0.19770408163265307 0.35768398268398266 0.07193877551020408 0.0018037518037518038
24 0.8839285714285714 0.2602813852813853 0.010714285714285714 0.006132756132756133
24 0.789030612244898 0.2602813852813853 0.010714285714285714 0.006132756132756133
24 0.789030612244898 0.37554112554112556 0.010714285714285714 0.005772005772005772
41 0.7839285714285714 0.2685786435786436 0.0005102040816326531 0.01406926406926407
41 0.7941326530612245 0.36598124098124096 0.0005102040816326531 0.016233766233766232
24 0.8127551020408164 0.2483766233766234 0.01020408163265306 0.006132756132756133
41 0.7691326530612245 0.37644300144300147 0.0005102040816326531 0.03715728715728716
26 0.8127551020408164 0.3962842712842713 0.01020408163265306 0.006132756132756133
41 0.8426020408163265 0.3658008658008658 0.0005102040816326531 0.015873015873015872
24 0.8591836734693877 0.2602813852813853 0.01020408163265306 0.006132756132756133
26 0.8591836734693877 0.3962842712842713 0.01020408163265306 0.006132756132756133
41 0.8543367346938775 0.26966089466089466 0.0005102040816326531 0.016233766233766232
41 0.864030612244898 0.37644300144300147 0.0005102040816326531 0.03715728715728716
41 0.8079081632653061 0.26136363636363635 0.0005102040816326531 0.023448773448773448
41 0.8176020408163265 0.37644300144300147 0.0005102040816326531 0.03715728715728716
24 0.8375 0.2483766233766234 0.010714285714285714 0.006132756132756133
24 0.8375 0.37554112554112556 0.010714285714285714 0.005772005772005772
41 0.8323979591836734 0.2602813852813853 0.0005102040816326531 0.021284271284271284
26 0.25255102040816324 0.25703463203463206 0.01020408163265306 0.006132756132756133
26 0.25255102040816324 0.3786075036075036 0.01020408163265306 0.006132756132756133
41 0.24770408163265306 0.2656926406926407 0.0005102040816326531 0.01479076479076479
41 0.23392857142857143 0.3656204906204906 0.0005102040816326531 0.015512265512265512
41 0.2573979591836735 0.3676046176046176 0.0005102040816326531 0.01948051948051948
26 0.27627551020408164 0.25703463203463206 0.010714285714285714 0.006132756132756133
41 0.2002551020408163 0.2606421356421356 0.0005102040816326531 0.020562770562770564
41 0.20994897959183673 0.3759018759018759 0.0005102040816326531 0.03607503607503607
24 0.27627551020408164 0.37554112554112556 0.010714285714285714 0.005772005772005772
26 0.2288265306122449 0.25703463203463206 0.010714285714285714 0.006132756132756133
24 0.2288265306122449 0.37554112554112556 0.010714285714285714 0.005772005772005772
41 0.22372448979591836 0.26461038961038963 0.0005102040816326531 0.012626262626262626
41 0.3048469387755102 0.369949494949495 0.0005102040816326531 0.024170274170274172
26 0.32474489795918365 0.24512987012987014 0.010714285714285714 0.006132756132756133
24 0.32474489795918365 0.37554112554112556 0.010714285714285714 0.005772005772005772
41 0.3198979591836735 0.25613275613275616 0.0010204081632653062 0.01948051948051948
34 0.5645408163265306 0.3185425685425685 0.015816326530612244 0.005772005772005772
41 0.3298469387755102 0.36598124098124096 0.0005102040816326531 0.016233766233766232
41 0.2711734693877551 0.2644300144300144 0.0005102040816326531 0.012265512265512266
41 0.2813775510204082 0.36598124098124096 0.0005102040816326531 0.016233766233766232
26 0.20510204081632652 0.3962842712842713 0.01020408163265306 0.006132756132756133
24 0.3 0.2483766233766234 0.01020408163265306 0.006132756132756133
26 0.3 0.3843795093795094 0.01020408163265306 0.006132756132756133
41 0.2951530612244898 0.25901875901875904 0.0005102040816326531 0.01875901875901876
69 0.08826530612244898 0.29797979797979796 0.009183673469387756 0.017316017316017316
69 0.09770408163265307 0.3068181818181818 0.008673469387755102 0.017676767676767676
69 0.10688775510204082 0.2949134199134199 0.008673469387755102 0.017676767676767676
69 0.11607142857142858 0.30393217893217894 0.008673469387755102 0.017676767676767676
69 0.12525510204081633 0.31277056277056275 0.008673469387755102 0.017316017316017316
5 0.06505102040816327 0.2536075036075036 0.020918367346938777 0.04329004329004329
10 0.06301020408163266 0.2783189033189033 0.005612244897959183 0.005411255411255411
69 0.08826530612244898 0.24224386724386723 0.009183673469387756 0.017676767676767676
69 0.09770408163265307 0.25126262626262624 0.008673469387755102 0.017676767676767676
69 0.10688775510204082 0.23917748917748918 0.008673469387755102 0.017316017316017316
69 0.11607142857142858 0.2481962481962482 0.008673469387755102 0.017316017316017316
69 0.12525510204081633 0.25721500721500723 0.008673469387755102 0.017316017316017316
5 0.06505102040816327 0.30916305916305914 0.020918367346938777 0.04329004329004329
8 0.06505102040816327 0.36075036075036077 0.02193877551020408 0.018037518037518036
69 0.08826530612244898 0.35768398268398266 0.009183673469387756 0.017676767676767676
69 0.09770408163265307 0.3665223665223665 0.008673469387755102 0.017316017316017316
69 0.10688775510204082 0.3546176046176046 0.008673469387755102 0.017316017316017316
69 0.11607142857142858 0.36363636363636365 0.008673469387755102 0.017316017316017316
69 0.12525510204081633 0.37247474747474746 0.008673469387755102 0.017676767676767676
0 0.04107142857142857 0.33676046176046176 0.0066326530612244895 0.07828282828282829
122 0.8630102040816326 0.3194444444444444 0.1719387755102041 0.00468975468975469
122 0.8630102040816326 0.3134920634920635 0.1719387755102041 0.004329004329004329
122 0.8630102040816326 0.30753968253968256 0.1719387755102041 0.00468975468975469
122 0.8630102040816326 0.30158730158730157 0.1719387755102041 0.004329004329004329
26 0.18137755102040817 0.25703463203463206 0.010714285714285714 0.006132756132756133
24 0.18137755102040817 0.37554112554112556 0.010714285714285714 0.005772005772005772
41 0.17627551020408164 0.26461038961038963 0.0005102040816326531 0.012626262626262626
41 0.1614795918367347 0.3759018759018759 0.0005102040816326531 0.03607503607503607
41 0.18647959183673468 0.36598124098124096 0.0005102040816326531 0.016233766233766232
24 0.20510204081632652 0.2483766233766234 0.01020408163265306 0.006132756132756133
26 0.15663265306122448 0.25703463203463206 0.01020408163265306 0.006132756132756133
32 0.15943877551020408 0.3217893217893218 0.015816326530612244 0.005772005772005772
32 0.15943877551020408 0.31583694083694086 0.015816326530612244 0.006132756132756133
34 0.15943877551020408 0.3068181818181818 0.015816326530612244 0.006132756132756133
26 0.15663265306122448 0.3962842712842713 0.01020408163265306 0.006132756132756133
41 0.15178571428571427 0.26461038961038963 0.0005102040816326531 0.012626262626262626
41 0.4589285714285714 0.3760822510822511 0.0005102040816326531 0.03643578643578643
24 0.45408163265306123 0.2602813852813853 0.01020408163265306 0.006132756132756133
26 0.45408163265306123 0.3962842712842713 0.01020408163265306 0.006132756132756133
41 0.449234693877551 0.26966089466089466 0.0005102040816326531 0.016233766233766232
24 0.4788265306122449 0.2602813852813853 0.010714285714285714 0.006132756132756133
24 0.4788265306122449 0.37554112554112556 0.010714285714285714 0.005772005772005772
41 0.47372448979591836 0.2685786435786436 0.0005102040816326531 0.01406926406926407
41 0.4272959183673469 0.26046176046176045 0.0005102040816326531 0.020923520923520924
41 0.4125 0.3760822510822511 0.0005102040816326531 0.03643578643578643
24 0.35918367346938773 0.2602813852813853 0.01020408163265306 0.006132756132756133
24 0.43239795918367346 0.37554112554112556 0.010714285714285714 0.005772005772005772
41 0.4375 0.36598124098124096 0.0005102040816326531 0.016233766233766232
24 0.5272959183673469 0.2483766233766234 0.010714285714285714 0.006132756132756133
24 0.5272959183673469 0.37554112554112556 0.010714285714285714 0.005772005772005772
41 0.5221938775510204 0.2602813852813853 0.0005102040816326531 0.021284271284271284
41 0.5323979591836735 0.36598124098124096 0.0005102040816326531 0.016233766233766232
24 0.561734693877551 0.2602813852813853 0.01020408163265306 0.006132756132756133
34 0.5645408163265306 0.33080808080808083 0.015816326530612244 0.005772005772005772
34 0.5645408163265306 0.32485569985569984 0.015816326530612244 0.006132756132756133
26 0.5025510204081632 0.3962842712842713 0.01020408163265306 0.006132756132756133
41 0.48392857142857143 0.36598124098124096 0.0005102040816326531 0.016233766233766232
24 0.5025510204081632 0.2483766233766234 0.01020408163265306 0.006132756132756133
24 0.43239795918367346 0.2483766233766234 0.010714285714285714 0.006132756132756133
41 0.49770408163265306 0.26136363636363635 0.0005102040816326531 0.023448773448773448
41 0.5073979591836735 0.37644300144300147 0.0005102040816326531 0.03715728715728716
24 0.38392857142857145 0.37554112554112556 0.010714285714285714 0.005772005772005772
24 0.38392857142857145 0.2602813852813853 0.010714285714285714 0.006132756132756133
41 0.36403061224489797 0.3760822510822511 0.0005102040816326531 0.03643578643578643
41 0.40280612244897956 0.2619047619047619 0.0005102040816326531 0.022366522366522368
26 0.4076530612244898 0.3962842712842713 0.01020408163265306 0.006132756132756133
34 0.36198979591836733 0.33080808080808083 0.015816326530612244 0.005772005772005772
24 0.4076530612244898 0.2483766233766234 0.01020408163265306 0.006132756132756133
34 0.36198979591836733 0.32485569985569984 0.015816326530612244 0.006132756132756133
32 0.36198979591836733 0.31583694083694086 0.015816326530612244 0.006132756132756133
26 0.35918367346938773 0.3962842712842713 0.01020408163265306 0.006132756132756133
41 0.3788265306122449 0.2685786435786436 0.0005102040816326531 0.01406926406926407
41 0.35433673469387755 0.26966089466089466 0.0005102040816326531 0.016233766233766232
41 0.38903061224489793 0.36598124098124096 0.0005102040816326531 0.016233766233766232
134 0.4997448979591837 0.45725108225108224 0.9045918367346939 0.024170274170274172
134 0.4997448979591837 0.5128066378066378 0.9045918367346939 0.024170274170274172
134 0.4997448979591837 0.5665584415584416 0.9045918367346939 0.024170274170274172
1 0.8568877551020408 0.5844155844155844 0.023979591836734693 0.0007215007215007215
1 0.7326530612244898 0.5844155844155844 0.024489795918367346 0.0007215007215007215
1 0.6086734693877551 0.5844155844155844 0.024489795918367346 0.0007215007215007215
1 0.6086734693877551 0.5905483405483406 0.024489795918367346 0.0007215007215007215
1 0.6086734693877551 0.5963203463203464 0.024489795918367346 0.0007215007215007215
1 0.43418367346938774 0.5844155844155844 0.024489795918367346 0.0007215007215007215
1 0.43418367346938774 0.5905483405483406 0.024489795918367346 0.0007215007215007215
1 0.43418367346938774 0.5963203463203464 0.024489795918367346 0.0007215007215007215
1 0.3522959183673469 0.5844155844155844 0.015816326530612244 0.0007215007215007215
1 0.22244897959183674 0.5844155844155844 0.0163265306122449 0.0007215007215007215
1 0.22244897959183674 0.5905483405483406 0.0163265306122449 0.0007215007215007215
1 0.22244897959183674 0.5963203463203464 0.0163265306122449 0.0007215007215007215
1 0.15663265306122448 0.5844155844155844 0.0163265306122449 0.0007215007215007215
1 0.15663265306122448 0.5905483405483406 0.0163265306122449 0.0007215007215007215
1 0.15663265306122448 0.5963203463203464 0.0163265306122449 0.0007215007215007215
34 0.7329081632653062 0.5037878787878788 0.015816326530612244 0.006132756132756133
32 0.7329081632653062 0.5126262626262627 0.015816326530612244 0.005772005772005772
32 0.7329081632653062 0.5189393939393939 0.015816326530612244 0.006132756132756133
34 0.7329081632653062 0.5636724386724387 0.015816326530612244 0.006132756132756133
121 0.20076530612244897 0.474025974025974 0.09846938775510204 0.0021645021645021645
32 0.7329081632653062 0.5845959595959596 0.015816326530612244 0.006132756132756133
32 0.6089285714285714 0.5784632034632035 0.015816326530612244 0.006132756132756133
34 0.6089285714285714 0.5993867243867244 0.015816326530612244 0.006132756132756133
32 0.6089285714285714 0.5068542568542569 0.015816326530612244 0.005772005772005772
32 0.6089285714285714 0.5126262626262627 0.015816326530612244 0.005772005772005772
32 0.6089285714285714 0.5189393939393939 0.015816326530612244 0.006132756132756133
85 0.5081632653061224 0.44336219336219335 0.012244897959183673 0.0036075036075036075
122 0.7948979591836735 0.5548340548340548 0.12040816326530612 0.004329004329004329
122 0.7948979591836735 0.5927128427128427 0.12040816326530612 0.004329004329004329
122 0.5216836734693877 0.5717893217893217 0.17091836734693877 0.004329004329004329
121 0.21071428571428572 0.5606060606060606 0.09795918367346938 0.0021645021645021645
122 0.2711734693877551 0.454004329004329 0.029081632653061223 0.003246753246753247
121 0.33163265306122447 0.4727633477633478 0.09795918367346938 0.009018759018759018
121 0.3413265306122449 0.5606060606060606 0.09795918367346938 0.0021645021645021645
122 0.5214285714285715 0.512987012987013 0.1540816326530612 0.004329004329004329
122 0.5214285714285715 0.5070346320346321 0.1540816326530612 0.00468975468975469
122 0.5216836734693877 0.5001803751803752 0.17091836734693877 0.00468975468975469
122 0.5214285714285715 0.6076839826839827 0.1704081632653061 0.00468975468975469
84 0.6413265306122449 0.44715007215007213 0.012244897959183673 0.003246753246753247
84 0.7653061224489796 0.44715007215007213 0.012244897959183673 0.003246753246753247
122 0.7946428571428571 0.512987012987013 0.10357142857142858 0.004329004329004329
122 0.7948979591836735 0.5068542568542569 0.12040816326530612 0.004329004329004329
122 0.7948979591836735 0.49855699855699853 0.10408163265306122 0.004329004329004329
34 0.8568877551020408 0.5636724386724387 0.015816326530612244 0.006132756132756133
32 0.8568877551020408 0.5845959595959596 0.015816326530612244 0.006132756132756133
34 0.8568877551020408 0.5037878787878788 0.015816326530612244 0.006132756132756133
32 0.8568877551020408 0.5126262626262627 0.015816326530612244 0.005772005772005772
32 0.8568877551020408 0.5189393939393939 0.015816326530612244 0.006132756132756133
41 0.1614795918367347 0.579004329004329 0.0005102040816326531 0.03607503607503607
41 0.18494897959183673 0.4678932178932179 0.0005102040816326531 0.011544011544011544
24 0.19005102040816327 0.5784632034632035 0.010714285714285714 0.006132756132756133
26 0.19005102040816327 0.4601370851370851 0.010714285714285714 0.006132756132756133
41 0.15178571428571427 0.4680735930735931 0.0005102040816326531 0.011183261183261184
26 0.15663265306122448 0.5993867243867244 0.01020408163265306 0.006132756132756133
41 0.25 0.4677128427128427 0.0010204081632653062 0.011904761904761904
24 0.2548469387755102 0.5784632034632035 0.010714285714285714 0.006132756132756133
41 0.22729591836734694 0.579004329004329 0.0005102040816326531 0.03607503607503607
34 0.15943877551020408 0.5097402597402597 0.015816326530612244 0.005772005772005772
41 0.21760204081632653 0.46356421356421357 0.0005102040816326531 0.020202020202020204
26 0.22244897959183674 0.5993867243867244 0.01020408163265306 0.006132756132756133
24 0.22244897959183674 0.45111832611832614 0.01020408163265306 0.006132756132756133
41 0.1951530612244898 0.5690836940836941 0.0005102040816326531 0.016233766233766232
5 0.06505102040816327 0.45634920634920634 0.020918367346938777 0.04329004329004329
84 0.8895408163265306 0.44715007215007213 0.01173469387755102 0.003246753246753247
122 0.14464285714285716 0.5037878787878788 0.026020408163265306 0.003246753246753247
122 0.1405612244897959 0.51010101010101 0.01683673469387755 0.002886002886002886
122 0.1405612244897959 0.5160533910533911 0.017857142857142856 0.0025252525252525255
122 0.1405612244897959 0.5221861471861472 0.01683673469387755 0.0025252525252525255
10 0.06301020408163266 0.4814213564213564 0.005612244897959183 0.005411255411255411
0 0.04081632653061224 0.5396825396825397 0.007142857142857143 0.07864357864357864
34 0.15943877551020408 0.5156926406926406 0.015816326530612244 0.006132756132756133
34 0.15943877551020408 0.5216450216450217 0.015816326530612244 0.005772005772005772
34 0.15943877551020408 0.5277777777777778 0.015816326530612244 0.005772005772005772
26 0.15663265306122448 0.4601370851370851 0.01020408163265306 0.006132756132756133
26 0.2548469387755102 0.4601370851370851 0.010714285714285714 0.006132756132756133
69 0.08826530612244898 0.5606060606060606 0.009183673469387756 0.017316017316017316
69 0.09770408163265307 0.5696248196248196 0.008673469387755102 0.017316017316017316
69 0.10688775510204082 0.5577200577200577 0.008673469387755102 0.017316017316017316
69 0.11607142857142858 0.5665584415584416 0.008673469387755102 0.017676767676767676
69 0.12525510204081633 0.5755772005772006 0.008673469387755102 0.017676767676767676
8 0.06505102040816327 0.5636724386724387 0.02193877551020408 0.0183982683982684
69 0.08826530612244898 0.5009018759018758 0.009183673469387756 0.017676767676767676
69 0.09770408163265307 0.5099206349206349 0.008673469387755102 0.017676767676767676
69 0.10688775510204082 0.498015873015873 0.008673469387755102 0.017676767676767676
69 0.11607142857142858 0.5068542568542569 0.008673469387755102 0.017316017316017316
69 0.12525510204081633 0.5158730158730159 0.008673469387755102 0.017316017316017316
5 0.06505102040816327 0.5122655122655123 0.020918367346938777 0.04329004329004329
69 0.08826530612244898 0.4453463203463203 0.009183673469387756 0.017676767676767676
69 0.09770408163265307 0.4541847041847042 0.008673469387755102 0.017316017316017316
69 0.10688775510204082 0.4422799422799423 0.008673469387755102 0.017316017316017316
69 0.11607142857142858 0.4512987012987013 0.008673469387755102 0.017316017316017316
69 0.12525510204081633 0.4601370851370851 0.008673469387755102 0.017676767676767676
41 0.3905612244897959 0.5687229437229437 0.0005102040816326531 0.015512265512265512
41 0.3808673469387755 0.4597763347763348 0.0005102040816326531 0.0183982683982684
24 0.38571428571428573 0.5784632034632035 0.01020408163265306 0.006132756132756133
26 0.38571428571428573 0.44823232323232326 0.01020408163265306 0.006132756132756133
41 0.35714285714285715 0.5735930735930735 0.0010204081632653062 0.025252525252525252
41 0.34719387755102044 0.4624819624819625 0.0005102040816326531 0.018037518037518036
26 0.3520408163265306 0.5874819624819625 0.01020408163265306 0.006132756132756133
41 0.43698979591836734 0.4514790764790765 0.0005102040816326531 0.0183982683982684
4 0.4135204081632653 0.4161255411255411 0.02193877551020408 0.020562770562770564
32 0.43418367346938774 0.5784632034632035 0.0163265306122449 0.006132756132756133
34 0.43418367346938774 0.5993867243867244 0.0163265306122449 0.006132756132756133
32 0.43418367346938774 0.5068542568542569 0.0163265306122449 0.005772005772005772
32 0.43418367346938774 0.5126262626262627 0.0163265306122449 0.005772005772005772
32 0.43418367346938774 0.5189393939393939 0.0163265306122449 0.006132756132756133
28 0.4316326530612245 0.463023088023088 0.011224489795918367 0.006132756132756133
41 0.2823979591836735 0.46915584415584416 0.0005102040816326531 0.013347763347763348
24 0.3520408163265306 0.45111832611832614 0.01020408163265306 0.006132756132756133
41 0.29209183673469385 0.56998556998557 0.0005102040816326531 0.018037518037518036
26 0.2872448979591837 0.5815295815295816 0.01020408163265306 0.005772005772005772
26 0.2872448979591837 0.4601370851370851 0.01020408163265306 0.006132756132756133
41 0.2599489795918367 0.5690836940836941 0.0005102040816326531 0.016233766233766232
26 0.3196428571428571 0.4601370851370851 0.010714285714285714 0.006132756132756133
24 0.3196428571428571 0.5784632034632035 0.010714285714285714 0.006132756132756133
41 0.31479591836734694 0.4675324675324675 0.0010204081632653062 0.012265512265512266
41 0.32474489795918365 0.5690836940836941 0.0005102040816326531 0.016233766233766232
134 0.4997448979591837 0.6390692640692641 0.9045918367346939 0.024170274170274172
134 0.4997448979591837 0.7485569985569985 0.9045918367346939 0.023809523809523808
1 0.8630102040816326 0.7665945165945166 0.023979591836734693 0.0007215007215007215
1 0.7459183673469387 0.7665945165945166 0.024489795918367346 0.0007215007215007215
1 0.7459183673469387 0.7723665223665224 0.024489795918367346 0.0007215007215007215
1 0.7459183673469387 0.7784992784992785 0.024489795918367346 0.0007215007215007215
1 0.6285714285714286 0.7665945165945166 0.024489795918367346 0.0007215007215007215
1 0.6285714285714286 0.7723665223665224 0.024489795918367346 0.0007215007215007215
1 0.6285714285714286 0.7784992784992785 0.024489795918367346 0.0007215007215007215
1 0.5112244897959184 0.7665945165945166 0.024489795918367346 0.0007215007215007215
1 0.39387755102040817 0.7665945165945166 0.024489795918367346 0.0007215007215007215
1 0.27653061224489794 0.7665945165945166 0.024489795918367346 0.0007215007215007215
1 0.27653061224489794 0.7723665223665224 0.024489795918367346 0.0007215007215007215
1 0.15943877551020408 0.7665945165945166 0.023979591836734693 0.0007215007215007215
1 0.15943877551020408 0.7723665223665224 0.023979591836734693 0.0007215007215007215
134 0.4997448979591837 0.6948051948051948 0.9045918367346939 0.023809523809523808
1 0.8630102040816326 0.7126623376623377 0.023979591836734693 0.0010822510822510823
34 0.8630102040816326 0.7155483405483406 0.015816326530612244 0.006132756132756133
32 0.6285714285714286 0.7606421356421357 0.0163265306122449 0.006132756132756133
34 0.6285714285714286 0.7813852813852814 0.0163265306122449 0.005772005772005772
32 0.6285714285714286 0.6948051948051948 0.0163265306122449 0.005772005772005772
32 0.6285714285714286 0.7007575757575758 0.0163265306122449 0.006132756132756133
34 0.6285714285714286 0.7097763347763347 0.0163265306122449 0.006132756132756133
122 0.2181122448979592 0.6985930735930735 0.09744897959183674 0.003968253968253968
32 0.7456632653061225 0.7606421356421357 0.015816326530612244 0.006132756132756133
34 0.7456632653061225 0.7813852813852814 0.015816326530612244 0.005772005772005772
32 0.7456632653061225 0.6948051948051948 0.015816326530612244 0.005772005772005772
32 0.7456632653061225 0.7007575757575758 0.015816326530612244 0.006132756132756133
34 0.7456632653061225 0.7097763347763347 0.015816326530612244 0.006132756132756133
84 0.6584183673469388 0.628968253968254 0.01173469387755102 0.003246753246753247
122 0.6872448979591836 0.7045454545454546 0.09693877551020408 0.004329004329004329
122 0.6872448979591836 0.6948051948051948 0.09693877551020408 0.004329004329004329
122 0.6869897959183674 0.6881313131313131 0.11377551020408164 0.00468975468975469
122 0.6869897959183674 0.7896825396825397 0.11377551020408164 0.004329004329004329
122 0.6872448979591836 0.753968253968254 0.11326530612244898 0.004329004329004329
84 0.7755102040816326 0.628968253968254 0.012244897959183673 0.003246753246753247
122 0.21785714285714286 0.689033189033189 0.09693877551020408 0.004329004329004329
122 0.2181122448979592 0.6821789321789322 0.11377551020408164 0.004329004329004329
122 0.2181122448979592 0.7835497835497836 0.11377551020408164 0.004329004329004329
122 0.2181122448979592 0.7478354978354979 0.11377551020408164 0.004329004329004329
84 0.3066326530612245 0.628968253968254 0.012244897959183673 0.003246753246753247
84 0.42397959183673467 0.628968253968254 0.012244897959183673 0.003246753246753247
122 0.45255102040816325 0.7045454545454546 0.09693877551020408 0.004329004329004329
122 0.45255102040816325 0.6987734487734488 0.09693877551020408 0.004329004329004329
122 0.45255102040816325 0.6926406926406926 0.09693877551020408 0.004329004329004329
122 0.45255102040816325 0.6865079365079365 0.09693877551020408 0.004329004329004329
122 0.4528061224489796 0.7777777777777778 0.11377551020408164 0.004329004329004329
122 0.45255102040816325 0.7418831168831169 0.11326530612244898 0.00468975468975469
84 0.5410714285714285 0.628968253968254 0.01173469387755102 0.003246753246753247
34 0.8630102040816326 0.7454906204906205 0.015816326530612244 0.006132756132756133
32 0.8630102040816326 0.7664141414141414 0.015816326530612244 0.006132756132756133
32 0.8630102040816326 0.7005772005772006 0.015816326530612244 0.005772005772005772
32 0.8630102040816326 0.7068903318903319 0.015816326530612244 0.006132756132756133
34 0.2767857142857143 0.7754329004329005 0.015816326530612244 0.006132756132756133
32 0.2767857142857143 0.6886724386724387 0.015816326530612244 0.005772005772005772
32 0.2767857142857143 0.69498556998557 0.015816326530612244 0.006132756132756133
34 0.2767857142857143 0.7036435786435786 0.015816326530612244 0.006132756132756133
32 0.2767857142857143 0.7545093795093795 0.015816326530612244 0.006132756132756133
32 0.15943877551020408 0.7545093795093795 0.015816326530612244 0.006132756132756133
34 0.15943877551020408 0.7754329004329005 0.015816326530612244 0.006132756132756133
32 0.15943877551020408 0.6886724386724387 0.015816326530612244 0.005772005772005772
32 0.15943877551020408 0.6948051948051948 0.015816326530612244 0.005772005772005772
34 0.15943877551020408 0.7036435786435786 0.015816326530612244 0.006132756132756133
122 0.9109693877551021 0.7404401154401155 0.0760204081632653 0.003968253968253968
122 0.9109693877551021 0.7716450216450217 0.0760204081632653 0.004329004329004329
122 0.9068877551020408 0.6948051948051948 0.08418367346938775 0.004329004329004329
122 0.9109693877551021 0.7007575757575758 0.0760204081632653 0.003968253968253968
122 0.9109693877551021 0.7104978354978355 0.0760204081632653 0.003968253968253968
84 0.8928571428571429 0.628968253968254 0.012244897959183673 0.003246753246753247
84 0.18877551020408162 0.628968253968254 0.012244897959183673 0.003246753246753247
0 0.04107142857142857 0.7216810966810967 0.0066326530612244895 0.07828282828282829
5 0.06505102040816327 0.6940836940836941 0.020918367346938777 0.04329004329004329
69 0.08826530612244898 0.7426046176046176 0.009183673469387756 0.017676767676767676
69 0.09770408163265307 0.7516233766233766 0.008673469387755102 0.017676767676767676
69 0.10688775510204082 0.7395382395382395 0.008673469387755102 0.017316017316017316
69 0.11607142857142858 0.7485569985569985 0.008673469387755102 0.017316017316017316
69 0.12525510204081633 0.7575757575757576 0.008673469387755102 0.017316017316017316
8 0.06505102040816327 0.7456709956709957 0.02193877551020408 0.018037518037518036
69 0.08826530612244898 0.6829004329004329 0.009183673469387756 0.017316017316017316
69 0.09770408163265307 0.6919191919191919 0.008673469387755102 0.017316017316017316
69 0.10688775510204082 0.6798340548340548 0.008673469387755102 0.017676767676767676
69 0.11607142857142858 0.6888528138528138 0.008673469387755102 0.017676767676767676
69 0.12525510204081633 0.6978715728715729 0.008673469387755102 0.017676767676767676
69 0.08826530612244898 0.6271645021645021 0.009183673469387756 0.017676767676767676
69 0.09770408163265307 0.6361832611832612 0.008673469387755102 0.017676767676767676
69 0.10688775510204082 0.6242784992784993 0.008673469387755102 0.017676767676767676
69 0.11607142857142858 0.6331168831168831 0.008673469387755102 0.017316017316017316
69 0.12525510204081633 0.6421356421356421 0.008673469387755102 0.017316017316017316
10 0.06301020408163266 0.6632395382395382 0.005612244897959183 0.005411255411255411
5 0.06505102040816327 0.6385281385281385 0.020918367346938777 0.04329004329004329
34 0.5112244897959184 0.6978715728715729 0.0163265306122449 0.005411255411255411
32 0.5112244897959184 0.7487373737373737 0.0163265306122449 0.006132756132756133
34 0.5112244897959184 0.7693001443001443 0.0163265306122449 0.006132756132756133
34 0.5112244897959184 0.6917388167388168 0.0163265306122449 0.006132756132756133
34 0.5112244897959184 0.7036435786435786 0.0163265306122449 0.006132756132756133
34 0.5112244897959184 0.7097763347763347 0.0163265306122449 0.006132756132756133
34 0.39387755102040817 0.6915584415584416 0.0163265306122449 0.005772005772005772
32 0.39387755102040817 0.7487373737373737 0.0163265306122449 0.006132756132756133
34 0.39387755102040817 0.7693001443001443 0.0163265306122449 0.006132756132756133
34 0.39387755102040817 0.6976911976911977 0.0163265306122449 0.005772005772005772
34 0.39387755102040817 0.7036435786435786 0.0163265306122449 0.006132756132756133
34 0.39387755102040817 0.7097763347763347 0.0163265306122449 0.006132756132756133
134 0.4997448979591837 0.8210678210678211 0.9045918367346939 0.023809523809523808
134 0.4997448979591837 0.9305555555555556 0.9045918367346939 0.024170274170274172
1 0.8387755102040816 0.9484126984126984 0.024489795918367346 0.0007215007215007215
1 0.7145408163265307 0.9484126984126984 0.023979591836734693 0.0007215007215007215
1 0.5984693877551021 0.9484126984126984 0.024489795918367346 0.0007215007215007215
1 0.5984693877551021 0.9543650793650794 0.024489795918367346 0.0010822510822510823
1 0.5984693877551021 0.9603174603174603 0.024489795918367346 0.0007215007215007215
1 0.48520408163265305 0.9484126984126984 0.024489795918367346 0.0007215007215007215
1 0.48520408163265305 0.9543650793650794 0.024489795918367346 0.0010822510822510823
1 0.48520408163265305 0.9603174603174603 0.024489795918367346 0.0007215007215007215
1 0.4306122448979592 0.9484126984126984 0.024489795918367346 0.0007215007215007215
1 0.36428571428571427 0.9484126984126984 0.024489795918367346 0.0007215007215007215
1 0.29336734693877553 0.9484126984126984 0.024489795918367346 0.0007215007215007215
1 0.29336734693877553 0.9543650793650794 0.024489795918367346 0.0010822510822510823
1 0.22653061224489796 0.9484126984126984 0.024489795918367346 0.0007215007215007215
1 0.22653061224489796 0.9543650793650794 0.024489795918367346 0.0010822510822510823
1 0.15943877551020408 0.9484126984126984 0.023979591836734693 0.0007215007215007215
134 0.4997448979591837 0.8768037518037518 0.9045918367346939 0.024170274170274172
1 0.42346938775510207 0.8946608946608947 0.03877551020408163 0.0007215007215007215
1 0.4306122448979592 0.9006132756132756 0.024489795918367346 0.0010822510822510823
1 0.35714285714285715 0.8946608946608947 0.03877551020408163 0.0007215007215007215
1 0.36428571428571427 0.9006132756132756 0.024489795918367346 0.0010822510822510823
1 0.29336734693877553 0.8946608946608947 0.024489795918367346 0.0007215007215007215
1 0.22653061224489796 0.8946608946608947 0.024489795918367346 0.0007215007215007215
1 0.15943877551020408 0.8946608946608947 0.023979591836734693 0.0007215007215007215
53 0.5959183673469388 0.8264790764790765 0.00816326530612245 0.01443001443001443
41 0.5910714285714286 0.8266594516594516 0.0005102040816326531 0.0183982683982684
87 0.7326530612244898 0.8098845598845599 0.00816326530612245 0.010822510822510822
26 0.7673469387755102 0.8122294372294372 0.01020408163265306 0.006132756132756133
34 0.5987244897959184 0.9633838383838383 0.015816326530612244 0.006132756132756133
26 0.810204081632653 0.8122294372294372 0.01020408163265306 0.006132756132756133
41 0.7875 0.8225108225108225 0.0005102040816326531 0.015873015873015872
26 0.7923469387755102 0.8122294372294372 0.01020408163265306 0.006132756132756133
84 0.23673469387755103 0.8111471861471862 0.012244897959183673 0.003246753246753247
41 0.7625 0.8232323232323232 0.0005102040816326531 0.01948051948051948
53 0.749234693877551 0.8326118326118326 0.008673469387755102 0.015873015873015872
41 0.7441326530612244 0.8318903318903319 0.0005102040816326531 0.018037518037518036
24 0.749234693877551 0.8212481962481962 0.010714285714285714 0.006132756132756133
32 0.5987244897959184 0.9424603174603174 0.015816326530612244 0.006132756132756133
41 0.6517857142857143 0.8264790764790765 0.0005102040816326531 0.01875901875901876
24 0.6568877551020408 0.8151154401154401 0.010714285714285714 0.006132756132756133
53 0.639030612244898 0.8268398268398268 0.008673469387755102 0.015151515151515152
41 0.6339285714285714 0.8266594516594516 0.0005102040816326531 0.0183982683982684
24 0.6798469387755102 0.8212481962481962 0.010714285714285714 0.006132756132756133
24 0.6387755102040816 0.8151154401154401 0.01020408163265306 0.006132756132756133
41 0.6089285714285714 0.8266594516594516 0.0005102040816326531 0.0183982683982684
24 0.6137755102040816 0.8151154401154401 0.01020408163265306 0.006132756132756133
34 0.7145408163265307 0.9276695526695526 0.015816326530612244 0.006132756132756133
32 0.7145408163265307 0.9485930735930735 0.015816326530612244 0.006132756132756133
34 0.7145408163265307 0.8677849927849928 0.015816326530612244 0.006132756132756133
32 0.7145408163265307 0.8766233766233766 0.015816326530612244 0.005772005772005772
32 0.7145408163265307 0.8825757575757576 0.015816326530612244 0.006132756132756133
86 0.7099489795918368 0.8082611832611832 0.008673469387755102 0.016955266955266956
41 0.6747448979591837 0.8317099567099567 0.0005102040816326531 0.0183982683982684
121 0.925765306122449 0.8324314574314574 0.017857142857142856 0.003246753246753247
122 0.8877551020408163 0.80501443001443 0.014285714285714285 0.0025252525252525255
121 0.7961734693877551 0.8318903318903319 0.017857142857142856 0.0021645021645021645
122 0.7767857142857143 0.9188311688311688 0.11989795918367346 0.004329004329004329
122 0.7765306122448979 0.9567099567099567 0.12040816326530612 0.004329004329004329
122 0.7765306122448979 0.8625541125541125 0.10408163265306122 0.004329004329004329
122 0.7765306122448979 0.8708513708513709 0.12040816326530612 0.004329004329004329
122 0.7767857142857143 0.876984126984127 0.10357142857142858 0.004329004329004329
122 0.3974489795918367 0.8793290043290043 0.06326530612244897 0.003968253968253968
122 0.2599489795918367 0.8914141414141414 0.04642857142857143 0.0036075036075036075
122 0.2599489795918367 0.8854617604617605 0.04642857142857143 0.003968253968253968
122 0.2599489795918367 0.8793290043290043 0.06275510204081633 0.003968253968253968
122 0.2599489795918367 0.9653679653679653 0.06275510204081633 0.004329004329004329
122 0.2599489795918367 0.93001443001443 0.06275510204081633 0.004329004329004329
84 0.30306122448979594 0.8111471861471862 0.012244897959183673 0.003246753246753247
84 0.36989795918367346 0.8111471861471862 0.012244897959183673 0.003246753246753247
122 0.39005102040816325 0.8959235209235209 0.03214285714285714 0.003246753246753247
122 0.3903061224489796 0.88997113997114 0.03163265306122449 0.0036075036075036075
122 0.3974489795918367 0.8854617604617605 0.04591836734693878 0.003968253968253968
41 0.9349489795918368 0.8252164502164502 0.0005102040816326531 0.015512265512265512
122 0.3974489795918367 0.9594155844155844 0.06326530612244897 0.003968253968253968
122 0.3974489795918367 0.924062049062049 0.06224489795918367 0.003968253968253968
84 0.4362244897959184 0.8111471861471862 0.012244897959183673 0.003246753246753247
122 0.5420918367346939 0.876984126984127 0.0933673469387755 0.004329004329004329
122 0.5418367346938775 0.8708513708513709 0.09285714285714286 0.004329004329004329
122 0.5420918367346939 0.863997113997114 0.1096938775510204 0.004329004329004329
122 0.5420918367346939 0.9715007215007215 0.1096938775510204 0.004329004329004329
122 0.5420918367346939 0.9357864357864358 0.1096938775510204 0.004329004329004329
121 0.5382653061224489 0.8329725829725829 0.05408163265306123 0.0021645021645021645
122 0.6479591836734694 0.8079004329004329 0.014285714285714285 0.0025252525252525255
53 0.835969387755102 0.823953823953824 0.008673469387755102 0.015151515151515152
41 0.8308673469387755 0.8235930735930735 0.0005102040816326531 0.01875901875901876
34 0.8387755102040816 0.9276695526695526 0.0163265306122449 0.006132756132756133
32 0.8387755102040816 0.9485930735930735 0.0163265306122449 0.006132756132756133
34 0.8387755102040816 0.8677849927849928 0.0163265306122449 0.006132756132756133
32 0.8387755102040816 0.8766233766233766 0.0163265306122449 0.005772005772005772
32 0.8387755102040816 0.8825757575757576 0.0163265306122449 0.006132756132756133
26 0.835969387755102 0.8122294372294372 0.010714285714285714 0.006132756132756133
24 0.9400510204081632 0.8151154401154401 0.010714285714285714 0.006132756132756133
41 0.9170918367346939 0.8232323232323232 0.0005102040816326531 0.017316017316017316
26 0.9219387755102041 0.8122294372294372 0.01020408163265306 0.006132756132756133
41 0.8920918367346938 0.8237734487734488 0.0005102040816326531 0.0183982683982684
26 0.8969387755102041 0.8122294372294372 0.01020408163265306 0.006132756132756133
53 0.8790816326530613 0.8235930735930735 0.00816326530612245 0.01443001443001443
41 0.8053571428571429 0.8226911976911977 0.0005102040816326531 0.0183982683982684
41 0.8739795918367347 0.8234126984126984 0.0010204081632653062 0.01911976911976912
26 0.8788265306122449 0.8122294372294372 0.010714285714285714 0.006132756132756133
41 0.8489795918367347 0.8234126984126984 0.0010204081632653062 0.01911976911976912
26 0.8538265306122449 0.8122294372294372 0.010714285714285714 0.006132756132756133
32 0.2931122448979592 0.9365079365079365 0.015816326530612244 0.005772005772005772
34 0.2931122448979592 0.8979076479076479 0.015816326530612244 0.005772005772005772
34 0.2931122448979592 0.8917748917748918 0.015816326530612244 0.005772005772005772
34 0.2931122448979592 0.8858225108225108 0.015816326530612244 0.006132756132756133
34 0.2931122448979592 0.9572510822510822 0.015816326530612244 0.006132756132756133
32 0.36403061224489797 0.9006132756132756 0.015816326530612244 0.006132756132756133
32 0.3497448979591837 0.8948412698412699 0.015816326530612244 0.006132756132756133
34 0.36428571428571427 0.8917748917748918 0.0163265306122449 0.005772005772005772
34 0.36428571428571427 0.8858225108225108 0.0163265306122449 0.006132756132756133
34 0.36428571428571427 0.9514790764790765 0.0163265306122449 0.006132756132756133
32 0.36403061224489797 0.9305555555555556 0.015816326530612244 0.006132756132756133
32 0.5987244897959184 0.8706709956709957 0.015816326530612244 0.006132756132756133
5 0.06505102040816327 0.8203463203463204 0.020918367346938777 0.04329004329004329
84 0.1663265306122449 0.8111471861471862 0.012244897959183673 0.003246753246753247
122 0.9454081632653061 0.8084415584415584 0.007142857142857143 0.001443001443001443
122 0.14489795918367346 0.9215367965367965 0.025510204081632654 0.003246753246753247
10 0.06301020408163266 0.8450577200577201 0.005612244897959183 0.005411255411255411
69 0.08826530612244898 0.8091630591630592 0.009183673469387756 0.017316017316017316
69 0.09770408163265307 0.8181818181818182 0.008673469387755102 0.017316017316017316
69 0.10688775510204082 0.8062770562770563 0.008673469387755102 0.017316017316017316
69 0.11607142857142858 0.8151154401154401 0.008673469387755102 0.017676767676767676
69 0.12525510204081633 0.8241341991341992 0.008673469387755102 0.017676767676767676
5 0.06505102040816327 0.8760822510822511 0.020918367346938777 0.04292929292929293
69 0.08826530612244898 0.86489898989899 0.009183673469387756 0.017676767676767676
69 0.09770408163265307 0.8737373737373737 0.008673469387755102 0.017316017316017316
69 0.10688775510204082 0.8618326118326118 0.008673469387755102 0.017316017316017316
69 0.11607142857142858 0.8708513708513709 0.008673469387755102 0.017316017316017316
69 0.12525510204081633 0.8796897546897547 0.008673469387755102 0.017676767676767676
122 0.14464285714285716 0.9559884559884559 0.026020408163265306 0.002886002886002886
122 0.1405612244897959 0.8796897546897547 0.017857142857142856 0.0025252525252525255
122 0.14081632653061224 0.8856421356421357 0.017346938775510204 0.002886002886002886
122 0.1405612244897959 0.891955266955267 0.017857142857142856 0.0025252525252525255
0 0.04081632653061224 0.9036796536796536 0.007142857142857143 0.07864357864357864
32 0.22678571428571428 0.9365079365079365 0.015816326530612244 0.005772005772005772
34 0.22678571428571428 0.9572510822510822 0.015816326530612244 0.006132756132756133
34 0.22678571428571428 0.8856421356421357 0.015816326530612244 0.005772005772005772
34 0.22678571428571428 0.8915945165945166 0.015816326530612244 0.006132756132756133
34 0.22678571428571428 0.8977272727272727 0.015816326530612244 0.006132756132756133
34 0.15943877551020408 0.9276695526695526 0.015816326530612244 0.006132756132756133
32 0.15943877551020408 0.9485930735930735 0.015816326530612244 0.006132756132756133
32 0.15943877551020408 0.8825757575757576 0.015816326530612244 0.006132756132756133
32 0.15943877551020408 0.8887085137085137 0.015816326530612244 0.006132756132756133
34 0.15943877551020408 0.8977272727272727 0.015816326530612244 0.006132756132756133
69 0.08826530612244898 0.9246031746031746 0.009183673469387756 0.017316017316017316
69 0.09770408163265307 0.9334415584415584 0.008673469387755102 0.017676767676767676
69 0.10688775510204082 0.9215367965367965 0.008673469387755102 0.017676767676767676
69 0.11607142857142858 0.9305555555555556 0.008673469387755102 0.017676767676767676
69 0.12525510204081633 0.9395743145743146 0.008673469387755102 0.017676767676767676
8 0.06505102040816327 0.9274891774891775 0.02193877551020408 0.018037518037518036
32 0.48520408163265305 0.9424603174603174 0.0163265306122449 0.006132756132756133
34 0.48520408163265305 0.9633838383838383 0.0163265306122449 0.006132756132756133
32 0.48520408163265305 0.8706709956709957 0.0163265306122449 0.006132756132756133
32 0.48520408163265305 0.8766233766233766 0.0163265306122449 0.005772005772005772
32 0.48520408163265305 0.8825757575757576 0.0163265306122449 0.006132756132756133
85 0.48316326530612247 0.8073593073593074 0.012244897959183673 0.0036075036075036075
24 0.5520408163265306 0.8151154401154401 0.01020408163265306 0.006132756132756133
41 0.5471938775510204 0.8246753246753247 0.0005102040816326531 0.016594516594516596
41 0.510969387755102 0.825036075036075 0.0005102040816326531 0.015873015873015872
24 0.5160714285714286 0.8151154401154401 0.010714285714285714 0.006132756132756133
24 0.5341836734693878 0.8151154401154401 0.01020408163265306 0.006132756132756133
41 0.5293367346938775 0.8246753246753247 0.0005102040816326531 0.016594516594516596
34 0.4308673469387755 0.9514790764790765 0.015816326530612244 0.006132756132756133
34 0.4308673469387755 0.8917748917748918 0.015816326530612244 0.005772005772005772
32 0.4163265306122449 0.8948412698412699 0.0163265306122449 0.006132756132756133
32 0.4308673469387755 0.9006132756132756 0.015816326530612244 0.006132756132756133
41 0.5650510204081632 0.825036075036075 0.0005102040816326531 0.015873015873015872
34 0.4308673469387755 0.8858225108225108 0.015816326530612244 0.006132756132756133
24 0.5959183673469388 0.8151154401154401 0.01020408163265306 0.006132756132756133
32 0.5987244897959184 0.8827561327561327 0.015816326530612244 0.005772005772005772
32 0.5987244897959184 0.8768037518037518 0.015816326530612244 0.006132756132756133
24 0.5701530612244898 0.8151154401154401 0.010714285714285714 0.006132756132756133
32 0.4308673469387755 0.9305555555555556 0.015816326530612244 0.006132756132756133
