0.0 0.9711060523986816 0.9036512970924377 0.05538836494088173 0.18657179176807404
1.0 0.9799010157585144 0.870678186416626 0.03779849782586098 0.16687975823879242
0.0 0.46174049377441406 0.7103237509727478 0.8384638428688049 0.3882865905761719
1.0 0.8426287174224854 0.8377389907836914 0.04082966595888138 0.17575877904891968
2.0 0.7739993929862976 0.8569979071617126 0.040167681872844696 0.10455628484487534
2.0 0.7339786291122437 0.8399248123168945 0.032317597419023514 0.10689405351877213
3.0 0.7007882595062256 0.818001389503479 0.02793188951909542 0.11131079494953156
3.0 0.6574701070785522 0.8031371831893921 0.028977489098906517 0.10636837035417557
2.0 0.5833292603492737 0.7772203683853149 0.03467835485935211 0.11622057855129242
2.0 0.5472999215126038 0.7715638279914856 0.029336756095290184 0.10894346982240677
4.0 0.5140056610107422 0.7753943800926208 0.023763462901115417 0.11478428542613983
2.0 0.3997567296028137 0.7427993416786194 0.030441636219620705 0.11448279023170471
2.0 0.3678319752216339 0.7140612006187439 0.026958176866173744 0.13217377662658691
3.0 0.34015652537345886 0.6949918866157532 0.023974481970071793 0.14451980590820312
3.0 0.2988746464252472 0.6762805581092834 0.02767329290509224 0.1391804814338684
2.0 0.22931042313575745 0.632657527923584 0.032584890723228455 0.15345554053783417
2.0 0.19303232431411743 0.6341917514801025 0.04043341055512428 0.14630138874053955
4.0 0.15194985270500183 0.6379233002662659 0.031226640567183495 0.14100968837738037
