0.0 0.4919993281364441 0.4984686076641083 0.7190434336662292 0.9969372153282166
1.0 0.1809404343366623 0.9741625785827637 0.0838116928935051 0.045549243688583374
2.0 0.24768657982349396 0.9616256952285767 0.06861910223960876 0.07062304019927979
2.0 0.28196102380752563 0.9289043545722961 0.061549004167318344 0.09356950968503952
3.0 0.3081749379634857 0.8686928153038025 0.05729859694838524 0.11717267334461212
3.0 0.3474178612232208 0.7942855954170227 0.05614786222577095 0.16666091978549957
2.0 0.41507023572921753 0.638556718826294 0.06444565951824188 0.18196193873882294
2.0 0.44845515489578247 0.5736821293830872 0.052982959896326065 0.13991451263427734
4.0 0.48116299510002136 0.5239512920379639 0.04372134804725647 0.11423392593860626
2.0 0.5719519853591919 0.33226871490478516 0.04879051446914673 0.1598501205444336
2.0 0.5958786010742188 0.24949292838573456 0.051119741052389145 0.16695266962051392
3.0 0.6194102764129639 0.18396049737930298 0.051214102655649185 0.15981484949588776
3.0 0.6559484601020813 0.09529034048318863 0.05253055319190025 0.14901946485042572
2.0 0.7130334973335266 0.012779956683516502 0.05304594710469246 0.025559913367033005
