0.0 0.9651236534118652 0.22630657255649567 0.0697527527809143 0.45261314511299133
1.0 0.968690037727356 0.3685268759727478 0.04480288550257683 0.22281359136104584
0.0 0.4375825524330139 0.6492830514907837 0.8751651048660278 0.6006101369857788
1.0 0.8371875882148743 0.43874314427375793 0.04480288550257683 0.22281359136104584
2.0 0.7767688035964966 0.5110136270523071 0.04276302829384804 0.13823093473911285
2.0 0.7358313798904419 0.5232403874397278 0.03607157617807388 0.13330040872097015
3.0 0.7000988125801086 0.5245378613471985 0.031630005687475204 0.1302499622106552
3.0 0.6559738516807556 0.5443939566612244 0.03245135396718979 0.12322169542312622
2.0 0.5803180932998657 0.5796042084693909 0.03905201703310013 0.13557057082653046
2.0 0.5427938103675842 0.6055678725242615 0.03554811701178551 0.12691156566143036
4.0 0.5082754492759705 0.6402992606163025 0.029670927673578262 0.13191920518875122
2.0 0.3829084038734436 0.7109441161155701 0.037474580109119415 0.13337069749832153
2.0 0.34290868043899536 0.7160019278526306 0.03769781440496445 0.14462235569953918
3.0 0.307201623916626 0.7269176840782166 0.03416362404823303 0.15264590084552765
3.0 0.2550985813140869 0.7517746686935425 0.038428425788879395 0.14501246809959412
2.0 0.16895665228366852 0.7799884080886841 0.03825616464018822 0.15143708884716034
2.0 0.13560867309570312 0.810390293598175 0.03980811685323715 0.14479883015155792
4.0 0.10103216767311096 0.8444118499755859 0.0315973274409771 0.13837820291519165
0.0 0.997344970703125 0.819266140460968 0.0053100292570889 0.36146774888038635
