0.0 0.03092024102807045 0.14381276071071625 0.0618404820561409 0.2876255214214325
1.0 0.02670297957956791 0.19645868241786957 0.04292646795511246 0.2583323121070862
0.0 0.5535442233085632 0.5097807049751282 0.8905120491981506 0.7318731546401978
1.0 0.14292600750923157 0.2716517448425293 0.04292646050453186 0.2929319739341736
2.0 0.20486080646514893 0.3627031743526459 0.05239170044660568 0.18638566136360168
2.0 0.2528098225593567 0.378240168094635 0.04460430517792702 0.17922000586986542
3.0 0.29483649134635925 0.37921571731567383 0.03931974247097969 0.17504413425922394
3.0 0.34639498591423035 0.404837042093277 0.04017259180545807 0.16463933885097504
2.0 0.4233235716819763 0.4499528706073761 0.034169841557741165 0.17911462485790253
2.0 0.4544754922389984 0.48418521881103516 0.031238572672009468 0.165680930018425
4.0 0.48285630345344543 0.5284335613250732 0.026489173993468285 0.17150720953941345
2.0 0.6075979471206665 0.6090508103370667 0.052128709852695465 0.15492939949035645
2.0 0.6605994701385498 0.6134240627288818 0.05257876217365265 0.16698414087295532
3.0 0.7078005075454712 0.6250351667404175 0.04830032214522362 0.1737392693758011
3.0 0.776406466960907 0.6537631154060364 0.05365452542901039 0.15836985409259796
2.0 0.8707613348960876 0.6853093504905701 0.04101896658539772 0.1578136384487152
2.0 0.9041392803192139 0.7181661128997803 0.04243035987019539 0.15416689217090607
4.0 0.9386942386627197 0.7560464143753052 0.034113816916942596 0.15360580384731293
