0.0 0.55626380443573 0.6273524761199951 0.851531445980072 0.491052508354187
1.0 0.9452441334724426 0.7808903455734253 0.04175639897584915 0.25908705592155457
2.0 0.8806321620941162 0.8028376698493958 0.0405573807656765 0.15662357211112976
2.0 0.8421537280082703 0.7767084240913391 0.03405354544520378 0.15245592594146729
3.0 0.8099197745323181 0.7434398531913757 0.02973441407084465 0.14996030926704407
3.0 0.7674819231033325 0.7227274775505066 0.030604733154177666 0.1411741077899933
2.0 0.6945508718490601 0.6885149478912354 0.03694972023367882 0.1544024497270584
2.0 0.6571518182754517 0.6810309886932373 0.033601388335227966 0.14481791853904724
4.0 0.6211838722229004 0.686251699924469 0.027800902724266052 0.15253154933452606
2.0 0.49855759739875793 0.6432835459709167 0.0354263000190258 0.15215618908405304
2.0 0.4619542360305786 0.6100654006004333 0.0355386957526207 0.16579966247081757
3.0 0.42835569381713867 0.5875548720359802 0.03200335428118706 0.1765432357788086
3.0 0.3780413568019867 0.5646718740463257 0.036250218749046326 0.16607417166233063
2.0 0.29671502113342285 0.5124638080596924 0.03602099046111107 0.1739468276500702
2.0 0.26242128014564514 0.5139901638031006 0.037602830678224564 0.16543501615524292
4.0 0.22650356590747833 0.5183622241020203 0.029625754803419113 0.15986967086791992
0.0 0.03353111445903778 0.2743649184703827 0.06706222891807556 0.491052508354187
0.0 0.005698683205991983 0.9845755100250244 0.011397366411983967 0.030848970636725426
